0.0
0.0009714436926366636
0.0019610716203855693
0.0029686517527985155
0.00399391347687639
0.0014696742246990482
0.0015243389272786472
0.0017029045039185248
0.001878347728861007
0.0017709474272822627
0.0019247770208921618
0.0030922387939250912
0.0029928883791503122
0.004160121674263888
0.003600955171586517
0.003941642770940369
0.006291064047510453
0.00638140788167086
0.006127929788538304
0.01024380414830749
0.007489599524657735
0.011418289967207286
0.013169999167047551
0.019249028817863376
0.01682665522191003
0.023397141439221572
0.026525792960975455
0.027150876924029066
0.03247286707106528
0.03372966124487766
0.03498224343601368
0.036229198283291054
0.03746907204245361
0.03870037352232635
0.03992157509295265
0.04113111376564507
0.04232739234473985
0.043508780650720724
0.04467361681424757
0.045820208640481724
0.046946835042974394
0.04805174754624227
0.049133171856025115
0.05018930949607784
0.05121833951021381
0.052218420228184986
0.05318769109384948
0.05412427455393322
0.055026278005574795
0.05589179580070095
0.0567189113051511
0.05750569901034669
0.05825022669517557
0.05895055763563323
0.05960475285965186
0.06021087344442754
0.06076698285343468
0.06127114931023835
0.061721448206057405
1.7341800744171427
