0.0
0.0009714436926366636
0.0019610716203855693
0.0029686517527985155
0.00399391347687639
0.0014696742246990482
0.0017512188226173925
0.0014375758358565955
0.0020797546250313206
0.001729730766557694
0.0018964536896121588
0.0029892987000150984
0.00297408746376372
0.00443838467354243
0.003839024919029601
0.003984962556336747
0.006524964972959914
0.00693156304616133
0.006599889219312794
0.01087978362905146
0.007914833299245033
0.01195083915414051
0.013934022514625952
0.02060364273841299
0.018125811237166122
0.025017942885992087
0.028408617747954196
0.029569613639859483
0.0324728670710652
0.033729661244877716
0.03498224343601368
0.036229198283291
0.037469072042453665
0.03870037352232629
0.03992157509295265
0.04113111376564524
0.0423273923447398
0.043508780650720724
0.044673616814247454
0.04582020864048195
0.046946835042974394
0.04805174754624216
0.049133171856025115
0.05018930949607795
0.05121833951021359
0.0522184202281851
0.05318769109384948
0.05412427455393322
0.055026278005574795
0.05589179580070095
0.0567189113051511
0.05750569901034669
0.05825022669517557
0.05895055763563323
0.05960475285965208
0.060210873444426855
0.06076698285343514
0.061271149310238575
0.061721448206056954
1.7469013382673493
