0.0
0.0009714436926366636
0.0019610716203855693
0.0029686517527985155
0.00399391347687639
0.0014696742246990482
0.0016557109872299307
0.0018058714571527936
0.0020622363048391143
0.0018588067011550962
0.0020280706064666064
0.0031868425321463396
0.0032034663050312844
0.004190861778063649
0.003699218914417802
0.003989301381576411
0.006440479929964965
0.006814731118254614
0.006309480017620004
0.010688205644486616
0.0077214239126575995
0.011901013838936693
0.013857805888667613
0.019668181119512254
0.017356314124902055
0.024444846062336528
0.02749737986516894
0.02829882829595852
0.03247286707106531
0.033729661244877744
0.03498224343601368
0.03622919828329094
0.037469072042453554
0.03870037352232652
0.03992157509295254
0.04113111376564507
0.04232739234473991
0.043508780650720835
0.044673616814247454
0.04582020864048184
0.046946835042974394
0.04805174754624227
0.04913317185602489
0.05018930949607819
0.05121833951021359
0.052218420228185215
0.05318769109384948
0.054124274553933
0.055026278005574795
0.05589179580070072
0.056718911305151325
0.05750569901034669
0.05825022669517557
0.05895055763563346
0.05960475285965186
0.060210873444427084
0.06076698285343514
0.06127114931023812
0.061721448206057405
1.74199839891665
