0.0
0.0009714436926366636
0.0019610716203855693
0.0029686517527985155
0.00399391347687639
0.0014696742246990482
0.0016847851546958029
0.0017692336908275053
0.0018909829599939735
0.0017673004330954892
0.0020230810870526454
0.0029848816719579684
0.0030936152897370344
0.004280689492986966
0.0037856271668601244
0.00401577541776949
0.006559298671776773
0.006751679553194393
0.006451896091641231
0.01090160141984356
0.0079933720336752
0.01171294063227181
0.013557676002321559
0.020379223414781537
0.01769389659876812
0.02486801995731051
0.027458780435995752
0.028362689173060975
0.03247286707106531
0.033729661244877716
0.034982243436013624
0.036229198283291054
0.03746907204245361
0.03870037352232635
0.0399215750929526
0.04113111376564524
0.0423273923447398
0.04350878065072095
0.044673616814247454
0.04582020864048184
0.046946835042974394
0.04805174754624216
0.049133171856025004
0.05018930949607819
0.05121833951021359
0.052218420228184986
0.053187691093849715
0.054124274553933
0.055026278005574795
0.05589179580070095
0.0567189113051511
0.05750569901034669
0.05825022669517557
0.05895055763563323
0.05960475285965208
0.060210873444426855
0.06076698285343514
0.06127114931023835
0.061721448206057176
1.743306368479723
