0.0
0.0009714436926366636
0.0019610716203855693
0.0029686517527985155
0.00399391347687639
0.0014696742246990482
0.001643239843423789
0.0014808750436583332
0.00201869357032448
0.001922608997024181
0.001930077971377937
0.0030452519969159015
0.0031267410986214198
0.004335966160155135
0.0038277265358516253
0.00414299401658515
0.00662271699409488
0.007196005213008079
0.01024329826132297
0.011642834239461594
0.013978281900563631
0.016943504959941152
0.020817016176715275
0.025638981682146168
0.027430487975191854
0.028690772872580456
0.02995210719118987
0.03121323702846289
0.03247286707106531
0.033729661244877605
0.034982243436013735
0.036229198283291054
0.03746907204245361
0.03870037352232641
0.0399215750929526
0.04113111376564518
0.04232739234473991
0.043508780650720724
0.04467361681424757
0.045820208640481724
0.046946835042974394
0.04805174754624227
0.04913317185602489
0.05018930949607819
0.0512183395102137
0.052218420228184986
0.05318769109384948
0.054124274553933455
0.05502627800557457
0.05589179580070095
0.056718911305151325
0.05750569901034647
0.05825022669517557
0.05895055763563323
0.05960475285965186
0.06021087344442754
0.06076698285343468
0.06127114931023835
0.061721448206057176
1.7911627418587213
