0.0
0.0009714436926366636
0.0019610716203855693
0.0029686517527985155
0.00399391347687639
0.0014696742246990482
0.0014947901250977474
0.001565151070109021
0.002013729637136255
0.0016868798392589996
0.0018353955956704237
0.002911485840115759
0.0030774931283425355
0.004250069786866849
0.003672689710081138
0.003960011440225629
0.0060610326699701116
0.006657156401772732
0.0061367297664547
0.010330182128496347
0.007576848123199653
0.01170724450040899
0.013716782733816615
0.01973057829058867
0.01771593709094725
0.024223370964402878
0.02784323202263252
0.02847367203962898
0.03247286707106528
0.033729661244877605
0.034982243436013735
0.036229198283291054
0.03746907204245361
0.03870037352232641
0.03992157509295254
0.04113111376564518
0.0423273923447398
0.043508780650720724
0.04467361681424768
0.045820208640481724
0.046946835042974505
0.04805174754624193
0.049133171856025115
0.05018930949607795
0.05121833951021381
0.052218420228184986
0.053187691093849715
0.054124274553933
0.05502627800557457
0.05589179580070117
0.056718911305151325
0.05750569901034624
0.05825022669517602
0.058950557635633005
0.05960475285965208
0.060210873444427084
0.06076698285343514
0.06127114931023812
0.061721448206057405
1.7399597850353286
