0.0
0.0009714436926366636
0.0019610716203855693
0.0029686517527985155
0.00399391347687639
0.0014696742246990482
0.0017829955185535162
0.0017328202933958661
0.0020616304535380314
0.0019068273172685583
0.00209927856069908
0.003078303439860104
0.003332236451638679
0.004426498113866334
0.0037451572895827144
0.004110043944053495
0.0067391752986914015
0.0069914548207103315
0.0065412521773180994
0.011047972547972152
0.008031260037780628
0.012441269579726879
0.014071403943796272
0.02072550312911861
0.018026486459583223
0.025673725283795874
0.028844456701182963
0.029240730314181836
0.03247286707106525
0.03372966124487766
0.03498224343601368
0.03622919828329094
0.03746907204245372
0.03870037352232635
0.0399215750929526
0.04113111376564518
0.0423273923447398
0.043508780650720835
0.04467361681424757
0.04582020864048184
0.046946835042974394
0.04805174754624216
0.049133171856025004
0.050189309496078076
0.05121833951021381
0.052218420228184986
0.053187691093849604
0.054124274553933
0.055026278005574795
0.05589179580070095
0.0567189113051511
0.05750569901034669
0.0582502266951758
0.058950557635633005
0.05960475285965186
0.06021087344442754
0.06076698285343468
0.06127114931023835
0.061721448206057405
1.7499698038064193
