0.0
0.0009714436926366636
0.0019610716203855693
0.0029686517527985155
0.00399391347687639
0.0014696742246990482
0.0015923035228389967
0.0017425816856804967
0.0020501130526210947
0.0017209045724645017
0.0017376052555760461
0.0029344439483757903
0.002986756269042719
0.004227482597837828
0.003742605661043697
0.003857612067246997
0.006247195824983784
0.006747586897975936
0.006136666496660105
0.010619559365673674
0.007690344207414385
0.011672221020772654
0.013357522837144756
0.01927359417732666
0.017519273852372962
0.02414463161706715
0.02711389012125335
0.027926737979598243
0.03247286707106528
0.03372966124487766
0.03498224343601368
0.036229198283291054
0.037469072042453665
0.03870037352232629
0.0399215750929526
0.04113111376564518
0.042327392344739735
0.043508780650720724
0.044673616814247454
0.04582020864048195
0.046946835042974394
0.048051747546242043
0.049133171856025115
0.05018930949607795
0.05121833951021381
0.052218420228184986
0.053187691093849715
0.054124274553933
0.055026278005574795
0.05589179580070095
0.0567189113051511
0.05750569901034669
0.05825022669517557
0.05895055763563323
0.05960475285965208
0.060210873444426855
0.06076698285343514
0.06127114931023835
0.061721448206057405
1.7383609551610766
