0.0
0.0009714436926366636
0.0019610716203855693
0.0029686517527985155
0.00399391347687639
0.0014696742246990482
0.0013677017567578621
0.0016591196825153196
0.0021109105913119704
0.0017886083153426356
0.0020694141390693874
0.003207546516944991
0.003162469655168536
0.004347659420767056
0.0039713929304273175
0.004133641306652835
0.0065773905757979
0.007183789276661643
0.0065695034121787624
0.011182791087803822
0.007947997076187662
0.01271695070977532
0.01780968347972886
0.02166809207056777
0.025903851013726782
0.028690772872580428
0.02995210719118987
0.031213237028462862
0.03247286707106534
0.03372966124487766
0.034982243436013624
0.036229198283291054
0.037469072042453665
0.03870037352232629
0.03992157509295265
0.04113111376564518
0.0423273923447398
0.043508780650720724
0.04467361681424768
0.04582020864048195
0.046946835042974394
0.048051747546242043
0.04913317185602489
0.050189309496078076
0.05121833951021359
0.052218420228185326
0.053187691093849604
0.054124274553933
0.055026278005574795
0.05589179580070095
0.0567189113051511
0.05750569901034647
0.0582502266951758
0.05895055763563323
0.05960475285965186
0.060210873444427084
0.06076698285343514
0.06127114931023835
0.061721448206057176
1.7685539522397242
