0.0
0.0009714436926366636
0.0019610716203855693
0.0029686517527985155
0.00399391347687639
0.003764806433682763
0.002284281740633144
0.0028271627923430374
0.0030991289609375453
0.003293167877298643
0.004265139201965269
0.0049749893919267376
0.006336442494001865
0.00717443169578813
0.00895108736923821
0.01064740300471221
0.012930759678047424
0.015211258481278534
0.018103599333515633
0.021185725461436065
0.02242344076860863
0.02366783599273657
0.024917871593227746
0.026172464411300042
0.027430487975191827
0.028690772872580567
0.0299521071911899
0.031213237028462917
0.03247286707106531
0.03372966124487755
0.03498224343601379
0.03622919828329094
0.03746907204245372
0.03870037352232635
0.0399215750929526
0.041131113765645294
0.04232739234473968
0.043508780650720835
0.04467361681424757
0.04582020864048195
0.046946835042974165
0.04805174754624216
0.04913317185602523
0.05018930949607795
0.05121833951021359
0.0522184202281851
0.053187691093849715
0.054124274553933
0.055026278005574795
0.05589179580070095
0.0567189113051511
0.05750569901034669
0.05825022669517557
0.05895055763563323
0.05960475285965231
0.060210873444426855
0.06076698285343514
0.06127114931023835
0.06172144820605672
1.871367249655509
