1	0	0.0	1.0	0.0	0.0	0.1	0.0		0.0	
2	0	0.0	1.0	0.0	0.0	0.1	0.0		0.0	
3	0	0.0	1.0	0.0	0.0	0.09868366698887	0.0		0.0	
4	0	0.00011257771665567784	1.0	0.0	0.0	0.0935692587304462	0.0	0.0	0.00011257771665567784	
5	0	0.00033581469321961526	1.0	5.9456480748482217e-05	0.0	0.08474096204724611	0.0	0.0	0.00033581469321961526	1.163642161829386
6	0	0.0006675093645202824	1.0	0.00014659365024773728	0.0	0.07229083659645533	0.0	0.0	0.0006675093645202824	1.0601679502814152
7	0	0.0007952177084349142	1.0	0.0004911786447739353	0.0	0.06716950623651298	0.0	0.0	0.0007952177084349142	0.9941711219251592
8	0	0.0009394833042899293	1.0	0.0005830235101621853	658.578494014636	0.07891963494628829	0.0	0.0	0.0009394833042899293	1.1295507541164105
9	0	0.0010743536753835532	1.0	0.0006497255445375771	620.6020173790653	0.08989377305576478	0.0	0.0	0.0010743536753835532	1.0671284335198523
10	0	0.0012855726075854635	1.0	0.0009065815844166037	975.9247877910553	0.1073666312480009	0.0	0.0	0.0012855726075854635	1.0845996629488417
11	0	0.0014665953132027034	1.0	0.0009495495023173851	856.0784219132954	0.12251414623746824	0.0	0.0	0.0014665953132027034	1.1898719871308898
12	0	0.001687460098193058	1.0	0.0012996619613345538	1050.3971623828634	0.14115805834508952	0.0	0.0	0.001687460098193058	1.0500648702675597
13	0	0.00200241684358426	1.0	0.0013000561732667733	1496.815958674018	0.1679362081208377	0.0	0.0	0.00200241684358426	1.1875270071969166
14	0	0.002345978168190712	1.0	0.001735279822266222	1647.3846404672488	0.19732879718100116	0.0	0.0	0.002345978168190712	1.1439057555403778
15	0	0.002810484365342336	1.0	0.0019335762034079574	2229.3477135592257	0.2372933347657323	0.0	0.0	0.002810484365342336	1.0997836048035732
16	0	0.003230390817079968	1.0	0.0023364010542540853	2056.970386311736	0.2738198387713716	0.0	0.0	0.003230390817079968	1.1469207340822638
17	0	0.003714196752945139	1.0	0.002797592191571756	2391.022636655913	0.3162909144075871	0.0	0.0	0.003714196752945139	1.1359369842720473
18	0	0.004496175060078959	1.0	0.003196133636193649	3851.189992069175	0.3854844476982244	0.0	0.0	0.004496175060078959	1.1478757808206987
19	0	0.00534440209593757	1.0	0.0039210171612319294	4221.137548006144	0.4610802463425807	0.0	0.0	0.00534440209593757	1.1500248057154023
20	0	0.006141562349849138	1.0	0.004804805774011901	4026.4926205271145	0.5326019356869697	0.0	0.0	0.006141562349849138	1.1307211817189642
21	0	0.007531538649775819	1.0	0.005642255014268724	6990.152844648854	0.6584539267032001	0.0	0.0	0.007531538649775819	1.1107439791569558
22	0	0.008534571671056706	1.0	0.0065405283365551825	5178.017251332863	0.7500171734420567	0.0	0.0	0.008534571671056706	1.1428626083223077
23	0	0.010052749318161712	1.0	0.007125505654634873	7810.512573313771	0.8896631417570181	0.0	0.0	0.010052749318161712	1.1219466202993236
24	0	0.011799315052678791	1.0	0.008317792876452491	9058.081693645276	1.051489657605627	0.0	0.0	0.011799315052678791	1.129020556112951
25	0	0.014304187539058329	1.0	0.009574751452128074	13004.472305472642	1.2852425397515288	0.0	0.0	0.014304187539058329	1.120948401538319
26	0	0.01657947896569089	1.0	0.012104559051602928	12021.379491027234	1.49935109453914	0.0	0.0	0.01657947896569089	1.091918518468905
27	0	0.0197721124041483	1.0	0.014110406451352822	16895.876133933816	1.8022119362784024	0.0	0.0	0.0197721124041483	1.1063644101773062
28	0	0.023379998879719057	1.0	0.01703229200894792	19278.852471576083	2.147212165934956	0.0	0.0	0.023379998879719057	1.127438986934395
29	0	0.0270038859790776	1.0	0.019854317452815174	19632.598597799166	2.4965776082910045	0.0	0.0	0.0270038859790776	1.082782808763222
30	0	0.030913747666532963	1.0	0.022886624026277173	25915.306361817868	2.9955050819801774	0.0	0.0	0.030913747666532963	1.0901989036488815
31	0	0.034961233932041084	1.0	0.02660615339055491	30730.382275311513	3.6098132244067695	0.0	0.0	0.034961233932041084	1.1104238656871228
32	0	0.039107176306647215	1.0	0.029464181077714213	31216.585612775758	4.225634873432975	0.0	0.0	0.039107176306647215	1.1142859730586905
33	0	0.04331027913043063	1.0	0.033332489037401034	42033.886853098855	5.117321511842042	0.0	0.0	0.04331027913043063	1.1050752629935148
34	0	0.047527082632168594	1.0	0.036480133832166674	45523.74663908572	6.090548193792928	0.0	0.0	0.047527082632168594	1.1091366482189795
35	0	0.05171192770084507	1.0	0.040261563635392066	47641.114279476016	7.1100708139568045	0.0	0.0	0.05171192770084507	1.1049292723748856
36	0	0.05591898916816763	1.0	0.04342313602889762	47439.72532376873	8.111764713564959	0.0	0.0	0.05591898916816763	1.0989801313780378
37	0	0.06009383699642575	1.0	0.04739339439036233	55946.71191199	9.327830415511174	0.0	0.0	0.06009383699642575	1.090342493245903
38	0	0.06417942893987648	1.0	0.050819279809198	58391.411901618376	10.598447228342065	0.0	0.0	0.06417942893987648	1.096647643780905
39	0	0.06811607733995333	1.0	0.053762311867161114	61200.23034148586	11.935032533793045	0.0	0.0	0.06811607733995333	1.0902062328074384
40	0	0.0721533973614743	1.0	0.05722989990713895	53979.41848184421	13.063859507684171	0.0	0.0	0.0721533973614743	1.0846276664152479
41	0	0.07626802186407121	1.0	0.060478855867780124	57397.842513940624	14.269047621785871	0.0	0.0	0.07626802186407121	1.0912368994110466
42	0	0.08040774142751042	1.0	0.06327219937246782	57302.47505572872	15.459331295731607	0.0	0.0	0.08040774142751042	1.0823662842422084
43	0	0.08451793732787799	1.0	0.06703350558378683	97266.10595980364	17.694951621937875	0.0	0.0	0.08451793732787799	1.0867700119595782
44	0	0.08860557262084638	1.0	0.06909643231199153	101590.50143196332	20.025127804796345	0.0	0.0	0.08860557262084638	1.087418219839856
45	0	0.09279374182109554	1.0	0.07313531733075486	107429.43618058113	22.48382967594157	0.0	0.0	0.09279374182109554	1.0884870149502806
46	0	0.0970257946423014	1.0	0.07647423372201471	112696.0716262741	25.05718526155356	0.0	0.0	0.0970257946423014	1.0794053791519618
47	0	0.10124258786580452	1.0	0.08014238889160005	118409.50428967287	27.758463453159717	0.0	0.0	0.10124258786580452	1.0850771229116332
48	0	0.10538818397612998	1.0	0.08226743545822708	122875.83054286901	30.555950323470174	0.0	0.0	0.10538818397612998	1.0832015100904038
49	0	0.1096489747194527	1.0	0.08608230546900388	128703.31066112749	33.47688855870238	0.0	0.0	0.1096489747194527	1.0791400561545703
50	0	0.11396348804863893	1.0	0.09074682330160032	135345.6190895075	36.54428656965415	0.0	0.0	0.11396348804863893	1.0846052881341328
51	0	0.11826769363212088	1.0	0.09332656968946464	140451.77262047864	39.718974162793714	0.0	0.0	0.11826769363212088	1.0779290497508789
52	0	0.12252374715670987	1.0	0.0963353069204212	145947.23183656402	43.0118756406929	0.0	0.0	0.12252374715670987	1.080888676845022
53	0	0.1269056988354918	1.0	0.09934950311787176	151243.8549771036	46.40936546629591	0.0	0.0	0.1269056988354918	1.081704949205334
54	0	0.13134702590003958	1.0	0.1029220432746134	157412.52317298425	49.93634863631264	0.0	0.0	0.13134702590003958	1.0728721365516825
55	0	0.13577860343151954	1.0	0.1053010511981754	161762.88719813127	53.54657503507111	0.0	0.0	0.13577860343151954	1.0717877792193098
56	0	0.14017079567926072	1.0	0.10844617140220487	167705.4221013332	57.28260593124938	0.0	0.0	0.14017079567926072	1.0674122079284862
57	0	0.14469397344622267	1.0	0.11295321019625508	174694.52231704802	61.1637917839366	0.0	0.0	0.14469397344622267	1.069030668632361
58	0	0.1492763709270225	1.0	0.11486566155473835	179158.9567468197	65.12520302526306	0.0	0.0	0.1492763709270225	1.0614345269724887
59	0	0.15384360101405542	1.0	0.11745808187614892	184476.85314194945	69.19180849339473	0.0	0.0	0.15384360101405542	1.0618843186516815
60	0	0.15836271112945152	1.0	0.12259002280109205	192286.7635763345	73.42987612607142	0.0	0.0	0.15836271112945152	1.0617516303052201
