1	0	0.0	1.0	0.0	0.0	0.1	0.0		0.0	
2	0	0.0	1.0	0.0	0.0	0.1	0.0		0.0	
3	0	0.0	1.0	0.0	0.0	0.09868366698887	0.0		0.0	
4	0	0.00011257771665567784	1.0	0.0	0.0	0.0935692587304462	0.0	0.0	0.00011257771665567784	
5	0	0.00033581469321961526	1.0	4.136640336704236e-05	0.0	0.08474096204724611	0.0	0.0	0.00033581469321961526	1.0874480483770197
6	0	0.0006675093645202824	1.0	0.00015414895628179607	0.0	0.07229083659645533	0.0	0.0	0.0006675093645202824	0.9890828340163996
7	0	0.0007952177084349142	1.0	0.0004962172241580699	0.0	0.06716950623651298	0.0	0.0	0.0007952177084349142	1.2090348994429148
8	0	0.0009422283593416887	1.0	0.0005980114157246408	670.6741729261835	0.07914321389442512	0.0	0.0	0.0009422283593416887	1.126062530603116
9	0	0.0010728103238339217	1.0	0.0006223663671264674	601.8005164249331	0.08976841275259198	0.0	0.0	0.0010728103238339217	1.1894218024828171
10	0	0.001271575655152599	1.0	0.0008385244635080738	920.1473962093048	0.10621106025326267	0.0	0.0	0.001271575655152599	1.149107813667687
11	0	0.0014642195930239966	1.0	0.0010302553805311779	908.2935442766832	0.12233101010478617	0.0	0.0	0.0014642195930239966	1.2127337293617722
12	0	0.0016702453891955054	1.0	0.0011805600248589992	982.5683744194677	0.13972231508757035	0.0	0.0	0.0016702453891955054	1.1087138872278397
13	0	0.001997378349132319	1.0	0.0013643401553120704	1552.3334797389412	0.1675357070087092	0.0	0.0	0.001997378349132319	1.1692369204730857
14	0	0.0023240179618485572	1.0	0.001640010723160548	1568.9273195428693	0.19548059841444865	0.0	0.0	0.0023240179618485572	1.1536809581324337
15	0	0.0028032232850966608	1.0	0.0020448850387059176	2297.1363815707896	0.2367097989486684	0.0	0.0	0.0028032232850966608	1.1733013613739962
16	0	0.003413564646369879	1.0	0.00235988630766361	2952.964328535806	0.28980171045681336	0.0	0.0	0.003413564646369879	1.067176918059607
17	0	0.004153290307203487	1.0	0.0028524216311663587	3611.886379551084	0.35473878989783353	0.0	0.0	0.004153290307203487	1.1833482263023225
18	0	0.005022805002397382	1.0	0.003326804501808145	4283.337413884558	0.43167800094720216	0.0	0.0	0.005022805002397382	1.17152078068386
19	0	0.0060839789345073425	1.0	0.004121516931268753	5263.611659731327	0.5262520801820405	0.0	0.0	0.0060839789345073425	1.1424986221915945
20	0	0.007390943825529317	1.0	0.005034262016054968	6523.249636998984	0.6435137430171103	0.0	0.0	0.007390943825529317	1.0938297118920255
21	0	0.008952157658944465	1.0	0.006012174200906415	7866.740762186759	0.7848700160325148	0.0	0.0	0.008952157658944465	1.0912816294715
22	0	0.010858683054787694	1.0	0.007350041016668278	9683.106109606644	0.9589098048827012	0.0	0.0	0.010858683054787694	1.1257181835345058
23	0	0.013281697030776307	1.0	0.009715839892831814	12384.432254037776	1.1817849957820248	0.0	0.0	0.013281697030776307	1.0924785563806123
24	0	0.016153009771151368	1.0	0.011194129116284228	14795.566397018325	1.4478239587043642	0.0	0.0	0.016153009771151368	1.1007170373126538
25	0	0.01937262067496336	1.0	0.01350347601154323	18024.84456223339	1.7819925518292767	0.0	0.0	0.01937262067496336	1.1213572696554173
26	0	0.022787534125401028	1.0	0.016289694454374243	21825.259142534906	2.2045514948579776	0.0	0.0	0.022787534125401028	1.1108494421726247
27	0	0.02637080593494967	1.0	0.019560471226976173	25917.333602710885	2.723404614663401	0.0	0.0	0.02637080593494967	1.1122895437761469
28	0	0.030093828127760874	1.0	0.022202864552740183	29989.85576988257	3.3382304084359493	0.0	0.0	0.030093828127760874	1.1093056408391584
29	0	0.033926292286878754	1.0	0.025905998366378673	34731.743830779065	4.0669669428111135	0.0	0.0	0.033926292286878754	1.107244154180843
30	0	0.03783615397433411	1.0	0.029079853404207705	39407.801362091064	4.908043735466818	0.0	0.0	0.03783615397433411	1.0947185669732111
31	0	0.041883640239842236	1.0	0.032270417232688746	44074.524814226366	5.857504457894617	0.0	0.0	0.041883640239842236	1.1037490539168768
32	0	0.04602958261444837	1.0	0.03646021784211388	49179.97170008331	6.927438058840878	0.0	0.0	0.04602958261444837	1.1130090146434382
33	0	0.05023268543823179	1.0	0.03899630283345455	53768.18682878159	8.104664393739151	0.0	0.0	0.05023268543823179	1.094535570712122
34	0	0.05444948893996975	1.0	0.0430165157698142	59285.15862613085	9.414388834682873	0.0	0.0	0.05444948893996975	1.1067963065728026
35	0	0.05863433400864624	1.0	0.0459482279499008	64152.866432630966	10.840006216434949	0.0	0.0	0.05863433400864624	1.0986378217791084
36	0	0.06284139547596877	1.0	0.0492235814845244	69302.83886182017	12.385448073506586	0.0	0.0	0.06284139547596877	1.0977686926997026
37	0	0.06701624330422691	1.0	0.05269791650750568	74726.96344463866	14.058961947184454	0.0	0.0	0.06701624330422691	1.1006226846396023
38	0	0.07110183524767763	1.0	0.05611157184745162	79580.39472924169	15.846514856776507	0.0	0.0	0.07110183524767763	1.0996560558270674
39	0	0.07503848364775448	1.0	0.0602557709648725	84953.46483422858	17.763095463586932	0.0	0.0	0.07503848364775448	1.094395647062295
40	0	0.07907580366927547	1.0	0.06366272652096157	90620.51192303466	19.807014584518	0.0	0.0	0.07907580366927547	1.0905540656458523
41	0	0.08319042817187236	1.0	0.0659376081507783	95046.48543904547	21.945664368008515	0.0	0.0	0.08319042817187236	1.0903693082184656
42	0	0.08733014773531159	1.0	0.07003919650765712	100791.5501230084	24.21523100746483	0.0	0.0	0.08733014773531159	1.0918540152832548
43	0	0.09144034363567917	1.0	0.07323000508998594	105847.31249331949	26.598643575989524	0.0	0.0	0.09144034363567917	1.086760454998927
44	0	0.09552797892864752	1.0	0.07559907345456439	110764.46005622543	29.090934082693792	0.0	0.0	0.09552797892864752	1.0896901730732118
45	0	0.09971614812889668	1.0	0.07907912582019913	115750.11212271875	31.68775946626603	0.0	0.0	0.09971614812889668	1.0816149007528826
46	0	0.10394820095010254	1.0	0.08308712254366064	121671.06327897633	34.415273313346354	0.0	0.0	0.10394820095010254	1.0866832813962586
47	0	0.1081649941736057	1.0	0.08480638379231861	125780.44701680215	37.22696582613896	0.0	0.0	0.1081649941736057	1.0885601300087158
48	0	0.11231059028393114	1.0	0.08809581906097265	131507.03009580696	40.167151630487474	0.0	0.0	0.11231059028393114	1.098336292212743
49	0	0.11657138102725388	1.0	0.09142038287601796	136849.8186467949	43.21670574382607	0.0	0.0	0.11657138102725388	1.0756962814699609
50	0	0.1208858943564401	1.0	0.09441262642792267	142251.81748118042	46.378810474842226	0.0	0.0	0.1208858943564401	1.0835262177281562
51	0	0.12519009993992206	1.0	0.0978338685344181	147713.38854419414	49.65673758291675	0.0	0.0	0.12519009993992206	1.0766778468129534
52	0	0.12944615346451105	1.0	0.10074233771883644	154004.9021584004	53.07297003255324	0.0	0.0	0.12944615346451105	1.0741192628865333
53	0	0.13382810514329296	1.0	0.10349491105091316	159107.34681251989	56.5875533740355	0.0	0.0	0.13382810514329296	1.0647589882421868
54	0	0.13826943220784071	1.0	0.10692686739586947	164480.9779655315	60.209582470134585	0.0	0.0	0.13826943220784071	1.0638057790326136
55	0	0.14270100973932076	1.0	0.11035301835490097	170680.20112754972	63.96282035600888	0.0	0.0	0.14270100973932076	1.0632234503301077
56	0	0.1470932019870619	1.0	0.11365661593057585	176561.04989143962	67.83894675172425	0.0	0.0	0.1470932019870619	1.0647156265066586
57	0	0.15161637975402387	1.0	0.11629026057369865	181256.9989016108	71.79841429371919	0.0	0.0	0.15161637975402387	1.063503876432443
58	0	0.1561987772348237	1.0	0.11993637531809792	187726.12845956185	75.89033866870426	0.0	0.0	0.1561987772348237	1.0609181917186303
59	0	0.1607660073218566	1.0	0.12252531763630845	192938.01906115172	80.0834834633074	0.0	0.0	0.1607660073218566	1.0625171974198078
60	0	0.16528511743725272	1.0	0.12445324954422354	198043.86723042102	84.3755481003447	0.0	0.0	0.16528511743725272	1.0627230992225225
