1	0	0.0	1.0	0.0	0.0	0.1	0.0		0.0	
2	0	0.0	1.0	0.0	0.0	0.1	0.0		0.0	
3	0	0.0	1.0	0.0	0.0	0.09868366698887	0.0		0.0	
4	0	0.00011257771665567784	1.0	0.0	0.0	0.0935692587304462	0.0	0.0	0.00011257771665567784	
5	0	0.00033581469321961526	1.0	4.5233520994393154e-05	0.0	0.08474096204724611	0.0	0.0	0.00033581469321961526	1.3968267974492796
6	0	0.0006675093645202824	1.0	0.00014793521927979807	0.0	0.07229083659645533	0.0	0.0	0.0006675093645202824	0.9751178574468636
7	0	0.0007952177084349142	1.0	0.000458037512151585	0.0	0.06716950623651298	0.0	0.0	0.0007952177084349142	1.031758501414456
8	0	0.0009503590584665807	1.0	0.000641688437599212	706.5008955553133	0.07980544220084645	0.0	0.0	0.0009503590584665807	1.043240719035629
9	0	0.0010983658889066655	1.0	0.0007291361476773461	678.7310448880712	0.09184846829490123	0.0	0.0	0.0010983658889066655	1.0566416537614876
10	0	0.0013136109795326694	1.0	0.0009228626263747287	994.6096207890016	0.1096543860972314	0.0	0.0	0.0013136109795326694	1.0957852839144555
11	0	0.0015073108535372565	1.0	0.0010283314642844641	914.2473305331504	0.12586269397185973	0.0	0.0	0.0015073108535372565	1.1819302796014
12	0	0.0017265630922971955	1.0	0.0012747718820044704	1044.1743125291127	0.14437048582748765	0.0	0.0	0.0017265630922971955	1.1945156644617512
13	0	0.002082973141305366	1.0	0.0015062322202701196	1688.5833906108214	0.17467306487550294	0.0	0.0	0.002082973141305366	1.1516902442553039
14	0	0.002413723075912566	1.0	0.001623409697024127	1590.3842596350935	0.2029696052987343	0.0	0.0	0.002413723075912566	1.2056758889335897
15	0	0.002885453463961313	1.0	0.0019710307292080944	2264.89601812582	0.24355568776359354	0.0	0.0	0.002885453463961313	1.195383838215824
16	0	0.003316936817937648	1.0	0.002349554817361686	2113.5860698131933	0.2810892345623239	0.0	0.0	0.003316936817937648	1.2375302745576808
17	0	0.003804191968424071	1.0	0.0028218733042774014	2409.881322565605	0.3238631007271485	0.0	0.0	0.003804191968424071	1.2240414708477083
18	0	0.004573624701111863	1.0	0.0031170599262411373	3793.714239073912	0.39194653593045736	0.0	0.0	0.004573624701111863	1.1379612037582254
19	0	0.005406077931437229	1.0	0.0037921269832191656	4147.286152582316	0.4661365394556575	0.0	0.0	0.005406077931437229	1.1744789093034405
20	0	0.006169775223473749	1.0	0.004575414160023144	3865.7898538628883	0.5346559120738593	0.0	0.0	0.006169775223473749	1.1226904896782108
21	0	0.007501387115870993	1.0	0.005272552732252293	6704.962145791908	0.6552234411230408	0.0	0.0	0.007501387115870993	1.1413009895707775
22	0	0.008505962595168847	1.0	0.006680907033321156	5184.533808125553	0.74692749326012	0.0	0.0	0.008505962595168847	1.130837056633116
23	0	0.010031848637518041	1.0	0.007296793338968811	7847.818675811177	0.8872825000200101	0.0	0.0	0.010031848637518041	1.1482464434321886
24	0	0.011789851831418898	1.0	0.008435030203470455	9114.601841773985	1.050168743633603	0.0	0.0	0.011789851831418898	1.0983803206156706
25	0	0.014368325162713719	1.0	0.010042203658438598	13375.603090831599	1.2907900032002606	0.0	0.0	0.014368325162713719	1.101582101842104
26	0	0.016675156590517586	1.0	0.012462706256395941	12183.837886318	1.5078665224383778	0.0	0.0	0.016675156590517586	1.1021040520064904
27	0	0.01984514708507357	1.0	0.014168689992345846	16782.57306410744	1.8085794003785909	0.0	0.0	0.01984514708507357	1.131789939759455
28	0	0.023416720668885397	1.0	0.017009211885876212	19093.166001455804	2.150107249160315	0.0	0.0	0.023416720668885397	1.1006953737451688
29	0	0.02703054718261915	1.0	0.019742689164429932	19581.1133010886	2.4985027879705872	0.0	0.0	0.02703054718261915	1.1220914487177285
30	0	0.030940408870074505	1.0	0.02226431022173109	25433.588236151983	2.9846926862163103	0.0	0.0	0.030940408870074505	1.1067276532331227
31	0	0.03498789513558264	1.0	0.025471720139379192	30117.294662520704	3.5829089487014234	0.0	0.0	0.03498789513558264	1.11086378932454
32	0	0.039133837510188764	1.0	0.029072008840339638	31137.272740846463	4.196878400512812	0.0	0.0	0.039133837510188764	1.1153714971856543
33	0	0.04333694033397219	1.0	0.03292280592106085	41946.18306954364	5.086507941069602	0.0	0.0	0.04333694033397219	1.1017762427048008
34	0	0.047553743835710136	1.0	0.036222972579686506	45507.63515718383	6.059586505366338	0.0	0.0	0.047553743835710136	1.0942014948967744
35	0	0.051738588904386616	1.0	0.040306053795218434	47748.589188515245	7.082225763174144	0.0	0.0	0.051738588904386616	1.0972353990372392
36	0	0.05594565037170917	1.0	0.04304872384096097	47407.326929069095	8.083314756228903	0.0	0.0	0.05594565037170917	1.092457184656764
37	0	0.0601204981999673	1.0	0.04717093283437866	56052.88972285418	9.302440239064822	0.0	0.0	0.0601204981999673	1.11157308612215
38	0	0.06420609014341802	1.0	0.04987231180228729	58018.09591890541	10.563427781644208	0.0	0.0	0.06420609014341802	1.0928146137002688
39	0	0.06814273854349487	1.0	0.053826346142411635	61100.296520527074	11.897689409639232	0.0	0.0	0.06814273854349487	1.0965553230828362
40	0	0.07218005856501586	1.0	0.05667906199084135	53770.813738516634	13.021344054795435	0.0	0.0	0.07218005856501586	1.0940068650535644
41	0	0.07629468306761275	1.0	0.05987106670751605	56907.0210734713	14.213954177016106	0.0	0.0	0.07629468306761275	1.090589994391706
42	0	0.08043440263105199	1.0	0.06348264305081312	57203.640013707365	15.402123853845149	0.0	0.0	0.08043440263105199	1.0934052165850692
43	0	0.08454459853141952	1.0	0.06671387985179933	55916.095290484984	16.546370665294365	0.0	0.0	0.08454459853141952	1.0886645259916283
44	0	0.08863223382438792	1.0	0.07005356189208932	56233.43247752216	17.689185313951658	0.0	0.0	0.08863223382438792	1.0872499523727541
45	0	0.09282040302463708	1.0	0.07273354701463758	53865.42232913002	18.75449931775307	0.0	0.0	0.09282040302463708	1.0955577573510318
46	0	0.09705245584584292	1.0	0.07565442214427164	55623.490395340086	19.85436029660471	0.0	0.0	0.09705245584584292	1.0843738954969986
47	0	0.10126924906934608	1.0	0.0794081602669128	49782.4276180582	20.790297326304753	0.0	0.0	0.10126924906934608	1.0806818862944418
48	0	0.10541484517967152	1.0	0.08262262581491217	47552.404098301326	21.661507293061653	0.0	0.0	0.10541484517967152	1.0810545120511796
49	0	0.10967563592299424	1.0	0.0868099192715922	52029.838927116514	22.63785582095924	0.0	0.0	0.10967563592299424	1.0886175058294427
50	0	0.11399014925218047	1.0	0.0895504654750131	46738.59525295286	23.463048055122627	0.0	0.0	0.11399014925218047	1.0903406557275022
51	0	0.11829435483566245	1.0	0.09292279582723467	45848.13974100057	24.257363265077476	0.0	0.0	0.11829435483566245	1.0798312206967504
52	0	0.12255040836025145	1.0	0.09502115705575567	43035.94946418507	24.97194391873108	0.0	0.0	0.12255040836025145	1.0825710436417788
53	0	0.12693236003903335	1.0	0.09926457579607516	43719.631830698265	25.692508493427766	0.0	0.0	0.12693236003903335	1.0718562965531762
54	0	0.1313736871035811	1.0	0.10284060960160543	38628.22411832428	26.269325175362958	0.0	0.0	0.1313736871035811	1.0804147994244842
55	0	0.13580526463506112	1.0	0.10533305308839716	40208.0878633418	26.88277875403553	0.0	0.0	0.13580526463506112	1.0695901474669365
56	0	0.1401974568828023	1.0	0.10787589277208308	37489.575853356386	27.42030418071902	0.0	0.0	0.1401974568828023	1.0709125841591858
57	0	0.14472063464976426	1.0	0.11125019741535727	172935.7035501552	31.523807380802463	0.0	0.0	0.14472063464976426	1.0647610846439124
58	0	0.1493030321305641	1.0	0.11477225217012273	179136.71880726184	35.75139126672517	0.0	0.0	0.1493030321305641	1.066817440169144
59	0	0.153870262217597	1.0	0.11708340829078265	184175.0362252742	40.074391263181965	0.0	0.0	0.153870262217597	1.0675860407255988
60	0	0.1583893723329931	1.0	0.12137948519789185	191101.45998983475	44.54321652442547	0.0	0.0	0.1583893723329931	1.0582734386995627
