11.247441493196291	1	1	1	1	0	0	11.247441493196291	1.0	0	0.0			100.0	0.0	0.0	0.0	0.0		0.0	0.0
11.367595075476835	1	1	1	1	0	0	11.367595075476835	1.0	0	0.0			100.0	0.0	0.0	0.0	0.0		0.0	0.0
22.856168219862568	1	1	1	1	0	0	22.856168219862568	2.0	0	0.0			98.68366698886999	0.0	0.0	0.0	0.9714436926366636	0.0	0.0	0.0
34.4665080713728	1	1	1	1	0	0	34.4665080713728	3.0	0	0.00011257771665567784			93.56925873044621	0.0	4.740114385502225	3.1600762570014824	2.932515313022233	2.6939980867011464	7.900190642503707	0.0
46.1993671861199	1	1	1	1	0	0	46.1993671861199	4.0	0	0.00033581469321961526	0.33529685657812264	0.9742336355196899	84.74096204724611	0.0	14.139566030299589	9.426377353533061	5.901167065820748	3.993437759172312	23.56594338383265	9.399192542414704e-13
58.05546181511435	1	1	1	1	0	0	58.05546181511435	5.0	0	0.0006675093645202824	0.4656075295305698	0.9764961927844016	72.29083659645532	0.0	28.105657453485573	18.737104968990387	9.895080542697137	4.73394453136082	46.842762422475964	2.803863087254214e-12
70.03547169202406	1	1	1	1	0	0	70.03547169202406	6.0	0	0.0007952177084349142	0.6891453399285119	1.0268393220426637	67.16950623651297	0.0	33.48285088147008	22.321900587646716	11.364754767396185	4.910334856429323	55.804751469116795	5.573636710187199e-12
82.14003983175478	1	1	1	1	0	0	82.14003983175478	7.0	0	0.0009443038339255514	0.6941539246126103	1.1655574977238379	79.31225692474509	0.0	39.76016142844428	26.506774285629522	13.045321210671311	5.079747339595307	66.2669357140738	8.38779005125581e-11
94.36977233991071	1	1	1	1	0	0	94.36977233991071	8.0	0	0.001136015273411555	0.7592203007328642	1.224116268269961	94.91144151233324	0.0	47.83222203838128	31.88814802558752	15.19107144836444	5.247843796597505	79.7203700639688	1.0655802421343695e-10
106.72523823319248	1	1	1	1	0	0	106.72523823319248	9.0	0	0.0013700434093147065	0.8257953099452708	1.0504593800538355	114.27116646217905	0.0	57.686038286934995	38.979342564862044	17.605785610381993	5.490546289214962	96.66538085179705	1.3764572636951521e-10
119.20696927078512	1	1	1	1	0	0	119.20696927078512	10.0	0	0.0016363757506765273	0.7299520210229397	1.14094827383804	136.55717262478896	0.0	68.90003160743275	47.44020160732188	20.216939410034342	5.754591773520925	116.34023321475462	1.867424079400504e-10
131.81545979678634	1	1	1	1	0	0	131.81545979678634	11.0	0	0.001995377501271012	0.8541014605702271	1.119576450430575	166.86167356575172	0.0	84.01589479035842	59.219724249575	23.626054525818315	6.062612734741932	143.23561903993343	2.9493435096701185e-10
144.55116659372186	1	1	1	1	0	0	144.55116659372186	12.0	0	0.0024109274017644466	0.7935943154097084	1.1385539092082229	202.19242179560473	0.0	101.51273270587143	73.18086134270106	27.498827747032195	6.352765130776392	174.6935940485725	3.5708162826758327e-10
157.41450874719058	1	1	1	1	0	0	157.41450874719058	13.0	0	0.0029726086347857997	0.9335660616685876	1.1282904835495868	250.24575167467012	0.0	125.16246883308628	92.39732122763607	32.685961613947704	6.656062092659546	217.55979006072238	4.6330353849099074e-10
170.4058675216809	1	1	1	1	0	0	170.4058675216809	14.0	0	0.0036019984770855776	0.8505847073172197	1.1169197470849572	304.39631879794774	0.0	151.6630937720243	114.24458260718198	38.48864241874152	6.9087309831880725	265.9076763792063	5.070603123776387e-10
183.52558624759342	1	1	1	1	0	0	183.52558624759342	15.0	0	0.0043603330847391325	0.8081605858145391	1.1494944160624638	370.3617545978715	0.0	183.59297198901615	141.55313780958005	45.215644799275246	7.19100902446509	325.14610979859617	6.743565567021981e-10
196.77397021950497	1	1	1	1	0	0	196.77397021950497	16.0	0	0.005253671475308798	0.7797033679206108	1.12070492222967	448.78378198943466	0.0	221.207220013002	174.63614866100056	52.94041331543212	7.477149192535948	395.8433686740026	1.200959283063031e-09
210.1512866057031	1	1	1	1	0	0	210.1512866057031	17.0	0	0.006374604762409421	0.8343402747680696	1.1636050242338087	547.9698259116317	0.0	268.40441104881785	217.08009425630402	62.48532060650989	7.769576927713528	485.4845053051218	1.1533978218252205e-09
223.65776436901845	1	1	1	1	0	0	223.65776436901845	18.0	0	0.0077342618306694266	0.8335695618189057	1.1615042348344105	669.1453574761458	0.0	325.653129712397	269.51126550567085	73.98096225807798	8.044831765527379	595.1643952180679	1.6237027791801375e-09
237.29359419897813	1	1	1	1	0	0	237.29359419897813	19.0	0	0.009398260353085702	0.8272606922854725	1.1179037578174391	818.440288835056	0.0	395.71622539308225	334.6761467302264	88.0479167117474	8.295396409144786	730.3923721233085	2.213723236653972e-09
251.0589284553002	1	1	1	1	0	0	251.0589284553002	20.0	0	0.011427591730982395	0.8457979514944075	1.1267407317268534	1002.1811154617263	0.0	481.1617570939956	416.24224699961684	104.77711136811389	8.56488590280714	897.4040040936126	2.5824435257002e-09
264.95388112274634	1	1	1	1	0	0	264.95388112274634	21.0	0	0.01392222702556312	0.8579712818926438	1.1457753172440213	1229.90732402609	0.0	586.1990326552892	518.6766097489805	125.03168162182035	8.836765434749205	1104.8756424042695	4.21571417051462e-09
278.9785277773454	1	1	1	1	0	0	278.9785277773454	22.0	0	0.01685706800686968	0.8552577444148192	1.133840120189271	1509.751690566586	0.0	709.771284499776	641.3909053572668	148.69951761455695	9.086527054912052	1351.162189857043	4.552648868136634e-09
293.1329055639992	1	1	1	1	0	0	293.1329055639992	23.0	0	0.019944960642945982	0.8865721239743154	1.1363820423544009	1885.2390873898544	0.0	839.7878165450937	772.5624848691181	173.6173892077847	9.286801908330489	1612.3503014142118	6.4181390811567624e-09
307.41701318547484	1	1	1	1	0	0	307.41701318547484	24.0	0	0.023164571546757967	0.8627084582041367	1.1033488529605828	2339.839935208059	0.0	975.350380916125	911.2792085199812	199.78985361908482	9.44307008219304	1886.6295894361065	7.319518838720462e-09
321.83081090278995	1	1	1	1	0	0	321.83081090278995	25.0	0	0.02657948499719564	0.8745938576331634	1.1179795915882471	2885.0133801465527	0.0	1119.1362104082373	1061.4116972054367	227.22034159427662	9.596622786120305	2180.547907613674	8.593331880540893e-09
336.3742205469876	1	1	1	1	0	0	336.3742205469876	26.0	0	0.03016275680674428	0.8689660760287344	1.1091163496105847	3522.900465110753	0.0	1270.0108129155485	1221.7640534849695	255.9111144668571	9.736876304070128	2491.7748664005185	1.0762136539273872e-08
351.0471255422998	1	1	1	1	0	0	351.0471255422998	27.0	0	0.03388577899955548	0.8773396118333551	1.1469323777955531	4273.604547809236	0.0	1426.7696420865466	1391.063074817782	285.863221658047	9.85727614962324	2817.832716904329	1.3802639072367329e-08
365.84937094069124	1	1	1	1	0	0	365.84937094069124	28.0	0	0.03771824315867337	0.8657754225927748	1.1169294271153534	5115.72508693352	0.0	1588.1365540494046	1567.956504763543	317.07645868650985	9.953728737500954	3156.093058812948	1.5419566090056112e-08
380.78076346777357	1	1	1	1	0	0	380.78076346777357	29.0	0	0.04162810484612873	0.8730389079440197	1.1401718270179848	6081.1147478515	0.0	1752.7623093106833	1751.0113335593985	349.54932575757516	10.023688746291766	3503.7736428700814	1.9384724347425e-08
395.84107158007737	1	1	1	1	0	0	395.84107158007737	30.0	0	0.04567559111163685	0.8753853698564441	1.1242566434974297	7155.750708331891	0.0	1923.1827836478674	1943.9916991047455	383.2789870024528	10.089711708426805	3867.174482752613	1.932127889596334e-08
411.03002553366304	1	1	1	1	0	0	411.03002553366304	31.0	0	0.049821533486242985	0.8589769441128517	1.1098429871741309	8338.851103608427	0.0	2097.7487783681254	2145.098908120351	418.26123043846655	10.144013783062476	4242.847686488476	2.287571903163704e-08
426.3473174640513	1	1	1	1	0	0	426.3473174640513	32.0	0	0.054024636310026415	0.8703512219760917	1.1195254317912406	9654.118570665338	0.0	2274.7215288432167	2352.432375298888	454.49042872175767	10.180971065014184	4627.153904142105	2.8784023992373897e-08
441.79260147745117	1	1	1	1	0	0	441.79260147745117	33.0	0	0.05824143981176438	0.8683825972960407	1.0992363504073612	11082.230283444944	0.0	2452.271149969026	2563.9877979171697	491.9595007642112	10.196487597239054	5016.258947886196	2.8867060775909985e-08
457.365493753255	1	1	1	1	0	0	457.365493753255	34.0	0	0.06242628488044085	0.8519962988675199	1.1014013739341248	12632.72140192431	0.0	2628.4751528606666	2777.6554109334747	530.6598742865376	10.187562364805864	5406.130563794141	3.140671332020106e-08
473.0655726577729	1	1	1	1	0	0	473.0655726577729	35.0	0	0.06663334634776337	0.8581900298473913	1.1182597261903209	14303.172849397155	0.0	2805.6145830637206	2996.948388890697	570.5814493794903	10.169561205091279	5802.562971954418	3.5541686958086266e-08
488.8923788691719	1	1	1	1	0	0	488.8923788691719	36.0	0	0.07080819417602152	0.8512827632171663	1.0998643271717663	16085.190354837188	0.0	2981.397649516696	3219.3012195580623	611.7125631451354	10.136621744686279	6200.6988690747585	3.786571917570607e-08
504.8454155135833	1	1	1	1	0	0	504.8454155135833	37.0	0	0.07489378611947224	0.8460110139204625	1.0900051173438698	17994.516651315003	0.0	3153.4225734514625	3442.0203541870587	654.0399554898753	10.084159036887193	6595.442927638522	4.295936425625189e-08
520.9241483123367	1	1	1	1	0	0	520.9241483123367	38.0	0	0.0788304345195491	0.8458016408172294	1.0930427198383703	20030.89620348604	0.0	3319.176190296804	3662.282511103832	697.548736140596	10.008560462782448	6981.458701400636	4.647024820731348e-08
537.1280057402779	1	1	1	1	0	0	537.1280057402779	39.0	0	0.08286775454107008	0.8537399207303643	1.1005299174212515	22184.944624331787	0.0	3489.1686122555816	3888.9390737155354	742.2223529548436	9.940562496667352	7378.107685971117	5.5597682856664166e-08
553.4563791951257	1	1	1	1	0	0	553.4563791951257	40.0	0	0.08698237904366699	0.852181797759396	1.1052664230439493	24451.712889973627	0.0	3662.4159597333455	4119.935537019222	788.0425615953253	9.875547179834877	7782.351496752566	5.540363585390102e-08
569.9086231778117	1	1	1	1	0	0	569.9086231778117	41.0	0	0.0911220986071062	0.8472508382526627	1.0957172173100602	26828.19949512225	0.0	3836.7199413518397	4352.34084584388	834.9893966382997	9.80738296817325	8189.06078719572	6.082010070724971e-08
586.4840554837581	1	1	1	1	0	0	586.4840554837581	42.0	0	0.09523229450747377	0.8481774468959509	1.0997537778243551	29333.947614043664	0.0	4009.780821367316	4583.088685864514	883.041144184542	9.730995621010443	8592.86950723183	6.553664825859566e-08
603.1819574050269	1	1	1	1	0	0	603.1819574050269	43.0	0	0.09931992980044214	0.8384792678305478	1.0963002323692317	31935.56091981478	0.0	4181.891781071247	4812.5699654697555	932.174316040567	9.648905351463878	8994.461746541005	7.296490869805972e-08
620.0015739432909	1	1	1	1	0	0	620.0015739432909	44.0	0	0.1035080990006913	0.8306768112618944	1.088852480093188	34651.77223258886	0.0	4358.235747397528	5047.695253904797	982.363625536645	9.57479568338461	9405.931001302324	7.192697680596024e-08
636.9421140335545	1	1	1	1	0	0	636.9421140335545	45.0	0	0.10774015182189717	0.8314718767313457	1.0839508340032653	37488.759321930636	0.0	4536.427445132512	5285.284184218109	1033.5819650468586	9.502595789686929	9821.71162935062	7.695056533110557e-08
654.0027507785644	1	1	1	1	0	0	654.0027507785644	46.0	0	0.11195694504540032	0.8350156677288064	1.0808337825199068	40446.270372022445	0.0	4713.976633490539	5522.016435362145	1085.8003852750437	9.427140759634018	10235.993068852684	8.253660152493094e-08
671.1826216938364	1	1	1	1	0	0	671.1826216938364	47.0	0	0.11610254115572576	0.8246936888587356	1.0801889876081272	43504.22124766687	0.0	4888.528048662137	5754.751655590942	1138.9880763688934	9.344504938264123	10643.279704253076	9.049476471103127e-08
688.4808289632283	1	1	1	1	0	0	688.4808289632283	48.0	0	0.12036333189904845	0.8196927738024029	1.0813161881090392	46685.21048943905	0.0	5067.9297641704625	5993.9539429353745	1193.1123509228266	9.271451844874369	11061.883707105835	1.0032095471449648e-07
705.8964397049822	1	1	1	1	0	0	705.8964397049822	49.0	0	0.12467784522823468	0.8229302558682772	1.0743254484205376	49978.53483517341	0.0	5249.593483294092	6236.1722351002145	1248.1386289284012	9.20231571412504	11485.765718394308	1.0224249466036224e-07
723.4284862481575	1	1	1	1	0	0	723.4284862481575	50.0	0	0.12898205081171665	0.8241093330506506	1.0775865276558851	53403.34321046594	0.0	5430.82319207228	6477.811846804467	1304.0304247291024	9.132175762962458	11908.635038876746	1.1036237508752401e-07
741.0759664193733	1	1	1	1	0	0	741.0759664193733	51.0	0	0.13323810433630565	0.8117311925662258	1.0712415015949748	56923.267301636355	0.0	5610.025445739185	6716.748185027006	1360.7493360342532	9.058812893997912	12326.77363076619	1.1140000550204189e-07
758.8378438397727	1	1	1	1	0	0	758.8378438397727	52.0	0	0.13762005601508756	0.8114752895644096	1.068999164029833	60569.354760888666	0.0	5794.528674319477	6962.752489800728	1418.2550350446	8.995054379425508	12757.281164120204	1.233816802093149e-07
776.7130482321257	1	1	1	1	0	0	776.7130482321257	53.0	0	0.1420613830796353	0.8153415139656512	1.077127616688452	64344.28908391648	0.0	5981.531919142541	7212.090149564813	1476.5052617397753	8.935709482783166	13193.622068707351	1.3473296017878937e-07
794.7004757379742	1	1	1	1	0	0	794.7004757379742	54.0	0	0.14649296061111536	0.801263123841598	1.0715504328641623	68195.75509620988	0.0	6168.124657310121	7460.880467121587	1535.4558193754087	8.876194907370046	13629.00512443171	1.3516342548434533e-07
812.7989892447298	1	1	1	1	0	0	812.7989892447298	55.0	0	0.1508851528588565	0.7915738365400005	1.0679266931008664	72150.1616159352	0.0	6353.0590677413265	7707.459681029862	1595.0605722350608	8.815037493572449	14060.518748771188	1.3872838202867223e-07
831.0074187226242	1	1	1	1	0	0	831.0074187226242	56.0	0	0.15540833062581846	0.7901649346839974	1.0658454584736263	76200.81371549639	0.0	6543.508657929198	7961.392467947026	1655.271445679488	8.762853466563588	14504.901125876224	1.5008523849037636e-07
849.3245615714155	1	1	1	1	0	0	849.3245615714155	57.0	0	0.15999072810661832	0.7918248934541151	1.062720754630903	80390.17633060558	0.0	6736.4517097523485	8218.64987037789	1716.0384285329226	8.71489899728858	14955.101580130242	1.652396331628833e-07
867.7491829767432	1	1	1	1	0	0	867.7491829767432	58.0	0	0.1645579581936512	0.7914842348043205	1.0658973879955098	84722.49039208223	0.0	6928.756134469524	8475.055770000792	1777.3095778431614	8.666926739439216	15403.811904470314	1.696714176655361e-07
886.2800162760308	1	1	1	1	0	0	886.2800162760308	59.0	0	0.16907706830904734	0.7879521288297445	1.0588712663623454	89154.03267048893	0.0	7119.03445511778	8728.760197531801	1839.0310260492186	8.61746997640128	15847.79465264958	1.742576015285284e-07
