11.247441493196291	1	1	1	1	0	0	11.247441493196291	1.0	0	0.0			100.0	0.0	0.0	0.0	0.0		0.0	0.0
11.367595075476835	1	1	1	1	0	0	11.367595075476835	1.0	0	0.0			100.0	0.0	0.0	0.0	0.0		0.0	0.0
22.856168219862568	1	1	1	1	0	0	22.856168219862568	2.0	0	0.0			98.68366698886999	0.0	0.0	0.0	0.9714436926366636	0.0	0.0	0.0
34.4665080713728	1	1	1	1	0	0	34.4665080713728	3.0	0	0.00011257771665567784			93.56925873044621	0.0	4.740114385502225	3.1600762570014824	2.932515313022233	2.6939980867011464	7.900190642503707	0.0
46.1993671861199	1	1	1	1	0	0	46.1993671861199	4.0	0	0.00033581469321961526	0.3673327559949493	1.2489922173924468	84.74096204724611	0.0	14.139566030299589	9.426377353533061	5.901167065820748	3.993437759172312	23.56594338383265	9.399192542414704e-13
58.05546181511435	1	1	1	1	0	0	58.05546181511435	5.0	0	0.0006675093645202824	0.5185108971422457	0.9136025026597452	72.29083659645532	0.0	28.105657453485573	18.737104968990387	9.895080542697137	4.73394453136082	46.842762422475964	2.803863087254214e-12
70.03547169202406	1	1	1	1	0	0	70.03547169202406	6.0	0	0.0007952177084349142	0.5851089602153451	1.1468105000579452	67.16950623651297	0.0	33.48285088147008	22.321900587646716	11.364754767396185	4.910334856429323	55.804751469116795	5.573636710187199e-12
82.14003983175478	1	1	1	1	0	0	82.14003983175478	7.0	0	0.0009174993826489963	0.6066654198580576	1.0674792342442057	77.12909086475844	0.0	38.631552953641965	25.754368635761303	12.743169275355164	5.052583089665406	64.38592158940328	7.032455286424811e-11
94.36977233991071	1	1	1	1	0	0	94.36977233991071	8.0	0	0.0010603021787466613	0.7659058689125248	1.1097074124423183	88.74867487040571	0.0	44.64430226301732	29.762868175344877	14.341504432043502	5.188240242921294	74.4071704383622	8.213577422696022e-11
106.72523823319248	1	1	1	1	0	0	106.72523823319248	9.0	0	0.0012597944997180515	0.8006994061996006	1.0363652774180132	105.25146180543794	0.0	53.043978935496924	35.80760656391603	16.399876306025007	5.417820466534284	88.85158549941296	1.1951011714757612e-10
119.20696927078512	1	1	1	1	0	0	119.20696927078512	10.0	0	0.001438149887562877	0.7389728600536898	1.0971995615786252	120.17578249559601	0.0	60.55367947633167	41.47360937942931	18.148493639835014	5.62180481094124	102.027288855761	1.285849004401383e-10
131.81545979678634	1	1	1	1	0	0	131.81545979678634	11.0	0	0.0016428611248830946	0.8208678764172201	1.1130801625243183	137.45612130654408	0.0	69.17309999507766	48.1905700938103	20.09245121765613	5.841182283710379	117.36367008888796	1.8826181214256157e-10
144.55116659372186	1	1	1	1	0	0	144.55116659372186	12.0	0	0.001965955805064469	0.8161078945525678	1.1403761555793392	164.92617192221826	0.0	82.7770865290303	59.04550982238607	23.103575570801915	6.138556169229945	141.82259635141634	2.890746132490631e-10
157.41450874719058	1	1	1	1	0	0	157.41450874719058	13.0	0	0.002290045581420497	0.824457607383559	1.1088303175657344	192.6529180160774	0.0	96.4229718492841	70.1333970800086	26.096549086784634	6.3823139364291395	166.55636892929272	2.9026647966092663e-10
170.4058675216809	1	1	1	1	0	0	170.4058675216809	14.0	0	0.002757510367104211	0.8766299165966732	1.142931360515769	232.87200252249332	0.0	116.10569966754576	86.35994646512111	30.406356389826485	6.658661877698995	202.46564613266685	3.788205605596945e-10
183.52558624759342	1	1	1	1	0	0	183.52558624759342	15.0	0	0.0031815977816492085	0.8496309550176058	1.1898229457503189	269.76219695036525	0.0	133.96201185891408	101.6318521039512	34.16833298749998	6.895093888515254	235.5938639628653	4.045662525963895e-10
196.77397021950497	1	1	1	1	0	0	196.77397021950497	16.0	0	0.003662318895748701	0.8864327123240202	1.1084532388446364	311.96247041401125	0.0	154.20290087362957	119.43440262919951	38.325166911182144	7.13988549970254	273.63730350282907	6.263583039884381e-10
210.1512866057031	1	1	1	1	0	0	210.1512866057031	17.0	0	0.004410365631041297	0.8254898694073229	1.1742763915900716	378.15356063892585	0.0	185.69960551752843	147.7590632498393	44.694891871558205	7.460778062192057	333.4586687673676	8.949734416417061e-10
223.65776436901845	1	1	1	1	0	0	223.65776436901845	18.0	0	0.005245887661783745	0.8643032733323148	1.1204916590183596	452.6170621883603	0.0	220.87948049615775	179.97851012296712	51.759071569235424	7.7446905144524845	400.8579906191249	9.51682209798176e-10
237.29359419897813	1	1	1	1	0	0	237.29359419897813	19.0	0	0.005994430717872239	0.8283322576692049	1.0973958329732292	519.7767877965563	0.0	252.39708285777854	209.2926703727259	58.08703456605182	7.9482410606709255	461.68975323050455	1.0485712633871876e-09
251.0589284553002	1	1	1	1	0	0	251.0589284553002	20.0	0	0.007312999955609111	0.8656331865674404	1.0982317606056984	639.1634017055071	0.0	307.91578760459424	262.2906931839883	68.95692091692453	8.269024678110782	570.2064807885827	1.5692339883233495e-09
264.95388112274634	1	1	1	1	0	0	264.95388112274634	21.0	0	0.008274280299627502	0.8624157957459508	1.1222281404302767	726.9151979645861	0.0	348.3907494580002	301.7626511398957	76.76179736669029	8.469752180138771	650.1534005978957	1.602560784462704e-09
278.9785277773454	1	1	1	1	0	0	278.9785277773454	22.0	0	0.00975426628230317	0.846652850718227	1.1170818866856342	863.0481966537828	0.0	410.7059487285547	363.64519896138916	88.69704896383905	8.730292120605267	774.3511476899439	2.4724521711373093e-09
293.1329055639992	1	1	1	1	0	0	293.1329055639992	23.0	0	0.011482861703182008	0.8520821970142967	1.1264111040442228	1023.2096888578124	0.0	483.48891381819	437.0747570504768	102.6460179891456	8.96833300407243	920.5636708686667	3.0020357716235393e-09
307.41701318547484	1	1	1	1	0	0	307.41701318547484	24.0	0	0.014008743467632806	0.8724478544247195	1.1517990941076521	1258.923141582722	0.0	589.8418302161183	545.9022064417145	123.17910492488943	9.220265379833473	1135.7440366578328	4.2671732291609605e-09
321.83081090278995	1	1	1	1	0	0	321.83081090278995	25.0	0	0.016255275513267938	0.8676861237979753	1.1161801652060144	1470.3253927162734	0.0	684.4326531902293	644.6682372117191	141.22450231432538	9.411262696070613	1329.1008904019482	3.793847718980602e-09
336.3742205469876	1	1	1	1	0	0	336.3742205469876	26.0	0	0.019302815743414317	0.8184610849176474	1.1112770158488898	1759.4223457890814	0.0	812.7501365648137	781.0464643555308	165.62574486873683	9.622879596305962	1593.7966009203446	6.6255990665051364e-09
351.0471255422998	1	1	1	1	0	0	351.0471255422998	27.0	0	0.02274370140422538	0.8252140626213207	1.1093328834255154	2088.4533037307283	0.0	957.62953280949	937.515737092676	193.30803382856186	9.8037584489784	1895.145269902166	7.0389608040724965e-09
365.84937094069124	1	1	1	1	0	0	365.84937094069124	28.0	0	0.026269634150450832	0.8445822232278802	1.1219430439458569	2428.37533215727	0.0	1106.0898589663507	1100.2607260455425	222.02474714537612	9.937408389737882	2206.350585011893	7.495162435520676e-09
380.78076346777357	1	1	1	1	0	0	380.78076346777357	29.0	0	0.030179495837906186	0.8274764258884022	1.1262168978263956	2901.357604826397	0.0	1270.7156142276292	1283.3155548413974	254.49761421644143	10.035580007036577	2554.031169069027	9.443631448534071e-09
395.84107158007737	1	1	1	1	0	0	395.84107158007737	30.0	0	0.03422698210341432	0.8543953007623567	1.1108198095054658	3493.201909140384	0.0	1441.1360885648135	1476.2959203867456	288.2272754613191	10.121984480067317	2917.432008951559	1.2547301858043437e-08
411.03002553366304	1	1	1	1	0	0	411.03002553366304	31.0	0	0.03837292447802044	0.8294462719571087	1.1142149620611834	4083.386580029096	0.0	1615.7020832850715	1677.4031294023505	323.2095188973328	10.188763078272686	3293.105212687422	1.419745684241691e-08
426.3473174640513	1	1	1	1	0	0	426.3473174640513	32.0	0	0.04257602730180386	0.8478019663594493	1.0968394293659156	5055.452108886603	0.0	1792.674833760163	1884.7365965808872	359.43871718062377	10.230983070455071	3677.4114303410497	2.028693836981481e-08
441.79260147745117	1	1	1	1	0	0	441.79260147745117	33.0	0	0.046792830803541824	0.8313049041169943	1.094988476961757	6137.59768556725	0.0	1970.224454885972	2096.2920191991693	396.9077892230775	10.24549425458517	4066.5164740851415	2.2633092757914362e-08
457.365493753255	1	1	1	1	0	0	457.365493753255	34.0	0	0.05097767587221831	0.8406026859589207	1.1019968841919112	7358.474631959059	0.0	2146.4284577776125	2309.959632215474	435.60816274540383	10.23026763756416	4456.3880899930855	2.5158291127804943e-08
473.0655726577729	1	1	1	1	0	0	473.0655726577729	35.0	0	0.05518473733954085	0.8298853379176752	1.104064301631821	8688.559193579298	0.0	2323.567887980668	2529.252610172697	475.5297378383564	10.20508311470302	4852.8204981533645	2.9481897044444275e-08
488.8923788691719	1	1	1	1	0	0	488.8923788691719	36.0	0	0.05935958516779899	0.8213952026421072	1.1014947083149371	10134.513705652224	0.0	2499.350954433642	2751.605440840061	516.6608516040017	10.163255797244606	5250.956395273704	3.4499392190559916e-08
504.8454155135833	1	1	1	1	0	0	504.8454155135833	37.0	0	0.0634451771112497	0.8266935218603315	1.0942036037371423	11711.725887375957	0.0	2671.3758783684093	2974.324575469059	558.9882439487413	10.099855435162198	5645.700453837469	3.7170695486098214e-08
520.9241483123367	1	1	1	1	0	0	520.9241483123367	38.0	0	0.06738182551132656	0.8298833824826054	1.0998734331077928	13406.664062932745	0.0	2837.12949521375	3194.5867323858315	602.4970245994622	10.01119670526082	6031.716227599582	3.887970914432406e-08
537.1280057402779	1	1	1	1	0	0	537.1280057402779	39.0	0	0.07141914553284752	0.8385333187125456	1.0982594203383964	15230.82836171381	0.0	3007.121917172528	3421.2432949975346	647.1706414137096	9.933029715513117	6428.365212170063	4.456082006614067e-08
553.4563791951257	1	1	1	1	0	0	553.4563791951257	40.0	0	0.07553377003544444	0.8307769045817173	1.1019498471878078	17150.76520009757	0.0	3180.3692646502923	3652.2397583012207	692.9908500541915	9.859594859610636	6832.609022951512	4.8890115770915724e-08
569.9086231778117	1	1	1	1	0	0	569.9086231778117	41.0	0	0.07967348959888366	0.8205635744978099	1.0977126677277975	19183.96886040738	0.0	3354.6732462687874	3884.645067125879	739.9376850971659	9.783686463332415	7239.318313394666	5.387763917176507e-08
586.4840554837581	1	1	1	1	0	0	586.4840554837581	42.0	0	0.08378368549925122	0.8326398158771074	1.0978459190152174	21344.92625844613	0.0	3527.734126284261	4115.392907146513	787.989432643408	9.699529862717775	7643.127033430774	5.4243739528566524e-08
603.1819574050269	1	1	1	1	0	0	603.1819574050269	43.0	0	0.0878713207922196	0.8292905190823169	1.089845365861528	23642.86347430713	0.0	3699.845085988193	4344.874186751756	837.122604499433	9.609965409487874	8044.719272739949	5.969795836590284e-08
620.0015739432909	1	1	1	1	0	0	620.0015739432909	44.0	0	0.09205948999246877	0.8348392506050245	1.0840821997147614	26049.77945098644	0.0	3876.1890523144734	4579.999475186796	887.3119139955112	9.530119447425848	8456.18852750127	6.404758863687472e-08
636.9421140335545	1	1	1	1	0	0	636.9421140335545	45.0	0	0.09629154281367462	0.8180470972708014	1.0914569848412643	28551.993171665752	0.0	4054.380750049458	4817.588405500109	938.5302535057248	9.453045463808747	8871.969155549565	6.932396030874243e-08
654.0027507785644	1	1	1	1	0	0	654.0027507785644	46.0	0	0.10050833603717776	0.8260566974954962	1.0855388578285166	31196.96781106041	0.0	4231.929938407485	5054.320656644143	990.7486737339101	9.372962933226878	9286.250595051628	7.398085854657581e-08
671.1826216938364	1	1	1	1	0	0	671.1826216938364	47.0	0	0.1046539321475032	0.8217846558530502	1.0822445363989606	33961.79978396529	0.0	4406.481353579082	5287.055876872942	1043.9363648277595	9.28556333225481	9693.53723045202	8.609181153984174e-08
688.4808289632283	1	1	1	1	0	0	688.4808289632283	48.0	0	0.10891472289082592	0.8174793303800477	1.081218782766481	36836.67794070761	0.0	4585.883069087407	5526.258164217375	1098.0606393816925	9.209091802979874	10112.141233304781	8.752834820140229e-08
705.8964397049822	1	1	1	1	0	0	705.8964397049822	49.0	0	0.11322923622001214	0.8129252066355214	1.07675250042945	39822.00976607287	0.0	4767.546788211038	5768.4764563822155	1153.0869173872672	9.137232489348158	10536.023244593252	9.530502756746133e-08
723.4284862481575	1	1	1	1	0	0	723.4284862481575	50.0	0	0.11753344180349412	0.8065922617825233	1.0808512948114886	42903.88633900218	0.0	4948.776496989226	6010.116068086466	1208.9787131879682	9.064586866197237	10958.892565075692	9.656278840842848e-08
741.0759664193733	1	1	1	1	0	0	741.0759664193733	51.0	0	0.12178949532808313	0.8067713270307576	1.080285391254626	46099.54558047941	0.0	5127.978750656132	6249.052406309006	1265.6976244931193	8.988743390840572	11377.031156965139	1.0234520639515928e-07
758.8378438397727	1	1	1	1	0	0	758.8378438397727	52.0	0	0.12617144700686506	0.8066784037105925	1.0715822988059671	49424.528826376016	0.0	5312.481979236422	6495.056711082729	1323.203323503466	8.923449994862578	11807.53869031915	1.1293132975868974e-07
776.7130482321257	1	1	1	1	0	0	776.7130482321257	53.0	0	0.1306127740714128	0.7971677811266565	1.0815327130313497	52844.083605447566	0.0	5499.485224059486	6744.394370846811	1381.4535501986413	8.863041101270275	12243.879594906299	1.1836136603562827e-07
794.7004757379742	1	1	1	1	0	0	794.7004757379742	54.0	0	0.13504435160289285	0.7963804974686269	1.0727057566773404	56394.7787314912	0.0	5686.0779622270675	6993.184688403587	1440.404107834275	8.802573237377535	12679.262650630651	1.2414239773404795e-07
812.7989892447298	1	1	1	1	0	0	812.7989892447298	55.0	0	0.13943654385063398	0.8003866614097397	1.0703805222981777	60070.00955057912	0.0	5871.012372658272	7239.763902311862	1500.0088606939266	8.740465885584763	13110.776274970134	1.2577060850776724e-07
831.0074187226242	1	1	1	1	0	0	831.0074187226242	56.0	0	0.14395972161759596	0.7975861323621747	1.0721832761642676	63863.397261381426	0.0	6061.461962846145	7493.696689229024	1560.219734138354	8.687980516770692	13555.158652075172	1.3178382070511085e-07
849.3245615714155	1	1	1	1	0	0	849.3245615714155	57.0	0	0.14854211909839574	0.7955181464544402	1.0632028286830937	67780.65574629285	0.0	6254.405014669295	7750.954091659892	1620.9867169917886	8.640020895618559	14005.359106329188	1.4303703592310096e-07
867.7491829767432	1	1	1	1	0	0	867.7491829767432	58.0	0	0.15310934918542868	0.7858726152901794	1.0646690319095031	71789.81065955183	0.0	6446.709439386471	8007.359991282792	1682.2578663020272	8.592065295222834	14454.069430669266	1.5383726423314715e-07
886.2800162760308	1	1	1	1	0	0	886.2800162760308	59.0	0	0.1576284593008248	0.7840566649151632	1.06774415976022	75915.12103992574	0.0	6636.987760034728	8261.0644188138	1743.9793145080844	8.542562434607056	14898.052178848528	1.552223521712116e-07
