11.247441493196291	1	1	1	1	0	0	11.247441493196291	1.0	0	0.0			100.0	0.0	0.0	0.0	0.0		0.0	0.0
11.367595075476835	1	1	1	1	0	0	11.367595075476835	1.0	0	0.0			100.0	0.0	0.0	0.0	0.0		0.0	0.0
22.856168219862568	1	1	1	1	0	0	22.856168219862568	2.0	0	0.0			98.68366698886999	0.0	0.0	0.0	0.9714436926366636	0.0	0.0	0.0
34.4665080713728	1	1	1	1	0	0	34.4665080713728	3.0	0	0.00011257771665567784			93.56925873044621	0.0	4.740114385502225	3.1600762570014824	2.932515313022233	2.6939980867011464	7.900190642503707	0.0
46.1993671861199	1	1	1	1	0	0	46.1993671861199	4.0	0	0.00033581469321961526	0.6426960332344153	1.0268697350214084	84.74096204724611	0.0	14.139566030299589	9.426377353533061	5.901167065820748	3.993437759172312	23.56594338383265	9.399192542414704e-13
58.05546181511435	1	1	1	1	0	0	58.05546181511435	5.0	0	0.0006675093645202824	0.5980134611334246	1.0413414181488303	72.29083659645532	0.0	28.105657453485573	18.737104968990387	9.895080542697137	4.73394453136082	46.842762422475964	2.803863087254214e-12
70.03547169202406	1	1	1	1	0	0	70.03547169202406	6.0	0	0.0007952177084349142	0.6903189692622994	0.9866374338279486	67.16950623651297	0.0	33.48285088147008	22.321900587646716	11.364754767396185	4.910334856429323	55.804751469116795	5.573636710187199e-12
82.14003983175478	1	1	1	1	0	0	82.14003983175478	7.0	0	0.0009570640583912737	0.8526450722676261	1.040056027093005	80.35155031239756	0.0	40.29743403752732	26.86495602501821	13.18916024985204	5.092241567335493	67.16239006254553	9.070574061436716e-11
94.36977233991071	1	1	1	1	0	0	94.36977233991071	8.0	0	0.001111010555955043	0.7987345860592722	1.1219791242025516	92.87787549439196	0.0	46.779391829686034	31.186261219790694	14.912222444915258	5.2283053942815405	77.9656530494767	8.822568846725881e-11
106.72523823319248	1	1	1	1	0	0	106.72523823319248	9.0	0	0.001336989240367985	0.8835990880546175	1.0837913818873302	111.57171825769564	0.0	56.29428380496781	38.03355249405289	17.243881958674947	5.470220483130066	94.32783629902072	1.3399767077000321e-10
119.20696927078512	1	1	1	1	0	0	119.20696927078512	10.0	0	0.0015352654050334435	0.7846063543893911	1.1092383978558678	128.16295837911224	0.0	64.64275389614501	44.332399536571636	19.18780494639559	5.679396561365792	108.97515343271664	1.562012575369991e-10
131.81545979678634	1	1	1	1	0	0	131.81545979678634	11.0	0	0.0017615821726119235	0.8586850625506609	1.1239139101038522	147.2670900015363	0.0	74.17188095208101	51.758278334091905	21.33693071536341	5.90198098152413	125.93015928617292	2.0761059984697937e-10
144.55116659372186	1	1	1	1	0	0	144.55116659372186	12.0	0	0.002115391802156383	0.8399430223868641	1.1467062298278965	177.34857703327333	0.0	89.06912851184772	63.64514134879352	24.63430717263207	6.199251669245317	152.71426986064125	2.948514278234651e-10
157.41450874719058	1	1	1	1	0	0	157.41450874719058	13.0	0	0.0024549996722045856	0.793229837112908	1.1226224111900664	206.4029374952913	0.0	103.36840725071946	75.26393974852823	27.77059049604357	6.432428832390048	178.63234699924772	2.796013654608232e-10
170.4058675216809	1	1	1	1	0	0	170.4058675216809	14.0	0	0.0029378881739766183	0.8142970459840807	1.205752401100685	247.94902621626375	0.0	123.70055469375241	92.02587425456059	32.22259726795077	6.694880215719878	215.72642894831296	4.262180926047273e-10
183.52558624759342	1	1	1	1	0	0	183.52558624759342	15.0	0	0.0033992422000639253	0.8697227794784103	1.093020699956375	288.0809403894357	0.0	143.1259873711127	108.63979608022731	36.3151569380957	6.932801746678673	251.76578345133998	4.878376350715194e-10
196.77397021950497	1	1	1	1	0	0	196.77397021950497	16.0	0	0.004104013094821543	0.7891988182654445	1.2362632870011112	349.94950329560845	0.0	172.80055136090712	134.73958469914413	42.40936723555723	7.251703010607543	307.5401360600513	8.390514131842544e-10
210.1512866057031	1	1	1	1	0	0	210.1512866057031	17.0	0	0.004991528065687572	0.8368028469632383	1.1538000273513396	428.48147294530906	0.0	210.16960276579255	168.3451860065068	49.96668417300972	7.575343352016143	378.51478877229937	1.1025981541935858e-09
223.65776436901845	1	1	1	1	0	0	223.65776436901845	18.0	0	0.0060634789918450884	0.8448418444062246	1.131581350476343	524.0160208254151	0.0	255.30437860400374	209.68181705289825	59.02982516851321	7.87713997677445	464.986195656902	1.188918543498509e-09
237.29359419897813	1	1	1	1	0	0	237.29359419897813	19.0	0	0.007395839263735991	0.8620293099643807	1.1209139561246446	643.5561722484161	0.0	311.40375847309446	261.85920645346835	70.29320732185339	8.155310971965589	573.2629649265627	1.725180710353513e-09
251.0589284553002	1	1	1	1	0	0	251.0589284553002	20.0	0	0.00902602898365302	0.8697055562143933	1.1369173222889375	791.157697538143	0.0	380.0433256274957	327.3823731482529	83.73199876239451	8.448689977928316	707.4256987757484	2.1341944905982154e-09
264.95388112274634	1	1	1	1	0	0	264.95388112274634	21.0	0	0.010970472792040355	0.8323990891713391	1.1102311218647516	968.658920747976	0.0	461.91464387538355	407.2248506626177	99.51942620997463	8.733365209564374	869.1394945380013	3.214558021440804e-09
278.9785277773454	1	1	1	1	0	0	278.9785277773454	22.0	0	0.013340792050433538	0.8517867898870816	1.1181498074992249	1186.687113091018	0.0	561.7175600182543	506.33483993058195	118.63471314218162	9.002865785740083	1068.0523999488364	3.9345049776618514e-09
293.1329055639992	1	1	1	1	0	0	293.1329055639992	23.0	0	0.016214433148447234	0.8372614497444307	1.100845076837064	1452.941807947669	0.0	682.7129746714628	628.4051597897578	141.8236734864486	9.244705783103967	1311.1181344612205	4.689999330000536e-09
307.41701318547484	1	1	1	1	0	0	307.41701318547484	24.0	0	0.019434044052259226	0.8544362448090439	1.1171133161736737	1797.0487314910808	0.0	818.2755390424937	767.1218834406212	167.99613789774867	9.437106366386065	1585.397422483115	6.2062805748799976e-09
321.83081090278995	1	1	1	1	0	0	321.83081090278995	25.0	0	0.02284895750269689	0.8646026093887728	1.1168371821148997	2230.009862127756	0.0	962.061368534606	917.2543721260763	195.4266258729405	9.616477449099222	1879.3157406606824	8.29160064967938e-09
336.3742205469876	1	1	1	1	0	0	336.3742205469876	26.0	0	0.026432229312245537	0.8544410206553406	1.1065180971831758	2753.429062283328	0.0	1112.9359710419176	1077.6067284056096	224.11739874552097	9.774085866197415	2190.5426994475274	1.034263345867223e-08
351.0471255422998	1	1	1	1	0	0	351.0471255422998	27.0	0	0.030155251505056744	0.8459508576541769	1.1300430840536309	3373.007250412452	0.0	1269.6948002129154	1246.9057497384215	254.06950593671084	9.905165677687533	2516.600549951337	1.2055249966484736e-08
365.84937094069124	1	1	1	1	0	0	365.84937094069124	28.0	0	0.03398771566417462	0.8508733783242359	1.1221181541560388	4099.503864627746	0.0	1431.0617121757737	1423.7991796841827	285.28274296517367	10.007127883681584	2854.860891859956	1.4203604706576571e-08
380.78076346777357	1	1	1	1	0	0	380.78076346777357	29.0	0	0.037897577351629984	0.8549409923947989	1.108883400211107	4940.777263649886	0.0	1595.6874674370513	1606.8540084800375	317.75561003623903	10.078630792865779	3202.5414759170894	1.5164938043092702e-08
395.84107158007737	1	1	1	1	0	0	395.84107158007737	30.0	0	0.04194506361713811	0.8579860948024903	1.1140526420394774	5889.631556336377	0.0	1766.1079417742362	1799.8343740253854	351.4852712811167	10.145353467592653	3565.9423157996216	1.7510432350179714e-08
411.03002553366304	1	1	1	1	0	0	411.03002553366304	31.0	0	0.04609100599174423	0.845079070151875	1.1257389799216841	6954.462049651209	0.0	1940.6739364944933	2000.9415830409905	386.46751471713037	10.199086260640811	3941.6155195354854	2.206620955252026e-08
426.3473174640513	1	1	1	1	0	0	426.3473174640513	32.0	0	0.050294108815527656	0.8429119455730185	1.102946444500262	8135.472843398023	0.0	2117.646686969585	2208.275050219527	422.69671300042137	10.234103091274335	4325.921737189113	2.39409253651505e-08
441.79260147745117	1	1	1	1	0	0	441.79260147745117	33.0	0	0.054510912317265625	0.8598021077681297	1.1144726613397502	9456.12513195899	0.0	2295.1963080953947	2419.8304728378093	460.1657850428751	10.246365406097912	4715.026780933204	2.7174367117989523e-08
457.365493753255	1	1	1	1	0	0	457.365493753255	34.0	0	0.058695757385942085	0.853375446751482	1.1101557171887144	10896.622206457232	0.0	2471.4003109870355	2633.498085854114	498.8661585652013	10.233001997015485	5104.898396841149	2.9207179230029415e-08
473.0655726577729	1	1	1	1	0	0	473.0655726577729	35.0	0	0.06290281885326464	0.8417933942645094	1.1009703986316473	12444.458494273369	0.0	2648.539741190091	2852.791063811337	538.787733658154	10.21057173601482	5501.330805001428	3.295019096896277e-08
488.8923788691719	1	1	1	1	0	0	488.8923788691719	36.0	0	0.06707766668152278	0.8415480619687379	1.0997953132002956	14119.960700780439	0.0	2824.322807643065	3075.143894478702	579.9188474237993	10.172917690689387	5899.466702121767	3.845964335226857e-08
504.8454155135833	1	1	1	1	0	0	504.8454155135833	37.0	0	0.0711632586249735	0.8501568082070476	1.0977280482213927	15921.522162579826	0.0	2996.3477315778314	3297.863029107699	622.246239768539	10.115305418361112	6294.21076068553	3.950019840326036e-08
520.9241483123367	1	1	1	1	0	0	520.9241483123367	38.0	0	0.07509990702505036	0.8480098857601807	1.0885813572381646	17845.33524739143	0.0	3162.101348423173	3518.1251860244706	665.7550204192597	10.034061072856446	6680.226534447644	4.266088020055164e-08
537.1280057402779	1	1	1	1	0	0	537.1280057402779	39.0	0	0.07913722704657132	0.8373076905287401	1.1013592550124105	19873.779694267138	0.0	3332.093770381951	3744.781748636175	710.4286372335074	9.961416457782882	7076.875519018126	4.7970513415816415e-08
553.4563791951257	1	1	1	1	0	0	553.4563791951257	40.0	0	0.08325185154916823	0.8411134030788178	1.0944467788590857	22018.75839993131	0.0	3505.3411178597144	3975.7782119398603	756.2488458739892	9.892404293395938	7481.119329799574	5.68870581278473e-08
569.9086231778117	1	1	1	1	0	0	569.9086231778117	41.0	0	0.08739157111260745	0.8317954476559505	1.0888425687897807	24264.40586070465	0.0	3679.6450994782094	4208.183520764519	803.1956809169636	9.820556568777404	7887.828620242728	5.7917851472587274e-08
586.4840554837581	1	1	1	1	0	0	586.4840554837581	42.0	0	0.091501767012975	0.8322801512342426	1.0925758324107355	26641.58842988922	0.0	3852.7059794936854	4438.931360785154	851.2474284632057	9.740572556263805	8291.637340278838	6.155884259751754e-08
603.1819574050269	1	1	1	1	0	0	603.1819574050269	43.0	0	0.0955894023059434	0.8264092194123613	1.088159265906782	29132.457296229186	0.0	4024.816939197616	4668.4126403903965	900.3806003192308	9.655060955895562	8693.229579588013	6.553673632063323e-08
620.0015739432909	1	1	1	1	0	0	620.0015739432909	44.0	0	0.09977757150619254	0.8321744798852578	1.0828755214361006	31736.722467511234	0.0	4201.160905523897	4903.537928825436	950.5699098153087	9.578147530588604	9104.698834349332	7.162170890155505e-08
636.9421140335545	1	1	1	1	0	0	636.9421140335545	45.0	0	0.10400962432739842	0.8263858942747382	1.086981084662078	34452.11136267767	0.0	4379.352603258882	5141.126859138748	1001.7882493255223	9.503484862003036	9520.479462397629	7.638264107515239e-08
654.0027507785644	1	1	1	1	0	0	654.0027507785644	46.0	0	0.10822641755090157	0.8205190677716308	1.0805410271584115	37289.037592906185	0.0	4556.901791616908	5377.859110282784	1054.0066695537075	9.425709712165594	9934.760901899692	8.106267351943707e-08
671.1826216938364	1	1	1	1	0	0	671.1826216938364	47.0	0	0.11237201366122698	0.8237062368418347	1.0855133680462097	40252.83846961857	0.0	4731.453206788506	5610.594330511581	1107.1943606475572	9.340769701221566	10342.047537300086	9.049281478608218e-08
688.4808289632283	1	1	1	1	0	0	688.4808289632283	48.0	0	0.11663280440454972	0.8220710099563481	1.0717746936289858	43329.90252607475	0.0	4910.8549222968295	5849.796617856015	1161.3186352014902	9.265890698710658	10760.651540152845	9.636898596005645e-08
705.8964397049822	1	1	1	1	0	0	705.8964397049822	49.0	0	0.12094731773373595	0.8309041516080515	1.0763733764439622	46545.84657670948	0.0	5092.518641420461	6092.0149100208555	1216.344913207065	9.195199017975677	11184.533551441316	9.828297259606656e-08
723.4284862481575	1	1	1	1	0	0	723.4284862481575	50.0	0	0.12525152331721792	0.8147648217679316	1.0811936701660656	49857.990344712	0.0	5273.748350198649	6333.654521725105	1272.236709007766	9.123618890840305	11607.402871923754	1.0410938329136088e-07
741.0759664193733	1	1	1	1	0	0	741.0759664193733	51.0	0	0.12950757684180692	0.8117489090027976	1.0751138323312772	53276.774043035126	0.0	5452.9506038655545	6572.590859947645	1328.955620312917	9.048866102076195	12025.5414638132	1.0602298124077807e-07
758.8378438397727	1	1	1	1	0	0	758.8378438397727	52.0	0	0.13388952852058886	0.8177815645515127	1.0731843333460458	56823.33238612473	0.0	5637.4538324458445	6818.595164721367	1386.4613193232638	8.984058064632519	12456.048997167212	1.157436321060154e-07
776.7130482321257	1	1	1	1	0	0	776.7130482321257	53.0	0	0.1383308555851366	0.8094594181779335	1.0670667282895123	60483.01461669072	0.0	5824.4570772689085	7067.932824485451	1444.7115460184393	8.92385053423655	12892.389901754363	1.2942510592801538e-07
794.7004757379742	1	1	1	1	0	0	794.7004757379742	54.0	0	0.14276243311661665	0.8124375165675731	1.0695305930168513	64273.02677110916	0.0	6011.04981543649	7316.723142042227	1503.6621036540726	8.86354249740729	13327.772957478715	1.3293364627499574e-07
812.7989892447298	1	1	1	1	0	0	812.7989892447298	55.0	0	0.14715462536435778	0.7938768682997287	1.0698677037349558	68122.75323843863	0.0	6195.984225867695	7563.302355950501	1563.2668565137244	8.801623679595613	13759.286581818196	1.3270775051711268e-07
831.0074187226242	1	1	1	1	0	0	831.0074187226242	56.0	0	0.15167780313131973	0.7943054023749183	1.0683659655405822	72105.95055925756	0.0	6386.433816055566	7817.235142867664	1623.4777299581515	8.748915181786545	14203.668958923232	1.4295657141060598e-07
849.3245615714155	1	1	1	1	0	0	849.3245615714155	57.0	0	0.1562602006121196	0.7971611655066388	1.0597526855679436	76199.85673483314	0.0	6579.376867878718	8074.492545298532	1684.2447128115866	8.700558358122956	14653.869413177252	1.500645461900435e-07
867.7491829767432	1	1	1	1	0	0	867.7491829767432	58.0	0	0.16082743069915248	0.7973076561159749	1.0611666469640983	80427.73611247483	0.0	6771.681292595894	8330.898444921433	1745.515862121825	8.652215694653636	15102.579737517326	1.572919360920493e-07
886.2800162760308	1	1	1	1	0	0	886.2800162760308	59.0	0	0.16534654081454858	0.7908812083920594	1.0583811061177066	84764.21219458434	0.0	6961.95961324415	8584.60287245244	1807.2373103278821	8.602391283564206	15546.562485696591	1.5980530084026086e-07
