11.247441493196291	1	1	1	1	0	0	11.247441493196291	1.0	0	0.0			100.0	0.0	0.0	0.0	0.0		0.0	0.0
11.367595075476835	1	1	1	1	0	0	11.367595075476835	1.0	0	0.0			100.0	0.0	0.0	0.0	0.0		0.0	0.0
22.856168219862568	1	1	1	1	0	0	22.856168219862568	2.0	0	0.0			98.68366698886999	0.0	0.0	0.0	0.9714436926366636	0.0	0.0	0.0
34.4665080713728	1	1	1	1	0	0	34.4665080713728	3.0	0	0.00011257771665567784			93.56925873044621	0.0	4.740114385502225	3.1600762570014824	2.932515313022233	2.6939980867011464	7.900190642503707	0.0
46.1993671861199	1	1	1	1	0	0	46.1993671861199	4.0	0	0.00033581469321961526	0.4276010214323386	1.151927411963534	84.74096204724611	0.0	14.139566030299589	9.426377353533061	5.901167065820748	3.993437759172312	23.56594338383265	9.399192542414704e-13
58.05546181511435	1	1	1	1	0	0	58.05546181511435	5.0	0	0.0006675093645202824	0.5164533806482843	1.0892795899561354	72.29083659645532	0.0	28.105657453485573	18.737104968990387	9.895080542697137	4.73394453136082	46.842762422475964	2.803863087254214e-12
70.03547169202406	1	1	1	1	0	0	70.03547169202406	6.0	0	0.0007952177084349142	0.5550341619063601	0.9515586283947703	67.16950623651297	0.0	33.48285088147008	22.321900587646716	11.364754767396185	4.910334856429323	55.804751469116795	5.573636710187199e-12
82.14003983175478	1	1	1	1	0	0	82.14003983175478	7.0	0	0.0009447781351469734	0.7676109625801855	1.0748891283397943	79.35088775953203	0.0	39.78013200618836	26.520088004125576	13.050667749218093	5.080216681961442	66.30022001031394	8.437356578745349e-11
94.36977233991071	1	1	1	1	0	0	94.36977233991071	8.0	0	0.0010958510779868061	0.7923200195306908	1.1381790963828753	91.64339741814709	0.0	46.141098020497104	30.760732013664736	14.74156738398526	5.216665774475609	76.90183003416182	8.663537444047607e-11
106.72523823319248	1	1	1	1	0	0	106.72523823319248	9.0	0	0.0013293775842697655	0.9416678883663916	1.2057944139663097	110.96162559908467	0.0	55.97379302188487	37.83672687103046	17.151105706169332	5.469648517131539	93.81051989291531	1.3768759744377513e-10
119.20696927078512	1	1	1	1	0	0	119.20696927078512	10.0	0	0.001535491041138736	0.8356207299805999	1.2127815417852128	128.20867019941866	0.0	64.65225436373626	44.38454940135298	19.17186643432941	5.687333788735688	109.03680376508923	1.7958080602343188e-10
131.81545979678634	1	1	1	1	0	0	131.81545979678634	11.0	0	0.0017528991142063493	0.8125268428094431	1.1370290575983313	146.56079005382142	0.0	73.8062784928989	51.51811717662921	21.236394384293266	5.901397073423151	125.32439566952812	1.8873340864296944e-10
144.55116659372186	1	1	1	1	0	0	144.55116659372186	12.0	0	0.0020794414371124266	0.7599004325014528	1.1064265706562026	174.32396502579627	0.0	87.55542893104956	62.4888865869605	24.279649507786218	6.179838612163344	150.04431551801002	2.690325345737991e-10
157.41450874719058	1	1	1	1	0	0	157.41450874719058	13.0	0	0.0025437212380116287	0.8979066341863274	1.1133980196265263	214.04434220269943	0.0	107.10405212680546	78.37301025862672	28.56727981726728	6.492639956336409	185.4770623854322	3.6336119267491014e-10
170.4058675216809	1	1	1	1	0	0	170.4058675216809	14.0	0	0.0030960348587442	0.8371800515182906	1.090474081436945	261.5635326670642	0.0	130.35936247344	97.54481638682378	33.65935380680041	6.770901787610043	227.90417886026376	4.6153127730477153e-10
183.52558624759342	1	1	1	1	0	0	183.52558624759342	15.0	0	0.00377503629963549	0.852202911083468	1.138879080140856	320.6279951155886	0.0	158.94889682675742	121.99648738264194	39.682610906189254	7.079810974977473	280.94538420939944	6.124660115544138e-10
196.77397021950497	1	1	1	1	0	0	196.77397021950497	16.0	0	0.004586958837412539	0.8324391016852444	1.1033986985397484	391.90290299990835	0.0	193.13510894368585	152.06442402495097	46.70337003127159	7.391319571531959	345.1995329686368	9.972798480613085e-10
210.1512866057031	1	1	1	1	0	0	210.1512866057031	17.0	0	0.005580577655538406	0.8375949968105633	1.153013127160156	479.82349637569155	0.0	234.97169075951192	189.68762920970192	55.16417640647768	7.698099520966437	424.6593199692138	1.2144147643392921e-09
223.65776436901845	1	1	1	1	0	0	223.65776436901845	18.0	0	0.006738967086388588	0.7899333203733684	1.125529228816762	583.0616277536419	0.0	283.74598258478267	234.3575066664401	64.95813850241929	7.9759596133119866	518.1034892512229	1.3990008804106805e-09
237.29359419897813	1	1	1	1	0	0	237.29359419897813	19.0	0	0.008191681435897514	0.8306550363002723	1.1329802789469396	713.4000181862881	0.0	344.91290256410576	291.24815696671385	77.23895865546856	8.236271832307763	636.1610595308197	1.8382527912102196e-09
251.0589284553002	1	1	1	1	0	0	251.0589284553002	20.0	0	0.00992490877371225	0.8136872337886168	1.1183795655849456	870.3308315816325	0.0	417.8908957352525	360.9127747643117	91.52716108206836	8.50898969543309	778.8036704995642	2.4977741707349242e-09
264.95388112274634	1	1	1	1	0	0	264.95388112274634	21.0	0	0.01206891699940835	0.8391353548738949	1.1516625252401844	1066.049566672584	0.0	508.16492629087793	448.94973824577545	108.93490213593046	8.786115797325937	957.1146645366534	3.2032977073732423e-09
278.9785277773454	1	1	1	1	0	0	278.9785277773454	22.0	0	0.014669386641434832	0.8360831317214654	1.1307583271526354	1305.2475959196393	0.0	617.6583849025192	557.682989009483	129.906222007637	9.047614161567301	1175.3413739120022	4.182185046296409e-09
293.1329055639992	1	1	1	1	0	0	293.1329055639992	23.0	0	0.017757279277511126	0.8432116413227573	1.1263768061768458	1604.6218897859628	0.0	747.6749169478369	688.8545685213343	154.82409360086476	9.278462105339576	1436.529485469171	5.417071238254565e-09
307.41701318547484	1	1	1	1	0	0	307.41701318547484	24.0	0	0.020976890181323118	0.8216434802805856	1.1294214100537885	1980.5899206385975	0.0	883.2374813188679	827.5712921721974	180.99655801216485	9.452161921090683	1710.8087734910653	6.499200580110928e-09
321.83081090278995	1	1	1	1	0	0	321.83081090278995	25.0	0	0.024391803631760783	0.8604629700240964	1.1137832771936589	2459.9426578218845	0.0	1027.0233108109803	977.7037808576528	208.42704598735668	9.618363500628616	2004.7270916686332	7.677145212351047e-09
336.3742205469876	1	1	1	1	0	0	336.3742205469876	26.0	0	0.027975075441309432	0.8494930282180999	1.1316261661206757	3023.5565557318573	0.0	1177.897913318292	1138.0561371371855	237.11781885993716	9.76710253826806	2315.954050455478	1.0026793947078888e-08
351.0471255422998	1	1	1	1	0	0	351.0471255422998	27.0	0	0.03169809763412063	0.8612438173394648	1.1452621207349254	3693.3513126853773	0.0	1334.65674248929	1307.355158469998	267.069926051127	9.892584837326496	2642.011900959288	1.1157526652711664e-08
365.84937094069124	1	1	1	1	0	0	365.84937094069124	28.0	0	0.03553056179323851	0.8493962521745945	1.1180821296250172	4464.040677939991	0.0	1496.023654452148	1484.248588415759	298.28316307958994	9.99141960309939	2980.272242867907	1.3774426862060248e-08
380.78076346777357	1	1	1	1	0	0	380.78076346777357	29.0	0	0.03944042348069388	0.8609917085253681	1.1261603872086985	5358.988788867522	0.0	1660.6494097134262	1667.303417211614	330.75603015065525	10.06165428158392	3327.9528269250404	1.6602996783366422e-08
395.84107158007737	1	1	1	1	0	0	395.84107158007737	30.0	0	0.04348790974620201	0.864677245107912	1.1262260858918929	6374.857062697153	0.0	1831.0698840506107	1860.283782756962	364.48569139553285	10.127568115703575	3691.353666807573	1.875147656434037e-08
411.03002553366304	1	1	1	1	0	0	411.03002553366304	31.0	0	0.047633852120808125	0.8597556242358876	1.0963316790757374	7496.516738760145	0.0	2005.635878770868	2061.3909917725673	399.46793483154664	10.181109710992144	4067.026870543435	2.1197769149408368e-08
426.3473174640513	1	1	1	1	0	0	426.3473174640513	32.0	0	0.05183695494459155	0.8604469237622543	1.1080120525306023	8745.851963265737	0.0	2182.60862924596	2268.724458951104	435.69713311483764	10.216576492881847	4451.333088197063	2.6267852478756925e-08
441.79260147745117	1	1	1	1	0	0	441.79260147745117	33.0	0	0.05605375844632952	0.8574853360110481	1.1101925513324302	10107.251220869239	0.0	2360.158250371769	2480.279881569385	473.1662051572912	10.229889791753159	4840.438131941155	2.765373341997177e-08
457.365493753255	1	1	1	1	0	0	457.365493753255	34.0	0	0.06023860351500599	0.8694651966675697	1.112475563080992	11603.834036881875	0.0	2536.36225326341	2693.947494585691	511.8665786796176	10.218111448770332	5230.309747849101	2.9622847108678682e-08
473.0655726577729	1	1	1	1	0	0	473.0655726577729	35.0	0	0.06444566498232854	0.8682792078347799	1.1094177480817575	13229.639472239352	0.0	2713.5016834664652	2913.2404725429133	551.7881537725702	10.19728697968486	5626.742156009377	3.3578932808144815e-08
488.8923788691719	1	1	1	1	0	0	488.8923788691719	36.0	0	0.06862051281058666	0.8630388884325099	1.108433246613572	14983.928513955052	0.0	2889.2847499194386	3135.5933032102776	592.9192675382154	10.161380111907723	6024.878053129715	4.232919634954933e-08
504.8454155135833	1	1	1	1	0	0	504.8454155135833	37.0	0	0.07270610475403738	0.8562247616552485	1.1097946464962158	16848.230607913218	0.0	3061.309673854205	3358.3124378392754	635.2466598829552	10.10571564890448	6419.622111693481	4.1538975133609946e-08
520.9241483123367	1	1	1	1	0	0	520.9241483123367	38.0	0	0.07664275315411426	0.8522212220179982	1.0969779527959067	18837.418446681022	0.0	3227.063290699547	3578.5745947560467	678.7554405336758	10.02664211443317	6805.637885455594	4.473409749380458e-08
537.1280057402779	1	1	1	1	0	0	537.1280057402779	39.0	0	0.08068007317563522	0.8564449498816672	1.1013842073070308	20936.151785020644	0.0	3397.0557126583253	3805.2311573677507	723.4290573479234	9.95576110314053	7202.286870026075	4.831903744990776e-08
553.4563791951257	1	1	1	1	0	0	553.4563791951257	40.0	0	0.08479469767823213	0.8516422317059972	1.0937055038469237	23142.67555932805	0.0	3570.3030601360897	4036.227620671437	769.2492659884053	9.888252114266141	7606.530680807527	5.6791758874896327e-08
569.9086231778117	1	1	1	1	0	0	569.9086231778117	41.0	0	0.08893441724167138	0.8475717084454261	1.093622116443712	25466.751232592447	0.0	3744.607041754584	4268.632929496095	816.1961010313797	9.81778761393838	8013.239971250678	6.05334463598237e-08
586.4840554837581	1	1	1	1	0	0	586.4840554837581	42.0	0	0.0930446131420389	0.8347459143257387	1.092340834460206	27898.617287360426	0.0	3917.6679217700594	4499.380769516729	864.2478485776219	9.739160710830301	8417.048691286791	6.201019504591652e-08
603.1819574050269	1	1	1	1	0	0	603.1819574050269	43.0	0	0.09713224843500727	0.8484864645320687	1.0984645646334743	30464.19040922074	0.0	4089.778881473991	4728.862049121972	913.3810204336467	9.654942169051342	8818.640930595962	7.006599123072466e-08
620.0015739432909	1	1	1	1	0	0	620.0015739432909	44.0	0	0.10132041763525644	0.8417318487143957	1.0924850648545914	33137.05438828811	0.0	4266.122847800271	4963.987337557013	963.5703299297251	9.579072641257492	9230.110185357284	7.036494771606356e-08
636.9421140335545	1	1	1	1	0	0	636.9421140335545	45.0	0	0.10555247045646232	0.8324094125528932	1.099402836701686	35917.935361923664	0.0	4444.314545535256	5201.576267870325	1014.7886694399386	9.505319781239915	9645.890813405582	7.784553436573068e-08
654.0027507785644	1	1	1	1	0	0	654.0027507785644	46.0	0	0.10976926367996544	0.8346436545710497	1.092867035103929	38822.060793490964	0.0	4621.863733893282	5438.30851901436	1067.0070896681236	9.428402444857896	10060.172252907643	7.94163731606537e-08
671.1826216938364	1	1	1	1	0	0	671.1826216938364	47.0	0	0.1139148597902909	0.8319214089275879	1.0794125803934609	41837.17525464719	0.0	4796.41514906488	5671.043739243158	1120.1947807619733	9.3443203522051	10467.458888308038	9.259446058846435e-08
688.4808289632283	1	1	1	1	0	0	688.4808289632283	48.0	0	0.11817565053361362	0.8272772260758955	1.0857569031113483	44967.59368970263	0.0	4975.816864573205	5910.246026587592	1174.3190553159066	9.270106656178127	10886.062891160796	8.994649360841035e-08
705.8964397049822	1	1	1	1	0	0	705.8964397049822	49.0	0	0.12249016386279984	0.8313300605749115	1.0805105946069258	48227.28214749042	0.0	5157.480583696834	6152.464318752432	1229.3453333214813	9.199973836392843	11309.944902449268	1.0075777938178292e-07
723.4284862481575	1	1	1	1	0	0	723.4284862481575	50.0	0	0.1267943694462818	0.8216627463644791	1.0813359467252734	51597.34146820456	0.0	5338.710292475023	6394.103930456683	1285.237129122182	9.12891011088765	11732.814222931704	1.0841903503767765e-07
741.0759664193733	1	1	1	1	0	0	741.0759664193733	51.0	0	0.1310504229708708	0.8188182066480638	1.0791580472014577	55066.265056414784	0.0	5517.912546141927	6633.040268679222	1341.9560404273332	9.054657864166543	12150.95281482115	1.0743143996205063e-07
758.8378438397727	1	1	1	1	0	0	758.8378438397727	52.0	0	0.13543237464965271	0.8237816504148177	1.080842256633861	58665.394899362174	0.0	5702.415774722221	6879.044573452944	1399.46173943768	8.990213875536563	12581.460348175164	1.1976161743533303e-07
776.7130482321257	1	1	1	1	0	0	776.7130482321257	53.0	0	0.13987370171420047	0.8121709052696003	1.0740657956785886	62359.15778667521	0.0	5889.419019545285	7128.3822332170275	1457.7119661328554	8.930297311955984	13017.801252762312	1.268648910018364e-07
794.7004757379742	1	1	1	1	0	0	794.7004757379742	54.0	0	0.1443052792456805	0.8032004385710613	1.0636673256944629	66153.17190534613	0.0	6076.011757712864	7377.172550773803	1516.6625237684889	8.870255642012706	13453.184308486667	1.3523418920164845e-07
812.7989892447298	1	1	1	1	0	0	812.7989892447298	55.0	0	0.14869747149342166	0.8001022197165775	1.0734021349255385	70058.20114431923	0.0	6260.94616814407	7623.751764682078	1576.267276628141	8.808593655847178	13884.697932826148	1.3936345322986415e-07
831.0074187226242	1	1	1	1	0	0	831.0074187226242	56.0	0	0.15322064926038362	0.796713103302582	1.0685754760187842	74067.2275381188	0.0	6451.3957583319425	7877.684551599241	1636.4781500725678	8.756047435950046	14329.080309931182	1.412181600752276e-07
849.3245615714155	1	1	1	1	0	0	849.3245615714155	57.0	0	0.15780304674118348	0.7878133169094491	1.067276676914848	78181.10111187492	0.0	6644.338810155093	8134.941954030108	1697.2451329260027	8.707805653686654	14779.2807641852	1.5920947417915944e-07
867.7491829767432	1	1	1	1	0	0	867.7491829767432	58.0	0	0.16237027682821634	0.7886709421296391	1.0598109522059158	82404.36773937868	0.0	6836.6432348722665	8391.347853653007	1758.516282236241	8.659567865450978	15227.991088525276	1.6471979259951573e-07
886.2800162760308	1	1	1	1	0	0	886.2800162760308	59.0	0	0.16688938694361247	0.7868980447226059	1.0519397640143722	86755.01824663357	0.0	7026.921555520526	8645.052281184016	1820.2377304422985	8.609850007282523	15671.973836704543	1.6994475191189532e-07
