11.247441493196291	1	1	1	1	0	0	11.247441493196291	1.0	0	0.0			100.0	0.0	0.0	0.0	0.0		0.0	0.0
11.367595075476835	1	1	1	1	0	0	11.367595075476835	1.0	0	0.0			100.0	0.0	0.0	0.0	0.0		0.0	0.0
22.856168219862568	1	1	1	1	0	0	22.856168219862568	2.0	0	0.0			98.68366698886999	0.0	0.0	0.0	0.9714436926366636	0.0	0.0	0.0
34.4665080713728	1	1	1	1	0	0	34.4665080713728	3.0	0	0.00011257771665567784			93.56925873044621	0.0	4.740114385502225	3.1600762570014824	2.932515313022233	2.6939980867011464	7.900190642503707	0.0
46.1993671861199	1	1	1	1	0	0	46.1993671861199	4.0	0	0.00033581469321961526	0.4199417195880114	0.9319248459559004	84.74096204724611	0.0	14.139566030299589	9.426377353533061	5.901167065820748	3.993437759172312	23.56594338383265	9.399192542414704e-13
58.05546181511435	1	1	1	1	0	0	58.05546181511435	5.0	0	0.0006675093645202824	0.4551075604365936	0.94474455802761	72.29083659645532	0.0	28.105657453485573	18.737104968990387	9.895080542697137	4.73394453136082	46.842762422475964	2.803863087254214e-12
70.03547169202406	1	1	1	1	0	0	70.03547169202406	6.0	0	0.0007952177084349142	0.5995611831275326	1.0688060100533765	67.16950623651297	0.0	33.48285088147008	22.321900587646716	11.364754767396185	4.910334856429323	55.804751469116795	5.573636710187199e-12
82.14003983175478	1	1	1	1	0	0	82.14003983175478	7.0	0	0.0009338741103884725	0.7010657271316402	1.079042286157381	78.46277792566889	0.0	39.32101517425147	26.21401011616765	12.927752635249766	5.069328532147691	65.53502529041913	7.875611593053305e-11
94.36977233991071	1	1	1	1	0	0	94.36977233991071	8.0	0	0.0010968193895630046	0.8926398158385185	1.1345135659362071	91.72131635370658	0.0	46.181869034231774	30.787912689487854	14.751534629986976	5.217747417767312	76.96978172371962	9.262196647523452e-11
106.72523823319248	1	1	1	1	0	0	106.72523823319248	9.0	0	0.0013019109258638915	0.7885198112736012	1.1161778741131092	108.68729233349062	0.0	54.81730214163753	37.002310700460896	16.86767949139217	5.443523686168889	91.81961284209845	1.22954467197576e-10
119.20696927078512	1	1	1	1	0	0	119.20696927078512	10.0	0	0.001507384284003189	0.8534096658064184	1.1260842634613941	125.8807751164305	0.0	63.46881195802902	43.529798542561466	18.88216461584001	5.6666495964573205	106.99861050059047	1.684165667971859e-10
131.81545979678634	1	1	1	1	0	0	131.81545979678634	11.0	0	0.0017245428170280278	0.8336534089855846	1.1309883094236144	144.21183048730762	0.0	72.61232913802223	50.65517843970301	20.944322909582397	5.885485442039674	123.26750757772524	1.7715913948007144e-10
144.55116659372186	1	1	1	1	0	0	144.55116659372186	12.0	0	0.0020534422871248807	0.7830130568707029	1.1987605097707459	172.1754140596434	0.0	86.46072787894235	61.70514039716286	24.009545783538183	6.171123336189605	148.1658682761052	2.7530114077789107e-10
157.41450874719058	1	1	1	1	0	0	157.41450874719058	13.0	0	0.002392389466545501	0.8170468199450921	1.1691481716145704	201.1732506735981	0.0	100.7321880650737	73.30133498855416	27.139727619970213	6.412500725525661	174.03352305362785	2.976004856772491e-10
170.4058675216809	1	1	1	1	0	0	170.4058675216809	14.0	0	0.002881616297677229	0.8583479848373086	1.1670083014023669	243.26466775288588	0.0	121.33121253377807	90.28328438666829	31.650170832439567	6.6860459629353395	211.61449692044638	4.226120966462763e-10
183.52558624759342	1	1	1	1	0	0	183.52558624759342	15.0	0	0.003318058801181269	0.8252035513772465	1.1504856348077537	281.22959729017316	0.0	139.70773899710605	106.00011186536072	35.52174642770641	6.917110659593541	245.7078508624668	4.938782543845468e-10
196.77397021950497	1	1	1	1	0	0	196.77397021950497	16.0	0	0.003803076160028637	0.8357344918299326	1.1545995889615923	323.8070181224483	0.0	160.12952252752154	123.96176527157185	39.7157303233549	7.15311755533885	284.09128779909344	6.515925042297264e-10
210.1512866057031	1	1	1	1	0	0	210.1512866057031	17.0	0	0.004577340912259232	0.8211020780786554	1.1240032047209134	392.31801570446487	0.0	192.7301436740729	153.27916658190202	46.30870544848999	7.471798377971228	346.00931025597487	9.212392589657301e-10
223.65776436901845	1	1	1	1	0	0	223.65776436901845	18.0	0	0.005394076374189042	0.7928799090326449	1.1355122946679517	465.1072182594786	0.0	227.1190052290123	184.7741647468979	53.21404828356846	7.740308870714038	411.8931699759102	9.811810079487007e-10
237.29359419897813	1	1	1	1	0	0	237.29359419897813	19.0	0	0.006162132754811722	0.8295388862862226	1.0990226936919465	534.0176908831738	0.0	259.4582212552304	214.85249843697918	59.70697119096428	7.943975556475543	474.3107196922096	1.1270968575389845e-09
251.0589284553002	1	1	1	1	0	0	251.0589284553002	20.0	0	0.0075217978048320545	0.8668556371735959	1.1580178233450695	657.1252242053374	0.0	316.7072759929286	269.50230921243264	70.91563899997621	8.266294902955861	586.2095852053612	1.6835630819048472e-09
264.95388112274634	1	1	1	1	0	0	264.95388112274634	21.0	0	0.00848771474845769	0.8210938954112458	1.1154185654617967	745.300278826664	0.0	357.37746309295545	309.16465456770214	78.75816116600649	8.463149822095513	666.5421176606577	1.697897858114957e-09
278.9785277773454	1	1	1	1	0	0	278.9785277773454	22.0	0	0.010017216808174672	0.8591563816818671	1.1210125243298228	885.9878963635153	0.0	421.77754981788104	373.11761456965553	91.09273197597878	8.726219393630123	794.8951643875365	2.3461283421278184e-09
293.1329055639992	1	1	1	1	0	0	293.1329055639992	23.0	0	0.011725599166245571	0.8103840395685481	1.1055610455724252	1044.2765649662374	0.0	493.70943857876085	445.6885354949009	104.87859089257564	8.957004151932805	939.3979740736618	2.941423311766453e-09
307.41701318547484	1	1	1	1	0	0	307.41701318547484	24.0	0	0.014226432238936066	0.8217166436507176	1.150407985144232	1277.6524919588824	0.0	599.0076732183608	553.436763652102	125.20805508841944	9.204235590566672	1152.4444368704626	4.214585612842e-09
321.83081090278995	1	1	1	1	0	0	321.83081090278995	25.0	0	0.0164765410798863	0.8637016630963134	1.1107058449384608	1489.3913252404275	0.0	693.7490981004761	652.3600438487667	143.28218329118485	9.394811769538826	1346.1091419492427	3.897152177917809e-09
336.3742205469876	1	1	1	1	0	0	336.3742205469876	26.0	0	0.019645350135094854	0.8667142780987399	1.1195974917029918	1789.9921290192553	0.0	827.1726372671518	794.1650828214081	168.65440893069518	9.613372875148569	1621.3377200885598	6.196950517547811e-09
351.0471255422998	1	1	1	1	0	0	351.0471255422998	27.0	0	0.02312764608629941	0.835807014329104	1.1006490166142415	2122.982901049464	0.0	973.7956246862907	952.5174283079614	196.66984805521145	9.794653690145095	1926.3130529942525	7.627619472650638e-09
365.84937094069124	1	1	1	1	0	0	365.84937094069124	28.0	0	0.026687518475333225	0.8430011665507438	1.130370013580351	2466.176923883682	0.0	1123.6849884350834	1116.8289550230204	225.6629804255787	9.928584383813018	2240.5139434581038	8.000332545266252e-09
380.78076346777357	1	1	1	1	0	0	380.78076346777357	29.0	0	0.03059738016278858	0.8503954855696573	1.1145163957637838	2957.790913023325	0.0	1288.3107436963614	1299.8837838188754	258.135847496644	10.026482383656091	2588.194527515237	1.0677311405966e-08
395.84107158007737	1	1	1	1	0	0	395.84107158007737	30.0	0	0.03464486642829672	0.8540419264431511	1.1038471692055185	3556.226658180624	0.0	1458.7312180335462	1492.8641493642224	291.8655087415216	10.112861160349457	2951.5953673977688	1.285092642642259e-08
411.03002553366304	1	1	1	1	0	0	411.03002553366304	31.0	0	0.03879080880290284	0.8359844846887975	1.0972858227514355	4412.292291897	0.0	1633.2972127538035	1693.971358379828	326.8477521775353	10.179872888727546	3327.268571133632	1.8781064505024623e-08
426.3473174640513	1	1	1	1	0	0	426.3473174640513	32.0	0	0.04299391162668626	0.8493544100026835	1.0908784685513973	5397.712710436586	0.0	1810.2699632288952	1901.3048255583649	363.07695046082637	10.222556909978554	3711.5747887872603	2.1573882526049733e-08
441.79260147745117	1	1	1	1	0	0	441.79260147745117	33.0	0	0.047210715128424216	0.846803025673158	1.0937719052096564	6506.6903245595095	0.0	1987.819584354704	2112.8602481766466	400.54602250328	10.237724511414342	4100.67983253135	2.4710214829315228e-08
457.365493753255	1	1	1	1	0	0	457.365493753255	34.0	0	0.05139556019710069	0.8444322406696776	1.1051187530375852	7735.704380005354	0.0	2164.023587246345	2326.527861192952	439.2463960256063	10.223308578216578	4490.551448439297	2.7898782019104825e-08
473.0655726577729	1	1	1	1	0	0	473.0655726577729	35.0	0	0.05560262166442324	0.8498039001657954	1.106936893121531	9099.425079406248	0.0	2341.1630174494	2545.820839150174	479.1679711185589	10.198895066361613	4886.983856599574	3.1601312948954046e-08
488.8923788691719	1	1	1	1	0	0	488.8923788691719	36.0	0	0.059777469492681375	0.8428732561310464	1.0990528784532376	10580.241595846666	0.0	2516.946083902374	2768.173669817539	520.2990848842041	10.157849412508863	5285.119753719912	3.360131892852011e-08
504.8454155135833	1	1	1	1	0	0	504.8454155135833	37.0	0	0.06386306143613209	0.8426603031688478	1.1028146022895071	12185.013500727675	0.0	2688.9710078371404	2990.892804446536	562.6264772289438	10.09526576185718	5679.8638122836755	3.8721596731923365e-08
520.9241483123367	1	1	1	1	0	0	520.9241483123367	38.0	0	0.06779970983620895	0.8400504106708263	1.0948440713915084	13908.727563358088	0.0	2854.7246246824825	3211.1549613633088	606.1352578796648	10.007468642007362	6065.879586045791	3.942247670099485e-08
537.1280057402779	1	1	1	1	0	0	537.1280057402779	39.0	0	0.07183702985772993	0.8292634958385884	1.0979065856175203	15738.645085762551	0.0	3024.7170466412604	3437.8115239750123	650.8088746939122	9.929994537421942	6462.528570616272	4.372798349810213e-08
553.4563791951257	1	1	1	1	0	0	553.4563791951257	40.0	0	0.07595165436032683	0.8274016250115789	1.0845004351577818	17682.351842252458	0.0	3197.9643941190247	3668.8079872786975	696.6290833343942	9.85714284067803	6866.772381397724	4.8217875236231446e-08
569.9086231778117	1	1	1	1	0	0	569.9086231778117	41.0	0	0.08009137392376607	0.8398218469863928	1.0916388052684307	19751.06876721375	0.0	3372.268375737519	3901.213296103357	743.5759183773686	9.781760667711065	7273.4816718408765	5.2101722658123473e-08
586.4840554837581	1	1	1	1	0	0	586.4840554837581	42.0	0	0.0842015698241336	0.8366911749503217	1.095414841196115	21933.33658067145	0.0	3545.329255752994	4131.9611361239895	791.6276659236107	9.69810773720207	7677.290391876983	5.5934180883340036e-08
603.1819574050269	1	1	1	1	0	0	603.1819574050269	43.0	0	0.08828920511710199	0.8405915999429423	1.0920420875563166	24250.704238866587	0.0	3717.440215456926	4361.442415729232	840.7608377796357	9.60901396468664	8078.8826311861585	6.223153540217812e-08
620.0015739432909	1	1	1	1	0	0	620.0015739432909	44.0	0	0.09247737431735116	0.8278250969497398	1.088678286376803	26672.21696271344	0.0	3893.784181783207	4596.567704164274	890.9501472757138	9.529547654163023	8490.351885947479	6.246584770104634e-08
636.9421140335545	1	1	1	1	0	0	636.9421140335545	45.0	0	0.096709427138557	0.8182794754658925	1.0871453913509403	29197.31830776809	0.0	4071.975879518191	4834.156634477586	942.1684867859276	9.452802379729096	8906.132513995777	7.014752310504608e-08
654.0027507785644	1	1	1	1	0	0	654.0027507785644	46.0	0	0.10092622036206016	0.8223374515163521	1.077051722200998	31849.74639939649	0.0	4249.525067876219	5070.888885621621	994.3869070141126	9.373025617849935	9320.41395349784	7.731505608549419e-08
671.1826216938364	1	1	1	1	0	0	671.1826216938364	47.0	0	0.1050718164723856	0.8233261475560038	1.088878339007366	34616.37572876064	0.0	4424.076483047815	5303.624105850418	1047.5745981079622	9.285926373613446	9727.700588898233	7.696218198443828e-08
688.4808289632283	1	1	1	1	0	0	688.4808289632283	48.0	0	0.10933260721570832	0.8249061199757324	1.0750845680016303	37504.08658154938	0.0	4603.47819855614	5542.826393194851	1101.6988726618954	9.209689547231507	10146.304591750992	8.337231677634438e-08
705.8964397049822	1	1	1	1	0	0	705.8964397049822	49.0	0	0.11364712054489455	0.8151139397581119	1.0778656535685165	40499.25575636692	0.0	4785.141917679771	5785.044685359693	1156.72515066747	9.138027816668552	10570.186603039465	9.471148489542992e-08
723.4284862481575	1	1	1	1	0	0	723.4284862481575	50.0	0	0.11795132612837653	0.8078181189094211	1.0839005192897602	43614.82961190453	0.0	4966.371626457959	6026.6842970639445	1212.616946468171	9.065563495166321	10993.055923521904	9.755200377162404e-08
741.0759664193733	1	1	1	1	0	0	741.0759664193733	51.0	0	0.1222073796529655	0.8097274026582708	1.0803663429242285	46848.610738755655	0.0	5145.5738801248635	6265.620635286483	1269.335857773322	8.989893766515777	11411.194515411345	1.0495766390644195e-07
758.8378438397727	1	1	1	1	0	0	758.8378438397727	52.0	0	0.12658933133174746	0.8140908636973497	1.0742899068791385	50186.27924314166	0.0	5330.0771087051535	6511.624940060206	1326.841556783669	8.924729549073101	11841.702048765359	1.1186609993861945e-07
776.7130482321257	1	1	1	1	0	0	776.7130482321257	53.0	0	0.1310306583962952	0.8092936892211642	1.076616098809971	53642.209778940174	0.0	5517.0803535282175	6760.962599824289	1385.0917834788447	8.86442552024571	12278.04295335251	1.1619395320775282e-07
794.7004757379742	1	1	1	1	0	0	794.7004757379742	54.0	0	0.13546223592777526	0.8055276157298872	1.0690013888504697	57206.53152103631	0.0	5703.6730916957995	7009.752917381064	1444.0423411144775	8.80405348728552	12713.426009076862	1.1876806146095474e-07
812.7989892447298	1	1	1	1	0	0	812.7989892447298	55.0	0	0.13985442817551638	0.7943351226135045	1.0726797062533135	60884.390088312946	0.0	5888.607502127004	7256.3321312893395	1503.6470939741296	8.742037733517877	13144.939633416345	1.332657350391207e-07
831.0074187226242	1	1	1	1	0	0	831.0074187226242	56.0	0	0.14437760594247834	0.7894405280732477	1.0727818380289031	64659.65249125133	0.0	6079.057092314877	7510.2649182065015	1563.8579674185569	8.689613950653795	13589.322010521379	1.3731759733118086e-07
849.3245615714155	1	1	1	1	0	0	849.3245615714155	57.0	0	0.14896000342327814	0.7838225542819444	1.0684372804297129	68553.53701765105	0.0	6272.000144138028	7767.522320637369	1624.6249502719916	8.641700635229643	14039.522464775395	1.4718725509237207e-07
867.7491829767432	1	1	1	1	0	0	867.7491829767432	58.0	0	0.15352723351031106	0.7863341592965225	1.0685227429779964	72562.71144240204	0.0	6464.304568855203	8023.928220260269	1685.8960995822301	8.593787477594674	14488.232789115471	1.552011183076214e-07
886.2800162760308	1	1	1	1	0	0	886.2800162760308	59.0	0	0.15804634362570716	0.7879539545625764	1.0606709415226792	76694.42327729968	0.0	6654.582889503459	8277.632647791277	1747.617547788287	8.544326850112219	14932.215537294736	1.54996064469189e-07
