11.247441493196291	1	1	1	1	0	0	11.247441493196291	1.0	0	0.0			100.0	0.0	0.0	0.0	0.0		0.0	0.0
11.367595075476835	1	1	1	1	0	0	11.367595075476835	1.0	0	0.0			100.0	0.0	0.0	0.0	0.0		0.0	0.0
22.856168219862568	1	1	1	1	0	0	22.856168219862568	2.0	0	0.0			98.68366698886999	0.0	0.0	0.0	0.9714436926366636	0.0	0.0	0.0
34.4665080713728	1	1	1	1	0	0	34.4665080713728	3.0	0	0.00011257771665567784			93.56925873044621	0.0	4.740114385502225	3.1600762570014824	2.932515313022233	2.6939980867011464	7.900190642503707	0.0
46.1993671861199	1	1	1	1	0	0	46.1993671861199	4.0	0	0.00033581469321961526	0.40179817408041024	1.3968267974492796	84.74096204724611	0.0	14.139566030299589	9.426377353533061	5.901167065820748	3.993437759172312	23.56594338383265	9.399192542414704e-13
58.05546181511435	1	1	1	1	0	0	58.05546181511435	5.0	0	0.0006675093645202824	0.4405263446380881	0.9751178574468636	72.29083659645532	0.0	28.105657453485573	18.737104968990387	9.895080542697137	4.73394453136082	46.842762422475964	2.803863087254214e-12
70.03547169202406	1	1	1	1	0	0	70.03547169202406	6.0	0	0.0007952177084349142	0.6861888933659559	1.031758501414456	67.16950623651297	0.0	33.48285088147008	22.321900587646716	11.364754767396185	4.910334856429323	55.804751469116795	5.573636710187199e-12
82.14003983175478	1	1	1	1	0	0	82.14003983175478	7.0	0	0.0009503590584665807	0.8069342908146919	1.043240719035629	79.80544220084646	0.0	40.01511825122445	26.676745500816306	13.113578448805713	5.0857105108571306	66.69186375204075	8.725010880888534e-11
94.36977233991071	1	1	1	1	0	0	94.36977233991071	8.0	0	0.0010983658889066655	0.7672217581151053	1.0566416537614876	91.8484682949012	0.0	46.24698479607014	30.83132319738009	14.770160301450998	5.218515332286418	77.07830799345021	8.51164901921882e-11
106.72523823319248	1	1	1	1	0	0	106.72523823319248	9.0	0	0.0013136109795326694	0.8402142088492605	1.0957852839144555	109.65438609723141	0.0	55.309935980322926	37.35338006615086	16.991070050757617	5.453648049808495	92.6633160464738	1.282433217440935e-10
119.20696927078512	1	1	1	1	0	0	119.20696927078512	10.0	0	0.0015073108535372565	0.7828280063937223	1.1819302796014	125.86269397185973	0.0	63.46572014893712	43.506847279764955	18.890126543157614	5.662882521422268	106.97256742870209	1.752355156350346e-10
131.81545979678634	1	1	1	1	0	0	131.81545979678634	11.0	0	0.0017265630922971955	0.8457259357039197	1.1945156644617512	144.3704858274876	0.0	72.6973933598819	50.7009255998863	20.97216686771939	5.883908884479857	123.39831895976822	1.8974475278376225e-10
144.55116659372186	1	1	1	1	0	0	144.55116659372186	12.0	0	0.002082973141305366	0.8723875930106179	1.1516902442553039	174.67306487550297	0.0	87.70413226548911	62.67515432587646	24.293778284137417	6.190032889596077	150.37928659136557	3.038084791006336e-10
157.41450874719058	1	1	1	1	0	0	157.41450874719058	13.0	0	0.002413723075912566	0.7793714017871407	1.2056758889335897	202.9696052987343	0.0	101.63044530158173	73.99090154451734	27.348258452635196	6.421664734164332	175.6213468460991	2.689988799449196e-10
170.4058675216809	1	1	1	1	0	0	170.4058675216809	14.0	0	0.002885453463961313	0.8165935640578398	1.195383838215824	243.55568776359357	0.0	121.49277742995005	90.3655177135957	31.697392620047808	6.683776728359373	211.8582951435457	3.7935074160659803e-10
183.52558624759342	1	1	1	1	0	0	183.52558624759342	15.0	0	0.003316936817937648	0.8142757617501425	1.2375302745576808	281.0892345623239	0.0	139.6604975973746	105.9037601623192	35.52497680263007	6.912439637160118	245.56425775969385	4.171601499970574e-10
196.77397021950497	1	1	1	1	0	0	196.77397021950497	16.0	0	0.003804191968424071	0.8507467760667026	1.2240414708477083	323.86310072714843	0.0	160.1765039336451	123.948285731934	39.738311061569306	7.149895958722678	284.1247896655791	5.652633842795996e-10
210.1512866057031	1	1	1	1	0	0	210.1512866057031	17.0	0	0.004573624701111863	0.8193750347284433	1.1379612037582254	391.94653593045723	0.0	192.57367162576264	153.0827234556259	46.29014084906881	7.467170951335353	345.6563950813885	9.245904746246293e-10
223.65776436901845	1	1	1	1	0	0	223.65776436901845	18.0	0	0.005406077931437229	0.8291294609934408	1.1744789093034405	466.1365394556575	0.0	227.62433395525173	185.1838310769275	53.32837442347825	7.740872837302108	412.80816503217926	1.0229852658742159e-09
237.29359419897813	1	1	1	1	0	0	237.29359419897813	19.0	0	0.006169775223473749	0.8463463194669024	1.1226904896782108	534.6559120738593	0.0	259.78000940942104	215.09145578732057	59.78444687711765	7.943060277413012	474.8714651967416	9.605857444596412e-10
251.0589284553002	1	1	1	1	0	0	251.0589284553002	20.0	0	0.007501387115870993	0.8545777668191462	1.1413009895707775	655.2234411230407	0.0	315.8478785629893	268.6137096282681	70.7618529317833	8.25955743067804	584.4615881912574	1.6504384579971727e-09
264.95388112274634	1	1	1	1	0	0	264.95388112274634	21.0	0	0.008505962595168847	0.8906228848243395	1.130837056633116	746.9274932601201	0.0	358.1457934807937	309.86344632487294	78.91825345445328	8.464572016804706	668.0092398056665	1.7979550772467691e-09
278.9785277773454	1	1	1	1	0	0	278.9785277773454	22.0	0	0.010031848637518041	0.8578445128730273	1.1482464434321886	887.2825000200099	0.0	422.3936268428648	373.6652100517907	91.22366312535436	8.726451116096456	796.0588368946558	2.620647952862427e-09
293.1329055639992	1	1	1	1	0	0	293.1329055639992	23.0	0	0.011789851831418898	0.8408251069423381	1.0983803206156706	1050.1687436336026	0.0	496.41481395448	448.3439903425045	105.40993933661815	8.96271082445056	944.7588042969844	3.108769009045207e-09
307.41701318547484	1	1	1	1	0	0	307.41701318547484	24.0	0	0.014368325162713719	0.8517667399073691	1.101582101842104	1290.7900032002606	0.0	604.982112114262	559.4373439259633	126.3705471600351	9.214326298402504	1164.4194560402254	4.771864189741285e-09
321.83081090278995	1	1	1	1	0	0	321.83081090278995	25.0	0	0.016675156590517586	0.8673736232485243	1.1021040520064904	1507.8665224383776	0.0	702.1118564428458	660.8543632034591	144.90030279207278	9.406234447985367	1362.966219646305	4.200917491865733e-09
336.3742205469876	1	1	1	1	0	0	336.3742205469876	26.0	0	0.01984514708507357	0.8496885720643215	1.131789939759455	1808.5794003785907	0.0	835.5851404241503	802.7122718977489	170.28198805669157	9.621084596313645	1638.2974123218992	6.449481202511505e-09
351.0471255422998	1	1	1	1	0	0	351.0471255422998	27.0	0	0.023416720668885397	0.8570967911177443	1.1006953737451688	2150.107249160315	0.0	985.9671860583327	965.1243879267682	199.01567517521443	9.80370803589893	1951.0915739851007	7.2154070184585456e-09
365.84937094069124	1	1	1	1	0	0	365.84937094069124	28.0	0	0.02703054718261915	0.8431022192899419	1.1220914487177285	2498.5027879705867	0.0	1138.1283024260695	1131.926252393633	228.4482331508847	9.936844437402083	2270.0545548197024	7.399544570706797e-09
380.78076346777357	1	1	1	1	0	0	380.78076346777357	29.0	0	0.030940408870074505	0.8236721983951258	1.1067276532331227	2984.6926862163104	0.0	1302.7540576873478	1314.9810811894874	260.92110022195	10.032669403318033	2617.735138876836	9.666083882443254e-09
395.84107158007737	1	1	1	1	0	0	395.84107158007737	30.0	0	0.03498789513558264	0.8232509223242807	1.11086378932454	3582.9089487014226	0.0	1473.1745320245325	1507.9614467348356	294.65076146682765	10.117523416259656	2981.135978759368	1.2540040721373751e-08
411.03002553366304	1	1	1	1	0	0	411.03002553366304	31.0	0	0.039133837510188764	0.8309161990934816	1.1153714971856543	4196.878400512812	0.0	1647.7405267447898	1709.0686557504407	329.6330049028413	10.18347414417632	3356.8091824952307	1.496283894998339e-08
426.3473174640513	1	1	1	1	0	0	426.3473174640513	32.0	0	0.04333694033397219	0.8412874385878762	1.1017762427048008	5086.507941069601	0.0	1824.7132772198813	1916.4021229289774	365.86220318613226	10.225476607228453	3741.1154001488594	1.8656258471099944e-08
441.79260147745117	1	1	1	1	0	0	441.79260147745117	33.0	0	0.047553743835710136	0.8358451773599489	1.0942014948967744	6059.5865053663365	0.0	2002.2628983456907	2127.957545547259	403.331275228586	10.240268230010598	4130.220443892949	2.0955521594885988e-08
457.365493753255	1	1	1	1	0	0	457.365493753255	34.0	0	0.051738588904386616	0.8475894965172203	1.0972353990372392	7082.225763174143	0.0	2178.4669012373315	2341.625158563564	442.0316487509123	10.225720426520855	4520.092059800896	2.28603132548811e-08
473.0655726577729	1	1	1	1	0	0	473.0655726577729	35.0	0	0.05594565037170917	0.8320428668921644	1.092457184656764	8083.314756228902	0.0	2355.6063314403864	2560.9181365207864	481.9532238438649	10.201248222283802	4916.524467961173	2.2849241806269238e-08
488.8923788691719	1	1	1	1	0	0	488.8923788691719	36.0	0	0.0601204981999673	0.8431563941248283	1.11157308612215	9302.440239064821	0.0	2531.38939789336	2783.2709671881516	523.0843376095102	10.160236089976339	5314.660365081512	2.947355255603473e-08
504.8454155135833	1	1	1	1	0	0	504.8454155135833	37.0	0	0.06420609014341802	0.8295392303038901	1.0928146137002688	10563.427781644208	0.0	2703.414321828127	3005.990101817149	565.4117299542501	10.097782060706892	5709.4044236452755	2.8914761998991453e-08
520.9241483123367	1	1	1	1	0	0	520.9241483123367	38.0	0	0.06814273854349487	0.8383370802081078	1.0965553230828362	11897.689409639232	0.0	2869.167938673469	3226.252258733921	608.9205106049708	10.010206736756995	6095.4201974073885	3.123799125139637e-08
537.1280057402779	1	1	1	1	0	0	537.1280057402779	39.0	0	0.07218005856501586	0.8317696529713672	1.0940068650535644	13021.344054795438	0.0	3039.160360632246	3452.908821345625	653.5941274192184	9.93287563279134	6492.069181977871	3.065824397750681e-08
553.4563791951257	1	1	1	1	0	0	553.4563791951257	40.0	0	0.07629468306761275	0.8294682478483645	1.090589994391706	14213.954177016103	0.0	3212.4077081100104	3683.905284649311	699.4143360597003	9.860125303709344	6896.312992759321	3.3709745147587805e-08
569.9086231778117	1	1	1	1	0	0	569.9086231778117	41.0	0	0.08043440263105199	0.8320716529427676	1.0934052165850692	15402.123853845149	0.0	3386.7116897285055	3916.310593473969	746.3611711026746	9.784836840336943	7303.022283202475	3.644154199099922e-08
586.4840554837581	1	1	1	1	0	0	586.4840554837581	42.0	0	0.08454459853141952	0.8294197217801451	1.0886645259916283	16546.370665294366	0.0	3559.7725697439796	4147.058433494603	794.4129186489167	9.70129113250806	7706.8310032385825	3.5535905960909024e-08
603.1819574050269	1	1	1	1	0	0	603.1819574050269	43.0	0	0.08863223382438792	0.8285989064819458	1.0872499523727541	17689.185313951653	0.0	3731.8835294479118	4376.539713099846	843.5460905049417	9.612306113225069	8108.423242547758	3.527890834888759e-08
620.0015739432909	1	1	1	1	0	0	620.0015739432909	44.0	0	0.09282040302463708	0.8206218423733816	1.0955577573510318	18754.49931775307	0.0	3908.227495774193	4611.665001534886	893.7354000010198	9.532902576421787	8519.89249730908	3.5962667798728715e-08
636.9421140335545	1	1	1	1	0	0	636.9421140335545	45.0	0	0.09705245584584292	0.8150624181645806	1.0843738954969986	19854.36029660471	0.0	4086.419193509177	4849.253931848199	944.9537395112337	9.456201665469091	8935.673125357374	3.8160625784152076e-08
654.0027507785644	1	1	1	1	0	0	654.0027507785644	46.0	0	0.10126924906934608	0.8181983606169004	1.0806818862944418	20790.297326304757	0.0	4263.968381867203	5085.986182992234	997.1721597394186	9.376469723445515	9349.954564859436	3.548780121740724e-08
671.1826216938364	1	1	1	1	0	0	671.1826216938364	47.0	0	0.10541484517967152	0.8158708252920366	1.0810545120511796	21661.50729306165	0.0	4438.519797038802	5318.721403221031	1050.3598508332682	9.289427040189368	9757.241200259832	3.534081323617001e-08
688.4808289632283	1	1	1	1	0	0	688.4808289632283	48.0	0	0.10967563592299424	0.8235075346705804	1.0886175058294427	22637.855820959237	0.0	4617.9215125471255	5557.923690565464	1104.4841253872012	9.213210918305618	10175.84520311259	4.0079477016128746e-08
705.8964397049822	1	1	1	1	0	0	705.8964397049822	49.0	0	0.11399014925218047	0.8165028150635799	1.0903406557275022	23463.048055122632	0.0	4799.585231670757	5800.141982730305	1159.510403392776	9.141554214076749	10599.727214401062	3.6715553024616414e-08
723.4284862481575	1	1	1	1	0	0	723.4284862481575	50.0	0	0.11829435483566245	0.8151826840901975	1.0798312206967504	24257.36326507747	0.0	4980.814940448945	6041.781594434556	1215.402199193477	9.06909378821096	11022.596534883502	3.640653212114878e-08
741.0759664193733	1	1	1	1	0	0	741.0759664193733	51.0	0	0.12255040836025145	0.8032602839565888	1.0825710436417788	24971.943918731078	0.0	5160.0171941158505	6280.717932657096	1272.121110498628	8.993432333096468	11440.735126772946	3.528129296756081e-08
758.8378438397727	1	1	1	1	0	0	758.8378438397727	52.0	0	0.12693236003903335	0.8099897595141029	1.0718562965531762	25692.50849342776	0.0	5344.5204226961405	6526.722237430818	1329.6268095089747	8.928251577982968	11871.24266012696	3.716111768581335e-08
776.7130482321257	1	1	1	1	0	0	776.7130482321257	53.0	0	0.1313736871035811	0.810200090583525	1.0804147994244842	26269.32517536296	0.0	5531.523667519205	6776.059897194904	1387.8770362041505	8.86792074777417	12307.583564714108	3.504955746187339e-08
794.7004757379742	1	1	1	1	0	0	794.7004757379742	54.0	0	0.13580526463506112	0.8017819657093713	1.0695901474669365	26882.778754035528	0.0	5718.116405686785	7024.850214751677	1446.8275938397837	8.807522523550633	12742.96662043846	3.680037129860158e-08
812.7989892447298	1	1	1	1	0	0	812.7989892447298	55.0	0	0.1401974568828023	0.7943424952042143	1.0709125841591858	27420.304180719024	0.0	5903.0508161179905	7271.4294286599525	1506.4323466994354	8.745484172351299	13174.480244777942	3.553502706969956e-08
831.0074187226242	1	1	1	1	0	0	831.0074187226242	56.0	0	0.14472063464976426	0.7935250744837447	1.0647610846439124	31523.807380802467	0.0	6093.500406305862	7525.3622155771145	1566.6432201438627	8.693021133830571	13618.862621882978	1.3348235862040643e-07
849.3245615714155	1	1	1	1	0	0	849.3245615714155	57.0	0	0.1493030321305641	0.7930607300602361	1.066817440169144	35751.39126672517	0.0	6286.4434581290125	7782.6196180079805	1627.4102029972973	8.64506259714064	14069.063076136994	1.4555289892704305e-07
867.7491829767432	1	1	1	1	0	0	867.7491829767432	58.0	0	0.153870262217597	0.7841998023750402	1.0675860407255988	40074.391263181955	0.0	6478.747882846188	8039.025517630883	1688.681352307536	8.597106482308778	14517.773400477068	1.5382097192958797e-07
886.2800162760308	1	1	1	1	0	0	886.2800162760308	59.0	0	0.1583893723329931	0.7888430385998951	1.0582734386995627	44543.21652442547	0.0	6669.026203494446	8292.729945161891	1750.402800513593	8.547607524545977	14961.756148656335	1.593811584762741e-07
