11.247441493196291	1	1	1	1	0	0	11.247441493196291	1.0	0	0.0			100.0	0.0	0.0	0.0	0.0		0.0	0.0
11.367595075476835	1	1	1	1	0	0	11.367595075476835	1.0	0	0.0			100.0	0.0	0.0	0.0	0.0		0.0	0.0
22.856168219862568	1	1	1	1	0	0	22.856168219862568	2.0	0	0.0			98.68366698886999	0.0	0.0	0.0	0.9714436926366636	0.0	0.0	0.0
34.4665080713728	1	1	1	1	0	0	34.4665080713728	3.0	0	0.00011257771665567784			93.56925873044621	0.0	4.740114385502225	3.1600762570014824	2.932515313022233	2.6939980867011464	7.900190642503707	0.0
46.1993671861199	1	1	1	1	0	0	46.1993671861199	4.0	0	0.00033581469321961526	0.4622224637125905	0.8844937226535847	84.74096204724611	0.0	14.139566030299589	9.426377353533061	5.901167065820748	3.993437759172312	23.56594338383265	9.399192542414704e-13
58.05546181511435	1	1	1	1	0	0	58.05546181511435	5.0	0	0.0006675093645202824	0.5571148086609921	1.1349893428796094	72.29083659645532	0.0	28.105657453485573	18.737104968990387	9.895080542697137	4.73394453136082	46.842762422475964	2.803863087254214e-12
70.03547169202406	1	1	1	1	0	0	70.03547169202406	6.0	0	0.0007952177084349142	0.6342923340558404	1.0200827609476213	67.16950623651297	0.0	33.48285088147008	22.321900587646716	11.364754767396185	4.910334856429323	55.804751469116795	5.573636710187199e-12
82.14003983175478	1	1	1	1	0	0	82.14003983175478	7.0	0	0.0009299062017200226	0.6703162876875021	1.2352792002750137	78.13960012789529	0.0	39.153945335579905	26.102630223719935	12.883024568595461	5.0653148421663134	65.25657555929985	7.670989221521067e-11
94.36977233991071	1	1	1	1	0	0	94.36977233991071	8.0	0	0.0010649046060590523	0.7016695684272372	1.1126324696151118	89.1241560519466	0.0	44.83808867617064	29.89205911744709	14.394008258328876	5.191753850104695	74.73014779361773	7.825236351008337e-11
106.72523823319248	1	1	1	1	0	0	106.72523823319248	9.0	0	0.001254772738799351	0.7384698940330585	1.152566918024628	104.83079240320214	0.0	52.832536370499	35.64517876211853	16.35307727058457	5.410462732403804	88.47771513261753	1.145853960093688e-10
119.20696927078512	1	1	1	1	0	0	119.20696927078512	10.0	0	0.001442428697659793	0.7939305379748034	1.1466335071606153	120.53336098435976	0.0	60.733839901464975	41.606642579383056	18.192878503511697	5.625304564150949	102.34048248084804	1.682706316914223e-10
131.81545979678634	1	1	1	1	0	0	131.81545979678634	11.0	0	0.0016414754819101295	0.7918788177108202	1.2415430995219277	137.33554495873122	0.0	69.1147571330581	48.13774193492068	20.0830458907524	5.838382270588237	117.2524990679788	1.7672556585471527e-10
144.55116659372186	1	1	1	1	0	0	144.55116659372186	12.0	0	0.001965462965242089	0.8219291605781021	1.1251895398204217	164.88150319294803	0.0	82.75633537861427	59.02267697132272	23.10249084301105	6.136957842051383	141.77901234993695	2.801372869317384e-10
157.41450874719058	1	1	1	1	0	0	157.41450874719058	13.0	0	0.002264860521581348	0.7328015123053242	1.1019230413892709	190.4957639051438	0.0	95.36254827710941	69.26578425851643	25.86743136951798	6.364309242146972	164.62833253562582	2.664222159360506e-10
170.4058675216809	1	1	1	1	0	0	170.4058675216809	14.0	0	0.002722761544817405	0.8475755239371389	1.0979224190556387	229.89201473111683	0.0	114.64259136073284	85.16035812714712	30.089065243236842	6.640384068853384	199.80294948787997	3.7491872954124425e-10
183.52558624759342	1	1	1	1	0	0	183.52558624759342	15.0	0	0.003145922359978257	0.8610232349638473	1.219387691404592	266.70160683440764	0.0	132.45988884118975	100.39889579070999	33.84282220250792	6.8805959278019015	232.85878463189977	4.114423440625799e-10
196.77397021950497	1	1	1	1	0	0	196.77397021950497	16.0	0	0.0035808012182583287	0.7725710126221884	1.1855663053557943	304.87760161540444	0.0	150.770577610877	116.50376953106121	37.60325447346626	7.107745084419045	267.27434714193816	6.547491225491884e-10
210.1512866057031	1	1	1	1	0	0	210.1512866057031	17.0	0	0.004317433216701973	0.8310419431271161	1.1212331719992024	370.05865618209646	0.0	181.78666175587261	144.39621310954792	43.87578131667595	7.434235131020848	326.1828748654205	9.451077062603872e-10
223.65776436901845	1	1	1	1	0	0	223.65776436901845	18.0	0	0.0050952767088630405	0.8041158374453962	1.1164593467426107	439.38172362088585	0.0	214.5379666889701	174.39145698004376	50.45229995187199	7.708854185835447	388.9294236690139	9.197204755026641e-10
237.29359419897813	1	1	1	1	0	0	237.29359419897813	19.0	0	0.0058229999139110256	0.8318575302877732	1.130800414662302	504.673479882882	0.0	245.17894374362214	202.89027809224274	56.604258047017105	7.915821835588512	448.0692218358649	9.630650889726354e-10
251.0589284553002	1	1	1	1	0	0	251.0589284553002	20.0	0	0.007069520551343148	0.8359551212577611	1.1001228556841771	617.5366301912208	0.0	297.66402321444843	252.9924094681609	66.88019750861136	8.23347497757775	550.6564326826094	1.720189315268635e-09
264.95388112274634	1	1	1	1	0	0	264.95388112274634	21.0	0	0.007961285700145461	0.7946381079486925	1.1178036797968631	698.9426363949121	0.0	335.2120294798089	289.60994427899954	74.12066263610376	8.429794763524702	624.8219737588083	1.4982317057252498e-09
278.9785277773454	1	1	1	1	0	0	278.9785277773454	22.0	0	0.00934705430600348	0.8128847650028822	1.1494981232872932	826.4092732503108	0.0	393.5601813054096	347.55298767627335	85.2961042686277	8.688710643192504	741.1131689816831	2.1743976265316448e-09
293.1329055639992	1	1	1	1	0	0	293.1329055639992	23.0	0	0.010952796771235009	0.8238522671966775	1.1206920585709137	975.1879326292103	0.0	461.1703903677898	415.76383574556127	98.25370651585935	8.92520249067452	876.9342261133513	2.998603114832198e-09
307.41701318547484	1	1	1	1	0	0	307.41701318547484	24.0	0	0.013264103922736432	0.810366633397779	1.1079149818677747	1190.877438233062	0.0	558.4885862204814	515.3463520761774	117.04249993640329	9.17474369464205	1073.8349382966587	3.815470277819146e-09
321.83081090278995	1	1	1	1	0	0	321.83081090278995	25.0	0	0.015287458640182853	0.8060578086562529	1.1331344349820327	1381.2783465757407	0.0	643.6824690603307	604.3006648669614	133.29521264844828	9.362550305679118	1247.9831339272926	3.5681064286053685e-09
336.3742205469876	1	1	1	1	0	0	336.3742205469876	26.0	0	0.01849083900810449	0.8179693844312927	1.10098409436628	1685.158667740496	0.0	778.5616424465052	747.6527791796444	158.94424611434656	9.602199884154164	1526.2144216261495	5.913519546959643e-09
351.0471255422998	1	1	1	1	0	0	351.0471255422998	27.0	0	0.022213861200915692	0.8051212919874244	1.0915280381408003	2061.146227026483	0.0	935.320471617503	916.9518005124568	188.89635330553642	9.805759823928113	1852.2722721299601	7.475696696046397e-09
365.84937094069124	1	1	1	1	0	0	365.84937094069124	28.0	0	0.026046325360033568	0.8248639324602625	1.0987885252703264	2547.970516868376	0.0	1096.6873835803613	1093.8452304582179	220.10959033399934	9.952008954787543	2190.532614038579	9.787678818817439e-09
380.78076346777357	1	1	1	1	0	0	380.78076346777357	29.0	0	0.02995618704748893	0.8195569721461673	1.093288524358163	3140.05874414226	0.0	1261.3131388416396	1276.9000592540726	252.5824574050646	10.049047840346248	2538.2131980957124	1.129839705897664e-08
395.84107158007737	1	1	1	1	0	0	395.84107158007737	30.0	0	0.034003673312997064	0.8287781004849128	1.0912509349343498	3846.569446852837	0.0	1431.7336131788238	1469.8804247994206	286.31211864994225	10.134443668190952	2901.614037978244	1.3672547154993846e-08
411.03002553366304	1	1	1	1	0	0	411.03002553366304	31.0	0	0.03814961568760318	0.8221963172857005	1.0780838217305169	4670.348499168413	0.0	1606.2996078990814	1670.9876338150257	321.29436208595587	10.200263771940492	3277.287241714107	1.930949604772052e-08
426.3473174640513	1	1	1	1	0	0	426.3473174640513	32.0	0	0.042352718511386604	0.8410335292726213	1.1020559167666568	5622.138054385831	0.0	1783.2723583741729	1878.3211009935626	357.5235603692469	10.241544516915408	3661.593459367736	2.1490065520480878e-08
441.79260147745117	1	1	1	1	0	0	441.79260147745117	33.0	0	0.046569522013124566	0.8252500987435955	1.0869851688760857	6688.125616663146	0.0	1960.821979499982	2089.8765236118443	394.9926324117006	10.255124199100974	4050.698503111827	2.257951487429958e-08
457.365493753255	1	1	1	1	0	0	457.365493753255	34.0	0	0.05075436708180105	0.8334676861794531	1.0835881528283875	7882.017482589395	0.0	2137.025982391623	2303.5441366281493	433.69300593402687	10.238971019272718	4440.5701190197715	2.7913527487825365e-08
473.0655726577729	1	1	1	1	0	0	473.0655726577729	35.0	0	0.0549614285491236	0.8247405087793324	1.0890843919270623	9190.649871665473	0.0	2314.165412594678	2522.837114585372	473.6145810269795	10.212951038567178	4837.0025271800505	2.6667902034114715e-08
488.8923788691719	1	1	1	1	0	0	488.8923788691719	36.0	0	0.05913627637738174	0.8240034814235464	1.0877772379385788	10621.479506070784	0.0	2489.948479047652	2745.1899452527373	514.7456947926247	10.170339406936595	5235.138424300389	3.4383715489874865e-08
504.8454155135833	1	1	1	1	0	0	504.8454155135833	37.0	0	0.06322186832083243	0.8214611347528425	1.087565624547324	12173.16169316102	0.0	2661.9734029824185	2967.909079881734	557.0730871373645	10.106182856175069	5629.882482864153	3.965272868610455e-08
520.9241483123367	1	1	1	1	0	0	520.9241483123367	38.0	0	0.06715851672090929	0.8183160492538887	1.105006021048296	13851.457388572157	0.0	2827.727019827761	3188.171236798506	600.5818677880852	10.016783022075805	6015.8982566262675	3.933596867174431e-08
537.1280057402779	1	1	1	1	0	0	537.1280057402779	39.0	0	0.07119583674243025	0.8118280582520149	1.093580144233511	15632.06912223894	0.0	2997.7194417865385	3414.8277994102086	645.2554846023328	9.9379972649884	6412.5472411967485	4.554974876199195e-08
553.4563791951257	1	1	1	1	0	0	553.4563791951257	40.0	0	0.07531046124502717	0.8239048764842065	1.0951354906049025	17531.541092733998	0.0	3170.966789264303	3645.8242627138957	691.0756932428146	9.864029539211511	6816.791051978198	4.8983585860473005e-08
569.9086231778117	1	1	1	1	0	0	569.9086231778117	41.0	0	0.0794501808084664	0.8090285854131256	1.082679906866847	19538.705498253723	0.0	3345.270770882797	3878.229571538554	738.022528285789	9.787642064530788	7223.500342421351	5.477449326901915e-08
586.4840554837581	1	1	1	1	0	0	586.4840554837581	42.0	0	0.08356037670883397	0.8180361892248762	1.0927489474718008	21687.34686401998	0.0	3518.331650898272	4108.977411559188	786.0742758320313	9.703038627468414	7627.30906245746	5.6633810489908566e-08
603.1819574050269	1	1	1	1	0	0	603.1819574050269	43.0	0	0.08764801200180232	0.80925358962258	1.0855770300909109	23932.493438444562	0.0	3690.442610602204	4338.458691164431	835.2074476880562	9.613062388262335	8028.901301766635	5.965687827010447e-08
620.0015739432909	1	1	1	1	0	0	620.0015739432909	44.0	0	0.09183618120205148	0.8162680593548499	1.0820879955544451	26303.46025811983	0.0	3866.786576928485	4573.583979599472	885.3967571841342	9.532868161129516	8440.370556527956	6.310019372968588e-08
636.9421140335545	1	1	1	1	0	0	636.9421140335545	45.0	0	0.09606823402325736	0.8088339593128778	1.0885384576337775	28779.80239569123	0.0	4044.978274663469	4811.172909912783	936.615096694348	9.455486267339486	8856.151184576252	7.095882992618449e-08
654.0027507785644	1	1	1	1	0	0	654.0027507785644	46.0	0	0.1002850272467605	0.8070766453598941	1.081924118180924	31380.434924946636	0.0	4222.527463021494	5047.9051610568185	988.8335169225329	9.375119740004301	9270.432624078314	7.461993631510851e-08
671.1826216938364	1	1	1	1	0	0	671.1826216938364	47.0	0	0.10443062335708594	0.8016436195043634	1.0813298401810476	34091.42502466125	0.0	4397.078878193093	5280.640381285616	1042.0212080163826	9.287449415642367	9677.719259478708	8.145696113048277e-08
688.4808289632283	1	1	1	1	0	0	688.4808289632283	48.0	0	0.10869141410040868	0.799893237015888	1.085492640737764	36921.44180683576	0.0	4576.480593701418	5519.842668630049	1096.1454825703156	9.210751148339297	10096.323262331469	8.942109930492978e-08
705.8964397049822	1	1	1	1	0	0	705.8964397049822	49.0	0	0.1130059274295949	0.7961478171470691	1.0783137714219548	39862.941915149146	0.0	4758.1443128250485	5762.06096079489	1151.1717605758904	9.138692968247462	10520.205273619938	8.843280424460133e-08
723.4284862481575	1	1	1	1	0	0	723.4284862481575	50.0	0	0.11731013301307686	0.8021227447966152	1.0772796307877108	42935.532792758015	0.0	4939.374021603237	6003.7005724991395	1207.0635563765916	9.065864457834936	10943.074594102378	9.683635479451323e-08
741.0759664193733	1	1	1	1	0	0	741.0759664193733	51.0	0	0.12156618653766585	0.7969788341449523	1.0662084879953984	46120.51328461352	0.0	5118.576275270139	6242.636910721681	1263.7824676817424	8.989848709353128	11361.21318599182	9.990029678166321e-08
758.8378438397727	1	1	1	1	0	0	758.8378438397727	52.0	0	0.12594813821644776	0.7935412700645305	1.0632851423671164	49403.99607810218	0.0	5303.079503850432	6488.641215495403	1321.2881666920891	8.924412566917177	11791.720719345834	1.0905573810820773e-07
776.7130482321257	1	1	1	1	0	0	776.7130482321257	53.0	0	0.13038946528099554	0.7982404146979176	1.078335606878511	52828.91777215294	0.0	5490.082748673495	6737.978875259489	1379.5383933872647	8.863879166065598	12228.061623932983	1.1304939456421349e-07
794.7004757379742	1	1	1	1	0	0	794.7004757379742	54.0	0	0.13482104281247556	0.7998331068884659	1.0621635507909226	56377.675375569335	0.0	5676.675486841075	6986.769192816261	1438.488951022898	8.803296452609153	12663.444679657336	1.1819935071177234e-07
812.7989892447298	1	1	1	1	0	0	812.7989892447298	55.0	0	0.1392132350602167	0.7895628586426343	1.0744663365292193	60014.870020816816	0.0	5861.609897272281	7233.348406724536	1498.09370388255	8.74108092842199	13094.958303996818	1.227678237025413e-07
831.0074187226242	1	1	1	1	0	0	831.0074187226242	56.0	0	0.14373641282717867	0.789281230799997	1.0594995415563797	63784.576025885115	0.0	6052.059487460154	7487.281193641699	1558.3045773269769	8.688507290613519	13539.340681101852	1.387330505405471e-07
849.3245615714155	1	1	1	1	0	0	849.3245615714155	57.0	0	0.1483188103079785	0.7890400000233252	1.063588579388166	67663.87654224271	0.0	6245.002539283304	7744.538596072567	1619.071560180412	8.640471168425089	13989.541135355872	1.4732204616608345e-07
867.7491829767432	1	1	1	1	0	0	867.7491829767432	58.0	0	0.1528860403950114	0.7846039949241868	1.0610964409838417	71659.65153972202	0.0	6437.30696400048	8000.944495695468	1680.3427094906506	8.592444492512188	14438.251459695945	1.5278642527211834e-07
886.2800162760308	1	1	1	1	0	0	886.2800162760308	59.0	0	0.15740515051040752	0.7852555085302523	1.0598331578627518	75776.30779062661	0.0	6627.585284648737	8254.648923226476	1742.0641576967075	8.542873775413616	14882.234207875212	1.5463486304867e-07
