11.247441493196291	1	1	1	1	0	0	11.247441493196291	1.0	0	0.0			100.0	0.0	0.0	0.0	0.0		0.0	0.0
11.367595075476835	1	1	1	1	0	0	11.367595075476835	1.0	0	0.0			100.0	0.0	0.0	0.0	0.0		0.0	0.0
22.856168219862568	1	1	1	1	0	0	22.856168219862568	2.0	0	0.0			98.68366698886999	0.0	0.0	0.0	0.9714436926366636	0.0	0.0	0.0
34.4665080713728	1	1	1	1	0	0	34.4665080713728	3.0	0	0.00011257771665567784			93.56925873044621	0.0	4.740114385502225	3.1600762570014824	2.932515313022233	2.6939980867011464	7.900190642503707	0.0
46.1993671861199	1	1	1	1	0	0	46.1993671861199	4.0	0	0.00033581469321961526	0.4618914110024475	1.1182239105014171	84.74096204724611	0.0	14.139566030299589	9.426377353533061	5.901167065820748	3.993437759172312	23.56594338383265	9.399192542414704e-13
58.05546181511435	1	1	1	1	0	0	58.05546181511435	5.0	0	0.0006675093645202824	0.5639451820151269	0.9530180640151414	72.29083659645532	0.0	28.105657453485573	18.737104968990387	9.895080542697137	4.73394453136082	46.842762422475964	2.803863087254214e-12
70.03547169202406	1	1	1	1	0	0	70.03547169202406	6.0	0	0.0007952177084349142	0.601641671189845	1.0040420594141617	67.16950623651297	0.0	33.48285088147008	22.321900587646716	11.364754767396185	4.910334856429323	55.804751469116795	5.573636710187199e-12
82.14003983175478	1	1	1	1	0	0	82.14003983175478	7.0	0	0.0009198991488298053	0.6095837980401391	0.9939794203794322	77.32454676213126	0.0	38.73259574020233	25.821730493468213	12.770220528460719	5.055067458686378	64.55432623367054	7.155474145375302e-11
94.36977233991071	1	1	1	1	0	0	94.36977233991071	8.0	0	0.001059678394613849	0.740651480657035	1.0997928403620407	88.69811039685813	0.0	44.61803766795155	29.745358445301033	14.334714283605551	5.1876441093981995	74.36339611325258	8.060753529909005e-11
106.72523823319248	1	1	1	1	0	0	106.72523823319248	9.0	0	0.001243253111289375	0.7222783957184125	1.1863638177186864	103.8841306968053	0.0	52.347499422710534	35.307783764011724	16.228847510083057	5.401201972737844	87.65528318672224	1.1124847399454419e-10
119.20696927078512	1	1	1	1	0	0	119.20696927078512	10.0	0	0.001422612681985108	0.7670865677842741	1.1956304508372295	118.89247882835213	0.0	59.89948134674139	41.005687510185325	17.987309971425397	5.609797630508643	100.90516885692672	1.1822897534937439e-10
131.81545979678634	1	1	1	1	0	0	131.81545979678634	11.0	0	0.0016292445516836716	0.844050371545	1.1941260403401082	136.33494444124605	0.0	68.59977059720723	47.785667785197184	19.949506058841642	5.834001004291644	116.3854383824044	1.7033064622173056e-10
144.55116659372186	1	1	1	1	0	0	144.55116659372186	12.0	0	0.0019492513672583651	0.8279437810583214	1.1118404650491156	163.54245963853373	0.0	82.07374177929961	58.536865217004994	22.931852642229124	6.131672359404991	140.6106069963046	2.61797218152256e-10
157.41450874719058	1	1	1	1	0	0	157.41450874719058	13.0	0	0.0022595551019290536	0.7888981780465952	1.1100681477860472	190.08977304017213	0.0	95.13916218648646	69.15309897893684	25.797511874748825	6.3685312739883315	164.29226116542333	2.409801903967336e-10
170.4058675216809	1	1	1	1	0	0	170.4058675216809	14.0	0	0.002700877069942092	0.8128444061538792	1.1152478110460329	228.05961819138213	0.0	113.72113978703548	84.47218381272755	29.866294591619173	6.636019844771045	198.193323599763	3.4786968438241434e-10
183.52558624759342	1	1	1	1	0	0	183.52558624759342	15.0	0	0.003100135341491589	0.8075415151322652	1.1390685807047178	262.789993956481	0.0	130.53201437859323	98.84996169413022	33.40801788375758	6.8660755891251215	229.38197607272343	3.710594637682973e-10
196.77397021950497	1	1	1	1	0	0	196.77397021950497	16.0	0	0.003552553410220251	0.8450779698339622	1.1670479096559625	302.5056745460645	0.0	149.58119621980006	115.60436521594087	37.32011311032351	7.105700903205066	265.18556143574096	5.534168681686817e-10
210.1512866057031	1	1	1	1	0	0	210.1512866057031	17.0	0	0.00427668997217269	0.8273060517487486	1.1364588153212212	366.5810674940802	0.0	180.0711567230606	143.02367124670238	43.48623952431712	7.429817604465231	323.09482796976306	9.00037583241928e-10
223.65776436901845	1	1	1	1	0	0	223.65776436901845	18.0	0	0.005068880350710398	0.8539364668305658	1.1552979870664657	437.18275998	0.0	213.4265410825431	173.57216054508515	50.184058352371856	7.711586394832442	386.9987016276282	9.659467690090648e-10
237.29359419897813	1	1	1	1	0	0	237.29359419897813	19.0	0	0.005793931739854931	0.8549151735595484	1.1545136644917768	502.23479933928513	0.0	243.9550206254708	201.96634901268925	56.313429701125	7.918561735714202	445.9213696381601	1.0154090635694926e-09
251.0589284553002	1	1	1	1	0	0	251.0589284553002	20.0	0	0.007086638544081881	0.902339122370884	1.1114352025745746	619.2797627107985	0.0	298.3847808034477	253.92486794210308	66.9701139652477	8.247106299268905	552.3096487455508	1.5991104245334807e-09
264.95388112274634	1	1	1	1	0	0	264.95388112274634	21.0	0	0.008021106597120171	0.8437202462384548	1.112220265176428	704.5839621684182	0.0	337.73080408927035	292.29586338602974	74.55729469311817	8.450235085225714	630.0266674753001	1.7716853947449126e-09
278.9785277773454	1	1	1	1	0	0	278.9785277773454	22.0	0	0.00944092533614315	0.8423223746671058	1.116691696731907	835.1826197238593	0.0	397.51264573234323	351.6626425609219	86.00733143059406	8.710597990100789	749.1752882932651	2.5253130367095547e-09
293.1329055639992	1	1	1	1	0	0	293.1329055639992	23.0	0	0.011116976476296787	0.8652764991396125	1.1184781914003512	990.475667695023	0.0	468.08322005460167	422.86015533324087	99.53229230718051	8.95129967104724	890.9433753878426	2.9837845500937113e-09
307.41701318547484	1	1	1	1	0	0	307.41701318547484	24.0	0	0.013487366731678748	0.8332751508382085	1.1124755089506848	1211.6787656646734	0.0	567.8891255443683	524.9882633015693	118.8013768187354	9.199198006883597	1092.8773888459377	3.8069202162362294e-09
321.83081090278995	1	1	1	1	0	0	321.83081090278995	25.0	0	0.01638770632274451	0.8537969576785555	1.1238218297325526	1484.6053503507694	0.0	690.0086872734531	652.4981422953844	142.09852078193182	9.447718541905754	1342.5068295688375	4.8442195723902885e-09
336.3742205469876	1	1	1	1	0	0	336.3742205469876	26.0	0	0.019885405693705	0.8302487809583207	1.0770594920675105	1816.4054758771802	0.0	837.2802397349477	809.0211094329525	170.10412670928002	9.678197590006418	1646.3013491678998	6.875856752080683e-09
351.0471255422998	1	1	1	1	0	0	351.0471255422998	27.0	0	0.023608427886516202	0.8224771159102409	1.086838981821438	2240.547119443903	0.0	994.0390689059458	978.3201307657646	200.05623390046986	9.85902394150327	1972.3591996717105	8.92074925661124e-09
365.84937094069124	1	1	1	1	0	0	365.84937094069124	28.0	0	0.027440892045634085	0.8297292674199599	1.087122923008795	2769.309266041139	0.0	1155.405980868804	1155.2135607115256	231.26947092893278	9.991027057308244	2310.619541580329	9.948273502477673e-09
380.78076346777357	1	1	1	1	0	0	380.78076346777357	29.0	0	0.03135075373308945	0.8502960970547049	1.0927918264709948	3422.004037082775	0.0	1320.0317361300822	1338.2683895073806	263.742337999998	10.079155837457854	2658.300125637463	1.2379854203127048e-08
395.84107158007737	1	1	1	1	0	0	395.84107158007737	30.0	0	0.035398239998597585	0.8320803403682465	1.079830267589762	4168.176007191305	0.0	1490.4522104672665	1531.2487550527285	297.4719992448757	10.157934102001189	3021.700965519995	1.4279226630393e-08
411.03002553366304	1	1	1	1	0	0	411.03002553366304	31.0	0	0.039544182373203694	0.8361311214601985	1.09733826036312	5041.947226206349	0.0	1665.0182051875245	1732.3559640683334	332.45424268088937	10.219072982373916	3397.3741692558583	2.0870826539267496e-08
426.3473174640513	1	1	1	1	0	0	426.3473174640513	32.0	0	0.04374728519698712	0.8491417393422785	1.088273803817969	6047.748599207916	0.0	1841.990955662616	1939.6894312468705	368.68344096418036	10.257255864325346	3781.6803869094874	2.2543549642056928e-08
441.79260147745117	1	1	1	1	0	0	441.79260147745117	33.0	0	0.04796408869872509	0.8328878286060228	1.0775459274326122	7163.924687865403	0.0	2019.540576788425	2151.2448538651524	406.15251300663397	10.269012986718742	4170.785430653577	2.3070502997911672e-08
457.365493753255	1	1	1	1	0	0	457.365493753255	34.0	0	0.05214893376740157	0.8522995829029295	1.1017816971117227	8416.180059664039	0.0	2195.7445796800657	2364.912466881457	444.85288652896037	10.252056769029462	4560.657046561523	2.6584775722253192e-08
473.0655726577729	1	1	1	1	0	0	473.0655726577729	35.0	0	0.056355995234724114	0.8363751456355183	1.0877718133631007	9771.50367395718	0.0	2372.884009883121	2584.2054448386803	484.7744616219129	10.225558166032167	4957.0894547217995	2.995768717637565e-08
488.8923788691719	1	1	1	1	0	0	488.8923788691719	36.0	0	0.06053084306298225	0.8452626338394473	1.0963938097343957	11273.45222774972	0.0	2548.6670763360944	2806.558275506045	525.9055753875582	10.182864762168926	5355.225351842139	3.557715602655447e-08
504.8454155135833	1	1	1	1	0	0	504.8454155135833	37.0	0	0.06461643500643295	0.8315049566297791	1.0969193376852249	12879.030820646276	0.0	2720.6920002708607	3029.277410135041	568.232967732298	10.119035214293987	5749.969410405904	3.7976193620739215e-08
520.9241483123367	1	1	1	1	0	0	520.9241483123367	38.0	0	0.06855308340650981	0.8436031605773081	1.084820871051425	14627.344410021416	0.0	2886.445617116203	3249.539567051814	611.7417483830187	10.030352187646026	6135.985184168017	4.090969640377072e-08
537.1280057402779	1	1	1	1	0	0	537.1280057402779	39.0	0	0.07259040342803079	0.8332157030061645	1.0960603129883115	16473.959307436122	0.0	3056.438039074981	3476.1961296635172	656.4153651972664	9.951982410977397	6532.634168738498	4.5265197564285735e-08
553.4563791951257	1	1	1	1	0	0	553.4563791951257	40.0	0	0.0767050279306277	0.8261593673383537	1.0879187231888423	18418.443361569898	0.0	3229.6853865527446	3707.192592967204	702.2355738377482	9.878277657751811	6936.877979519949	5.0021329169899765e-08
569.9086231778117	1	1	1	1	0	0	569.9086231778117	41.0	0	0.08084474749406692	0.8274067147778611	1.0903855850063613	20483.221115626024	0.0	3403.989368171239	3939.5979017918626	749.1824088807226	9.80213521154936	7343.587269963102	5.1865360282213885e-08
586.4840554837581	1	1	1	1	0	0	586.4840554837581	42.0	0	0.08495494339443446	0.8245480499057996	1.0892238699720225	22665.871723617758	0.0	3577.0502481867143	4170.345741812495	797.2341564269648	9.717842527873369	7747.395989999209	5.850616419572273e-08
603.1819574050269	1	1	1	1	0	0	603.1819574050269	43.0	0	0.08904257868740285	0.8320355821497561	1.0938449645038242	24984.41725322047	0.0	3749.1612078906464	4399.827021417738	846.3673282829898	9.628193287942826	8148.988229308385	6.154234325628637e-08
620.0015739432909	1	1	1	1	0	0	620.0015739432909	44.0	0	0.093230747887652	0.8225460783270797	1.0873188104995968	27409.062415751167	0.0	3925.5051742169267	4634.952309852779	896.5566377790677	9.548150248795775	8560.457484069706	6.62948784852354e-08
636.9421140335545	1	1	1	1	0	0	636.9421140335545	45.0	0	0.09746280070885788	0.8214343211581382	1.0785358872782584	29953.22320976708	0.0	4103.696871951911	4872.5412401660915	947.7749772892817	9.47085365957943	8976.238112118002	7.108622289867402e-08
654.0027507785644	1	1	1	1	0	0	654.0027507785644	46.0	0	0.10167959393236102	0.8096943382419178	1.082278994754539	32598.788581920577	0.0	4281.246060309937	5109.273491310127	999.9933975174666	9.390581552770744	9390.519551620064	7.482194703598001e-08
671.1826216938364	1	1	1	1	0	0	671.1826216938364	47.0	0	0.10582519004268644	0.8138689105993054	1.078597953194242	35377.99922727313	0.0	4455.797475481536	5342.008711538922	1053.1810886113162	9.303059362696557	9797.806187020458	8.183629408185638e-08
688.4808289632283	1	1	1	1	0	0	688.4808289632283	48.0	0	0.11008598078600916	0.8140430357535471	1.0821844250054111	38282.71227091514	0.0	4635.199190989861	5581.210998883357	1107.3053631652492	9.2263710894251	10216.41018987322	9.187472653921623e-08
705.8964397049822	1	1	1	1	0	0	705.8964397049822	49.0	0	0.1144004941151954	0.8116624881173001	1.0885695291904345	41283.77670531708	0.0	4816.862910113491	5823.429291048197	1162.331641170824	9.154265292514667	10640.292201161688	9.485996892096588e-08
723.4284862481575	1	1	1	1	0	0	723.4284862481575	50.0	0	0.11870469969867738	0.8084972187811784	1.0724080852984028	44404.6897922683	0.0	4998.092618891679	6065.068902752449	1218.223436971525	9.081389493824622	11063.161521644128	9.506510653619998e-08
741.0759664193733	1	1	1	1	0	0	741.0759664193733	51.0	0	0.12296075322326636	0.8090395043376378	1.0787478186799708	47641.83197742448	0.0	5177.294872558584	6304.005240974989	1274.942348276676	9.00534846069919	11481.300113533573	1.0369242664708509e-07
758.8378438397727	1	1	1	1	0	0	758.8378438397727	52.0	0	0.12734270490204827	0.8103076165987955	1.0659501542209195	51016.91490356292	0.0	5361.798101138876	6550.009545748711	1332.4480472870227	8.939791439629511	11911.807646887586	1.0916200011490686e-07
776.7130482321257	1	1	1	1	0	0	776.7130482321257	53.0	0	0.13178403196659602	0.8094775519584226	1.0751686521288932	54508.75518131085	0.0	5548.801345961939	6799.347205512794	1390.6982739821985	8.879099645472627	12348.148551474731	1.2200049781239685e-07
794.7004757379742	1	1	1	1	0	0	794.7004757379742	54.0	0	0.13621560949807607	0.8023141517645942	1.0693252084059792	58089.7823791237	0.0	5735.394084129519	7048.137523069569	1449.6488316178313	8.818364370999051	12783.531607199091	1.2208829128919433e-07
812.7989892447298	1	1	1	1	0	0	812.7989892447298	55.0	0	0.14060780174581722	0.8013680385817479	1.0670611782849089	61804.887086168215	0.0	5920.328494560725	7294.716736977843	1509.2535844774836	8.75601381202863	13215.045231538566	1.2711996601069016e-07
831.0074187226242	1	1	1	1	0	0	831.0074187226242	56.0	0	0.14513097951277915	0.7962269800453595	1.0609482860654051	65621.91269801103	0.0	6110.778084748597	7548.6495238950065	1569.4644579219107	8.703241121324732	13659.427608643604	1.38056578743561e-07
849.3245615714155	1	1	1	1	0	0	849.3245615714155	57.0	0	0.14971337699357906	0.7952391177572471	1.0613821743670633	69553.00693386175	0.0	6303.721136571749	7805.906926325874	1630.2314407753454	8.654984629781781	14109.628062897624	1.436347823248959e-07
867.7491829767432	1	1	1	1	0	0	867.7491829767432	58.0	0	0.15428060708061192	0.7899697119721725	1.059581923056037	73599.26573207656	0.0	6496.025561288923	8062.312825948775	1691.5025900855842	8.606749095489768	14558.338387237698	1.5274504430198864e-07
886.2800162760308	1	1	1	1	0	0	886.2800162760308	59.0	0	0.15879971719600802	0.7807910744417339	1.060636110090608	77744.23859493187	0.0	6686.303881937181	8316.017253479784	1753.2240382916411	8.556990326253668	15002.321135416963	1.5721117362438055e-07
