NumAxe Jour Diam     X1       Y1       Z1      X2       Y2       Z2
    1     7    1.26    0.00    0.00   10.00   -0.43    0.04   14.98
    1     7    1.26   -0.43    0.04   14.98   -0.56    0.35   19.97
    1     7    1.25   -0.56    0.35   19.97   -1.06    0.39   24.94
    1     7    1.23   -1.06    0.39   24.94   -1.93    0.36   29.87
    1     7    1.23   -1.93    0.36   29.87   -3.02    0.21   34.75
    1     7    1.22   -3.02    0.21   34.75   -3.76   -0.13   39.68
    1     7    1.21   -3.76   -0.13   39.68   -4.70   -0.55   44.57
    1     7    1.21   -4.70   -0.55   44.57   -5.51   -1.43   49.43
    1     8    1.19   -5.51   -1.43   49.43   -6.25   -2.29   54.30
    1     8    1.17   -6.25   -2.29   54.30   -7.12   -2.70   59.20
    1     8    1.16   -7.12   -2.70   59.20   -7.91   -2.63   64.14
    1     8    1.16   -7.91   -2.63   64.14   -8.76   -2.35   69.06
    1     8    1.15   -8.76   -2.35   69.06   -9.49   -1.96   73.99
    1     8    1.13   -9.49   -1.96   73.99   -9.75   -1.66   78.98
    1     8    1.13   -9.75   -1.66   78.98   -9.66   -1.40   83.97
    1     8    1.12   -9.66   -1.40   83.97   -9.96   -1.40   88.96
    1     8    1.11   -9.96   -1.40   88.96  -10.17   -0.94   93.93
    1     9    1.09  -10.17   -0.94   93.93   -9.95   -0.62   98.92
    1     9    1.09   -9.95   -0.62   98.92   -9.42   -0.11  103.86
    1     9    1.06   -9.42   -0.11  103.86   -8.94   -0.09  108.84
    1     9    1.04   -8.94   -0.09  108.84   -8.64    0.17  113.82
    1     9    1.04   -8.64    0.17  113.82   -8.40    0.75  118.78
    1     9    1.03   -8.40    0.75  118.78   -7.85    0.97  123.75
    1     9    1.00   -7.85    0.97  123.75   -7.59    0.86  128.74
    1     9    0.98   -7.59    0.86  128.74   -7.02    1.05  133.71
    1     9    0.98   -7.02    1.05  133.71   -6.34    0.93  138.66
    1    10    0.96   -6.34    0.93  138.66   -5.45    1.07  143.57
    1    10    0.94   -5.45    1.07  143.57   -4.33    1.31  148.44
    1    10    0.94   -4.33    1.31  148.44   -3.04    1.69  153.26
    1    10    0.92   -3.04    1.69  153.26   -2.00    1.66  158.15
    1    10    0.90   -2.00    1.66  158.15   -0.54    1.53  162.93
    1    10    0.87   -0.54    1.53  162.93    1.16    1.75  167.62
    1    10    0.87    1.16    1.75  167.62    2.96    1.98  172.29
    1    10    0.84    2.96    1.98  172.29    4.98    1.85  176.86
    1    11    0.81    4.98    1.85  176.86    7.28    2.00  181.29
    1    11    0.81    7.28    2.00  181.29    9.24    1.80  185.89
    1    11    0.79    9.24    1.80  185.89   11.19    1.21  190.46
    1    11    0.78   11.19    1.21  190.46   13.30    0.39  194.92
    1    11    0.75   13.30    0.39  194.92   15.50   -0.70  199.27
    1    11    0.75   15.50   -0.70  199.27   17.85   -1.66  203.58
    1    11    0.74   17.85   -1.66  203.58   20.48   -2.56  207.74
    1    11    0.72   20.48   -2.56  207.74   22.72   -3.22  212.16
    1    11    0.72   22.72   -3.22  212.16   25.17   -3.48  216.51
    1    12    0.70   25.17   -3.48  216.51   27.78   -3.56  220.77
    1    12    0.70   27.78   -3.56  220.77   30.58   -3.26  224.90
    1    12    0.70   30.58   -3.26  224.90   33.03   -2.70  229.23
    1    12    0.70   33.03   -2.70  229.23   35.80   -2.42  233.37
    1    12    0.70   35.80   -2.42  233.37   38.50   -2.61  237.58
    1    12    0.70   38.50   -2.61  237.58   41.00   -2.42  241.91
    1    12    0.70   41.00   -2.42  241.91   43.54   -2.45  246.21
    1    12    0.70   43.54   -2.45  246.21   45.95   -2.87  250.57
    1    12    0.70   45.95   -2.87  250.57   48.64   -2.96  254.79
    1    13    0.70   48.64   -2.96  254.79   51.66   -2.91  258.78
    1    13    0.70   51.66   -2.91  258.78   54.68   -2.71  262.75
    1    13    0.70   54.68   -2.71  262.75   57.73   -2.60  266.72
    1    13    0.70   57.73   -2.60  266.72   60.73   -2.29  270.70
    1    13    0.70   60.73   -2.29  270.70   63.33   -1.77  274.94
    1    13    0.70   63.33   -1.77  274.94   66.03   -0.98  279.07
    1    13    0.70   66.03   -0.98  279.07   68.39    0.07  283.36
    1    13    0.70   68.39    0.07  283.36   70.96    1.06  287.52
    1    13    0.70   70.96    1.06  287.52   73.35    1.68  291.88
    1    14    0.70   73.35    1.68  291.88   75.57    1.88  296.35
    1    14    0.70   75.57    1.88  296.35   78.15    2.21  300.62
    1    14    0.70   78.15    2.21  300.62   80.41    2.81  305.04
    1    14    0.70   80.41    2.81  305.04   82.32    3.32  309.63
    1    14    0.70   82.32    3.32  309.63   84.36    3.56  314.19
    1    14    0.70   84.36    3.56  314.19   86.73    3.96  318.57
    1    14    0.70   86.73    3.96  318.57   89.08    4.70  322.93
    1    14    0.70   89.08    4.70  322.93   90.94    5.42  327.51
    1    15    0.70   90.94    5.42  327.51   92.77    5.64  332.16
    1    15    0.70   92.77    5.64  332.16   94.65    6.04  336.77
    1    15    0.70   94.65    6.04  336.77   96.62    6.02  341.37
    1    15    0.70   96.62    6.02  341.37   98.68    5.72  345.92
    1    15    0.70   98.68    5.72  345.92  101.05    5.19  350.29
    1    15    0.70  101.05    5.19  350.29  103.04    4.91  354.86
    1    15    0.70  103.04    4.91  354.86  105.17    4.60  359.38
    1    15    0.70  105.17    4.60  359.38  107.01    4.46  364.03
    1    16    0.70  107.01    4.46  364.03  108.99    4.53  368.62
    1    16    0.70  108.99    4.53  368.62  110.80    4.50  373.28
    1    16    0.70  110.80    4.50  373.28  112.65    4.64  377.92
    1    16    0.70  112.65    4.64  377.92  114.30    5.15  382.61
    1    16    0.70  114.30    5.15  382.61  116.11    5.46  387.26
    1    16    0.70  116.11    5.46  387.26  117.44    5.67  392.08
    2    13    0.29   -0.48    0.16   16.98   -3.33   -3.77   18.17
    2    13    0.29   -3.33   -3.77   18.17   -6.43   -7.51   19.36
    2    13    0.29   -6.43   -7.51   19.36   -9.46  -11.39   20.22
    2    14    0.29   -9.46  -11.39   20.22  -12.86  -14.94   21.15
    2    14    0.29  -12.86  -14.94   21.15  -16.35  -18.46   21.77
    2    14    0.29  -16.35  -18.46   21.77  -19.69  -22.01   22.90
    2    14    0.29  -19.69  -22.01   22.90  -23.01  -25.66   23.71
    2    15    0.29  -23.01  -25.66   23.71  -26.61  -28.99   24.68
    2    15    0.29  -26.61  -28.99   24.68  -30.20  -32.36   25.57
    2    15    0.29  -30.20  -32.36   25.57  -33.86  -35.56   26.72
    2    16    0.29  -33.86  -35.56   26.72  -37.61  -38.59   28.07
    2    16    0.29  -37.61  -38.59   28.07  -41.62  -41.34   29.21
    3    13    0.31   -0.96    0.38   23.95   -4.66    3.64   24.77
    3    13    0.31   -4.66    3.64   24.77   -8.53    6.79   25.22
    3    13    0.31   -8.53    6.79   25.22  -12.43    9.91   25.21
    3    14    0.31  -12.43    9.91   25.21  -16.59   12.68   25.20
    3    14    0.31  -16.59   12.68   25.20  -20.96   15.10   25.43
    3    14    0.31  -20.96   15.10   25.43  -25.49   17.18   25.88
    3    14    0.31  -25.49   17.18   25.88  -29.97   19.23   26.71
    3    15    0.31  -29.97   19.23   26.71  -34.44   21.16   27.85
    3    15    0.31  -34.44   21.16   27.85  -38.77   23.23   29.26
    3    15    0.31  -38.77   23.23   29.26  -43.14   25.28   30.55
    3    15    0.31  -43.14   25.28   30.55  -47.65   26.97   31.91
    3    16    0.31  -47.65   26.97   31.91  -52.00   28.89   33.43
    3    16    0.31  -52.00   28.89   33.43  -56.12   31.06   35.27
    4    13    0.26   -2.15    0.33   30.84   -6.98   -0.92   31.22
    4    13    0.26   -6.98   -0.92   31.22  -11.73   -2.45   31.46
    4    13    0.26  -11.73   -2.45   31.46  -16.58   -3.65   31.56
    4    14    0.26  -16.58   -3.65   31.56  -21.46   -4.72   31.34
    4    14    0.26  -21.46   -4.72   31.34  -26.38   -5.45   30.82
    4    14    0.26  -26.38   -5.45   30.82  -31.28   -6.46   30.81
    4    15    0.26  -31.28   -6.46   30.81  -36.11   -7.71   31.20
    4    15    0.26  -36.11   -7.71   31.20  -40.78   -9.42   31.68
    4    15    0.26  -40.78   -9.42   31.68  -45.37  -11.38   32.00
    4    16    0.26  -45.37  -11.38   32.00  -50.07  -12.99   32.58
    4    16    0.26  -50.07  -12.99   32.58  -54.58  -14.96   33.46
    5    13    0.27   -3.46    0.00   37.71   -4.60   -4.75   38.79
    5    13    0.27   -4.60   -4.75   38.79   -5.36   -9.62   39.59
    5    13    0.27   -5.36   -9.62   39.59   -6.31  -14.36   40.86
    5    14    0.27   -6.31  -14.36   40.86   -6.87  -19.15   42.19
    5    14    0.27   -6.87  -19.15   42.19   -7.02  -23.99   43.43
    5    14    0.27   -7.02  -23.99   43.43   -6.73  -28.80   44.76
    5    15    0.27   -6.73  -28.80   44.76   -6.53  -33.55   46.32
    5    15    0.27   -6.53  -33.55   46.32   -6.44  -38.41   47.48
    5    15    0.27   -6.44  -38.41   47.48   -6.41  -43.19   48.96
    5    16    0.27   -6.41  -43.19   48.96   -6.61  -48.06   50.08
    5    16    0.27   -6.61  -48.06   50.08   -6.63  -52.86   51.46
    5    16    0.27   -6.63  -52.86   51.46   -6.62  -57.77   52.41
    6    13    0.35   -4.70   -0.55   44.57   -6.46    3.75   46.42
    6    13    0.35   -6.46    3.75   46.42   -8.22    8.21   47.84
    6    13    0.35   -8.22    8.21   47.84  -10.36   12.44   49.42
    6    13    0.35  -10.36   12.44   49.42  -12.36   16.78   50.90
    6    14    0.35  -12.36   16.78   50.90  -14.30   21.03   52.69
    6    14    0.35  -14.30   21.03   52.69  -16.32   25.17   54.63
    6    14    0.35  -16.32   25.17   54.63  -18.60   29.31   56.28
    6    14    0.35  -18.60   29.31   56.28  -20.94   33.34   58.08
    6    15    0.35  -20.94   33.34   58.08  -23.40   37.23   60.02
    6    15    0.35  -23.40   37.23   60.02  -25.76   41.07   62.19
    6    15    0.35  -25.76   41.07   62.19  -27.98   45.01   64.33
    6    15    0.35  -27.98   45.01   64.33  -30.26   48.87   66.54
    6    16    0.35  -30.26   48.87   66.54  -32.25   52.72   69.03
    6    16    0.35  -32.25   52.72   69.03  -33.96   56.49   71.84
    6    16    0.35  -33.96   56.49   71.84  -35.94   60.36   74.30
    7    14    0.33   -5.81   -1.77   51.37   -7.45    2.51   53.37
    7    14    0.33   -7.45    2.51   53.37   -9.05    6.82   55.33
    7    14    0.33   -9.05    6.82   55.33  -10.31   11.18   57.44
    7    14    0.33  -10.31   11.18   57.44  -11.75   15.28   59.89
    7    15    0.33  -11.75   15.28   59.89  -13.45   19.42   62.14
    7    15    0.33  -13.45   19.42   62.14  -15.32   23.30   64.66
    7    15    0.33  -15.32   23.30   64.66  -17.28   27.12   67.24
    7    16    0.33  -17.28   27.12   67.24  -19.01   31.20   69.56
    7    16    0.33  -19.01   31.20   69.56  -20.32   35.45   71.82
    7    16    0.33  -20.32   35.45   71.82  -22.05   39.57   74.07
    8    14    0.26   -6.95   -2.61   58.22   -2.34   -2.93   60.14
    8    14    0.26   -2.34   -2.93   60.14    2.15   -3.29   62.31
    8    14    0.26    2.15   -3.29   62.31    6.68   -4.00   64.30
    8    15    0.26    6.68   -4.00   64.30   11.15   -4.28   66.53
    8    15    0.26   11.15   -4.28   66.53   15.68   -4.90   68.55
    8    15    0.26   15.68   -4.90   68.55   20.10   -5.74   70.74
    8    16    0.26   20.10   -5.74   70.74   24.34   -6.54   73.25
    8    16    0.26   24.34   -6.54   73.25   28.71   -7.56   75.46
    9    14    0.23   -8.08   -2.57   65.12   -6.48   -6.97   66.89
    9    14    0.23   -6.48   -6.97   66.89   -4.55  -11.10   68.93
    9    15    0.23   -4.55  -11.10   68.93   -2.88  -15.21   71.23
    9    15    0.23   -2.88  -15.21   71.23   -1.46  -19.33   73.70
    9    15    0.23   -1.46  -19.33   73.70   -0.38  -23.30   76.54
    9    16    0.23   -0.38  -23.30   76.54    0.29  -27.46   79.22
    9    16    0.23    0.29  -27.46   79.22    1.19  -31.50   82.02
   10    14    0.33   -9.20   -2.11   72.02  -11.33    2.39   72.43
   10    14    0.33  -11.33    2.39   72.43  -13.37    6.96   72.47
   10    14    0.33  -13.37    6.96   72.47  -15.10   11.64   72.75
   10    14    0.33  -15.10   11.64   72.75  -16.51   16.40   73.36
   10    15    0.33  -16.51   16.40   73.36  -18.09   21.13   73.68
   10    15    0.33  -18.09   21.13   73.68  -19.44   25.94   73.69
   10    15    0.33  -19.44   25.94   73.69  -21.16   30.64   73.70
   10    16    0.33  -21.16   30.64   73.70  -22.74   35.37   73.96
   10    16    0.33  -22.74   35.37   73.96  -24.65   39.99   74.15
   10    16    0.33  -24.65   39.99   74.15  -26.25   44.73   74.21
   11    14    0.27   -9.75   -1.66   78.98  -13.97   -3.93   80.37
   11    14    0.27  -13.97   -3.93   80.37  -18.44   -5.82   81.59
   11    14    0.27  -18.44   -5.82   81.59  -23.08   -7.43   82.51
   11    15    0.27  -23.08   -7.43   82.51  -27.55   -9.28   83.79
   11    15    0.27  -27.55   -9.28   83.79  -31.84  -11.16   85.53
   11    15    0.27  -31.84  -11.16   85.53  -35.99  -13.21   87.43
   11    16    0.27  -35.99  -13.21   87.43  -40.11  -14.91   89.69
   11    16    0.27  -40.11  -14.91   89.69  -43.94  -16.76   92.32
   12    14    0.23   -9.78   -1.40   85.96  -13.25    1.96   87.28
   12    14    0.23  -13.25    1.96   87.28  -16.63    5.45   88.45
   12    15    0.23  -16.63    5.45   88.45  -20.35    8.57   89.63
   12    15    0.23  -20.35    8.57   89.63  -24.01   11.58   91.23
   12    15    0.23  -24.01   11.58   91.23  -27.43   14.61   93.26
   12    16    0.23  -27.43   14.61   93.26  -30.84   17.87   94.90
   12    16    0.23  -30.84   17.87   94.90  -33.97   21.31   96.74
   13    14    0.29  -10.13   -1.03   92.94  -11.90    3.62   93.40
   13    14    0.29  -11.90    3.62   93.40  -13.74    8.27   93.60
   13    14    0.29  -13.74    8.27   93.60  -15.65   12.88   93.85
   13    15    0.29  -15.65   12.88   93.85  -17.25   17.58   94.47
   13    15    0.29  -17.25   17.58   94.47  -18.54   22.31   95.42
   13    15    0.29  -18.54   22.31   95.42  -19.77   27.13   95.95
   13    16    0.29  -19.77   27.13   95.95  -20.92   31.99   96.12
   13    16    0.29  -20.92   31.99   96.12  -21.68   36.91   96.62
   13    16    0.29  -21.68   36.91   96.62  -22.87   41.75   97.00
   14    15    0.40   -9.85   -0.52   99.91   -5.07   -1.48  101.04
   14    15    0.40   -5.07   -1.48  101.04   -0.31   -2.69  101.95
   14    15    0.40   -0.31   -2.69  101.95    4.40   -4.25  102.59
   14    15    0.40    4.40   -4.25  102.59    8.93   -6.27  103.23
   14    16    0.40    8.93   -6.27  103.23   13.36   -8.56  103.54
   14    16    0.40   13.36   -8.56  103.54   17.80  -10.87  103.54
   14    16    0.40   17.80  -10.87  103.54   22.34  -12.93  103.80
   15    15    0.31   -9.13   -0.10  106.85  -12.59   -3.20  108.70
   15    15    0.31  -12.59   -3.20  108.70  -15.68   -6.55  110.75
   15    15    0.31  -15.68   -6.55  110.75  -18.92   -9.62  113.02
   15    16    0.31  -18.92   -9.62  113.02  -22.33  -12.28  115.51
   15    16    0.31  -22.33  -12.28  115.51  -25.79  -15.07  117.81
   15    16    0.31  -25.79  -15.07  117.81  -29.42  -17.59  120.14
   16    15    0.31   -8.64    0.17  113.82   -4.09   -1.64  114.82
   16    15    0.31   -4.09   -1.64  114.82    0.39   -3.58  115.91
   16    15    0.31    0.39   -3.58  115.91    4.63   -5.83  117.31
   16    16    0.31    4.63   -5.83  117.31    8.92   -7.72  119.03
   16    16    0.31    8.92   -7.72  119.03   13.30   -9.58  120.59
   16    16    0.31   13.30   -9.58  120.59   17.46  -11.68  122.39
   17    15    0.39   -8.18    0.84  120.77   -9.25    5.64  121.68
   17    15    0.39   -9.25    5.64  121.68   -9.99   10.43  122.89
   17    15    0.39   -9.99   10.43  122.89  -11.03   15.20  124.00
   17    15    0.39  -11.03   15.20  124.00  -11.67   19.96  125.37
   17    16    0.39  -11.67   19.96  125.37  -12.36   24.71  126.77
   17    16    0.39  -12.36   24.71  126.77  -12.58   29.50  128.18
   17    16    0.39  -12.58   29.50  128.18  -12.81   34.13  130.07
   18    15    0.29   -7.64    0.88  127.74   -4.24   -2.45  129.28
   18    15    0.29   -4.24   -2.45  129.28   -1.08   -5.79  131.24
   18    15    0.29   -1.08   -5.79  131.24    1.96   -9.35  133.01
   18    16    0.29    1.96   -9.35  133.01    5.13  -12.91  134.52
   18    16    0.29    5.13  -12.91  134.52    8.63  -16.23  135.83
   19    15    0.27   -6.89    1.03  134.70   -1.95    0.41  135.13
   19    15    0.27   -1.95    0.41  135.13    2.94   -0.52  135.62
   19    15    0.27    2.94   -0.52  135.62    7.85   -1.26  136.25
   19    16    0.27    7.85   -1.26  136.25   12.65   -2.46  136.98
   19    16    0.27   12.65   -2.46  136.98   17.39   -3.80  137.83
   20    16    0.36   -5.81    1.01  141.61   -9.72   -1.04  143.96
   20    16    0.36   -9.72   -1.04  143.96  -13.57   -2.97  146.50
   21    16    0.27   -4.33    1.31  148.44   -3.54    6.10  149.64
   21    16    0.27   -3.54    6.10  149.64   -3.17   10.93  150.89
   22    16    0.29   -2.62    1.67  155.21    2.20    2.98  155.31
   22    16    0.29    2.20    2.98  155.31    7.11    3.95  155.17
   23    16    0.39   -0.83    1.56  161.97    3.23    4.46  162.21
   23    16    0.39    3.23    4.46  162.21    7.07    7.61  162.78
   23    16    0.39    7.07    7.61  162.78   10.99   10.68  163.28
   24    16    0.35    1.52    1.80  168.56    3.16    6.44  169.44
   24    16    0.35    3.16    6.44  169.44    4.51   11.10  170.65
   25    16    0.33    4.17    1.90  175.03    3.44   -2.70  176.85
   25    16    0.33    3.44   -2.70  176.85    2.41   -7.11  178.96
