NumAxe Jour Diam     X1       Y1       Z1      X2       Y2       Z2
    1     7    0.70    0.00    0.00   10.00   -0.43    0.04   14.98
    1     7    0.70   -0.43    0.04   14.98   -0.56    0.35   19.97
    1     7    0.70   -0.56    0.35   19.97   -1.06    0.39   24.94
    1     7    0.70   -1.06    0.39   24.94   -1.93    0.36   29.87
    1     7    0.70   -1.93    0.36   29.87   -3.02    0.21   34.75
    1     7    0.70   -3.02    0.21   34.75   -3.76   -0.13   39.68
    1     7    0.70   -3.76   -0.13   39.68   -4.70   -0.55   44.57
    1     7    0.70   -4.70   -0.55   44.57   -5.51   -1.43   49.43
    1     8    0.70   -5.51   -1.43   49.43   -6.25   -2.29   54.30
    1     8    0.70   -6.25   -2.29   54.30   -7.12   -2.70   59.20
    1     8    0.70   -7.12   -2.70   59.20   -7.91   -2.63   64.14
    1     8    0.70   -7.91   -2.63   64.14   -8.76   -2.35   69.06
    1     8    0.70   -8.76   -2.35   69.06   -9.49   -1.96   73.99
    1     8    0.70   -9.49   -1.96   73.99   -9.75   -1.66   78.98
    1     8    0.70   -9.75   -1.66   78.98   -9.66   -1.40   83.97
    1     8    0.70   -9.66   -1.40   83.97   -9.96   -1.40   88.96
    1     8    0.70   -9.96   -1.40   88.96  -10.17   -0.94   93.93
