1	4	0.0	0.25	0.0	0.0	0.00375	0.0		0.0	
2	4	0.0	0.25	0.0	0.0	0.00375	0.0		0.0	
3	4	0.0	0.25	0.0	0.0	0.003638187560413125	0.0		0.0	
4	4	0.0	0.25	0.0	0.0	0.0034478577600169954	0.0		0.0	
5	4	0.0	0.25	0.0	0.0	0.003178274667184105	0.0		0.0	
6	4	0.0	0.25	0.0	0.0	0.002828730719359023	0.0		0.0	
7	4	6.2520653736735186e-06	0.25	0.0	0.0	0.0025188887805460683	0.0	0.0	2.500826149469408e-05	
8	4	6.265155491018621e-06	0.25	5.869933369868823e-07	0.919077372215369	0.002520008191192132	0.0	0.0	2.5060621964074482e-05	0.7641908766619296
9	4	6.555789675780672e-06	0.25	1.3276823545942764e-06	2.1050741846263423	0.0025430427518310914	0.0	0.0	2.6223158703122688e-05	2.9761303630759897
10	4	8.600113196895395e-06	0.25	7.083121260952853e-06	9.348941879690404	0.002699829293987129	0.0	0.0	3.440045278758158e-05	2.97612725699292
11	4	1.1013477779749049e-05	0.25	7.679788231871064e-06	10.807004126033473	0.0028825791951014373	0.0	0.0	4.40539111189962e-05	2.9761219323216896
12	4	1.1504257064290275e-05	0.25	1.8235443390053086e-06	2.9919104921419954	0.0029197220180911497	0.0	0.0	4.60170282571611e-05	1.0465682263220648
13	4	1.3694249543831262e-05	0.25	6.4650169345234526e-06	10.037998435589197	0.0030868721400602933	0.0	0.0	5.477699817532505e-05	0.8159797396786377
14	4	1.8930204132893162e-05	0.25	2.522097924259499e-05	23.0320736752017	0.003493154301805077	0.0	0.0	7.572081653157265e-05	0.9493261545807872
15	4	2.198178659593718e-05	0.25	8.264556806335901e-06	13.435858607511404	0.003719498527376667	0.0	0.0	8.792714638374872e-05	0.7641908897138904
16	4	2.9899311073392078e-05	0.25	2.573813043187969e-05	32.397749592562214	0.004294912169673033	0.0	0.0	0.00011959724429356831	1.6983846778642635
17	4	3.974725048674136e-05	0.25	3.0120201334824507e-05	39.981565010817924	0.005006881466977053	0.0	0.0	0.00015898900194696543	0.9216752147400152
18	4	5.320192525235651e-05	0.25	5.3448441003080015e-05	54.66964794786986	0.005985862820333115	0.0	0.0	0.00021280770100942604	2.9761248119697146
19	4	7.16485054921624e-05	0.25	5.979481255988965e-05	75.93605331227515	0.007351769081199772	0.0	0.0	0.0002865940219686496	1.2810641992531655
20	4	9.322967489410264e-05	0.25	7.36632746707969e-05	91.6180872487098	0.008998939984310814	0.0	0.0	0.00037291869957641055	1.4096125187112216
21	4	0.00012274227544749404	0.25	9.788988473253674e-05	130.87657358587862	0.011361395423885751	0.0	0.0	0.0004909691017899761	1.6165270982073008
22	4	0.0001614092442976087	0.25	0.00012269069375845542	172.04455180623452	0.014469924537212072	0.0	0.0	0.0006456369771904348	1.18392532465611
23	4	0.00021013748157939417	0.25	0.00016462522815869558	222.16814658825038	0.018485364467794176	0.0	0.0	0.0008405499263175768	1.246801801208372
24	4	0.00026169150892035056	0.25	0.00014100004019091948	232.08694705134425	0.022658848218333524	0.0	0.0	0.0010467660356814022	1.0490840715200245
25	4	0.0003479806820150532	0.25	0.0002973200538014705	385.4495863841995	0.029640824719200844	0.0	0.0	0.0013919227280602127	1.2270337471620447
26	4	0.00044757032354190106	0.25	0.000346175559610912	452.68267677885405	0.03782156465758558	0.0	0.0	0.0017902812941676042	1.1922667025595926
27	4	0.0005891849272901923	0.25	0.0004393730307695239	662.9720600313558	0.04983779695227437	0.0	0.0	0.0023567397091607692	1.301553947951911
28	4	0.0007555208877069973	0.25	0.0005482853601611389	857.4675999311963	0.06606033845812062	0.0	0.0	0.003022083550827989	1.1014435500903603
29	4	0.0009232003412485196	0.25	0.0006023422548634687	982.9900224343588	0.08532129225015084	0.0	0.0	0.0036928013649940783	1.200101374161502
30	4	0.0010873380846914817	0.25	0.000786553492324217	1284.4256777825112	0.1123432808897218	0.0	0.0	0.004349352338765926	1.2311830174059228
31	4	0.0012607687065538914	0.25	0.0009594661167673602	1539.9474336254395	0.14556925361836978	0.0	0.0	0.005043074826215565	1.1141880667811592
32	4	0.0014358269127330466	0.25	0.0011996361002462206	1879.0296229900946	0.1873144661519622	0.0	0.0	0.005743307650932185	1.2365492391406163
33	4	0.0016044467289735025	0.25	0.0012490374119698464	2046.3150149193634	0.23313907360192385	0.0	0.0	0.006417786915894009	1.1829217096523217
34	4	0.0017856516640145038	0.25	0.0014335370929348553	2335.8282882009817	0.284555760827159	0.0	0.0	0.007142606656058015	1.2450512203696071
35	4	0.001966999008826601	0.25	0.0016356042807470564	2686.26179696344	0.3435992305184532	0.0	0.0	0.007867996035306406	1.1879264632535342
36	4	0.002139360683974293	0.25	0.0017266181065245315	2815.695162980255	0.4047823266659476	0.0	0.0	0.00855744273589717	1.2135390757866338
37	4	0.002318975032198087	0.25	0.002170464537926534	3326.9166886644234	0.478053002312563	0.0	0.0	0.009275900128792348	1.1721808313882496
38	4	0.0024968623235816024	0.25	0.0020043071076018357	3398.1189665112474	0.5513700509611669	0.001753764825904922	0.010898717908913506	0.00998744929432641	1.1150609122351711
39	4	0.002663609118426077	0.25	0.0024287827735819693	3919.315162942708	0.6370890272023744	0.0052300752854383785	0.028634120777755536	0.010654436473704308	1.174118430327147
40	4	0.002839514937799624	0.25	0.0024744795394583624	4164.024331891538	0.7262555125094543	0.010394365419869394	0.049637915502617994	0.011358059751198496	1.1588968815473426
41	4	0.003010092794034221	0.25	0.002304657663162311	4131.185178511496	0.8123651713941772	0.017208658264277952	0.07194935015365644	0.012040371176136884	1.1281479999010728
42	4	0.003189486014710489	0.25	0.0028797235633196572	4877.278905063312	0.9162831751403726	0.02563150462833667	0.0944597188871634	0.012757944058841956	1.1920708655562888
43	4	0.003373590863602379	0.25	0.002851402996019611	5021.33393220654	1.0226393049864195	0.03561792504361113	0.11704216696053725	0.013494363454409516	1.125666557242588
44	4	0.0035520191274635423	0.25	0.0030332623646279065	5400.058501460736	1.138458047033553	0.04711935502121583	0.1401925276178154	0.01420807650985417	1.189756423710521
45	4	0.003713922115878592	0.25	0.003115848715379836	5698.564133586108	1.2612090475815878	0.0600835937612076	0.1635021924612837	0.014855688463514368	1.1807809456871696
46	4	0.0038808240579551244	0.25	0.0034201110961445875	6287.546026253387	1.3963718620352548	0.07445475645235305	0.18456304911874266	0.015523296231820497	1.1970775602495205
47	4	0.004052823318588339	0.25	0.0033221339636468907	6349.531080363155	1.5305522550423485	0.0901732302978728	0.20381418910749174	0.01621129327435336	1.0939095004840718
48	4	0.004237912737716179	0.25	0.003734801315229793	6862.363316067927	1.6761568690362318	0.10717563439944396	0.2217176680467706	0.016951650950864715	1.1946092061564957
49	4	0.004424702733141072	0.25	0.0037263945673003274	7162.624694378821	1.828406518393312	0.12539478362813558	0.23925322448899924	0.017698810932564292	1.153718325629191
50	4	0.004601326250792133	0.25	0.0038592656965426592	7460.944268017279	1.9878596657690315	0.14475965660706314	0.2571053356894217	0.01840530500316853	1.1187587510083794
51	4	0.004790504602642261	0.25	0.0040540069440190545	7854.0486957819385	2.1538845675367373	0.16519536792637932	0.271998379087444	0.019162018410569043	1.2074376064584127
52	4	0.004974264339278722	0.25	0.004680382263471238	8436.315934387712	2.3325097600509497	0.18662314470677446	0.2851488579278285	0.01989705735711489	1.1449690582887546
53	4	0.005175564588704154	0.25	0.004594312838143752	8781.324003411366	2.517601720864619	0.2089603076229464	0.2968681903628932	0.02070225835481661	1.1446122408320307
54	4	0.005381875134750931	0.25	0.004843621597879246	8946.817242554396	2.7053968773080523	0.2321202564935162	0.3081986695555004	0.021527500539003725	1.1303829850587979
55	4	0.0055801772308080476	0.25	0.004755492531979946	9347.865023130424	2.9031657895837357	0.25601246053863	0.32010224870292625	0.022320708923232197	1.1546435939902628
56	4	0.005794229654753813	0.25	0.005232565322402304	9870.640922231629	3.1114264836730268	0.2805424534009877	0.3301007946271447	0.02317691861901525	1.1555652713030042
57	4	0.006003935880353668	0.25	0.005131065797403723	10126.010593782024	3.3235078719212927	0.3056118330203001	0.3387080036579245	0.024015743521414668	1.1177147328456678
58	4	0.0062105308417306606	0.25	0.005488705646974709	10814.520333005376	3.5516042193401844	0.33111826644519626	0.3466478894812623	0.024842123366922642	1.1336513598388067
59	4	0.006419685887476192	0.25	0.005605556609423742	11199.03651070164	3.788269963095895	0.3569554996603837	0.3545002586548009	0.025678743549904768	1.1276317440216883
60	4	0.0066171085838128575	0.25	0.005799088420880932	11531.748124549978	4.033243247604896	0.3830133725004369	0.3631448879703352	0.02646843433525143	1.1434091823321335
