1	4	0.0	0.25	0.0	0.0	0.00375	0.0		0.0	
2	4	0.0	0.25	0.0	0.0	0.00375	0.0		0.0	
3	4	0.0	0.25	0.0	0.0	0.003638187560413125	0.0		0.0	
4	4	0.0	0.25	0.0	0.0	0.0034478577600169954	0.0		0.0	
5	4	0.0	0.25	0.0	0.0	0.003178274667184105	0.0		0.0	
6	4	0.0	0.25	0.0	0.0	0.002828730719359023	0.0		0.0	
7	4	6.2520653736735186e-06	0.25	0.0	0.0	0.0025188887805460683	0.0	0.0	2.500826149469408e-05	
8	4	6.267504281186022e-06	0.25	5.938402762289685e-07	0.9299438664613462	0.002520209049645073	0.0	0.0	2.507001712474409e-05	0.7641908766619296
9	4	8.176241985876034e-06	0.25	7.1930127832875074e-06	9.043215904603533	0.002671488344056182	0.0	0.0	3.2704967943504134e-05	2.97612725699292
10	4	1.1104359460173987e-05	0.25	1.3367061943695239e-05	13.059708493427735	0.002896056231222845	0.0	0.0	4.441743784069595e-05	1.1790756188680431
11	4	1.4835003643048095e-05	0.25	1.299660497632514e-05	16.270376290116594	0.003178555966387914	0.0	0.0	5.934001457219238e-05	0.8215718777569665
12	4	1.5174672054912064e-05	0.25	1.5107629354392545e-06	2.4740835742921683	0.003204262519403601	0.0	0.0	6.0698688219648256e-05	1.0422919063100513
13	4	1.7720774879849806e-05	0.25	7.345140378074809e-06	11.605421200796545	0.003398592592091123	0.0	0.0	7.088309951939921e-05	0.807206799226284
14	4	2.0788175339350198e-05	0.25	8.829094691305227e-06	14.034962605965893	0.003636606514562143	0.0	0.0	8.315270135740079e-05	2.467249858796017
15	4	2.1758432804482765e-05	0.25	3.032925711720953e-06	5.132885031272377	0.0037085731670154468	0.0	0.0	8.703373121793106e-05	1.1252771576396603
16	4	2.998698490340506e-05	0.25	2.8887253514530006e-05	33.61692051935981	0.004306591038327199	0.0	0.0	0.00011994793961362024	1.5657510254412526
17	4	4.020873449505985e-05	0.25	3.044618657031966e-05	41.4476094623957	0.005045585417610551	0.0	0.0	0.0001608349379802394	1.422211164327084
18	4	5.561434978915252e-05	0.25	5.168131968864322e-05	62.362545356660775	0.006166519990361194	0.0	0.0	0.00022245739915661007	1.2612942310993311
19	4	6.723241258239007e-05	0.25	3.0008283447976988e-05	48.64300014497509	0.007026797857701665	0.0	0.0	0.0002689296503295602	0.799394187255901
20	4	8.938766432238087e-05	0.25	6.650339449673032e-05	93.87781179622746	0.008717785280001973	0.0	0.0	0.00035755065728952347	1.2701919997790028
21	4	0.0001087638580418916	0.25	5.891374347412268e-05	86.88327421764427	0.010268831050031743	0.0	0.0	0.0004350554321675664	1.0866194006748424
22	4	0.0001369322175182831	0.25	7.9533454044599e-05	126.01111767311106	0.01253335211570986	0.0	0.0	0.0005477288700731324	1.204267819865955
23	4	0.0001753244823588069	0.25	0.00011222435069830075	175.42909399186826	0.01569705845654538	0.0	0.0	0.0007012979294352276	1.3068276718124214
24	4	0.00023193295328249327	0.25	0.0001705609228491491	253.2730974460926	0.02027971757608221	0.0	0.0	0.0009277318131299733	1.3533527570103394
25	4	0.00030449556716321814	0.25	0.00022003009704306393	324.55134600409764	0.02615102734516183	0.0	0.0	0.0012179822686528726	1.4237801461039172
26	4	0.00039084467680723564	0.25	0.00025185876508159697	392.65181731181883	0.03324413059444243	0.0	0.0	0.0015633787072289425	1.1685346789944628
27	4	0.0005035001167279212	0.25	0.00034221114524060126	528.4749995004412	0.0428031301574635	0.0	0.0	0.0020140004669116853	1.219069248011597
28	4	0.0006561860457201312	0.25	0.0004423692627750532	706.5011573280516	0.05559257912975465	0.0	0.0	0.002624744182880525	1.2092004423735438
29	4	0.0008238654992616532	0.25	0.0006191954205306463	962.2595751985788	0.07440033456603215	0.0	0.0	0.0032954619970466128	1.1454943754741436
30	4	0.0009880032427046154	0.25	0.0007065121795841372	1133.3443939183214	0.0975311594430424	0.0	0.0	0.003952012970818462	1.100863302596109
31	4	0.0011614338645670255	0.25	0.0009390780066193637	1426.703986383967	0.12790013479685214	0.0	0.0	0.004645735458268102	1.2126866092036521
32	4	0.0013364920707461805	0.25	0.0010751374333182854	1722.5974520644781	0.1656736214943764	0.0	0.0	0.005345968282984721	1.1327766245913402
33	4	0.001505111886986636	0.25	0.0013002919987693152	2019.180229391277	0.21097647539960168	0.0	0.0	0.006020447547946544	1.1866772842245934
34	4	0.0016863168220276376	0.25	0.0013398700254213718	2171.7901850110147	0.25826103585582344	0.0	0.0	0.00674526728811055	1.1706172990245245
35	4	0.0018676641668397352	0.25	0.00146777267601469	2369.4580662076073	0.3091756387575211	0.0	0.0	0.007470656667358941	1.1153616334582237
36	4	0.0020400258419874264	0.25	0.0016778256212119575	2752.050942016393	0.36898795793209216	0.0	0.0	0.008160103367949706	1.1301911505839837
37	4	0.0022196401902112206	0.25	0.0017405081531866255	2965.616923393532	0.4330403012955691	0.0	0.0	0.008878560760844883	1.0787311037474832
38	4	0.0023975274815947363	0.25	0.0020031512158818878	3331.19540630872	0.5049952807226179	0.001753764825904922	0.011245827887330586	0.009590109926378943	1.153947404796834
39	4	0.002564274276439211	0.25	0.0021478026395321684	3662.8087047018766	0.5843583203596652	0.0052300752854383785	0.0294345158731514	0.010257097105756844	1.2175105792803431
40	4	0.002740180095812757	0.25	0.0024775014793558593	4061.888676541429	0.6713023879131544	0.010394365419869394	0.050843855330905616	0.01096072038325103	1.1624286916340765
41	4	0.002910757952047354	0.25	0.0025802730770633645	4346.361709956751	0.7635885764085875	0.017208658264277952	0.07347512987120239	0.011643031808189416	1.1718298252288055
42	4	0.003090151172723623	0.25	0.0027542618924511052	4712.7608775625895	0.8636013064754692	0.02563150462833667	0.09622093946170107	0.012360604690894492	1.175141932575562
43	4	0.0032742560216155125	0.25	0.0029163130499322157	5038.998139906534	0.9708980142080259	0.03561792504361113	0.11898410012293745	0.01309702408646205	1.18860350227193
44	4	0.0034526842854766763	0.25	0.0030990746264698108	5376.984356377479	1.0865731319970964	0.04711935502121583	0.14229527753985724	0.013810737141906705	1.148410707843002
45	4	0.003614587273891726	0.25	0.002974782673755812	5479.752705519571	1.2040131622109342	0.0600835937612076	0.1657423197793113	0.014458349095566904	1.1475965649462485
46	4	0.003781489215968258	0.25	0.0035195208642140358	6079.5625410955545	1.3341987277238594	0.07445475645235305	0.18686369003536255	0.015125956863873032	1.1519817502916865
47	4	0.0039534884766014725	0.25	0.0035295396396317906	6305.193638475898	1.4677679044492806	0.0901732302978728	0.20612820220450734	0.01581395390640589	1.1782528340984355
48	4	0.004138577895729314	0.25	0.0037691622566242053	6706.33354677148	1.6098174555104603	0.10717563439944396	0.2240194360491491	0.01655431158291725	1.1321485705611594
49	4	0.004325367891154204	0.25	0.003999493071464015	7138.927417531341	1.7620384092968369	0.12539478362813558	0.24154220963152415	0.017301471564616817	1.170605844267825
50	4	0.004501991408805266	0.25	0.004065907814578447	7497.060239247996	1.9230425479907431	0.14475965660706314	0.2593935374044513	0.018007965635221064	1.1882616707633882
51	4	0.004691169760655396	0.25	0.003974652938988453	7679.023411774528	2.085029086168954	0.16519536792637932	0.2742410863042459	0.018764679042621583	1.0980524421393454
52	4	0.0048749294972918545	0.25	0.0042339805365651404	8020.41153297395	2.253291606391745	0.18662314470677446	0.28732936629680583	0.019499717989167418	1.1452850328621087
53	4	0.005076229746717287	0.25	0.004517909659205451	8684.811909018765	2.4365480322238158	0.2089603076229464	0.2989778406873663	0.020304918986869147	1.1636075314173135
54	4	0.005282540292764064	0.25	0.0045250134130036925	8802.049244544165	2.6212499281095583	0.2321202564935162	0.31024461277356896	0.021130161171056257	1.1498111594919636
55	4	0.0054808423888211815	0.25	0.004814508795127493	9169.55231979124	2.8150676376836534	0.25601246053863	0.3221025406264133	0.021923369555284726	1.1760307846333775
56	4	0.0056948948127669465	0.25	0.004963369450770721	9793.167643029032	3.0220754557294223	0.2805424534009877	0.3320412858187717	0.022779579251067786	1.1432876030063508
57	4	0.005904601038366801	0.25	0.004940372782541922	9834.434268639814	3.2272616387874753	0.3056118330203001	0.34058278054087204	0.023618404153467203	1.1703804518434222
58	4	0.006111195999743794	0.25	0.005268014616916329	10381.910844385491	3.4448007161480745	0.33111826644519626	0.3484597705052494	0.02444478399897517	1.1419361873215563
59	4	0.006320351045489325	0.25	0.005800237393707942	11077.273864890043	3.679212427007213	0.3569554996603837	0.35625752720912657	0.0252814041819573	1.1358400032828118
60	4	0.0065177737418259905	0.25	0.005581503831173477	11472.548376387293	3.9236040007910287	0.3830133725004369	0.36486306341320107	0.02607109496730396	1.1332209997789342
