0.0
0.0007285827694774977
0.001470803715289176
0.0022264888145988866
0.002995435107657292
0.0014038316404267192
0.0
5.289584069121389e-06
0.0
9.674433346165933e-05
0.00016641221386523244
0.0001124299402035689
0.00018164205995445037
0.00031604390075647793
0.00024585506123949054
0.00019641717356409317
0.0001102341335689836
0.00045081922502733995
0.0004323162906789158
0.0009189641722422605
0.0008788452713933293
0.001102548202483881
0.00047379690979247255
0.0018347631964516803
0.001194690793987686
0.0026497726874457864
0.0037936068930718215
0.0035932085416670676
0.0033584725315197236
0.002861107623814263
0.00406649908369807
0.001679940679747773
0.004956301330454018
0.0022033186062860965
0.004734375180336926
0.00333030259009842
0.000554490841630205
0.004208334047382536
0.00018515237078939607
0.004073864021972341
0.0046218089618106865
0.0008641541108876824
0.004734869976662708
0.0007331945062169325
0.004532379272119428
0.004568834093517496
0.005402703357696254
0.006858432643118889
0.006741790561972424
0.007170434165877537
0.007895973680378376
0.007977487878850895
0.007893467365878466
0.010107625923080975
0.009927414549538412
0.009882242639803366
0.010372766741961898
0.013176468452061671
0.013874312525996517
0.20112806294753527
