0.0
0.0009714436926366636
0.0019610716203855693
0.0029686517527985155
0.00399391347687639
0.0014696742246990482
0.0013299515199464392
0.0015787797807495193
0.0018169071209121449
0.0015689609343708605
0.0027314905440085444
0.0026437754091685373
0.0029711847401077593
0.00323403616311996
0.004832468626701378
0.003174728557701947
0.006436057406384592
0.005821777176395181
0.008462979367185427
0.006861214042216162
0.008825698184533552
0.01239220376698046
0.013460943407060569
0.01630985644130091
0.016780437589863483
0.018629852334048905
0.02659524177168908
0.025289472434223227
0.03247286707106528
0.033729661244877744
0.034982243436013624
0.036229198283291
0.037469072042453665
0.03870037352232641
0.03992157509295254
0.04113111376564518
0.0423273923447398
0.043508780650720724
0.04467361681424757
0.04582020864048195
0.046946835042974165
0.04805174754624227
0.049133171856025115
0.05018930949607795
0.05121833951021381
0.0522184202281851
0.05318769109384926
0.054124274553933455
0.05502627800557457
0.05589179580070095
0.0567189113051511
0.057505699010346925
0.05825022669517535
0.05895055763563323
0.05960475285965208
0.060210873444426855
0.06076698285343492
0.061271149310238804
0.06172144820605672
1.7250673394487732
