0.0
0.0009714436926366636
0.0019610716203855693
0.0029686517527985155
0.00399391347687639
0.0014696742246990482
0.001478494259817209
0.0019374271993379414
0.0019389383881842194
0.001694200422290095
0.0028800023762490102
0.002911438440355358
0.003338484359132569
0.003258727877015723
0.005033651424549796
0.003396197504545285
0.0071176772016420175
0.006218209139222211
0.008662036088831437
0.007130981410000317
0.009486399185605891
0.012562718649015226
0.014055482519232316
0.016895251357300637
0.017209440760892876
0.019075222537787512
0.027246361378870432
0.02571562036297837
0.032472867071065364
0.033729661244877605
0.03498224343601368
0.036229198283291
0.03746907204245361
0.03870037352232635
0.03992157509295265
0.04113111376564524
0.04232739234473968
0.043508780650720835
0.04467361681424768
0.045820208640481724
0.046946835042974394
0.04805174754624216
0.049133171856025115
0.05018930949607795
0.05121833951021359
0.0522184202281851
0.053187691093849715
0.054124274553933
0.055026278005574795
0.05589179580070095
0.0567189113051511
0.05750569901034669
0.05825022669517557
0.05895055763563323
0.05960475285965208
0.060210873444427084
0.06076698285343514
0.061271149310237666
0.06172144820605786
1.7325622849729614
