0.0
0.0007285827694774977
0.001470803715289176
0.0022264888145988866
0.002995435107657292
0.0014038316404267192
0.0
2.4353381132785402e-05
0.0002079910389685402
0.00024285611592986278
0.00020167463628720128
0.00028400662731308657
0.00022735695969437232
0.0004076993062309313
0.000327159226835347
0.0006418781324040702
0.0007689286633897084
0.0006516263975825717
0.0007687992407171686
0.001400081601861075
0.0015709908345656683
0.0025129842242119197
0.0012092487446913865
0.003896594445033522
0.002386168862905354
0.005317814910498531
0.006984030468832796
0.00802714304337669
0.0062040818760546596
0.011038029665786788
0.012110208053467249
0.014695395263078382
0.013806736662251054
0.013883473281642368
0.015241210231820646
0.01552750018457303
0.01507663048828647
0.015588633068559232
0.01366952536228598
0.01263937644770809
0.013720144068223734
0.014335356218891065
0.016262502659392823
0.015987859840426385
0.01592455912470962
0.0171809051021541
0.017785503716131985
0.018472470712324822
0.01923580575201561
0.01852961804925002
0.016739553154986254
0.017751309303254175
0.0186681520921893
0.02010598129148991
0.020057116277908623
0.018377817194537727
0.020298424305611094
0.021405607119213868
0.02291638939770633
0.5501204048758436
