0.0
0.0007285827694774977
0.001470803715289176
0.0022264888145988866
0.002995435107657292
0.0014038316404267192
0.0
3.575435416631301e-05
0.00024029503871042125
0.00013098341859151574
0.00016503543079791073
0.0004093977725001957
0.0002775131853340813
0.0005330141829050153
0.0003919549173848633
0.0005367610936718865
0.0007809408567295205
0.0006777032941528916
0.0011090438120229004
0.002125941375996984
0.0019053277600817324
0.0032727345635511617
0.0012296706804106245
0.003614115295860309
0.0024720883564226066
0.005019975262745298
0.005354873976685675
0.006266109057030918
0.005769675717318365
0.004968013623445878
0.008294542224998936
0.0018269540511472117
0.007328357648210428
0.0036967731606953437
0.006969244337235139
0.004329882518075508
0.0006349579565396369
0.00613063511439529
0.00034295034352308564
0.00536933458614719
0.0051713956461534
0.006579754387579798
0.006937015300508564
0.007581353855115125
0.0072048115802356705
0.008801473775310343
0.007674532336901166
0.008223826051580431
0.009373444462813666
0.007711969959396953
0.009902904763718683
0.010162131781700624
0.008912649103947816
0.01200438698025988
0.010763929030049895
0.011736472409929349
0.013753819013469837
0.014921471793452896
0.015906181734490984
0.2843592209815495
