0.0
0.0009714436926366636
0.0019610716203855693
0.0029686517527985155
0.00399391347687639
0.0014696742246990482
0.00132160204637521
0.0015743101036920955
0.0016844251367228369
0.0013200396579594465
0.0024522968774087738
0.002659426307050662
0.0029091340547363065
0.002827537201388843
0.0044793515052819685
0.0028577799046312366
0.006187715063188357
0.00540674572031
0.007360633899555858
0.006316983194169375
0.008427340744818452
0.011381234472361699
0.012476028222294135
0.015241329277298208
0.01535699589885492
0.016762767277485935
0.024428198925533967
0.023916315448235054
0.03247286707106531
0.03372966124487763
0.03498224343601371
0.036229198283291054
0.03746907204245361
0.03870037352232641
0.03992157509295254
0.04113111376564518
0.0423273923447398
0.04350878065072061
0.04467361681424768
0.04582020864048184
0.046946835042974394
0.04805174754624216
0.049133171856025004
0.050189309496078076
0.05121833951021381
0.052218420228184986
0.05318769109384948
0.05412427455393311
0.055026278005574795
0.05589179580070072
0.056718911305151554
0.05750569901034647
0.05825022669517557
0.05895055763563323
0.05960475285965208
0.060210873444426855
0.06076698285343514
0.06127114931023835
0.061721448206057176
1.710667513069458
