1	0	0.0	10.0	0.0	0.0	1.0	0.0		0.0	
1	4	0.0	10.0	0.0	0.0	0.15	0.0		0.0	
2	0	0.0	10.0	0.0	0.0	1.0	0.0		0.0	
2	4	0.0	10.0	0.0	0.0	0.15	0.0		0.0	
3	0	0.0	10.0	0.0	0.0	0.9868366698887	0.0		0.0	
3	4	0.0	10.0	0.0	0.0	0.145527502416525	0.0		0.0	
4	0	0.0011257771665567782	10.0	0.0	0.0	0.935692587304462	0.0	0.0	0.00011257771665567784	
4	4	0.0	10.0	0.0	0.0	0.1379143104006798	0.0		0.0	
5	0	0.0033581469321961525	10.0	0.00021190313230018624	0.0	0.8474096204724609	0.0	0.0	0.00033581469321961526	0.8131843740702864
5	4	0.0	10.0	0.0	0.0	0.12713098668736414	0.0		0.0	
6	0	0.006675093645202824	10.0	0.0007835176916506497	0.0	0.7229083659645532	0.0	0.0	0.0006675093645202824	0.9316819622374128
6	4	0.0	10.0	0.0	0.0	0.11314922877436093	0.0		0.0	
7	0	0.007952177084349142	10.0	0.0017926149608222133	0.0	0.6716950623651298	0.0	0.0	0.0007952177084349142	0.9833916172463062
7	4	0.00025008261494694075	10.0	0.0	0.0	0.10075555122184272	0.0	0.0	2.500826149469408e-05	
8	0	0.009241879323881446	10.0	0.002916965753254473	5911.817009200547	0.7767385914336942	0.0	0.0	0.0009241879323881445	1.046936869597186
8	4	0.00025008261494694075	10.0	8.349274412141712e-05	0.0	0.10075555122184272	0.0	0.0	2.500826149469408e-05	2.193563371681788
9	0	0.010512012276236264	10.0	0.002781013706781333	5855.9031705063035	0.8800868236919347	0.0	0.0	0.0010512012276236264	1.1179711396447911
9	4	0.0002503021506607763	10.0	4.776727598018712e-05	35.28199969766785	0.10077295078795674	0.0	0.0	2.5030215066077634e-05	0.764190880308754
10	0	0.012293267389520477	10.0	0.00420525322950665	8271.764733126132	1.027439230382725	0.0	0.0	0.0012293267389520478	1.036222179295931
10	4	0.00028629733544761383	10.0	5.9726205464981214e-05	183.6958105270016	0.10353355129893584	0.0	0.0	2.8629733544761378e-05	1.1950945850959227
11	0	0.013774942367703064	10.0	0.004786199063691425	7057.682948376451	1.1514219863856945	0.0	0.0	0.0013774942367703064	1.1492841659968551
11	4	0.0003436484679908105	10.0	0.00011596996856786015	270.23756624964693	0.10787641514782426	0.0	0.0	3.436484679908105e-05	1.028717256667086
12	0	0.016947260675585926	10.0	0.0062937282297768965	14879.714851667308	1.4192076531326532	0.0	0.0	0.0016947260675585925	1.1377841694275521
12	4	0.00038980893888063167	10.0	0.00010361242944361952	225.76615062538357	0.11136990041378267	0.0	0.0	3.8980893888063175e-05	1.456925915646728
13	0	0.019989097404590823	10.0	0.007341008284724839	14475.230704276628	1.6778297043019077	0.0	0.0	0.0019989097404590826	1.100132561635511
13	4	0.0004569237450772585	10.0	0.00010144805899070366	315.08724497475464	0.11649240569473822	0.0	0.0	4.5692374507725845e-05	1.0631164788077787
14	0	0.023190860494344517	10.0	0.007668774314956923	15390.966998454152	1.951749089357632	0.0	0.0	0.002319086049434452	1.1547465074341623
14	4	0.0005221570338819356	10.0	0.0001728455693372603	313.546574364185	0.12155416112872384	0.0	0.0	5.221570338819357e-05	1.082443301416103
15	0	0.026531463197434917	10.0	0.009252903858061356	16214.396317814104	2.2391632145124176	0.0	0.0	0.002653146319743492	1.1707237584685155
15	4	0.0006646105216188766	10.0	0.0002544087531256387	613.0617713553795	0.1321203263077	0.0	0.0	6.646105216188767e-05	1.2309826668718915
16	0	0.03190651907984757	10.0	0.01065916045325498	26058.364084288358	2.706724499667792	0.0	0.0	0.003190651907984757	1.139703838206981
16	4	0.0008479776347812092	10.0	0.00031420241092140955	765.991380799114	0.14544670613292845	0.0	0.0	8.479776347812093e-05	1.5274542844743817
17	0	0.03562956115433265	10.0	0.01312805694722596	18604.04740466713	3.0335530683572336	0.0	0.0	0.003562956115433265	1.1356045904825014
17	4	0.0010293553039025204	10.0	0.0003002369645753573	758.9856948851027	0.15855963526568626	0.0	0.0	0.00010293553039025204	1.136738115195039
18	0	0.04320159229851158	10.0	0.014692777669793362	37281.804462808206	3.703566014078022	0.0	0.0	0.0043201592298511594	1.1329576425747674
18	4	0.0012194642407938547	10.0	0.0003415957571307715	802.3892559248254	0.17239223304787807	0.0	0.0	0.00012194642407938547	1.3545470254837781
19	0	0.0498980004753732	10.0	0.017215393097977927	33549.22658270871	4.300364162189434	0.0	0.0	0.00498980004753732	1.112588423339323
19	4	0.0013627497745298275	10.0	0.00029852253449579914	632.7498856976023	0.18300203741688806	0.0	0.0	0.00013627497745298276	1.179996431949929
20	0	0.059667071023420025	10.0	0.02127337909614288	48883.86190777244	5.176850948243287	0.0	0.0	0.005966707102342003	1.0777146977651983
20	4	0.0015966274710568155	10.0	0.00044895956252853495	1028.0942419537525	0.2008526241682832	0.0	0.0	0.00015966274710568158	0.9885473071943672
21	0	0.06773900146688447	10.0	0.02394830748522065	41303.77741553403	5.90770406977357	0.0	0.0	0.006773900146688449	1.126659429023667
21	4	0.002022797616996542	10.0	0.000840542799639294	1914.0608734746972	0.234967136633504	0.0	0.0	0.00020227976169965426	1.3869446549617823
22	0	0.07866379849702759	10.0	0.027676494275131303	55966.914162028705	6.904989168887767	0.0	0.0	0.00786637984970276	1.128456977795414
22	4	0.0022948617199102643	10.0	0.0005274486001295968	1263.3584308579746	0.25683901358037786	0.0	0.0	0.00022948617199102642	1.5163937211379368
23	0	0.09277363757705308	10.0	0.03044302886489447	72568.00389792651	8.202849234773826	0.0	0.0	0.009277363757705308	1.0989379251120241
23	4	0.002830625667723155	10.0	0.0008308618133827879	2476.0389342888307	0.3009885266640031	0.0	0.0	0.00028306256677231544	1.119953960802249
24	0	0.10911243453631696	10.0	0.03883431094669067	84695.84013466067	9.716706132811844	0.0	0.0	0.010911243453631696	1.130931904774927
24	4	0.003058437517004709	10.0	0.0009601095289012127	1100.3135359664573	0.3194307144075311	0.0	0.0	0.0003058437517004709	0.9840021622557232
25	0	0.1291386368292933	10.0	0.04619953540950535	104415.98281928428	11.585536793803346	0.0	0.0	0.01291386368292933	1.097292683467478
25	4	0.0038306412765285298	10.0	0.0010587486168398678	3489.157169270951	0.3819125798550017	0.0	0.0	0.000383064127652853	0.9972035603801273
26	0	0.14985247944202604	10.0	0.05502613387913611	109401.24714932537	13.534742444559946	0.0	0.0	0.014985247944202603	1.1090142335478643
26	4	0.00428114095360833	10.0	0.0013014706185415909	2132.2055474195677	0.418918644381528	0.0	0.0	0.0004281140953608331	1.1355579948361534
27	0	0.1723010419462587	10.0	0.061284566673391584	119820.88444916945	15.664266759494556	0.0	0.0	0.017230104194625867	1.0913168578040602
27	4	0.0051799290084763505	10.0	0.0013521314781851958	4268.663710535006	0.4951822906801956	0.0	0.0	0.0005179929008476352	0.9904244045944915
28	0	0.20405217143880724	10.0	0.07003911114234508	169596.31405304038	18.70043406712895	0.0	0.0	0.020405217143880727	1.094436255743675
28	4	0.006338610040623406	10.0	0.0016573945897605034	5419.459892479326	0.5922370227934767	0.0	0.0	0.0006338610040623406	1.088683915077055
29	0	0.2344169012235153	10.0	0.08265173438825109	164744.11161775427	21.62778444047093	0.0	0.0	0.023441690122351533	1.0695958641231422
29	4	0.007268723301567306	10.0	0.0012539705487456592	4474.108195467262	0.6712062402565339	0.0	0.0	0.0007268723301567308	0.7876389697407344
30	0	0.2735155180980689	10.0	0.09486925131787674	232254.21533939327	25.936810114495	0.0	0.0	0.02735155180980689	1.079799804288815
30	4	0.00783634495662087	10.0	0.001267272770397575	2903.318181450597	0.7206431548724868	0.0	0.0	0.000783634495662087	0.7390946776269025
31	0	0.3139903807531501	10.0	0.11199972750871642	244806.1706450964	30.46574270354435	0.0	0.0	0.031399038075315015	1.0720452102777147
31	4	0.008295283963548254	10.0	0.0009035839940944466	2392.456623230383	0.7603257497119049	0.0	0.0	0.0008295283963548254	0.6331581762046999
32	0	0.3554498044992113	10.0	0.1251492515069346	281890.19629870466	35.87519162622513	0.0	0.0	0.03554498044992113	1.0597538422384438
32	4	0.009091892649519812	10.0	0.0010474045753993183	4028.7504621635603	0.8300039267814437	0.0	0.0	0.0009091892649519813	0.5722198954345861
33	0	0.3974808327370456	10.0	0.13959451110939985	280062.4365438221	41.14534896123562	0.0	0.0	0.03974808327370456	1.0485573052882502
33	4	0.009246677893905077	10.0	0.000938442657576368	1038.937342266654	0.8439788276646459	0.0	0.0	0.0009246677893905076	0.5322573422757816
34	0	0.4396488677544253	10.0	0.15495768208737645	342206.5887285329	47.98317322060782	0.0	0.0	0.043964886775442524	1.0312458258404318
34	4	0.009808552774827952	10.0	0.0008796599233499524	3483.5965635412813	0.9030532566501684	0.0	0.0	0.0009808552774827953	0.4726669923884394
35	0	0.48149731844119	10.0	0.16416325806401674	335038.8201957905	54.56162265015409	0.0	0.0	0.048149731844119	1.0237579237795646
35	4	0.010097714478570826	10.0	0.0011212900719595588	2185.543620657226	0.9377620465262244	0.0	0.0	0.0010097714478570826	0.5459069494122594
36	0	0.5235679331144155	10.0	0.17615694522168238	370766.41177031357	61.99093741585289	0.0	0.0	0.05235679331144155	1.0104738356081897
36	4	0.01046323875584355	10.0	0.0007495153146100576	3016.9195285393407	0.9876194895825364	0.0	0.0	0.001046323875584355	0.5040028182584625
37	0	0.5653164113969968	10.0	0.1878873899220939	389154.50003205606	69.82645980315962	0.0	0.0	0.05653164113969969	0.9909887929224231
37	4	0.010704849847129563	10.0	0.0007313187321865193	2193.7493908032607	1.021947189287652	0.0	0.0	0.0010704849847129564	0.4470767954625416
38	0	0.6061723308315039	10.0	0.2017649900024525	384431.4204671616	77.47615439275063	0.0	0.0	0.0606172330831504	0.9955735252929794
38	4	0.010728148101716671	10.0	0.0007902342190166952	548.5478057602404	1.025648389346373	0.00022969408934198383	0.0003937423491088727	0.0010728148101716672	0.5106738249051914
39	0	0.6455388148322725	10.0	0.21035461300054747	390973.26108952647	85.26208941663373	0.0	0.0	0.06455388148322726	0.9741269832092648
39	4	0.011149212560739277	10.0	0.000964385182979328	4433.599768920899	1.1011383493421787	0.009007978459985069	0.014113530111091663	0.0011149212560739275	0.6122065870978103
40	0	0.6859120150474823	10.0	0.22022666375022687	332054.76176850393	91.37158607378001	0.0	0.0	0.06859120150474822	0.9727938466406336
40	4	0.01115863485746198	10.0	0.0007180545815469839	477.09901442910734	1.1030199713438336	0.009284600769480164	0.014514350265707087	0.0011158634857461982	0.486720761467238
41	0	0.7270582600734513	10.0	0.2314195249184213	397343.42678999534	99.11264652941004	0.0	0.0	0.07270582600734514	0.9475301287812288
41	4	0.01151005085262333	10.0	0.0008499717505925514	4651.895315178535	1.1820575089091905	0.023323067157200124	0.03327007366933435	0.001151005085262333	0.5753156183631504
42	0	0.7684554557078436	10.0	0.24075249149389866	367498.6338064594	105.98056109714106	0.0	0.0	0.07684554557078438	0.9517250412055748
42	4	0.011863491777404638	10.0	0.0010801193167537346	4770.200643257261	1.2627838893331582	0.039917777910378524	0.052220648207357334	0.0011863491777404636	0.44885775187087457
43	0	0.8095574147115192	10.0	0.2566759474288327	352261.7875308264	112.39201594773857	0.0	0.0	0.08095574147115192	0.9497032832113026
43	4	0.010743068054568424	10.0	0.0007584218764586811	1106.2184111395964	1.2176796501198788	0.043244336322729636	0.060371773761148585	0.0010743068054568424	0.3580234519956235
44	0	0.8504337676412029	10.0	0.26268273223242244	363309.5944976864	119.0423606229497	0.0	0.0	0.08504337676412031	0.9412552585171252
44	4	0.010971255667024563	10.0	0.0008500682067929372	4746.9253766104885	1.2977513863704673	0.06786244393389154	0.08737800908624957	0.0010971255667024562	0.4857874374643219
45	0	0.8923154596436945	10.0	0.2763744862989184	340206.31387846905	124.97593059765772	0.0	0.0	0.08923154596436945	0.9416410826951764
45	4	0.010996080576825528	10.0	0.0007060712072759645	896.1134793960542	1.3061394934121855	0.07069679279077093	0.0902914574430859	0.001099608057682553	0.4680893545652438
46	0	0.9346359878557532	10.0	0.28696241743904843	346019.7822118164	130.98672144468466	0.0	0.0	0.09346359878557532	0.9309013947718484
46	4	0.011369190163125709	10.0	0.0009135567085951834	6526.92816000251	1.4185558600988075	0.10692792524234196	0.12273785845858035	0.001136919016312571	0.5076730736535293
47	0	0.9768039200907846	10.0	0.2986316794187986	333516.3425260105	136.61538837929473	0.0	0.0	0.09768039200907846	0.9297867134635612
47	4	0.01154563592905808	10.0	0.0010847244618336417	3192.310831960618	1.4686262700603114	0.12305275128374601	0.13504238491530535	0.0011545635929058086	0.6079562678516145
48	0	1.018259881194039	10.0	0.3029709386976511	349754.9951210723	142.64801888578702	0.0	0.0	0.10182598811940392	0.9301068902832096
48	4	0.011668586150809757	10.0	0.0009072700610868304	2330.9181180873306	1.5024590812372811	0.1343470184787598	0.14316238890421584	0.0011668586150809755	0.5808744350792187
49	0	1.0608677886272662	10.0	0.3167899875221661	1026286.1527602528	166.43832053385918	0.0	0.0	0.10608677886272663	0.9124209944738632
49	4	0.010953671800420952	10.0	0.0010704588246316273	9318.462642607004	1.5996064432757922	0.1926470399938602	0.19205216325656	0.0010953671800420953	0.7092572012706116
50	0	1.1040129219191286	10.0	0.3257713743515567	1064639.0884249688	191.0007713210297	0.0	0.0	0.11040129219191286	0.9058286605985418
50	4	0.011504187302650366	10.0	0.0009156152855336481	8849.060079543444	1.7530967190054514	0.2530051560328829	0.22500757614831574	0.0011504187302650364	0.5675137995175024
51	0	1.147054977753948	10.0	0.3395963771003833	1114525.2208529266	216.6600840054837	0.0	0.0	0.11470549777539482	0.9052347647355644
51	4	0.012018767911958954	10.0	0.0007914546507158905	8659.200338001012	1.9021106005633956	0.3085919643516224	0.24787743421889824	0.0012018767911958954	0.5619496937869842
52	0	1.1896155129998378	10.0	0.34412427805231244	1136912.4331969023	242.696349375312	0.0	0.0	0.1189615512999838	0.8958234198348337
52	4	0.012659896554644504	10.0	0.000950871223865267	11552.846759818773	2.1036724338576884	0.38335241892368177	0.2719978059079643	0.0012659896554644506	0.6034811662450492
53	0	1.2334350297876573	10.0	0.35722681461877764	1182629.97328825	269.6491240240221	0.0	0.0	0.12334350297876573	0.8953585257294028
53	4	0.01330845664052027	10.0	0.0010505437250884694	11208.05224868493	2.2975911768995263	0.4553195046102787	0.2902759004681381	0.0013308456640520273	0.5200592046708655
54	0	1.2778483004331351	10.0	0.3632083719478689	1210412.5244567818	297.0647587516875	0.0	0.0	0.1277848300433135	0.8842516842197777
54	4	0.014013579258628922	10.0	0.0009233473048060169	11912.527040062938	2.5033098847989907	0.5344749530146274	0.3077062275304797	0.0014013579258628922	0.5581983695135664
55	0	1.3221640757479352	10.0	0.3710883433661791	1243929.1965811462	325.11979765915845	0.0	0.0	0.13221640757479353	0.8939613178399697
55	4	0.01482894546214678	10.0	0.0007956990426869327	13685.059115089583	2.7404964022198963	0.6327134290231077	0.3280511551292334	0.0014828945462146779	0.5475179939370068
56	0	1.3660859982253466	10.0	0.3840482065061001	1287080.088672032	354.0755632565606	0.0	0.0	0.13660859982253468	0.8821225861041351
56	4	0.01566657497457681	10.0	0.0009947782044652488	13903.429626437404	2.9802250487869046	0.728704147476335	0.34296822338067096	0.0015666574974576811	0.5619546628090263
57	0	1.4113177758949662	10.0	0.39429312972448655	1322078.410965001	383.6371432048385	0.0	0.0	0.14113177758949666	0.8802610631240634
57	4	0.016577398746583913	10.0	0.0012548152244423608	15985.446630183691	3.2569278235811887	0.8375887876028988	0.35606207954042085	0.0016577398746583914	0.5290720714573036
58	0	1.4571417507029645	10.0	0.3947289119907789	1351905.0618388723	413.692953534166	0.0	0.0	0.14571417507029644	0.8752408334936169
58	4	0.017603474074219163	10.0	0.0014216379404549547	18389.10662565335	3.5763171029825287	0.9642691376889754	0.3687216757302664	0.0017603474074219165	0.5769650912766303
59	0	1.5028140515732935	10.0	0.4158044329470674	1416004.301400502	445.17509164806734	0.0	0.0	0.15028140515732938	0.8625817322609621
59	4	0.018649231856391096	10.0	0.0012839374167065974	18318.018405898605	3.8923802210520497	1.0934531485659915	0.3804916140569499	0.0018649231856391094	0.5442034822818259
60	0	1.5480051527272547	10.0	0.4243031535046094	1453252.2517654581	477.3757910845592	0.0	0.0	0.15480051527272548	0.8618892902813804
60	4	0.019883024905096552	10.0	0.001827897140043793	21395.94062232664	4.263345071310631	1.25630181273013	0.39600600447965134	0.0019883024905096554	0.5439501230072118
