1	0	0.0	10.0	0.0	0.0	1.0	0.0		0.0	
1	4	0.0	10.0	0.0	0.0	0.15	0.0		0.0	
2	0	0.0	10.0	0.0	0.0	1.0	0.0		0.0	
2	4	0.0	10.0	0.0	0.0	0.15	0.0		0.0	
3	0	0.0	10.0	0.0	0.0	0.9868366698887	0.0		0.0	
3	4	0.0	10.0	0.0	0.0	0.145527502416525	0.0		0.0	
4	0	0.0011257771665567782	10.0	0.0	0.0	0.935692587304462	0.0	0.0	0.00011257771665567784	
4	4	0.0	10.0	0.0	0.0	0.1379143104006798	0.0		0.0	
5	0	0.0033581469321961525	10.0	0.00026561548875110954	0.0	0.8474096204724609	0.0	0.0	0.00033581469321961526	1.0937058781324631
5	4	0.0	10.0	0.0	0.0	0.12713098668736414	0.0		0.0	
6	0	0.006675093645202824	10.0	0.001012806035129919	0.0	0.7229083659645532	0.0	0.0	0.0006675093645202824	1.1543546063126786
6	4	0.0	10.0	0.0	0.0	0.11314922877436093	0.0		0.0	
7	0	0.007952177084349142	10.0	0.0023086119549832274	0.0	0.6716950623651298	0.0	0.0	0.0007952177084349142	1.1922148996619502
7	4	0.00025008261494694075	10.0	0.0	0.0	0.10075555122184272	0.0	0.0	2.500826149469408e-05	
8	0	0.009282435720877695	10.0	0.0030371816017288407	6090.522771608265	0.7800418244871911	0.0	0.0	0.0009282435720877696	1.1327870980054522
8	4	0.00025008261494694075	10.0	0.0002092114639168905	0.0	0.10075555122184272	0.0	0.0	2.500826149469408e-05	1.52965275758373
9	0	0.010815034661035072	10.0	0.003514951502286268	7012.412733378077	0.9047464004392288	0.0	0.0	0.0010815034661035073	1.1276176280243475
9	4	0.00025052011125735425	10.0	4.922829624410742e-05	36.21656696636157	0.10079022551626476	0.0	0.0	2.505201112573543e-05	0.9390684148820556
10	0	0.012473524571371807	10.0	0.003791498586921074	7730.747887571591	1.0419431882199122	0.0	0.0	0.0012473524571371807	1.1170906682058792
10	4	0.0002833676347000615	10.0	5.5064490060337146e-05	170.64159842280978	0.10330942052907917	0.0	0.0	2.8336763470006153e-05	0.9402212356586432
11	0	0.014080378094176182	10.0	0.005313210088067462	7629.305955371954	1.176400563274413	0.0	0.0	0.001408037809417618	1.1320750204626502
11	4	0.00034666696378211784	10.0	0.00012992571636611216	294.529118198156	0.1081027063063443	0.0	0.0	3.466669637821178e-05	1.2453872426704535
12	0	0.01718683086189756	10.0	0.006107356358295674	14587.435033423744	1.4386263063705955	0.0	0.0	0.0017186830861897562	1.2016296848953636
12	4	0.00037044144614826384	10.0	5.7478247753551853e-05	134.18655957888632	0.10990199046118238	0.0	0.0	3.70441446148264e-05	0.8639751112662456
13	0	0.019871958950036902	10.0	0.006132760061533006	12841.098401433272	1.6669203917122335	0.0	0.0	0.0019871958950036907	1.1180285613470862
13	4	0.0004992584233172754	10.0	0.00025792568069506465	569.3660706657038	0.11973388424467594	0.0	0.0	4.992584233172754e-05	1.1008671073624865
14	0	0.023148759277777497	10.0	0.007956510607685182	15734.552735683785	1.947259412921373	0.0	0.0	0.0023148759277777497	1.1956701000372727
14	4	0.000593062015852213	10.0	0.0002647002866490675	434.5864120579825	0.12701254293169664	0.0	0.0	5.93062015852213e-05	1.89409272986892
15	0	0.02664490436426375	10.0	0.009856568127695307	16936.854098061856	2.2480558771393637	0.0	0.0	0.0026644904364263753	1.156026305596116
15	4	0.0006720068941801317	10.0	0.00013008899229920574	360.07708057025116	0.1328681006839036	0.0	0.0	6.720068941801316e-05	1.0494491437463869
16	0	0.03229087194231686	10.0	0.011404179133894195	27336.31416709499	2.7391830234408023	0.0	0.0	0.003229087194231686	1.1405912670819824
16	4	0.000807382393201773	10.0	0.0002174151589608921	577.5533987155154	0.14270664418213233	0.0	0.0	8.073823932017731e-05	1.3935338581727068
17	0	0.03608189483123593	10.0	0.013455316757929508	18937.965486091904	3.0719793120311456	0.0	0.0	0.0036081894831235936	1.1679708950096463
17	4	0.0009074388496146426	10.0	0.00015834442057620615	439.98444906628504	0.1499403528772159	0.0	0.0	9.074388496146428e-05	1.1402280058046022
18	0	0.043727045176912865	10.0	0.01469094649399459	37644.928372470495	3.748462227387769	0.0	0.0	0.004372704517691286	1.0895055829495812
18	4	0.0009938913713108044	10.0	0.0001536787454583512	391.4171661475857	0.15623076183659468	0.0	0.0	9.938913713108045e-05	0.7010264743054407
19	0	0.053185194160130414	10.0	0.01830874314598424	46880.34528850543	4.591392593737019	0.0	0.0	0.005318519416013041	1.1167668466255878
19	4	0.0013299402378228505	10.0	0.00047439288175037207	1399.4397680617014	0.18111403259783027	0.0	0.0	0.00013299402378228503	1.2726551828201418
20	0	0.06461144458842842	10.0	0.022089787207324657	57026.85094006624	5.616562538542847	0.0	0.0	0.006461144458842843	1.1277282310110948
20	4	0.001658989532214422	10.0	0.0004424882242254205	1420.4306975385643	0.20622853929190627	0.0	0.0	0.00016589895322144223	1.114685606074704
21	0	0.07839969270488101	10.0	0.026730492690518474	69454.31303023141	6.864985607463431	0.0	0.0	0.007839969270488101	1.142940303443874
21	4	0.0021093729017125184	10.0	0.0006530598129700638	2020.7527317276736	0.2422812971381679	0.0	0.0	0.00021093729017125187	0.9118985492411241
22	0	0.09525045550371238	10.0	0.03346988844461229	85559.25770806512	8.403230629463826	0.0	0.0	0.009525045550371238	1.1185491603320994
22	4	0.00266504360067858	10.0	0.0008029134060133407	2499.326689772537	0.28695297936529096	0.0	0.0	0.000266504360067858	1.2230225173915898
23	0	0.1160582536359078	10.0	0.04067608773188799	106409.59783861623	10.317186564866754	0.0	0.0	0.01160582536359078	1.1318764067569065
23	4	0.0032462797371027264	10.0	0.0008108597240981611	2689.023208612337	0.3348496183879217	0.0	0.0	0.00032462797371027264	1.0819806099141538
24	0	0.14105696395435638	10.0	0.04854144195833465	128825.25877484908	12.63342013775416	0.0	0.0	0.01410569639543564	1.1154239224762468
24	4	0.0039722052258242685	10.0	0.0010027694485112138	3293.398102692692	0.3936158950018701	0.0	0.0	0.00039722052258242687	1.1126660209661714
25	0	0.17189254095102224	10.0	0.06118300705192808	159982.26640587067	15.510973799585702	0.0	0.0	0.017189254095102226	1.1214493598493769
25	4	0.004752663621150274	10.0	0.001041755157837138	3550.576099233408	0.4567656735968085	0.0	0.0	0.0004752663621150273	0.9155975721370038
26	0	0.20604167545539895	10.0	0.07035841321170594	191410.48420919996	19.048551112191447	0.0	0.0	0.020604167545539898	1.1070910427583238
26	4	0.005945903155098113	10.0	0.0016398568228981616	5458.481958921043	0.5547837220782371	0.0	0.0	0.0005945903155098112	1.0859700489605724
27	0	0.24187439355088536	10.0	0.08523749035636033	229971.8340372305	23.49296012322844	0.0	0.0	0.02418743935508854	1.075594216610357
27	4	0.007024168060213974	10.0	0.001452797729861976	5138.858592616609	0.6462762746267879	0.0	0.0	0.0007024168060213974	0.949687998081158
28	0	0.2791046154789974	10.0	0.09799670162738368	268851.3576853671	28.855055471609198	0.0	0.0	0.027910461547899744	1.0798504046039
28	4	0.007973064597509846	10.0	0.0012271349741820494	4520.296791529342	0.7257588040506259	0.0	0.0	0.0007973064597509848	0.8454536769451031
29	0	0.3174292570701762	10.0	0.10843763883065673	301516.7836427645	34.973753965790905	0.0	0.0	0.031742925707017616	1.0464325545133095
29	4	0.008884819732843786	10.0	0.0011829964653859314	4435.292937481304	0.8031693653000989	0.0	0.0	0.0008884819732843788	0.7024152091361547
30	0	0.3565278739447298	10.0	0.12273485852925292	343400.2605043499	42.097588382712935	0.0	0.0	0.03565278739447298	1.0205489946463424
30	4	0.009759916295761438	10.0	0.0011745989862185975	4397.071991602175	0.8793857564058811	0.0	0.0	0.000975991629576144	0.6608967246862528
31	0	0.3970027365998111	10.0	0.13496385770051475	380988.8696312299	50.07711431677617	0.0	0.0	0.03970027365998111	1.015215129369983
31	4	0.01061623361255087	10.0	0.0011269303634273565	4305.429291498175	0.9534280422504346	0.0	0.0	0.0010616233612550869	0.5301285060830877
32	0	0.4384621603458723	10.0	0.14584626678759888	419985.5718130898	58.956607380770734	0.0	0.0	0.043846216034587236	0.9925969171390188
32	4	0.011677994258475904	10.0	0.0014080545839261856	5349.28324443879	1.0462986669311125	0.0	0.0	0.0011677994258475904	0.5971280652423318
33	0	0.4804931885837066	10.0	0.15943281272919466	457247.9961596101	68.6977938612048	0.0	0.0	0.04804931885837066	1.0003959744647484
33	4	0.012540274150534029	10.0	0.0011834238105221785	4568.402355676053	1.1241502481522336	0.0	0.0	0.001254027415053403	0.5686587026796229
34	0	0.5226612236010861	10.0	0.1680870015232043	492230.41064993525	79.24917515813381	0.0	0.0	0.05226612236010862	0.9777404407187495
34	4	0.013497125534079002	10.0	0.001494011670206067	5825.712478349206	1.224751736181177	0.0	0.0	0.0013497125534079005	0.6161660351853119
35	0	0.5645096742878509	10.0	0.1807242530411669	533574.8990385858	90.78877426816521	0.0	0.0	0.0564509674287851	0.977070967889456
35	4	0.01430953611570439	10.0	0.0014466898489700248	5693.055389988315	1.3222673746828577	0.0	0.0	0.001430953611570439	0.6249455150244538
36	0	0.6065802889610764	10.0	0.19414991535512136	577039.1503232551	103.33888260353088	0.0	0.0	0.06065802889610765	0.989511486576946
36	4	0.015177962870066137	10.0	0.001733083279390489	6859.021831312337	1.4407206215566992	0.0	0.0	0.0015177962870066134	0.6642444322559559
37	0	0.6483287672436577	10.0	0.2063016418776328	616753.3755966212	116.8122493923064	0.0	0.0	0.06483287672436577	0.9790635380252036
37	4	0.01590235411760237	10.0	0.0014701561729363296	6059.057826183019	1.543640918311624	0.0	0.0	0.001590235411760237	0.6597410330876136
38	0	0.6891846866781649	10.0	0.21917464246806564	656628.881958035	131.22671804372308	0.0	0.0	0.0689184686678165	0.9593528188934616
38	4	0.016553093655223162	10.0	0.0013618186276009175	6118.875547293554	1.647018499917544	0.006415546063065957	0.006530301315230324	0.0016553093655223164	0.496180299460317
39	0	0.7285511706789335	10.0	0.2347716892893985	703334.2578631308	146.77710247555117	0.0	0.0	0.07285511706789335	0.96039071628004
39	4	0.01721873685684086	10.0	0.0016598946176549676	7017.6225435309525	1.7663574219871985	0.020292768868213112	0.01897938845845592	0.0017218736856840864	0.5633705159808045
40	0	0.7689243708941431	10.0	0.2427610342903288	737666.5763967569	163.0435495922409	0.0	0.0	0.07689243708941433	0.9426541468156132
40	4	0.01800479986896197	10.0	0.0020589949348615395	9094.466975640784	1.9233333166998183	0.04337021720389138	0.036484024892951834	0.0018004799868961974	0.5794475462497397
41	0	0.8100706159201122	10.0	0.2534490138940148	775734.2887747837	180.13135147777507	0.0	0.0	0.08100706159201122	0.947982221953201
41	4	0.0187655546902206	10.0	0.0020028625183305987	9912.22732058802	2.0944359090438227	0.07376106774736639	0.05581481843930675	0.0018765554690220601	0.5366004212819779
42	0	0.8514678115545046	10.0	0.2634465853247928	815228.0692336304	198.09284117286072	0.0	0.0	0.08514678115545046	0.933426006591912
42	4	0.01957171585280561	10.0	0.0020874324928615014	10675.23804596381	2.2785641979060505	0.11161183820305688	0.07612822431269675	0.0019571715852805607	0.5547669951289695
43	0	0.8925697705581801	10.0	0.27171870343831656	851951.1019541597	216.87008153943933	0.0	0.0	0.089256977055818	0.9279191319303944
43	4	0.020541654989221503	10.0	0.0023256150882481823	12741.328651436575	2.4997225105181267	0.1642243579263441	0.10014933427878857	0.0020541654989221503	0.6143424494892087
44	0	0.9334461234878638	10.0	0.28850051945191035	906593.3024434112	236.92607321633992	0.0	0.0	0.09334461234878637	0.9258468651544688
44	4	0.021771353602652282	10.0	0.0029059501633616927	16138.860263810913	2.7822881795901964	0.2434903452193476	0.13098839294874254	0.002177135360265228	0.6383686822335299
45	0	0.9753278154903556	10.0	0.2939775726768688	930279.9367723048	257.38017386384206	0.0	0.0	0.09753278154903557	0.922577266364976
45	4	0.0230777509070922	10.0	0.003125163752166146	18752.273257258974	3.1113805334006037	0.34809895504082394	0.16481735131298514	0.0023077750907092203	0.6311850192575134
46	0	1.017648343702414	10.0	0.3052322254308137	970884.2644964644	278.6994980406818	0.0	0.0	0.1017648343702414	0.9072678745592808
46	4	0.02432275191325985	10.0	0.0033525248401173567	19436.772247741465	3.4510520216218823	0.4553002960657876	0.1912975462081317	0.0024322751913259852	0.6648222537018934
47	0	1.0598162759374454	10.0	0.3163023276982495	1018146.1307867194	301.07708417474015	0.0	0.0	0.10598162759374456	0.9110389079011244
47	4	0.025499001511851485	10.0	0.003146885939660597	19234.189702023566	3.784839003175809	0.5627940636738517	0.21262440032970267	0.0025499001511851485	0.6254399026784578
48	0	1.1012722370406998	10.0	0.3220766467981019	1042924.5811396942	323.93339550748124	0.0	0.0	0.11012722370407	0.910393656701676
48	4	0.02691822576151689	10.0	0.0032931348073793644	22418.02906550411	4.175373850308392	0.6931646938117845	0.23410136814114416	0.0026918225761516893	0.6186414345828121
49	0	1.143880144473927	10.0	0.33334556303849633	1084525.0282682648	347.6299845126227	0.0	0.0	0.11438801444739273	0.90252552571164
49	4	0.028353356896962882	10.0	0.003070006843635165	22567.463643484527	4.5662105065303455	0.8331447192941743	0.2544865937567427	0.002835335689696289	0.5990710899792719
50	0	1.1870252777657893	10.0	0.344966383172289	1125162.239578254	372.15988465333794	0.0	0.0	0.11870252777657896	0.9013860346750692
50	4	0.029951335260422488	10.0	0.0035566408853422928	25659.888842181183	5.0117458976758495	1.008345895462596	0.2780864913352789	0.002995133526042249	0.6242500381366349
51	0	1.2300673336006092	10.0	0.3533598831884327	1164584.7237703293	397.51063655183816	0.0	0.0	0.12300673336006092	0.8923178736559827
51	4	0.03158335051866723	10.0	0.0036123164044320906	27276.16792600232	5.4843500416983035	1.184641927011864	0.29555367194746146	0.003158335051866723	0.6285171901909344
52	0	1.272627868846499	10.0	0.3704222155582133	1217271.3636757743	424.0412048669744	0.0	0.0	0.1272627868846499	0.8883494018724641
52	4	0.03325316983424738	10.0	0.00404765331553501	30270.129430477347	6.009317762854437	1.379355503624295	0.3109077867040595	0.003325316983424738	0.6289145061219878
53	0	1.3164473856343184	10.0	0.3724624471635195	1237888.3802304754	450.8210293099758	0.0	0.0	0.13164473856343184	0.8796082932184337
53	4	0.034909953797624856	10.0	0.0037747596169812048	28848.16551125981	6.50469432189168	1.5631995545506838	0.3227633313889033	0.003490995379762486	0.6058627249707612
54	0	1.3608606562797958	10.0	0.3836585491108762	1278735.6833828448	478.4102582246693	0.0	0.0	0.1360860656279796	0.8833130548847752
54	4	0.036851666056549916	10.0	0.005076372731301508	32864.385741007965	7.071186626577702	1.7811717207814233	0.3356347362832717	0.003685166605654992	0.6003689218142948
55	0	1.4051764315945958	10.0	0.399719802165176	1328973.3821846587	507.0788644019297	0.0	0.0	0.1405176431594596	0.8788241294560993
55	4	0.039063738510378386	10.0	0.006090885737914654	37222.64565398179	7.714668977627594	2.047690771665399	0.3514107256146964	0.0039063738510378395	0.5707457124682318
56	0	1.4490983540720077	10.0	0.4007527908777241	1352472.2521898726	536.123743868499	0.0	0.0	0.14490983540720076	0.8714372128493613
56	4	0.04143702400293632	10.0	0.00584091514451025	39376.01390218448	8.393900679239296	2.31966468870702	0.3634483197933853	0.004143702400293632	0.6109895011496681
57	0	1.4943301317416269	10.0	0.40884893885789547	1387236.517912121	565.7674551633149	0.0	0.0	0.14943301317416272	0.8736425075109799
57	4	0.043886267899027616	10.0	0.006630215255750231	43115.04499814618	9.137966219714825	2.6124601211542995	0.3734973128131111	0.0043886267899027635	0.6325024096378936
58	0	1.5401541065496254	10.0	0.417264571291637	1427390.9222431325	596.177372314851	0.0	0.0	0.15401541065496255	0.869704308526154
58	4	0.04642997339981867	10.0	0.006598729231048257	45950.34515738782	9.929752402488806	2.926508704798482	0.38274586178401787	0.004642997339981868	0.6357676051170754
59	0	1.5858264074199546	10.0	0.4217610723271798	1459557.2185111188	627.1672089889491	0.0	0.0	0.15858264074199546	0.8610392326747819
59	4	0.04759500521615018	10.0	0.006918094339461957	44853.05467343792	10.627710943427159	3.239805407935365	0.39486987798653017	0.004759500521615018	0.6123209431549722
60	0	1.6310175085739156	10.0	0.4303845337704342	1490067.477186739	658.7021222118473	0.0	0.0	0.16310175085739154	0.8564149750459323
60	4	0.05067182300291838	10.0	0.008413455977069377	53670.81706666382	11.552818481307193	3.645915384788768	0.407388125229271	0.005067182300291838	0.6253272034198821
