11.247441493196291	1	1	1	1	4	0	11.247441493196291	1.0	0	0.0			15.0	0.0	0.0	0.0	0.0		0.0	0.0
11.247441493196291	2	2	1	1	0	0	11.247441493196291	1.0	0	0.0			100.0	0.0	0.0	0.0	0.0		0.0	0.0
11.367595075476835	1	1	1	1	4	0	11.367595075476835	1.0	0	0.0			15.0	0.0	0.0	0.0	0.0		0.0	0.0
11.367595075476835	2	2	1	1	0	0	11.367595075476835	1.0	0	0.0			100.0	0.0	0.0	0.0	0.0		0.0	0.0
22.856168219862568	1	1	1	1	4	0	22.856168219862568	2.0	0	0.0			14.552750241652504	0.0	0.0	0.0	0.7285827694774977	0.0	0.0	0.0
22.856168219862568	2	2	1	1	0	0	22.856168219862568	2.0	0	0.0			98.68366698886999	0.0	0.0	0.0	0.9714436926366636	0.0	0.0	0.0
34.4665080713728	1	1	1	1	4	0	34.4665080713728	3.0	0	0.0			13.791431040067982	0.0	0.0	0.0	2.1993864847666735	0.0	0.0	0.0
34.4665080713728	2	2	1	1	0	0	34.4665080713728	3.0	0	0.00011257771665567784			93.56925873044621	0.0	4.740114385502225	3.1600762570014824	2.932515313022233	2.6939980867011464	7.900190642503707	0.0
46.1993671861199	1	1	1	1	4	0	46.1993671861199	4.0	0	0.0			12.713098668736418	0.0	0.0	0.0	4.42587529936556	0.0	0.0	0.0
46.1993671861199	2	2	1	1	0	0	46.1993671861199	4.0	0	0.00033581469321961526	0.4914100130872853	0.7813996752448774	84.74096204724611	0.0	14.139566030299589	9.426377353533061	5.901167065820748	3.993437759172312	23.56594338383265	9.399192542414704e-13
58.05546181511435	1	1	1	1	4	0	58.05546181511435	5.0	0	0.0			11.314922877436091	0.0	0.0	0.0	7.421310407022852	0.0	0.0	0.0
58.05546181511435	2	2	1	1	0	0	58.05546181511435	5.0	0	0.0006675093645202824	0.524821685581465	0.8438776339667236	72.29083659645532	0.0	28.105657453485573	18.737104968990387	9.895080542697137	4.73394453136082	46.842762422475964	2.803863087254214e-12
70.03547169202406	1	1	1	1	4	0	70.03547169202406	6.0	0	2.500826149469408e-05			10.075555122184273	0.0	1.2504130747347042	0.0	8.825142047449571	0.14168758621806754	1.2504130747347042	0.0
70.03547169202406	2	2	1	1	0	0	70.03547169202406	6.0	0	0.0007952177084349142	0.5606452516748262	1.2117702030935429	67.16950623651297	0.0	33.48285088147008	22.321900587646716	11.364754767396185	4.910334856429323	55.804751469116795	5.573636710187199e-12
82.14003983175478	1	1	1	1	4	0	82.14003983175478	7.0	0	2.500826149469408e-05	0.3808387706223898	0.8696063677719201	10.075555122184273	0.0	1.2504130747347042	0.0	8.825142047449571	0.14168758621806754	1.2504130747347042	2.783477622568739e-13
82.14003983175478	2	2	1	1	0	0	82.14003983175478	7.0	0	0.0009359529343783887	0.8233221432550616	1.1542865423410542	78.63209375805233	0.0	39.408544605405844	26.27236307027057	12.951186082375926	5.0714202743990775	65.68090767567641	8.01406197338627e-11
94.36977233991071	1	1	1	1	4	0	94.36977233991071	8.0	0	2.612891114976252e-05	1.1851271786287023	1.0789019676791187	10.164373553697542	0.0	1.3064455574881262	0.0	8.857927996209417	0.1474888436717023	1.3064455574881262	7.727842352298202e-13
94.36977233991071	2	2	1	1	0	0	94.36977233991071	8.0	0	0.001096492767110293	0.7972594057122241	1.1862856416954393	91.6949057173164	0.0	46.16811650990707	30.77874433993805	14.74804486747126	5.2174279059566375	76.94686084984512	9.123087245315604e-11
106.72523823319248	1	1	1	1	4	0	106.72523823319248	9.0	0	3.0541641296014594e-05	0.5503964486502699	0.7863909625271623	10.502801739820116	0.0	1.5270820648007302	0.0	8.975719675019388	0.17013477694170875	1.5270820648007302	1.5135722138479692e-12
106.72523823319248	2	2	1	1	0	0	106.72523823319248	9.0	0	0.0012590065867561708	0.6713484352958761	1.1561732739523978	105.13868604206785	0.0	53.010803652891404	35.703011697715944	16.424870691460498	5.401188052989104	88.71381535060733	1.0160071204607384e-10
119.20696927078512	1	1	1	1	4	0	119.20696927078512	10.0	0	3.673165308514617e-05	0.814042099887412	0.7752445990919516	10.971534914408519	0.0	1.8365826542573092	0.0	9.134952260151211	0.20105005499250506	1.8365826542573092	2.000571684305684e-12
119.20696927078512	2	2	1	1	0	0	119.20696927078512	10.0	0	0.0014115297066243054	0.8220768821884884	1.0801266520361146	117.90142890664512	0.0	59.432829752602345	40.54837374170194	17.920225412340827	5.579238050513129	99.98120349430428	1.5352867632284655e-10
131.81545979678634	1	1	1	1	4	0	131.81545979678634	11.0	0	4.0392820003828655e-05	0.450010066596268	0.8269344190290737	11.24861685140089	0.0	2.019641000191433	0.0	9.228975851209457	0.21883695794119554	2.019641000191433	1.7308637215476952e-12
131.81545979678634	2	2	1	1	0	0	131.81545979678634	11.0	0	0.0017338720076442967	0.9037536373860664	1.1172877179124674	145.11138693163116	0.0	73.0051371639704	51.125030894858725	20.981218872802035	5.916251520531971	124.13016805882911	2.795298194443961e-10
144.55116659372186	1	1	1	1	4	0	144.55116659372186	12.0	0	5.279148572664016e-05	0.9838300282351888	0.908016049026467	12.194939045282107	0.0	2.6395742863320084	0.0	9.555364758950095	0.2762400340457578	2.6395742863320084	3.758788645585144e-12
144.55116659372186	2	2	1	1	0	0	144.55116659372186	12.0	0	0.0020150195336805727	0.7553474485077114	1.1354525866667973	169.0150202763602	0.0	84.84292773391886	60.570681464681655	23.601411077759675	6.161225221640589	145.4136091986005	2.138647815763393e-10
157.41450874719058	1	1	1	1	4	0	157.41450874719058	13.0	0	6.192820782108294e-05	0.9312973399925091	0.991210620218003	12.90389996934096	0.0	3.0964103910541474	0.0	9.807489578286813	0.3157189580817309	3.0964103910541474	3.3882040177014833e-12
157.41450874719058	2	2	1	1	0	0	157.41450874719058	13.0	0	0.002322712623604416	0.7213612095445624	1.100955332906745	195.33898604620686	0.0	97.79842625702804	71.09759881883231	26.44296097034647	6.387182784305542	168.89602507586036	2.5897972436307867e-10
170.4058675216809	1	1	1	1	4	0	170.4058675216809	14.0	0	6.93025824527881e-05	0.3923035910357969	2.0186803718637365	13.450877524528206	0.0	3.4651291226394063	0.0	9.9857484018888	0.34700745334060074	3.4651291226394063	2.962912887575594e-12
170.4058675216809	2	2	1	1	0	0	170.4058675216809	14.0	0	0.002651632688742217	0.7789094251874682	1.122682548880774	223.63815274447393	0.0	111.64769215756705	82.51501002106164	29.475450565845183	6.587268335216414	194.1627021786287	2.9387541517977206e-10
183.52558624759342	1	1	1	1	4	0	183.52558624759342	15.0	0	8.650649296767257e-05	0.8226318331992682	1.1638999871012627	14.701188128467452	0.0	4.32532464838363	0.0	10.375863480083822	0.4168640669459432	4.32532464838363	5.7270919514782856e-12
183.52558624759342	2	2	1	1	0	0	183.52558624759342	15.0	0	0.003172874462733533	0.7702158996791955	1.1382334358912254	268.9795369190052	0.0	133.5947142203593	101.28556277597515	34.099259922670804	6.888134156840597	234.88027699633446	5.506029938028571e-10
196.77397021950497	1	1	1	1	4	0	196.77397021950497	16.0	0	0.00010045763437651604	0.5127162759421486	0.8857856450814833	15.709803629490846	0.0	5.0228817188258015	0.0	10.686921910665042	0.4700026594012261	5.0228817188258015	5.604050540943737e-12
196.77397021950497	2	2	1	1	0	0	196.77397021950497	16.0	0	0.0035488256991979897	0.8545366500159188	1.1235547747101675	301.98254952334116	0.0	149.42423996623114	115.20816922259544	37.35014033451449	7.085178444277097	264.6324091888266	4.855488574904017e-10
210.1512866057031	1	1	1	1	4	0	210.1512866057031	17.0	0	0.0001212167814157272	0.7566497995085447	1.066403228169854	17.220268818504668	0.0	6.06083907078636	0.0	11.159429747718306	0.5431136901977971	6.06083907078636	1.1382007322028446e-11
210.1512866057031	2	2	1	1	0	0	210.1512866057031	17.0	0	0.004308845372786642	0.8333574344039337	1.097483352204972	369.2330679920025	0.0	181.4250683278586	143.98618308691331	43.82181657723069	7.425781878331622	325.41125141477187	8.509964895938018e-10
223.65776436901845	1	1	1	1	4	0	223.65776436901845	18.0	0	0.00014260808944191203	0.7700608034793529	1.245855486050654	18.804222113980128	0.0	7.130404472095603	0.0	11.673817641884526	0.6108031400552638	7.130404472095603	1.439258835039766e-11
223.65776436901845	2	2	1	1	0	0	223.65776436901845	18.0	0	0.004968270690024207	0.7742558741230464	1.1066349502271715	428.002455662394	0.0	209.19034484312454	169.41497873058003	49.397132088689524	7.664520338831452	378.6053235737046	8.664751480693327e-10
237.29359419897813	1	1	1	1	4	0	237.29359419897813	19.0	0	0.00016985884074307843	0.7447955218246117	1.1547602978301788	20.884120742048033	0.0	8.49294203715392	0.0	12.391178704894116	0.6854022720049613	8.49294203715392	1.722706639098035e-11
237.29359419897813	2	2	1	1	0	0	237.29359419897813	19.0	0	0.005932126520533523	0.858601198047985	1.0891523416917932	514.4801707067679	0.0	249.77374823299044	207.16113647447625	57.54528599930121	7.940439894816327	456.93488470746667	1.1542577569486815e-09
251.0589284553002	1	1	1	1	4	0	251.0589284553002	20.0	0	0.00021814886710773282	0.9284819654465069	1.1063222837753546	24.74969115343916	0.0	10.907443355386643	0.0	13.842247798052515	0.7879820903741678	10.907443355386643	2.718794051714347e-11
251.0589284553002	2	2	1	1	0	0	251.0589284553002	20.0	0	0.006726223462842211	0.8089236481147701	1.0894157662246011	586.3797284580191	0.0	283.2094089617773	239.0787382646281	64.0915812316138	8.149091303255	522.2881472264054	1.078806382925817e-09
264.95388112274634	1	1	1	1	4	0	264.95388112274634	21.0	0	0.00027064225421066145	1.0945293299367662	1.138538539911126	28.96975874392157	0.0	13.53211271053307	0.0	15.4376460333885	0.876565810698461	13.53211271053307	3.358660981790009e-11
264.95388112274634	2	2	1	1	0	0	264.95388112274634	21.0	0	0.007828189878632267	0.8581362108023366	1.1020635303974495	686.9742459725752	0.0	329.6079948897797	284.3275278644026	73.03872321839313	8.405616852288796	613.9355227541823	1.606597782652428e-09
278.9785277773454	1	1	1	1	4	0	278.9785277773454	22.0	0	0.00033140300497701714	0.6294431440172704	1.1543321953797403	33.976735364653365	0.0	16.570150248850855	0.0	17.406585115802514	0.9519472164478544	16.570150248850855	3.996515662568946e-11
278.9785277773454	2	2	1	1	0	0	278.9785277773454	22.0	0	0.009460884897456915	0.8099200310501108	1.076047021482487	837.1538229815977	0.0	398.3530483139756	352.59528766957914	86.20548699804317	8.711143131766091	750.9483359835547	2.6127323093053235e-09
293.1329055639992	1	1	1	1	4	0	293.1329055639992	23.0	0	0.0004103502952601837	0.6523068612642151	1.2232287606022227	40.36780217630776	0.0	20.517514763009185	0.0	19.85028741329857	1.0336129818081934	20.517514763009185	6.301988002188982e-11
293.1329055639992	2	2	1	1	0	0	293.1329055639992	23.0	0	0.011482823047463016	0.8319502098970193	1.095469820583987	1024.4947283998183	0.0	483.4872862089692	438.4858454282773	102.52159676257178	8.99296500202226	921.9731316372464	3.129962311613297e-09
307.41701318547484	1	1	1	1	4	0	307.41701318547484	24.0	0	0.00048266970449129735	0.4592062643715313	0.8711738103193328	46.21943335666544	0.0	24.133485224564872	0.0	22.08594813210057	1.0927076836465233	24.133485224564872	6.261828114039629e-11
307.41701318547484	2	2	1	1	0	0	307.41701318547484	24.0	0	0.013919249118436849	0.8301705878986766	1.076240783571646	1251.8602407452065	0.0	586.0736470920779	543.4591021602877	122.32749149284071	9.233678672455016	1129.5327492523656	4.283568361376477e-09
321.83081090278995	1	1	1	1	4	0	321.83081090278995	25.0	0	0.0005586243271058462	0.4144861909896501	0.7916342998692502	52.45868680914691	0.0	27.93121635529231	0.0	24.527470453854608	1.1387728061008746	27.93121635529231	8.077719622426897e-11
321.83081090278995	2	2	1	1	0	0	321.83081090278995	25.0	0	0.016934489707482733	0.8474144239920626	1.089695376172762	1535.5991927321313	0.0	713.0311455782202	676.0204628474344	146.54758430647644	9.478502255763678	1389.0516084256546	5.0035612246269564e-09
336.3742205469876	1	1	1	1	4	0	336.3742205469876	26.0	0	0.0006286294233630055	0.33327459553625705	0.6297843440553308	58.39873448906867	0.0	31.43147116815027	0.0	26.9672633209184	1.1655417457124395	31.43147116815027	7.886796293454958e-11
336.3742205469876	2	2	1	1	0	0	336.3742205469876	26.0	0	0.02044757687179861	0.7979319394127686	1.0683684466888512	1868.8590411293185	0.0	860.9506051283628	833.2320377863707	174.67639821458482	9.6989785696948	1694.1826429147336	7.988723073765944e-09
351.0471255422998	1	1	1	1	4	0	351.0471255422998	27.0	0	0.0006923222008134194	0.2623110117361451	0.4870235941197397	63.73383990763756	0.0	34.61611004067096	0.0	29.1177298669666	1.1888327214664542	34.61611004067096	6.888600091445901e-11
351.0471255422998	2	2	1	1	0	0	351.0471255422998	27.0	0	0.02417059906460982	0.8169590762507039	1.0547179112255227	2301.086608700577	0.0	1017.7094342993606	1002.5310591191827	204.6285054057747	9.872722714816502	2020.2404934185433	8.836889721333886e-09
365.84937094069124	1	1	1	1	4	0	365.84937094069124	28.0	0	0.0007589269495130803	0.25024796815552064	0.6610173795287979	69.38876937160211	0.0	37.94634747565402	0.0	31.44242189594809	1.2068519276673175	37.94634747565402	8.133437289132819e-11
365.84937094069124	2	2	1	1	0	0	365.84937094069124	28.0	0	0.02800306322372769	0.7890977371514016	1.0450202689263863	2825.3531414044173	0.0	1179.0763462622187	1179.424489064944	235.8417424342376	10.00035367354365	2358.5008353271633	9.992374757307848e-09
380.78076346777357	1	1	1	1	4	0	380.78076346777357	29.0	0	0.0008477596352643588	0.3125436211394463	0.6281170210023361	77.12563751518502	0.0	42.38798176321794	0.0	34.737655751967075	1.2202314993814063	42.38798176321794	1.0709701996047979e-10
380.78076346777357	2	2	1	1	0	0	380.78076346777357	29.0	0	0.03191292491118305	0.7945521118820346	1.0275595850760475	3447.450468775135	0.0	1343.702101523497	1362.479317860799	268.31460950530294	10.085851919780804	2706.181419384296	1.1765942884894384e-08
395.84107158007737	1	1	1	1	4	0	395.84107158007737	30.0	0	0.0009402998035936797	0.2877235010472283	0.6140671440025026	85.12721060170422	0.0	47.01499017968397	0.0	38.11222042202025	1.2335935733757442	47.01499017968397	1.2648212702468522e-10
395.84107158007737	2	2	1	1	0	0	395.84107158007737	30.0	0	0.03596041117669118	0.7501867083280441	1.0043927531763333	4140.244226059578	0.0	1514.1225758606815	1555.459683406147	302.0442707501805	10.162689898546912	3069.5822592668287	1.5414728698961406e-08
411.03002553366304	1	1	1	1	4	0	411.03002553366304	31.0	0	0.0010205050020379344	0.2261889742350873	0.605521635593561	92.14264003087295	0.0	51.02525010189672	0.0	41.11738992897622	1.24096520207228	51.02525010189672	1.187861675846527e-10
411.03002553366304	2	2	1	1	0	0	411.03002553366304	31.0	0	0.0401063535512973	0.7353025283201102	0.9995051936647982	4922.1286648024925	0.0	1688.6885705809393	1756.5668924217516	337.02651418619416	10.22250570202711	3445.255463002691	1.571747483207761e-08
426.3473174640513	1	1	1	1	4	0	426.3473174640513	32.0	0	0.0010905392766578114	0.18816524334893794	0.5263325990159812	98.4657365904111	0.0	54.52696383289055	0.0	43.93877275752054	1.2409760312105609	54.52696383289055	1.1137349947204885e-10
426.3473174640513	2	2	1	1	0	0	426.3473174640513	32.0	0	0.044309456375080734	0.7235067550552879	0.9867649256428332	5800.0663603593675	0.0	1865.6613210560308	1963.9003596002888	373.25571246948516	10.259887666071279	3829.5616806563203	2.0302521950835243e-08
441.79260147745117	1	1	1	1	4	0	441.79260147745117	33.0	0	0.001176335466505985	0.24425493002337176	0.6327251413112149	107.48618063676105	0.0	58.81677332529925	1.4042520339972135	47.2651552774646	1.2741103886314544	60.22102535929646	1.4638657661890102e-10
441.79260147745117	2	2	1	1	0	0	441.79260147745117	33.0	0	0.048526259876818696	0.6992970705005935	0.9727814800545098	6760.60812109457	0.0	2043.21094218184	2175.4557822185707	410.7247845119389	10.271273815173878	4218.66672440041	2.1802520261676373e-08
457.365493753255	1	1	1	1	4	0	457.365493753255	34.0	0	0.001240889268114602	0.1954286452915664	0.6098812298516926	115.2347320760847	0.0	62.044463405730106	3.3420976643633766	49.84817100599118	1.3117143467958885	65.38656107009348	1.5499997357441132e-10
457.365493753255	2	2	1	1	0	0	457.365493753255	34.0	0	0.052711104945495184	0.6916713521198873	0.9687865658380844	7820.305394792887	0.0	2219.4149450734812	2389.123395234876	449.4251580342652	10.254295421434751	4608.538340308356	2.5582781461097523e-08
473.0655726577729	1	1	1	1	4	0	473.0655726577729	35.0	0	0.0013012931141625555	0.19461997677895104	0.6009464922587507	123.47380537974676	0.0	65.06465570812779	5.937770076218038	52.471379595400926	1.3531648363705144	71.00242578434583	1.7285993548214851e-10
473.0655726577729	2	2	1	1	0	0	473.0655726577729	35.0	0	0.056918166412817724	0.6870804297937919	0.9675690093603334	8976.449758086641	0.0	2396.554375276536	2608.416373192098	489.34673312721776	10.227861779078165	5004.970748468633	2.7557194990812325e-08
488.8923788691719	1	1	1	1	4	0	488.8923788691719	36.0	0	0.0013612506193864762	0.18127655422125905	0.5597611916954444	131.99246743056378	0.0	68.06253096932383	8.884167285270127	55.04576917596978	1.3978676182834595	76.94669825459395	1.992064728473844e-10
488.8923788691719	2	2	1	1	0	0	488.8923788691719	36.0	0	0.06109301424107585	0.6874505754342882	0.9650116442904204	10237.291250085229	0.0	2572.337441729509	2830.769203859463	530.477846892863	10.185357743468977	5403.106645588972	3.060937515345871e-08
504.8454155135833	1	1	1	1	4	0	504.8454155135833	37.0	0	0.0014069992511218958	0.14292854631527782	0.5228716979582457	139.26017230658658	0.4510290788445342	70.3499625560948	11.372350548841831	57.08683012280545	1.431544069431342	82.17334218378116	2.1310388402524549e-10
504.8454155135833	2	2	1	1	0	0	504.8454155135833	37.0	0	0.06517860618452656	0.6661272394433188	0.9485016603240312	11582.101240502185	0.0	2744.362365664277	3053.48833848846	572.8052392376028	10.121853480023349	5797.850704152736	3.2882148460247684e-08
520.9241483123367	1	1	1	1	4	0	520.9241483123367	38.0	0	0.0014682226673964425	0.18682119900401173	0.5863833303164054	150.23652793655432	1.7274050509409475	73.41113336982212	15.015873720634275	60.082115795156966	1.471769193214468	90.15441214139734	2.9555129749068085e-10
520.9241483123367	2	2	1	1	0	0	520.9241483123367	38.0	0	0.06911525458460342	0.6765650725712049	0.9665184288257096	13048.004312334637	0.0	2910.115982509618	3273.7504954052324	616.3140198883236	10.033629413517755	6183.86647791485	3.580209066959096e-08
537.1280057402779	1	1	1	1	4	0	537.1280057402779	39.0	0	0.0015158394785575488	0.16210850785215045	0.5502601717187973	159.74555128470405	3.125352139832688	75.79197392787745	18.478686735825924	62.34953848116797	1.5119704645797316	97.39601280353607	2.9817758392287084e-10
537.1280057402779	2	2	1	1	0	0	537.1280057402779	39.0	0	0.07315257460612437	0.6778859432572639	0.9577873199235264	14612.263008274873	0.0	3080.108404468396	3500.407058016936	660.9876367025713	9.955580251565896	6580.515462485331	4.347079349309749e-08
553.4563791951257	1	1	1	1	4	0	553.4563791951257	40.0	0	0.0015672718045134757	0.19156333045309115	0.5071875343712381	171.3132785674328	5.179985364034726	78.3635902256738	22.829734576986986	64.9399684007373	1.5582595325302295	106.37331016669548	3.8757533681596313e-10
553.4563791951257	2	2	1	1	0	0	553.4563791951257	40.0	0	0.0772671991087213	0.6649753210909983	0.9589889335265978	16250.992482760166	0.0	3253.35575194616	3731.403521320621	706.807845343053	9.882119050159512	6984.759273266783	4.491851250110178e-08
569.9086231778117	1	1	1	1	4	0	569.9086231778117	41.0	0	0.001629669619722491	0.17730258904931756	0.5911746708493198	185.56502310240484	8.109679189571747	81.48348098612456	27.970135914131728	68.00172701257677	1.6095711345685837	117.56329608982806	4.3724572307784287e-10
569.9086231778117	2	2	1	1	0	0	569.9086231778117	41.0	0	0.08140691867216053	0.6611828152642714	0.9491239196100184	17982.19245331752	0.0	3427.6597335646547	3963.8088301452804	753.7546803860274	9.806199226417373	7391.468563709936	4.6639962661615967e-08
586.4840554837581	1	1	1	1	4	0	586.4840554837581	42.0	0	0.0016861781059410873	0.17692025158565258	0.5694843790997933	198.4496681189441	11.174875482913391	84.30890529705438	32.19875429859161	70.76713304038472	1.6463526864817102	127.68253507855935	6.050633620448954e-10
586.4840554837581	2	2	1	1	0	0	586.4840554837581	42.0	0	0.08551711457252807	0.6495233729861157	0.9337329964241764	19793.196577182003	0.0	3600.720613580129	4194.5566701659145	801.8064279322696	9.722143664835434	7795.2772837460425	4.932506352932213e-08
603.1819574050269	1	1	1	1	4	0	603.1819574050269	43.0	0	0.0017705990157060657	0.22285243695937626	0.5890837640627868	217.84828383736118	16.616620872887584	88.52995078530327	37.57582420630737	75.12588797286296	1.6785928046156695	142.72239586449822	7.913120992250409e-10
603.1819574050269	2	2	1	1	0	0	603.1819574050269	43.0	0	0.08960474986549646	0.6567012593541472	0.9390920699206536	21717.09117942116	0.0	3772.8315732840615	4424.037949771157	850.9395997882947	9.632727781260293	8196.869523055218	5.174896315226584e-08
620.0015739432909	1	1	1	1	4	0	620.0015739432909	44.0	0	0.0018514122263696578	0.21830939205017352	0.5632102065109443	238.20580419190574	23.087667310290307	92.57061131848292	42.72442745720709	79.82309810592548	1.6949359519490597	158.38270608598032	8.364885871405753e-10
620.0015739432909	2	2	1	1	0	0	620.0015739432909	44.0	0	0.0937929190657456	0.6384549839069779	0.9365117793441896	23703.240319921144	0.0	3949.1755396103417	4659.163238206198	901.1289092843725	9.552838322158383	8608.33877781654	5.610063554527668e-08
636.9421140335545	1	1	1	1	4	0	636.9421140335545	45.0	0	0.001927233439017848	0.1978130553710098	0.5749257146331187	258.89197553744503	29.616285065423583	96.36167195089241	48.728212854133396	84.18580566699562	1.7234483135903174	174.70616987044937	8.839923078303102e-10
636.9421140335545	2	2	1	1	0	0	636.9421140335545	45.0	0	0.09802497188695147	0.6381483813803919	0.9243058900940068	25785.508388220875	0.0	4127.3672373453255	4896.75216851951	952.3472487945863	9.475660708094583	9024.119405864836	6.112455284158711e-08
654.0027507785644	1	1	1	1	4	0	654.0027507785644	46.0	0	0.0020209061507658814	0.20283936777654105	0.6114820977914659	285.4736906307244	38.17674087337159	101.04530753829408	56.73357414004248	89.51806807901626	1.7625367153708846	195.9556225517081	9.22283565163938e-10
654.0027507785644	2	2	1	1	0	0	654.0027507785644	46.0	0	0.10224176511045463	0.637714311629876	0.9234023697963568	27984.540698238252	0.0	4304.9164257033535	5133.484419663545	1004.5656690227713	9.395504083419905	9438.400845366898	6.57860707915225e-08
671.1826216938364	1	1	1	1	4	0	671.1826216938364	47.0	0	0.0021118399383758227	0.1939260590115484	0.5251988084556846	310.49638373352855	46.529962849625036	105.59199691879108	63.95680696653032	94.41761699858203	1.7957327167859756	216.07876673494644	1.189389248922065e-09
671.1826216938364	2	2	1	1	0	0	671.1826216938364	47.0	0	0.10638736122078006	0.6237317640504562	0.9182977583412884	30246.0907615104	0.0	4479.467840874951	5366.219639892343	1057.753360116621	9.308112696216604	9845.687480767294	6.703619451356593e-08
688.4808289632283	1	1	1	1	4	0	688.4808289632283	48.0	0	0.0022226796830247717	0.17288282583762793	0.5573649007473528	340.68194246410974	57.341065680029395	111.13398415123855	71.76735169781446	100.43954093502731	1.8210092772862123	240.2424015290824	1.2740291441636094e-09
688.4808289632283	2	2	1	1	0	0	688.4808289632283	48.0	0	0.11064815196410277	0.6219734629737887	0.9052329136106942	32582.805523330648	0.0	4658.869556383275	5605.4219272367745	1111.877634670554	9.231493793524617	10264.29148362005	6.821420878625835e-08
705.8964397049822	1	1	1	1	4	0	705.8964397049822	49.0	0	0.002330966366659004	0.19921917441122725	0.5794420293857602	370.8735589791018	69.21353828035997	116.54831833295022	78.34661666766807	106.76508569812358	1.825455707043408	264.1084732809782	1.44099766346079e-09
705.8964397049822	2	2	1	1	0	0	705.8964397049822	49.0	0	0.114962665293289	0.6086857759131686	0.9068204174197616	34979.7588902767	0.0	4840.533275506906	5847.640219401616	1166.9039126761286	9.15942896308978	10688.173494908522	7.558892401062218e-08
723.4284862481575	1	1	1	1	4	0	723.4284862481575	50.0	0	0.002462720694094083	0.20285060157667556	0.6197429170650047	409.02739413728517	83.44610439694709	123.13603470470413	88.38151515796055	114.06373987767338	1.8543802797410005	294.9636542596118	1.5249231687966195e-09
723.4284862481575	2	2	1	1	0	0	723.4284862481575	50.0	0	0.11926687087677094	0.5989184159529568	0.8914167123555629	37444.37366330138	0.0	5021.762984285094	6089.279831105867	1222.7957084768298	9.086589639107732	11111.04281539096	7.824895558864274e-08
741.0759664193733	1	1	1	1	4	0	741.0759664193733	51.0	0	0.0025924934317737226	0.2164052277741308	0.5986722205215008	449.82611872516264	98.5785882918351	129.62467158868614	100.04873285117023	121.57412599347128	1.8891635252404797	328.25199273169153	2.1961513521675293e-09
741.0759664193733	2	2	1	1	0	0	741.0759664193733	51.0	0	0.12352292440135995	0.6004778618122876	0.8945958608322193	40019.42860520484	0.0	5200.9652379519985	6328.216169328407	1279.5146197819809	9.010589819790324	11529.181407280403	8.659856305238058e-08
758.8378438397727	1	1	1	1	4	0	758.8378438397727	52.0	0	0.0027375190610977387	0.2060741308885609	0.6053118834191812	493.18862030339255	114.67127132862831	136.8759530548869	112.29920933113505	129.34218658874232	1.9264802069436304	363.84643371465035	1.9534421060159705e-09
758.8378438397727	2	2	1	1	0	0	758.8378438397727	52.0	0	0.1279048760801419	0.5875855074842896	0.88812831389827	42622.956830370495	0.0	5385.46846653229	6574.2204741021305	1337.0203187923275	8.94503155452199	11959.688940634422	8.817306909982363e-08
776.7130482321257	1	1	1	1	4	0	776.7130482321257	53.0	0	0.002875307321076418	0.1894282282820347	0.5388866789792859	533.3881857102731	130.13906547303174	143.7653660538209	122.84716584193869	136.6365883414817	1.951252846195504	396.7515973687913	1.96159633711816e-09
776.7130482321257	2	2	1	1	0	0	776.7130482321257	53.0	0	0.13234620314468967	0.5800457572956029	0.8885449761026265	45306.036782733914	0.0	5572.471711355354	6823.558133866213	1395.2705454875033	8.884319879977424	12396.029845221567	9.089034349458994e-08
794.7004757379742	1	1	1	1	4	0	794.7004757379742	54.0	0	0.0030376528073665678	0.2173819694449986	0.5693388177643334	580.6137885694926	149.6990780062844	151.8826403683284	133.3464502842148	145.685619910665	1.957839701869318	434.92816865882764	2.4638229105335007e-09
794.7004757379742	2	2	1	1	0	0	794.7004757379742	54.0	0	0.1367777806761697	0.5688728065557336	0.8704149765268641	48039.251900698255	0.0	5759.064449522934	7072.348451422987	1454.2211031231366	8.82356395006834	12831.412900945921	9.850395758131905e-08
812.7989892447298	1	1	1	1	4	0	812.7989892447298	55.0	0	0.0032129340529656746	0.195668080038779	0.5312127400725141	630.7790885648927	169.78596898463957	160.64670264828368	145.50918786265817	154.83722906931132	1.9772757001088817	475.9418594955815	2.3543372789264315e-09
812.7989892447298	2	2	1	1	0	0	812.7989892447298	55.0	0	0.14116997292391084	0.5700050551715968	0.8751497689958966	50884.393011934844	0.0	5943.998859954139	7318.927665331262	1513.8258559827884	8.761196985022428	13262.926525285402	1.0627148617037966e-07
831.0074187226242	1	1	1	1	4	0	831.0074187226242	56.0	0	0.00338725673519898	0.2330065421916995	0.5765649914706493	683.7372692426384	190.62541466472317	169.36283675994903	159.52712372939496	164.22189408857133	2.0027168868967054	519.5153751540671	3.8285888113693026e-09
831.0074187226242	2	2	1	1	0	0	831.0074187226242	56.0	0	0.1456931506908728	0.5605255282193894	0.8689509459147801	53772.63476421132	0.0	6134.448450142012	7572.860452248426	1574.0367294272155	8.708379319317702	13707.308902390438	1.075589854569098e-07
849.3245615714155	1	1	1	1	4	0	849.3245615714155	57.0	0	0.0035599695080919705	0.2491599728223945	0.5475070274799654	737.4980474155532	211.94871710183102	177.9984754045985	173.80377016578782	173.74708474333562	2.024795098519662	563.7509626722174	3.236248229323034e-09
849.3245615714155	2	2	1	1	0	0	849.3245615714155	57.0	0	0.15027554817167266	0.5648956203486082	0.8615613429439416	56757.30520232758	0.0	6327.391501965164	7830.1178546792935	1634.8037122806506	8.660066802083456	14157.509356644456	1.1854172906530595e-07
867.7491829767432	1	1	1	1	4	0	867.7491829767432	58.0	0	0.003768013665645136	0.23908562016090426	0.5852252189677085	800.3759779013617	237.648720649908	188.4006832822568	189.15216691773284	185.17440705146402	2.0389040592151564	615.2015708498976	3.4564660810554528e-09
867.7491829767432	2	2	1	1	0	0	867.7491829767432	58.0	0	0.15484277825870554	0.5481032638927656	0.8605233549139271	59764.11797982709	0.0	6519.695926682338	8086.523754302194	1696.0748615908888	8.611777706135062	14606.219680984532	1.2663989809465112e-07
886.2800162760308	1	1	1	1	4	0	886.2800162760308	59.0	0	0.003984157750339297	0.2269988747013759	0.5534821194713284	865.3640714045451	266.1776343898229	199.20788751696492	202.13393705447032	197.84461244328705	2.028570905293069	667.5194589612581	3.4646368189660437e-09
886.2800162760308	2	2	1	1	0	0	886.2800162760308	59.0	0	0.15936188837410165	0.5447231540305684	0.8537656231174912	62844.744210634475	0.0	6709.974247330596	8340.228181833203	1757.7963097969462	8.561971796892863	15050.202429163799	1.2412278842486927e-07
