11.247441493196291	1	1	1	1	4	0	11.247441493196291	1.0	0	0.0			15.0	0.0	0.0	0.0	0.0		0.0	0.0
11.247441493196291	2	2	1	1	0	0	11.247441493196291	1.0	0	0.0			100.0	0.0	0.0	0.0	0.0		0.0	0.0
11.367595075476835	1	1	1	1	4	0	11.367595075476835	1.0	0	0.0			15.0	0.0	0.0	0.0	0.0		0.0	0.0
11.367595075476835	2	2	1	1	0	0	11.367595075476835	1.0	0	0.0			100.0	0.0	0.0	0.0	0.0		0.0	0.0
22.856168219862568	1	1	1	1	4	0	22.856168219862568	2.0	0	0.0			14.552750241652504	0.0	0.0	0.0	0.7285827694774977	0.0	0.0	0.0
22.856168219862568	2	2	1	1	0	0	22.856168219862568	2.0	0	0.0			98.68366698886999	0.0	0.0	0.0	0.9714436926366636	0.0	0.0	0.0
34.4665080713728	1	1	1	1	4	0	34.4665080713728	3.0	0	0.0			13.791431040067982	0.0	0.0	0.0	2.1993864847666735	0.0	0.0	0.0
34.4665080713728	2	2	1	1	0	0	34.4665080713728	3.0	0	0.00011257771665567784			93.56925873044621	0.0	4.740114385502225	3.1600762570014824	2.932515313022233	2.6939980867011464	7.900190642503707	0.0
46.1993671861199	1	1	1	1	4	0	46.1993671861199	4.0	0	0.0			12.713098668736418	0.0	0.0	0.0	4.42587529936556	0.0	0.0	0.0
46.1993671861199	2	2	1	1	0	0	46.1993671861199	4.0	0	0.00033581469321961526	0.21627636543131884	0.5890633136431647	84.74096204724611	0.0	14.139566030299589	9.426377353533061	5.901167065820748	3.993437759172312	23.56594338383265	9.399192542414704e-13
58.05546181511435	1	1	1	1	4	0	58.05546181511435	5.0	0	0.0			11.314922877436091	0.0	0.0	0.0	7.421310407022852	0.0	0.0	0.0
58.05546181511435	2	2	1	1	0	0	58.05546181511435	5.0	0	0.0006675093645202824	0.45793106202642603	0.968393273651817	72.29083659645532	0.0	28.105657453485573	18.737104968990387	9.895080542697137	4.73394453136082	46.842762422475964	2.803863087254214e-12
70.03547169202406	1	1	1	1	4	0	70.03547169202406	6.0	0	2.500826149469408e-05			10.075555122184273	0.0	1.2504130747347042	0.0	8.825142047449571	0.14168758621806754	1.2504130747347042	0.0
70.03547169202406	2	2	1	1	0	0	70.03547169202406	6.0	0	0.0007952177084349142	0.6079006725050375	1.1016084252513945	67.16950623651297	0.0	33.48285088147008	22.321900587646716	11.364754767396185	4.910334856429323	55.804751469116795	5.573636710187199e-12
82.14003983175478	1	1	1	1	4	0	82.14003983175478	7.0	0	2.500826149469408e-05	1.0254525345406993	0.9280651038100992	10.075555122184273	0.0	1.2504130747347042	0.0	8.825142047449571	0.14168758621806754	1.2504130747347042	2.783477622568739e-13
82.14003983175478	2	2	1	1	0	0	82.14003983175478	7.0	0	0.0009241783932661259	0.733486565431917	1.12512712104432	77.67308220198687	0.0	38.91277445331058	25.941849635540386	12.818458113135927	5.0594715461440805	64.85462408885095	7.406892910270875e-11
94.36977233991071	1	1	1	1	4	0	94.36977233991071	8.0	0	2.500826149469408e-05	0.360861026799844	2.378169661197655	10.075555122184273	0.0	1.2504130747347042	0.0	8.825142047449571	0.14168758621806754	1.2504130747347042	4.897625484137136e-13
94.36977233991071	2	2	1	1	0	0	94.36977233991071	8.0	0	0.0010750017369274987	0.7457101203076735	1.0553734232927907	89.94528246399975	0.0	45.26323102852628	30.17548735235085	14.506564083122607	5.200316074062288	75.43871838087712	8.613924792595665e-11
106.72523823319248	1	1	1	1	4	0	106.72523823319248	9.0	0	3.027576305222964e-05	0.6896823524241011	0.7828547189007559	10.47953880993112	0.0	1.5137881526114825	0.0	8.965750657319637	0.16884120588114124	1.5137881526114825	1.7060738239467963e-12
106.72523823319248	2	2	1	1	0	0	106.72523823319248	9.0	0	0.0012516768727069793	0.7747803164791492	1.1010229426392333	104.5605423812213	0.0	52.70218411397809	35.5288511828584	16.329507084384794	5.4031658666052484	88.2310352968365	1.0861579027001648e-10
119.20696927078512	1	1	1	1	4	0	119.20696927078512	10.0	0	3.208863158250431e-05	0.2740747932856731	0.8037270132870963	10.616816677931153	0.0	1.6044315791252155	0.0	9.012385098805936	0.17802519106044296	1.6044315791252155	9.6485339283733e-13
119.20696927078512	2	2	1	1	0	0	119.20696927078512	10.0	0	0.0014155124591629974	0.8763038865654952	1.1855967335233837	118.26988339006748	0.0	59.60052459633675	40.73358822701607	17.935770566714652	5.594078740589695	100.33411282335285	1.0771219287749831e-10
131.81545979678634	1	1	1	1	4	0	131.81545979678634	11.0	0	3.904403314341792e-05	1.0263984791480831	1.1146725221231415	11.143210633700653	0.0	1.952201657170896	0.0	9.191008976529755	0.2124034110026501	1.952201657170896	2.414900997346369e-12
131.81545979678634	2	2	1	1	0	0	131.81545979678634	11.0	0	0.0017212548563685088	0.8475450260011347	1.2119621345552305	144.078589750033	0.0	72.47388868920038	50.76557131516316	20.83912974566945	5.913848683147327	123.23946000436355	2.336047577335354e-10
144.55116659372186	1	1	1	1	4	0	144.55116659372186	12.0	0	4.563942598223357e-05	0.510661929718901	1.4572092976386004	11.646600817795493	0.0	2.2819712991116794	0.0	9.364629518683817	0.24367982679494266	2.2819712991116794	2.3698061811324256e-12
144.55116659372186	2	2	1	1	0	0	144.55116659372186	12.0	0	0.0020095150615428137	0.7836368801729277	1.1371600074495614	168.5869549827183	0.0	84.61116048601323	60.45018497564627	23.525609521058787	6.166103595820072	145.0613454616595	2.419085063907777e-10
157.41450874719058	1	1	1	1	4	0	157.41450874719058	13.0	0	4.8200224391280967e-05	0.31470892398386924	1.3170948707089574	11.8453051219913	0.0	2.4100112195640486	0.0	9.43529390242725	0.2554251350818089	2.4100112195640486	1.6777693251815563e-12
157.41450874719058	2	2	1	1	0	0	157.41450874719058	13.0	0	0.0023360798098534304	0.7816162012862771	1.1933717295849549	196.52544153857482	0.0	98.36125515172337	71.62274694996863	26.541439436882854	6.4044756316221765	169.984002101692	2.965480721075859e-10
170.4058675216809	1	1	1	1	4	0	170.4058675216809	14.0	0	6.190682598100904e-05	1.0516297822472005	1.2739283168909166	12.861961286331232	0.0	3.0953412990504527	0.0	9.766619987280775	0.3169306580046694	3.0953412990504527	4.147158433439288e-12
170.4058675216809	2	2	1	1	0	0	170.4058675216809	14.0	0	0.0026865978547792302	0.8448339441219205	1.1548185173586236	226.6828251568413	0.0	113.11990967491495	83.78986314898401	29.77305233294231	6.61369115339339	196.90977282389898	3.0256360232055336e-10
183.52558624759342	1	1	1	1	4	0	183.52558624759342	15.0	0	7.976596240322407e-05	1.0600403525832496	1.3718285789633762	14.159891057970883	0.0	3.9882981201612036	0.0	10.17159293780968	0.39210162504006296	3.9882981201612036	5.787163252978176e-12
183.52558624759342	2	2	1	1	0	0	183.52558624759342	15.0	0	0.003259395723679757	0.8735880218393035	1.1996460543041128	276.50893181997367	0.0	137.23771468125295	104.4170138352575	34.85420330346325	6.933302316868585	241.65472851651052	5.185570405803859e-10
196.77397021950497	1	1	1	1	4	0	196.77397021950497	16.0	0	0.00010337748140228424	1.4096872118445003	1.2996501773037052	15.866915835890806	0.0	5.168874070114212	0.0	10.698041765776594	0.4831607674826639	5.168874070114212	7.875088485344715e-12
196.77397021950497	2	2	1	1	0	0	196.77397021950497	16.0	0	0.003643840391759301	0.8416945618300541	1.1255725516288508	310.2575433303881	0.0	153.42485860039162	118.65415763217408	38.178527097822396	7.1264932650606205	272.07901623256566	4.2471576390279885e-10
210.1512866057031	1	1	1	1	4	0	210.1512866057031	17.0	0	0.00012124802097024417	0.6156773343330127	1.1535199358084722	17.167201819477313	0.0	6.062401048512209	0.0	11.104800770965104	0.5459261425349582	6.062401048512209	1.1331104929202126e-11
210.1512866057031	2	2	1	1	0	0	210.1512866057031	17.0	0	0.004436040931555698	0.8504241723903443	1.1615611482638053	380.35559326757414	0.0	186.7806708023452	148.6506944454037	44.92422801982526	7.466602767213308	335.4313652477489	8.881439006761326e-10
223.65776436901845	1	1	1	1	4	0	223.65776436901845	18.0	0	0.00014641972580745213	0.9685854337410672	1.5438317680773057	19.031080586536614	0.0	7.320986290372605	0.0	11.710094296164007	0.6251859383208224	7.320986290372605	1.4590208667541803e-11
223.65776436901845	2	2	1	1	0	0	223.65776436901845	18.0	0	0.005167600331468699	0.8656009290811285	1.1075803112259908	445.5537239027638	0.0	217.5831718513137	176.86112858451241	51.10942346693772	7.717643316618293	394.4443004358261	8.674943076325055e-10
237.29359419897813	1	1	1	1	4	0	237.29359419897813	19.0	0	0.00018126713090395216	1.0173987672483291	1.01510978286247	21.690789643763047	0.0	9.063356545197607	0.0	12.627433098565435	0.7177513018245386	9.063356545197607	2.122334945274202e-11
237.29359419897813	2	2	1	1	0	0	237.29359419897813	19.0	0	0.006171788232326786	0.8337463924616791	1.128619792055207	535.6500561473135	0.0	259.86476767691744	216.1867556238511	59.59853284654497	7.987638295165953	476.0515233007685	1.2512735815780151e-09
251.0589284553002	1	1	1	1	4	0	251.0589284553002	20.0	0	0.00022019453537262828	0.6522635023692228	1.09894668515661	24.806891129607525	0.0	11.009726768631413	0.0	13.797164360976113	0.797970255378802	11.009726768631413	2.483766548486676e-11
251.0589284553002	2	2	1	1	0	0	251.0589284553002	20.0	0	0.007032333409628562	0.8403022770332125	1.1487168970920243	613.5660061736239	0.0	296.0982488264658	250.77515009833408	66.69260724882413	8.199910327159115	546.8733989247999	1.1690623734068905e-09
264.95388112274634	1	1	1	1	4	0	264.95388112274634	21.0	0	0.0002520178272613742	0.5505188467263101	1.0580532202687745	27.36524085961888	0.0	12.600891363068712	0.0	14.764349496550164	0.8534674261140346	12.600891363068712	2.4386020730151227e-11
264.95388112274634	2	2	1	1	0	0	264.95388112274634	21.0	0	0.008189105385686395	0.8498102047081105	1.13029327919774	719.1635245176558	0.0	344.80443729205876	298.27435788683033	76.08472933876679	8.45214014385968	643.0787951788892	1.6829785623782718e-09
278.9785277773454	1	1	1	1	4	0	278.9785277773454	22.0	0	0.0003094844572290968	0.7118864149191839	0.9864612765355408	32.100766163232414	0.0	15.474222861454846	0.0	16.626543301777566	0.9306939260068854	15.474222861454846	3.688523551098996e-11
278.9785277773454	2	2	1	1	0	0	278.9785277773454	22.0	0	0.009747816635746115	0.8376854650783481	1.1452715899032528	862.5378801163446	0.0	410.4343846629944	363.4486396711319	88.65485578221832	8.729166806555737	773.8830243341263	2.4788040916722217e-09
293.1329055639992	1	1	1	1	4	0	293.1329055639992	23.0	0	0.00033707291420221144	0.7828118312684449	1.132833067739178	34.334150882495194	0.0	16.85364571011057	0.0	17.480505172384618	0.9641395110672002	16.85364571011057	2.722422980840604e-11
293.1329055639992	2	2	1	1	0	0	293.1329055639992	23.0	0	0.01145312466156925	0.8369366642921447	1.1027498022764972	1020.5416991617988	0.0	482.2368278555474	435.8889650529403	102.41590625331108	8.964679672292652	918.1257929084876	2.8755656221810633e-09
307.41701318547484	1	1	1	1	4	0	307.41701318547484	24.0	0	0.00042221229392145964	0.694135054307189	1.0947645426371766	41.223093343976544	0.0	21.110614696072982	0.0	20.112478647903558	1.0496276995810991	21.110614696072982	7.70480423886291e-11
307.41701318547484	2	2	1	1	0	0	307.41701318547484	24.0	0	0.013575268445594604	0.8587602334189228	1.0886601473727875	1218.5786166261776	0.0	571.5902503408255	527.3213901598074	119.66697612554451	9.183081883407397	1098.911640500633	3.5376182555585266e-09
321.83081090278995	1	1	1	1	4	0	321.83081090278995	25.0	0	0.00047729229445840144	0.7673088856429968	1.343501941851195	45.747611690368394	0.0	23.864614722920074	0.0	21.88299696744833	1.090555135497184	23.864614722920074	5.921160126180868e-11
321.83081090278995	2	2	1	1	0	0	321.83081090278995	25.0	0	0.01576720154941335	0.8411606584193977	1.109754421064949	1424.8430201906638	0.0	663.8821705016147	623.6870453028878	137.27380438616095	9.3795696969429	1287.5692158045026	4.1074685834244665e-09
336.3742205469876	1	1	1	1	4	0	336.3742205469876	26.0	0	0.0006128150218801035	0.9675111884478028	1.2336860235082958	57.24693824854912	0.0	30.64075109400517	0.0	26.606187154543942	1.1516400646220435	30.64075109400517	1.1872880316868614e-10
336.3742205469876	2	2	1	1	0	0	336.3742205469876	26.0	0	0.018159416700620216	0.8478320425301029	1.0959792262317103	1651.7742693559264	0.0	764.6070189734828	730.7393027401877	156.42794764225604	9.559329673834645	1495.3463217136702	4.522876159735056e-09
351.0471255422998	1	1	1	1	4	0	351.0471255422998	27.0	0	0.0007856798465965409	0.8307366450188947	0.9975582908360772	71.72663437645969	0.0	39.283992329827036	0.0	32.44264204663264	1.2108752509539984	39.283992329827036	1.5073836136598181e-10
351.0471255422998	2	2	1	1	0	0	351.0471255422998	27.0	0	0.021557722072991926	0.8340562223810686	1.0797420309905346	1976.7335334153265	0.0	907.6935609680811	885.2722987678433	183.76767367940224	9.756698900503578	1792.9658597359244	6.737809797265082e-09
365.84937094069124	1	1	1	1	4	0	365.84937094069124	28.0	0	0.0009940219597961463	0.7663059826354852	1.1425779890504233	89.41546253839346	0.0	49.70109798980732	0.0	39.71436454858613	1.251464011944684	49.70109798980732	1.9108819142377518e-10
365.84937094069124	2	2	1	1	0	0	365.84937094069124	28.0	0	0.024816221270727055	0.8319846874778868	1.0868307756796194	2290.873290648678	0.0	1044.8935271885077	1035.6734703460663	210.30629311410385	9.893032522834405	2080.566997534574	6.703521905556626e-09
380.78076346777357	1	1	1	1	4	0	380.78076346777357	29.0	0	0.001149472379706275	0.7367761199241968	0.9684337646326752	102.9543912732139	0.0	57.47361898531374	0.0	45.48077228790017	1.2636904804847426	57.47361898531374	1.959059767274028e-10
380.78076346777357	2	2	1	1	0	0	380.78076346777357	29.0	0	0.028726082958182412	0.8150372447701308	1.0636716405243931	2763.8981692365423	0.0	1209.519282449786	1218.7282991419213	242.77916018516913	10.00187816672431	2428.2475815917073	9.991853242464136e-09
395.84107158007737	1	1	1	1	4	0	395.84107158007737	30.0	0	0.0013050950930727798	0.5504567852688814	0.9359044155059952	116.41045621674371	0.0	65.25475465363897	0.0	51.155701563104714	1.2756105900168708	65.25475465363897	2.0480075543811625e-10
395.84107158007737	2	2	1	1	0	0	395.84107158007737	30.0	0	0.03277356922369054	0.8145559267959132	1.076156886759505	3241.3920090544984	0.0	1379.9397567869705	1411.708664687269	276.5088214300468	10.0960555509094	2791.6484214742395	1.1506166642993712e-08
411.03002553366304	1	1	1	1	4	0	411.03002553366304	31.0	0	0.0015426619842131364	0.48643692981207	0.872915838372122	137.19007888248078	0.0	77.13309921065681	0.0	60.05697967182397	1.2843319732717793	77.13309921065681	2.993223883354125e-10
411.03002553366304	2	2	1	1	0	0	411.03002553366304	31.0	0	0.03691951159829666	0.8203553040749251	1.0695165285300423	3825.528163378514	0.0	1554.505751507228	1612.8158737028743	311.49106486606047	10.168258362634042	3167.3216252101024	1.347794189322052e-08
426.3473174640513	1	1	1	1	4	0	426.3473174640513	32.0	0	0.0016009202548750395	0.4311222930260914	0.7982883507924076	142.44997016837377	0.0	80.04601274375196	0.0	62.40395742462175	1.2827073161255869	80.04601274375196	1.5158531989146698e-10
426.3473174640513	2	2	1	1	0	0	426.3473174640513	32.0	0	0.041122614422080095	0.7971175527963813	1.0449059217021788	4386.508110721097	0.0	1731.4785019823196	1820.149340881411	347.7202631493515	10.214037602226963	3551.6278428637306	1.3411756220636214e-08
441.79260147745117	1	1	1	1	4	0	441.79260147745117	33.0	0	0.001799027215724711	0.3866286521396951	0.7748314860430925	163.27854960411824	0.0	89.95136078623554	3.2424761893791585	70.08471262850352	1.32973131344071	93.19383697561472	3.297437146153842e-10
441.79260147745117	2	2	1	1	0	0	441.79260147745117	33.0	0	0.045339417923818064	0.7723952402667132	1.035053422389592	5093.274345739608	0.0	1909.0281231081287	2031.7047634996927	385.1893351918051	10.230638614762094	3940.7328866078224	1.6558058974316963e-08
457.365493753255	1	1	1	1	4	0	457.365493753255	34.0	0	0.0018623575413390077	0.2718095396045408	0.6627003709437285	170.8802442133167	0.0	93.11787706695038	5.143594197972922	72.61877294839337	1.3531139025820906	98.2614712649233	2.2455758502231092e-10
457.365493753255	2	2	1	1	0	0	457.365493753255	34.0	0	0.04952426299249453	0.7509448737545731	1.0150715462173074	5783.974519614962	0.0	2085.23212599977	2245.372376515998	423.8897087141315	10.216347350476251	4330.604502515767	1.7257477209328166e-08
473.0655726577729	1	1	1	1	4	0	473.0655726577729	35.0	0	0.0019866787130811804	0.2664872836557575	0.6607994127081421	187.83762878726841	0.0	99.333935654059	10.485920172455069	78.01777296075431	1.40762613003267	109.81985582651407	3.618168015245567e-10
473.0655726577729	2	2	1	1	0	0	473.0655726577729	35.0	0	0.053731324459817084	0.7464228754398148	1.0135863113390997	6569.0867072824	0.0	2262.371556202825	2464.6653544732203	463.81128380708407	10.191724685685287	4727.0369106760445	2.0110550000171844e-08
488.8923788691719	1	1	1	1	4	0	488.8923788691719	36.0	0	0.0020636604133432413	0.2291762686577598	0.5859090615035893	198.77505999259748	0.0	103.1830206671621	14.268910574626286	81.3231287508091	1.4442623279004108	117.45193124178837	3.292603331859075e-10
488.8923788691719	2	2	1	1	0	0	488.8923788691719	36.0	0	0.057906172288075215	0.7324054762207864	0.9954560656707448	7396.7925502344015	0.0	2438.1546226557984	2687.018185140585	504.94239757272925	10.150014798585376	5125.172807796384	2.2093389124127225e-08
504.8454155135833	1	1	1	1	4	0	504.8454155135833	37.0	0	0.0020758450665364267	0.2577620686501561	0.6148472242936446	200.71073457051483	0.12012671630367662	103.79225332682131	14.931611271841554	81.8667432555483	1.4502087157426615	118.84399131496656	2.0004393794088096e-10
504.8454155135833	2	2	1	1	0	0	504.8454155135833	37.0	0	0.06199176423152593	0.7158138044113486	0.9867687258169	8190.681185463119	0.0	2610.1795465905648	2909.7373197695824	547.269789917469	10.086280967916352	5519.916866360148	2.0735380726964216e-08
520.9241483123367	1	1	1	1	4	0	520.9241483123367	38.0	0	0.0021997059129174232	0.2850364538407663	0.6477303272605133	222.91695534738187	2.702357794283478	109.98529564587116	22.302808296248788	87.92649361097841	1.504530642691324	134.9904617364034	5.533949985361813e-10
520.9241483123367	2	2	1	1	0	0	520.9241483123367	38.0	0	0.06592841263160278	0.7069161780274849	0.9833396137027042	9003.47630853392	0.0	2775.933163435907	3129.999476686355	590.7785705681898	9.996863350074033	5905.932640122262	2.2473889100963162e-08
537.1280057402779	1	1	1	1	4	0	537.1280057402779	39.0	0	0.0022058778715400235	0.24580908293711445	0.5900998125662027	224.14948850563042	2.8835558077336585	110.29389357700121	22.751648487904106	88.22039063299142	1.5081042048248512	135.92909787263895	2.0986978016249467e-10
537.1280057402779	2	2	1	1	0	0	537.1280057402779	39.0	0	0.06996573265312375	0.6994974179876532	0.9745089079593092	9648.771849664301	0.0	2945.9255853946843	3356.6560392980577	635.4521873824373	9.918262537822738	6302.5816246927425	2.0153866372805035e-08
553.4563791951257	1	1	1	1	4	0	553.4563791951257	40.0	0	0.002303879187612125	0.2504225729910692	0.6340782243901398	246.19112237305472	6.798540329137754	115.19395938060623	31.04231796087045	93.15630470244032	1.5697947423803928	153.03481767061442	6.246630485109612e-10
553.4563791951257	2	2	1	1	0	0	553.4563791951257	40.0	0	0.07408035715572066	0.686976158099218	0.960214592352642	10451.853806103969	0.0	3119.1729328724487	3587.6525026017443	681.2723960229191	9.844557734361167	6706.825435474193	2.469342989768581e-08
569.9086231778117	1	1	1	1	4	0	569.9086231778117	41.0	0	0.0023965145092066324	0.2325710256216855	0.6233421346833472	267.3491538499189	11.147941486741969	119.82572546033165	38.67371866610604	97.70176823673927	1.6222781530665926	169.64738561317958	8.196313016359751e-10
569.9086231778117	2	2	1	1	0	0	569.9086231778117	41.0	0	0.0782200767191599	0.6791563522476632	0.9587527455559764	11169.474417487243	0.0	3293.4769144909437	3820.0578114264026	728.2192310658936	9.768397238706914	7113.534725917346	2.5284750294066934e-08
586.4840554837581	1	1	1	1	4	0	586.4840554837581	42.0	0	0.002419397544924243	0.2152447535890691	0.6630367355284457	272.5667735713471	12.389188615371324	120.96987724621216	40.386092010410856	98.82161569935276	1.6328003556177415	173.74515787199434	3.842989256843313e-10
586.4840554837581	2	2	1	1	0	0	586.4840554837581	42.0	0	0.08233027261952744	0.6795132576272179	0.9526239891678704	11829.01558382186	0.0	3466.5377945064183	4050.8056514470363	776.2709786121358	9.683916638740529	7517.343445953455	2.3568564883933558e-08
603.1819574050269	1	1	1	1	4	0	603.1819574050269	43.0	0	0.0025424572641649123	0.22548372686428214	0.6838401832925084	300.8439884297488	20.32157955659327	127.1228632082456	48.224205992161096	105.17533967274885	1.667188047559398	195.668648757	9.117896028177001e-10
603.1819574050269	2	2	1	1	0	0	603.1819574050269	43.0	0	0.08641790791249583	0.6688200668881136	0.9439415364048211	12511.417882869511	0.0	3638.648754210351	4280.286931052279	825.4041504681607	9.594010014089573	7918.93568526263	2.4210317627833068e-08
620.0015739432909	1	1	1	1	4	0	620.0015739432909	44.0	0	0.00255710513239683	0.2135540783248901	0.5787527778677096	304.5339083479572	21.494494662420166	127.85525661984151	49.157420517092476	106.02673654860308	1.6695098132704544	198.50717179935413	3.80901638071953e-10
620.0015739432909	2	2	1	1	0	0	620.0015739432909	44.0	0	0.090606077112745	0.6634781341677536	0.933377605387146	13120.9458954147	0.0	3814.9927205366307	4515.412219487321	875.5934599642387	9.5140100068406	8330.404940023951	2.3642847508417193e-08
636.9421140335545	1	1	1	1	4	0	636.9421140335545	45.0	0	0.002670935980881519	0.22447981312901066	0.6341970994580658	335.59018341821104	31.295948273394146	133.54679904407598	58.17094011118226	112.5764959895587	1.702999702291674	223.01368742865242	1.0929138380237622e-09
636.9421140335545	2	2	1	1	0	0	636.9421140335545	45.0	0	0.09483812993395084	0.6517534855668752	0.9289122233333814	13733.201360464087	0.0	3993.184418271615	4753.0011498006315	926.8117994744524	9.436851767566797	8746.185568072247	2.595608071375495e-08
654.0027507785644	1	1	1	1	4	0	654.0027507785644	46.0	0	0.0027091134639169873	0.2045856554475164	0.5917030203173631	346.42389323710734	34.78486890230576	135.45567319584936	61.43362503811883	114.74972610083336	1.7158149733704533	231.67416713627395	7.182121475304617e-10
654.0027507785644	2	2	1	1	0	0	654.0027507785644	46.0	0	0.099054923157454	0.6523052806948658	0.9321104625867488	14313.359662335613	0.0	4170.733606629641	4989.733400944668	979.0302197026376	9.356674414357334	9160.467007574307	2.529732226382197e-08
671.1826216938364	1	1	1	1	4	0	671.1826216938364	47.0	0	0.002737226994496672	0.20497447168670396	0.5991623029048723	354.1600303344568	37.3673915007885	136.86134972483362	63.66679471342943	116.2644943954053	1.7247582375087316	237.89553593905154	6.751613149383544e-10
671.1826216938364	2	2	1	1	0	0	671.1826216938364	47.0	0	0.10320051926777944	0.6406955618273515	0.9211182521853936	14944.871116629343	0.0	4345.285021801239	5222.468621173465	1032.2179107964869	9.269121900425047	9567.753642974705	2.7291530363510942e-08
688.4808289632283	1	1	1	1	4	0	688.4808289632283	48.0	0	0.002842030048855616	0.1931437736168168	0.5474242405111714	382.7015860960272	47.589686772250424	142.10150244278083	71.05195196580581	121.95844491519009	1.747754774643228	260.74314118083703	1.1471114105448102e-09
688.4808289632283	2	2	1	1	0	0	688.4808289632283	48.0	0	0.10746131001110217	0.645366775093289	0.920412349969098	15416.683411850869	0.0	4524.686737309565	5461.670908517898	1086.3421853504199	9.192644620172027	9986.357645827462	2.506778736517298e-08
705.8964397049822	1	1	1	1	4	0	705.8964397049822	49.0	0	0.002869320403048123	0.17306009830911254	0.5639105516040361	390.3104617276935	50.58178119725164	143.46602015240614	72.71005493218846	123.55260544584728	1.7496682834369195	266.7578562818462	6.282365789046505e-10
705.8964397049822	2	2	1	1	0	0	705.8964397049822	49.0	0	0.11177582334028836	0.6220936294954309	0.9066021209882736	15964.398677827425	0.0	4706.350456433195	5703.889200682739	1141.3684633559951	9.120840457170543	10410.239657115932	3.017441521597795e-08
723.4284862481575	1	1	1	1	4	0	723.4284862481575	50.0	0	0.002891130630967013	0.18436448422246907	0.5681592515495538	396.62633656064537	52.93779877114412	144.55653154835062	74.37120282369922	124.76080341745147	1.7547797735761164	271.865533143194	6.491426170252026e-10
723.4284862481575	2	2	1	1	0	0	723.4284862481575	50.0	0	0.11608002892377035	0.6209961502408522	0.9072525058190084	16435.076136163058	0.0	4887.580165211383	5945.52881238699	1197.2602591566956	9.048249029186684	10833.108977598371	2.6641401399991532e-08
741.0759664193733	1	1	1	1	4	0	741.0759664193733	51.0	0	0.0030060900074964907	0.18137948980324387	0.6013902989342632	432.7679486255663	66.34293258432727	150.30450037482453	84.70662531556448	131.41389035085004	1.7883278933676958	301.3540582747163	1.52527133323472e-09
741.0759664193733	2	2	1	1	0	0	741.0759664193733	51.0	0	0.12033608244835932	0.6164260043923783	0.9109235933483596	17010.072718030875	0.0	5066.782418878288	6184.46515060953	1253.979170461847	8.972435774466591	11251.247569487818	3.0450008177193814e-08
758.8378438397727	1	1	1	1	4	0	758.8378438397727	52.0	0	0.0030060900074964907	0.2054345773855764	0.5783659495245438	432.7679486255663	66.34293258432727	150.30450037482453	84.70662531556448	131.41389035085004	1.7883278933676958	301.3540582747163	4.92052498110287e-10
758.8378438397727	2	2	1	1	0	0	758.8378438397727	52.0	0	0.12471803412714125	0.6117947391370412	0.8926115168534409	17394.81143910064	0.0	5251.28564745858	6430.4694553832505	1311.4848694721934	8.907274017993931	11681.755102841831	2.646285794376002e-08
776.7130482321257	1	1	1	1	4	0	776.7130482321257	53.0	0	0.0031432167858941673	0.19714855035531853	0.5797603436236749	472.7745275466234	81.73647032309161	157.16083929470835	95.2039441381485	138.67327379067493	1.8198516306306969	334.1012537559485	2.2319203780671998e-09
776.7130482321257	2	2	1	1	0	0	776.7130482321257	53.0	0	0.12915936119168903	0.5994337191412956	0.8866506225962683	20306.49321913247	0.0	5438.288892281643	6679.807115147337	1369.7350961673692	8.847036219876678	12118.09600742898	9.43071155366076e-08
794.7004757379742	1	1	1	1	4	0	794.7004757379742	54.0	0	0.003287204008846341	0.2020400702173708	0.5561468693691415	514.6597906563615	99.08460823521824	164.36020044231708	104.51595424926687	146.69902772955922	1.832842104361177	367.9607629268022	2.241131657069242e-09
794.7004757379742	2	2	1	1	0	0	794.7004757379742	54.0	0	0.13359093872316902	0.5959109743469546	0.8843618618900075	23302.795567875502	0.0	5624.881630449224	6928.59743270411	1428.6856538030027	8.786732777596924	12553.479063153334	9.821299955737053e-08
812.7989892447298	1	1	1	1	4	0	812.7989892447298	55.0	0	0.00345714103537948	0.2259250346957503	0.5792301123181675	563.2955810241398	118.55906206791286	172.857051768974	116.30785732206246	155.5716098651903	1.8587254405968456	407.72397115894927	2.484565423606076e-09
812.7989892447298	2	2	1	1	0	0	812.7989892447298	55.0	0	0.13798313097091014	0.5875436181082184	0.8773146292807338	26369.033849168598	0.0	5809.81604088043	7175.176646612385	1488.2904066626545	8.724770803710541	12984.992687492815	1.053481482832992e-07
831.0074187226242	1	1	1	1	4	0	831.0074187226242	56.0	0	0.0036300655195180853	0.19167577009547904	0.5758233534419495	615.8289975439807	139.23135983086232	181.50327597590424	130.213358874633	164.8810028625812	1.890555184882852	450.9479946813996	2.730830992817836e-09
831.0074187226242	2	2	1	1	0	0	831.0074187226242	56.0	0	0.14250630873787212	0.5846840534364715	0.8803496924649913	29511.43250347078	0.0	6000.2656310683005	7429.109433529548	1548.5012801070816	8.6724985230036	13429.375064597849	1.0365674857566426e-07
849.3245615714155	1	1	1	1	4	0	849.3245615714155	57.0	0	0.003804892432817495	0.21288972494275327	0.5642512118919313	670.2478499954341	160.81567628867938	190.24462164087475	144.66476271080464	174.5227893550754	1.919000868535796	495.72506064035866	2.94267419540202e-09
849.3245615714155	2	2	1	1	0	0	849.3245615714155	57.0	0	0.14708870621867198	0.5755398693829649	0.8701279105579292	32715.647819534868	0.0	6193.208682891452	7686.366835960415	1609.2682629605163	8.624774276799617	13879.575518851867	1.2235395848467688e-07
867.7491829767432	1	1	1	1	4	0	867.7491829767432	58.0	0	0.004010556105268725	0.22701102248344465	0.612268391105011	732.4063179473152	186.22161497915386	200.52780526343628	159.83753987200356	185.81935783272155	1.939331560169572	546.5869601145937	3.3629245177458853e-09
867.7491829767432	2	2	1	1	0	0	867.7491829767432	58.0	0	0.15165593630570487	0.5671305369094009	0.8651039599355624	35979.516288299164	0.0	6385.513107608625	7942.772735583316	1670.5394122707546	8.577041486088367	14328.285843191941	1.244992926489458e-07
886.2800162760308	1	1	1	1	4	0	886.2800162760308	59.0	0	0.004216375729776553	0.2190278160023179	0.5653399519163258	794.2901535435162	213.387800544093	210.8187864888277	172.1992154587813	197.88435105181432	1.9355648888441868	596.4058024917019	3.3733140577306032e-09
886.2800162760308	2	2	1	1	0	0	886.2800162760308	59.0	0	0.15617504642110094	0.5614300298095127	0.8629468679375119	39320.0676946506	0.0	6575.7914282568845	8196.477163114325	1732.2608604768122	8.527739053865755	14772.268591371208	1.2756194327533774e-07
