11.247441493196291	1	1	1	1	4	0	11.247441493196291	1.0	0	0.0			15.0	0.0	0.0	0.0	0.0		0.0	0.0
11.247441493196291	2	2	1	1	0	0	11.247441493196291	1.0	0	0.0			100.0	0.0	0.0	0.0	0.0		0.0	0.0
11.367595075476835	1	1	1	1	4	0	11.367595075476835	1.0	0	0.0			15.0	0.0	0.0	0.0	0.0		0.0	0.0
11.367595075476835	2	2	1	1	0	0	11.367595075476835	1.0	0	0.0			100.0	0.0	0.0	0.0	0.0		0.0	0.0
22.856168219862568	1	1	1	1	4	0	22.856168219862568	2.0	0	0.0			14.552750241652504	0.0	0.0	0.0	0.7285827694774977	0.0	0.0	0.0
22.856168219862568	2	2	1	1	0	0	22.856168219862568	2.0	0	0.0			98.68366698886999	0.0	0.0	0.0	0.9714436926366636	0.0	0.0	0.0
34.4665080713728	1	1	1	1	4	0	34.4665080713728	3.0	0	0.0			13.791431040067982	0.0	0.0	0.0	2.1993864847666735	0.0	0.0	0.0
34.4665080713728	2	2	1	1	0	0	34.4665080713728	3.0	0	0.00011257771665567784			93.56925873044621	0.0	4.740114385502225	3.1600762570014824	2.932515313022233	2.6939980867011464	7.900190642503707	0.0
46.1993671861199	1	1	1	1	4	0	46.1993671861199	4.0	0	0.0			12.713098668736418	0.0	0.0	0.0	4.42587529936556	0.0	0.0	0.0
46.1993671861199	2	2	1	1	0	0	46.1993671861199	4.0	0	0.00033581469321961526	0.26328556627053384	0.9194025301735034	84.74096204724611	0.0	14.139566030299589	9.426377353533061	5.901167065820748	3.993437759172312	23.56594338383265	9.399192542414704e-13
58.05546181511435	1	1	1	1	4	0	58.05546181511435	5.0	0	0.0			11.314922877436091	0.0	0.0	0.0	7.421310407022852	0.0	0.0	0.0
58.05546181511435	2	2	1	1	0	0	58.05546181511435	5.0	0	0.0006675093645202824	0.4984872573307586	0.9630564309343332	72.29083659645532	0.0	28.105657453485573	18.737104968990387	9.895080542697137	4.73394453136082	46.842762422475964	2.803863087254214e-12
70.03547169202406	1	1	1	1	4	0	70.03547169202406	6.0	0	2.500826149469408e-05			10.075555122184273	0.0	1.2504130747347042	0.0	8.825142047449571	0.14168758621806754	1.2504130747347042	0.0
70.03547169202406	2	2	1	1	0	0	70.03547169202406	6.0	0	0.0007952177084349142	0.5850600972195816	1.04614964429463	67.16950623651297	0.0	33.48285088147008	22.321900587646716	11.364754767396185	4.910334856429323	55.804751469116795	5.573636710187199e-12
82.14003983175478	1	1	1	1	4	0	82.14003983175478	7.0	0	2.500826149469408e-05	0.17856126639696668	0.7641908766619291	10.075555122184273	0.0	1.2504130747347042	0.0	8.825142047449571	0.14168758621806754	1.2504130747347042	2.783477622568739e-13
82.14003983175478	2	2	1	1	0	0	82.14003983175478	7.0	0	0.0009466600742032773	0.9106134793891268	1.137038653344672	79.50416772905261	0.0	39.85937154540116	26.57291436360077	13.07188182005067	5.082075161290313	66.43228590900193	8.566298254004612e-11
94.36977233991071	1	1	1	1	4	0	94.36977233991071	8.0	0	2.5559261572674345e-05	0.6893242543490176	0.9147618616419836	10.11922529373928	0.0	1.2779630786337175	0.0	8.841262215105562	0.14454532028812347	1.2779630786337175	6.306589379730937e-13
94.36977233991071	2	2	1	1	0	0	94.36977233991071	8.0	0	0.0011099818190649774	0.8034670666531449	1.1177585444208686	92.79333843318594	0.0	46.7360765922096	31.15738439480639	14.899877446169972	5.227792058587607	77.89346098701597	9.275691514529649e-11
106.72523823319248	1	1	1	1	4	0	106.72523823319248	9.0	0	2.9530862308282532e-05	0.5105401337548886	1.3278262754180579	10.423821674756725	0.0	1.4765431154141269	0.0	8.947278559342596	0.16502706444434387	1.4765431154141269	1.4012940348400233e-12
106.72523823319248	2	2	1	1	0	0	106.72523823319248	9.0	0	0.001283938376386414	0.7210978637603855	1.1216619583817806	107.18370688169928	0.0	54.060563216270076	36.42837364824921	16.694770017179998	5.420196670657956	90.48893686451927	1.0774570139878171e-10
119.20696927078512	1	1	1	1	4	0	119.20696927078512	10.0	0	3.1650023461633444e-05	0.3153701859284874	0.8442527013428032	10.584293281065882	0.0	1.5825011730816725	0.0	9.001792107984212	0.17579845814013634	1.5825011730816725	1.0275877155154865e-12
119.20696927078512	2	2	1	1	0	0	119.20696927078512	10.0	0	0.0014487972480987654	0.8822527651279723	1.1361487957174736	120.97867377214943	0.0	61.00198939363224	41.6656184692311	18.31106590928608	5.606861357579273	102.6676078628633	1.418706384113676e-10
131.81545979678634	1	1	1	1	4	0	131.81545979678634	11.0	0	3.858346004181681e-05	1.0491181174551123	1.1280654681508844	11.109024898148864	0.0	1.9291730020908404	0.0	9.179851896058024	0.210152954964258	1.9291730020908404	2.40128366433538e-12
131.81545979678634	2	2	1	1	0	0	131.81545979678634	11.0	0	0.0017549404786528814	0.8116315786167202	1.1259550803236205	146.82121577377922	0.0	73.89223068012134	51.71075365342742	21.21823144023046	5.9195783912226245	125.60298433354878	2.6269533417614143e-10
144.55116659372186	1	1	1	1	4	0	144.55116659372186	12.0	0	4.607345634527825e-05	0.5885206313886413	0.8262381131295924	11.680695261114867	0.0	2.3036728172639123	0.0	9.377022443850954	0.2456721023179977	2.3036728172639123	2.572558658997076e-12
144.55116659372186	2	2	1	1	0	0	144.55116659372186	12.0	0	0.002039020024036791	0.7470871852425195	1.114064448715152	170.9741343120633	0.0	85.85347469628593	61.25491062169588	23.86574899408149	6.163996166827342	147.10838531798183	2.4568902647612097e-10
157.41450874719058	1	1	1	1	4	0	157.41450874719058	13.0	0	5.352925235177218e-05	0.8711917340884083	1.23299201582758	12.259225282245016	0.0	2.676462617588609	0.0	9.582762664656407	0.2792996874961814	2.676462617588609	2.8534010551817636e-12
157.41450874719058	2	2	1	1	0	0	157.41450874719058	13.0	0	0.0023827990356165107	0.8280717558798119	1.1418967533469555	200.3853470742873	0.0	100.32838044701096	73.01641376070701	27.04055286656927	6.410549187477129	173.344794207718	2.714124595952449e-10
170.4058675216809	1	1	1	1	4	0	170.4058675216809	14.0	0	6.809093261581669e-05	0.9695021128215441	0.7900898485298107	13.339304972799564	0.0	3.4045466307908345	0.0	9.934758342008726	0.3426904322770334	3.4045466307908345	4.438589800989108e-12
170.4058675216809	2	2	1	1	0	0	170.4058675216809	14.0	0	0.002722922696674612	0.8045114571611837	1.095364249026768	229.6484331626218	0.0	114.64937670208893	84.82272206932628	30.176334391206595	6.610216343226285	199.47209877141526	2.9899794671802063e-10
183.52558624759342	1	1	1	1	4	0	183.52558624759342	15.0	0	8.535023125756728e-05	0.8493718961105942	1.4937000702512286	14.593640961682146	0.0	4.267511562878365	0.0	10.326129398803776	0.4132731053489153	4.267511562878365	5.793592884865237e-12
183.52558624759342	2	2	1	1	0	0	183.52558624759342	15.0	0	0.00328782406405704	0.8316855756964698	1.1665674092613547	278.7876449396723	0.0	138.43469743398063	105.16551009373993	35.18743741195178	6.922931177846423	243.60020752772056	4.934824399889068e-10
196.77397021950497	1	1	1	1	4	0	196.77397021950497	16.0	0	0.00010866482943435936	1.0368047428896718	1.349830220920617	16.279199471349173	0.0	5.433241471717968	0.0	10.845957999631207	0.5009462024380615	5.433241471717968	7.897083752592492e-12
196.77397021950497	2	2	1	1	0	0	196.77397021950497	16.0	0	0.003669232501032062	0.8198286344447167	1.1317040064865391	312.2697198259368	0.0	154.49400004345526	119.29021310938177	38.48550667309979	7.113956312915166	273.78421315283697	4.824243112411553e-10
210.1512866057031	1	1	1	1	4	0	210.1512866057031	17.0	0	0.00014055280527580926	0.8232632806245541	1.1947089734076664	18.59941413940107	0.0	7.027640263790463	0.0	11.571773875610607	0.6073088136126091	7.027640263790463	1.1380317862204796e-11
210.1512866057031	2	2	1	1	0	0	210.1512866057031	17.0	0	0.0044381112340095286	0.8074612712763661	1.1118020459057782	380.30413423538266	0.0	186.86784143198017	148.4036737295873	45.032619073815276	7.44508141114348	335.27151516156744	8.10515707608491e-10
223.65776436901845	1	1	1	1	4	0	223.65776436901845	18.0	0	0.00018370944567788552	0.8505654164579101	1.437660983683654	21.795015955935234	0.0	9.185472283894276	0.0	12.60954367204096	0.7284539807940196	9.185472283894276	2.4532446147910406e-11
223.65776436901845	2	2	1	1	0	0	223.65776436901845	18.0	0	0.00533743338787981	0.7698654922498225	1.1189059938747699	460.4536385382836	0.0	224.73403738441303	183.08338448802468	52.63621666584585	7.747848301131015	407.81742187243776	9.505727274487747e-10
237.29359419897813	1	1	1	1	4	0	237.29359419897813	19.0	0	0.00023514496087336225	0.7961944374713998	1.3324073481316354	25.720803406957153	0.0	11.757248043668113	0.0	13.96355536328904	0.8419953040454561	11.757248043668113	3.066306333695723e-11
237.29359419897813	2	2	1	1	0	0	237.29359419897813	19.0	0	0.00645048227218861	0.8048689403242368	1.1129689409163066	560.3170425878835	0.0	271.5992535658362	226.6721842171161	62.045604804931315	8.030728999249762	498.27143778295226	1.3664936748962253e-09
251.0589284553002	1	1	1	1	4	0	251.0589284553002	20.0	0	0.0002987591078695505	0.7688439259314418	1.1805970476091725	30.813055014306432	0.0	14.937955393477525	0.0	15.875099620828907	0.9409676632125314	14.937955393477525	3.7549352570697867e-11
251.0589284553002	2	2	1	1	0	0	251.0589284553002	20.0	0	0.0078039892297120435	0.8177026622520829	1.092373186623216	682.8670065459958	0.0	328.5890201984019	281.0744791873437	73.20350716025015	8.328337302899003	609.6634993857456	2.1083407784349035e-09
264.95388112274634	1	1	1	1	4	0	264.95388112274634	21.0	0	0.0003910569462509223	0.9022417713745828	1.4659464425160358	38.233096621853626	0.0	19.55284731254612	0.0	18.68024930930751	1.0467123317676403	19.55284731254612	5.3968843886121024e-11
264.95388112274634	2	2	1	1	0	0	264.95388112274634	21.0	0	0.00943550139181015	0.8073303553837996	1.1049639507260365	831.8018346983786	0.0	397.2842691288485	348.06740156177216	86.45016400775805	8.621749643224883	745.3516706906206	2.6450719465456942e-09
278.9785277773454	1	1	1	1	4	0	278.9785277773454	22.0	0	0.000492898561046264	0.7452542644804929	1.2271336722245547	46.6253330222669	0.0	24.644928052313197	0.0	21.980404969953703	1.1212226565434888	24.644928052313197	7.905887609497356e-11
278.9785277773454	2	2	1	1	0	0	278.9785277773454	22.0	0	0.011464953220186579	0.8445856472174273	1.0773895256040793	1018.4761453514284	0.0	482.73487242890883	432.92472540876685	102.8165475137527	8.905760988669627	915.6595978376756	3.102171714516587e-09
293.1329055639992	1	1	1	1	4	0	293.1329055639992	23.0	0	0.0006240509831209418	0.7460034030536714	1.036710196096602	57.242592829197676	0.0	31.202549156047088	0.0	26.04004367315059	1.1982525662281998	31.202549156047088	9.628294867806614e-11
293.1329055639992	2	2	1	1	0	0	293.1329055639992	23.0	0	0.013907904505072944	0.8313445880119124	1.1067364120484529	1244.825653422106	0.0	585.5959791609661	536.6996348616526	122.5300393994871	9.15935079693867	1122.2956140226188	3.780631534167648e-09
307.41701318547484	1	1	1	1	4	0	307.41701318547484	24.0	0	0.0007634476054753637	0.5961614744031689	1.0074676936649472	68.5216896923776	0.0	38.172380273768184	0.0	30.349309418609423	1.257767672643051	38.172380273768184	1.2599190776005508e-10
307.41701318547484	2	2	1	1	0	0	307.41701318547484	24.0	0	0.01684924280087504	0.8154241829909169	1.0735667872165742	1519.3092080734698	0.0	709.4418021421071	663.4270015317672	146.44040439959576	9.374931797700391	1372.8688036738745	4.712176472085663e-09
321.83081090278995	1	1	1	1	4	0	321.83081090278995	25.0	0	0.0009060956971874988	0.4959815505146174	0.7814419971536388	80.23944389966869	0.0	45.304784859374955	0.0	34.93465904029373	1.296843481630099	45.304784859374955	1.4361589545448633e-10
321.83081090278995	2	2	1	1	0	0	321.83081090278995	25.0	0	0.020264156251312712	0.8611683614463148	1.0985083863494252	1875.5422248748735	0.0	853.2276316342196	813.5594902172228	173.87089237478764	9.58634938307326	1666.7871218514426	6.058913847325296e-09
336.3742205469876	1	1	1	1	4	0	336.3742205469876	26.0	0	0.001054890841193013	0.4483781161399588	0.7647557870384887	92.86495685785117	0.0	52.74454205965064	0.0	40.12041479820051	1.3146559507160516	52.74454205965064	1.576042035779505e-10
336.3742205469876	2	2	1	1	0	0	336.3742205469876	26.0	0	0.023847428060861358	0.8419212435645549	1.0706037327063491	2320.3384052584324	0.0	1004.1022341415311	973.9118464967556	202.5616652473681	9.764997134194854	1978.0140806382865	8.723835082316683e-09
351.0471255422998	1	1	1	1	4	0	351.0471255422998	27.0	0	0.0012162837250376947	0.4065451493839988	0.7369231359659175	106.38372748751266	0.0	60.81418625188475	0.0	45.56954123562793	1.3345358457183234	60.81418625188475	1.643935476516464e-10
351.0471255422998	2	2	1	1	0	0	351.0471255422998	27.0	0	0.02757045025367256	0.8176616348210829	1.0966837589292335	2852.224928594463	0.0	1160.861063312529	1143.2108678295676	232.51377243855796	9.909399804482335	2304.0719311420967	9.146467787574204e-09
365.84937094069124	1	1	1	1	4	0	365.84937094069124	28.0	0	0.0013458662404816134	0.2786599449703389	0.6307073663168833	117.38564550243922	0.0	67.29331202408068	0.0	50.09233347835855	1.343385451451438	67.29331202408068	1.6807934005663272e-10
365.84937094069124	2	2	1	1	0	0	365.84937094069124	28.0	0	0.031402914412790445	0.813748539178606	1.07056763360062	3485.452344569658	0.0	1322.227975275387	1320.104297775329	263.7270094670208	10.019194766553255	2642.332273050716	1.1538190734924082e-08
380.78076346777357	1	1	1	1	4	0	380.78076346777357	29.0	0	0.0014948366866870113	0.2935248695317933	0.6633405533847755	130.3602019940546	0.0	74.7418343343506	0.0	55.618367659704006	1.343833655666628	74.7418343343506	2.531273540890505e-10
380.78076346777357	2	2	1	1	0	0	380.78076346777357	29.0	0	0.035312776100245795	0.7944089723330301	1.0363374519602775	4213.6509957774	0.0	1486.8537305366656	1503.1591265711838	296.19987653808613	10.094578336947368	2990.012857107849	1.3564819789547843e-08
395.84107158007737	1	1	1	1	4	0	395.84107158007737	30.0	0	0.001603366702534042	0.19125123023545065	0.4989989843075051	139.7443523533959	0.0	80.16833512670209	0.0	59.576017226693814	1.345647776716125	80.16833512670209	1.9569116330748948e-10
395.84107158007737	2	2	1	1	0	0	395.84107158007737	30.0	0	0.039360262365753934	0.7882047180539826	1.0292993573049736	5038.3051395164475	0.0	1657.2742048738498	1696.1394921165313	329.92953778296385	10.164029930525174	3353.4136969903807	1.6542167775659364e-08
411.03002553366304	1	1	1	1	4	0	411.03002553366304	31.0	0	0.0017166269494875974	0.1872969815850481	0.5395053683863996	149.65105771720278	0.0	85.8313474743799	0.0	63.819710242822865	1.3449034341868145	85.8313474743799	2.145514683506892e-10
411.03002553366304	2	2	1	1	0	0	411.03002553366304	31.0	0	0.04350620474036005	0.7620405880799307	1.0199766997453978	5953.193462559024	0.0	1831.840199594108	1897.2467011321369	364.9117812189775	10.219146359893713	3729.086900726245	1.872447854046738e-08
426.3473174640513	1	1	1	1	4	0	426.3473174640513	32.0	0	0.0018467012636649	0.20367020414435366	0.5741489039425212	161.3949138922384	0.0	92.335063183245	0.0	69.05985070899342	1.337029579926684	92.335063183245	2.2208469911262403e-10
426.3473174640513	2	2	1	1	0	0	426.3473174640513	32.0	0	0.047709307564143474	0.7343720967604852	1.0154515192674234	6949.7816921399435	0.0	2008.8129500691996	2104.5801683106743	401.1409795022685	10.254233121442065	4113.393118379873	2.197792574271706e-08
441.79260147745117	1	1	1	1	4	0	441.79260147745117	33.0	0	0.0019508423498085879	0.17710465268270428	0.5287351335973954	172.34410455149293	0.0	97.5421174904294	1.7045084670862665	73.09747859397723	1.357729813209904	99.24662595751568	2.230535873038789e-10
441.79260147745117	2	2	1	1	0	0	441.79260147745117	33.0	0	0.051926111065881436	0.7417529532925831	1.0000695946392582	8064.057478758415	0.0	2186.362571195008	2316.135590928956	438.6100515447221	10.265378429579547	4502.498162123964	2.3462756502933397e-08
457.365493753255	1	1	1	1	4	0	457.365493753255	34.0	0	0.002077316825008893	0.2310057235735617	0.5965052776379038	187.52514660371196	0.0	103.86584125044465	5.501155651487697	78.15814970177959	1.3993038130922149	109.36699690193234	3.012022685742698e-10
457.365493753255	2	2	1	1	0	0	457.365493753255	34.0	0	0.05611095613455791	0.7331703419128018	0.9811245491372096	9279.627084184838	0.0	2362.566574086649	2529.8032039452605	477.31042506704847	10.24986994018551	4892.369778031909	2.967409911536072e-08
473.0655726577729	1	1	1	1	4	0	473.0655726577729	35.0	0	0.002188013794152916	0.21286347504431305	0.5685313241762607	202.62419249139884	0.0	109.4006897076458	10.25802276645517	82.96548001729788	1.442271080082376	119.658712474101	3.3679586583435894e-10
473.0655726577729	2	2	1	1	0	0	473.0655726577729	35.0	0	0.060318017601880464	0.7261380049269457	0.9715827832175592	10590.981775871462	0.0	2539.706004289704	2749.0961819024824	517.2320001600011	10.225202973822467	5288.802186192186	2.883029372084676e-08
488.8923788691719	1	1	1	1	4	0	488.8923788691719	36.0	0	0.002309660255533297	0.2257756389489312	0.5808595157828669	219.90751824531628	0.0	115.48301277666486	16.235903149630662	88.18860231902075	1.493604756880086	131.71891592629558	4.079253544297622e-10
488.8923788691719	2	2	1	1	0	0	488.8923788691719	36.0	0	0.06449286543013859	0.7037335513412863	0.9759553865329184	11977.787535191534	0.0	2715.489070742678	2971.449012569848	558.3631139256463	10.185017493956128	5686.938083312526	3.4048508301485706e-08
504.8454155135833	1	1	1	1	4	0	504.8454155135833	37.0	0	0.0024335057921025267	0.23743694287870945	0.5728966185205551	239.58182927615314	1.220975057808781	121.67528960512631	22.971632277919262	93.71393233529876	1.5434943159306758	145.86789694085437	4.685485535855769e-10
504.8454155135833	2	2	1	1	0	0	504.8454155135833	37.0	0	0.06857845737358931	0.6977704097192402	0.9627229443896516	13468.531271908083	0.0	2887.513994677445	3194.1681471988454	600.6905062703861	10.124485202266158	6081.68214187629	3.5785747831946724e-08
520.9241483123367	1	1	1	1	4	0	520.9241483123367	38.0	0	0.0025537630572599807	0.2423009477584109	0.6727210921996274	261.1419869703313	3.7280792518753887	127.68815286299903	30.128373257754703	99.59738159770218	1.5845449306911772	161.54460537262912	5.374214140121777e-10
520.9241483123367	2	2	1	1	0	0	520.9241483123367	38.0	0	0.07251510577366617	0.6912146442085225	0.9558176047466992	15047.322062550882	0.0	3053.2676115227864	3414.430304115617	644.1992869211068	10.039902320522874	6467.697915638402	3.9101178871150686e-08
537.1280057402779	1	1	1	1	4	0	537.1280057402779	39.0	0	0.0026616720680885373	0.2177054322955445	0.5935687455012911	282.6912944191807	6.896100878577341	133.08360340442684	37.9757850865165	104.73580504966002	1.6332465140248484	177.95548936952068	5.348872362722742e-10
537.1280057402779	2	2	1	1	0	0	537.1280057402779	39.0	0	0.07655242579518713	0.6825563769718863	0.9522998542975416	16711.746114455018	0.0	3223.260033481564	3641.08686672732	688.8729037353545	9.964605753815473	6864.346900208884	4.125291681881339e-08
553.4563791951257	1	1	1	1	4	0	553.4563791951257	40.0	0	0.0027716350373821123	0.2203662735812254	0.5931593092305221	307.423242981592	11.288932933967832	138.58175186910557	47.278380900722226	110.27417727779634	1.6854365850458328	197.1490657037957	6.288295960316631e-10
553.4563791951257	2	2	1	1	0	0	553.4563791951257	40.0	0	0.08066705029778405	0.6856940970919112	0.9480928451104836	18481.50932363113	0.0	3396.507380959328	3872.0833300310064	734.6931123758362	9.893369882678373	7268.590710990335	4.7487069007348486e-08
569.9086231778117	1	1	1	1	4	0	569.9086231778117	41.0	0	0.002885357184671592	0.22033619150616315	0.5964702908295705	333.3975336792565	16.62839989486652	144.26785923357957	56.64693773290679	115.85433681790363	1.7342017785857957	217.54319686135292	8.00905185419548e-10
569.9086231778117	2	2	1	1	0	0	569.9086231778117	41.0	0	0.08480676986122328	0.6670431710801036	0.9546338411254454	20304.556514072632	0.0	3570.8113625778224	4104.488638855665	781.6399474188107	9.81948277692233	7675.300001433487	4.734627810984082e-08
586.4840554837581	1	1	1	1	4	0	586.4840554837581	42.0	0	0.0030257781498393547	0.2549870560825271	0.5844572269962018	365.4152784489093	24.245270399495944	151.2889074919677	67.15485812870384	122.7262424287418	1.7799271068492624	242.68903602016755	9.727149061729598e-10
586.4840554837581	2	2	1	1	0	0	586.4840554837581	42.0	0	0.08891696576159082	0.6615961338568294	0.9427434611695898	22222.668723068044	0.0	3743.872242593298	4335.2364788763	829.691694965053	9.7374829355257	8079.108721469597	5.2299218209248115e-08
603.1819574050269	1	1	1	1	4	0	603.1819574050269	43.0	0	0.003169648682279265	0.25465991348832656	0.6052248350060196	398.4744954103886	33.51911983842725	158.48243411396325	76.31848729052331	130.15445416747477	1.8040175644112733	268.3200412429138	1.1163464521487117e-09
603.1819574050269	2	2	1	1	0	0	603.1819574050269	43.0	0	0.0930046010545592	0.6611838782042491	0.9359720149581741	24237.52782703981	0.0	3915.9832022972296	4564.717758481543	878.8248668210779	9.650046648606473	8480.700960778773	5.804404583732466e-08
620.0015739432909	1	1	1	1	4	0	620.0015739432909	44.0	0	0.0033361531764435626	0.2896580841012081	0.6439150102716097	440.41836326614134	46.85182008540346	166.80765882217813	86.92647542642752	139.8324089321323	1.8145588435922289	300.58595433400916	1.3312115943589104e-09
620.0015739432909	2	2	1	1	0	0	620.0015739432909	44.0	0	0.09719277025480837	0.6362678220426704	0.930700063413058	26297.748581019507	0.0	4092.3271686235107	4799.843046916582	929.0141763171561	9.571619510469557	8892.170215540093	5.640598339574486e-08
636.9421140335545	1	1	1	1	4	0	636.9421140335545	45.0	0	0.003491916766199279	0.2607773285483449	0.6688166664326071	482.91507618517386	60.26391021380826	174.59583830996394	99.26037425085522	148.79495341054638	1.8404939568428167	334.1201227746275	1.3802892018238513e-09
636.9421140335545	2	2	1	1	0	0	636.9421140335545	45.0	0	0.10142482307601423	0.6363008394145132	0.925980642841596	28440.011652513265	0.0	4270.518866358494	5037.431977229895	980.2325158273696	9.495656074754846	9307.950843588387	6.207065725251554e-08
654.0027507785644	1	1	1	1	4	0	654.0027507785644	46.0	0	0.003663841733280019	0.28170009323226713	0.6748906877343064	531.7026089370227	75.97559460420376	183.19208666400098	113.95324958098836	158.58167808782963	1.873768393852012	373.1209308491931	1.5325718561438656e-09
654.0027507785644	2	2	1	1	0	0	654.0027507785644	46.0	0	0.10564161629951736	0.6236250278451199	0.9161698498901424	30670.112993675382	0.0	4448.068054716521	5274.164228373929	1032.4509360555546	9.416653076255542	9722.232283090452	6.584404808068273e-08
671.1826216938364	1	1	1	1	4	0	671.1826216938364	47.0	0	0.003839100617295553	0.2737055098316528	0.6420244444971464	579.9294494055177	92.07496096703377	191.95503086477765	127.87476057737223	168.02469699633414	1.9034689373617957	411.90475240918363	1.9475429765360266e-09
671.1826216938364	2	2	1	1	0	0	671.1826216938364	47.0	0	0.1097872124098428	0.6172161951534539	0.9063842025013342	32988.58033523945	0.0	4622.619469888119	5506.899448602729	1085.6386271494046	9.330470255178966	10129.518918490849	6.888943267450791e-08
688.4808289632283	1	1	1	1	4	0	688.4808289632283	48.0	0	0.004007975415175271	0.23957606114430266	0.6075185435633002	625.9199931915783	108.54669510106487	200.3987707587636	139.77486163772426	177.19966569402575	1.9197193801926948	448.7203274975527	1.9282846176853482e-09
688.4808289632283	2	2	1	1	0	0	688.4808289632283	48.0	0	0.11404800315316553	0.6116061886555431	0.905355883165361	35366.1327662898	0.0	4802.021185396444	5746.101735947161	1139.7629017033373	9.254664198650257	10548.122921343604	7.476069432523016e-08
705.8964397049822	1	1	1	1	4	0	705.8964397049822	49.0	0	0.004198012326371482	0.26866000093576764	0.6194893319222864	678.9045463607348	129.38220271388838	209.9006163185741	151.32109383221683	188.30063349605538	1.9183244551238219	490.6039128646793	2.0984475479582845e-09
705.8964397049822	2	2	1	1	0	0	705.8964397049822	49.0	0	0.11836251648235176	0.6054693509736722	0.9050796297186808	37827.59627215631	0.0	4983.684904520074	5988.320028112002	1194.7891797089121	9.183214176165539	10972.004932632077	8.279783880381132e-08
723.4284862481575	1	1	1	1	4	0	723.4284862481575	50.0	0	0.004402593031355595	0.2498720416089523	0.6500700343984404	738.1476744344968	151.4817304223738	220.1296515677797	166.90271948014572	199.63357296419758	1.9387138410698892	538.5141014702992	2.214427554967408e-09
723.4284862481575	2	2	1	1	0	0	723.4284862481575	50.0	0	0.12266672206583372	0.5963498454428283	0.8926174420516281	40346.09515803456	0.0	5164.914613298261	6229.959639816252	1250.680975509613	9.110935943094091	11394.874253114514	8.613532190878224e-08
741.0759664193733	1	1	1	1	4	0	741.0759664193733	51.0	0	0.004598459366336482	0.2737744648237207	0.6208335138806821	799.7252969752897	174.3212282448354	229.92296831682413	184.5120818921069	210.96901852152328	1.9644355987116175	588.7562784537663	2.584647327222817e-09
741.0759664193733	2	2	1	1	0	0	741.0759664193733	51.0	0	0.12692277559042273	0.6001861429272236	0.8855830138443288	42982.773374038065	0.0	5344.116866965167	6468.895978038791	1307.3998868147642	9.035500893138488	11813.01284500396	8.836542540642723e-08
758.8378438397727	1	1	1	1	4	0	758.8378438397727	52.0	0	0.004800004102855051	0.24246844774203646	0.6235399236018835	859.9869486302855	196.68552052644975	240.00020514275252	201.5367903239191	221.7644326371642	1.9910180826385464	638.2225159931213	2.8057480134642024e-09
758.8378438397727	2	2	1	1	0	0	758.8378438397727	52.0	0	0.13130472726920464	0.5847799193832542	0.885203305806375	45658.592293074646	0.0	5528.620095545459	6714.900282812513	1364.9055858251108	8.970232450881602	12243.520378357971	9.111711270645596e-08
776.7130482321257	1	1	1	1	4	0	776.7130482321257	53.0	0	0.005015873558455941	0.2430114007570696	0.5765921975183885	922.9666125081683	220.91853066690464	250.793677922797	218.0620126472241	233.19239127124283	2.0105960062164354	689.7742212369258	2.8779925878502515e-09
776.7130482321257	2	2	1	1	0	0	776.7130482321257	53.0	0	0.1357460543337524	0.5811264828284328	0.8842508785055325	48414.66009895186	0.0	5715.623340368522	6964.237942576599	1423.1558125202866	8.909678878021216	12679.86128294512	1.0046880480918085e-07
794.7004757379742	1	1	1	1	4	0	794.7004757379742	54.0	0	0.00524820982969794	0.2396431753470792	0.5934888768648505	990.5522333110573	248.9113038648032	262.41049148489697	233.08777439626252	246.1426635650944	2.013053156671156	744.4095697459627	3.026164396812057e-09
794.7004757379742	2	2	1	1	0	0	794.7004757379742	54.0	0	0.14017763186523244	0.568445415652598	0.8725222094890656	51231.98767821957	0.0	5902.216078536104	7213.028260133373	1482.1063701559194	8.849057397472581	13115.244338669476	1.0319797664505028e-07
812.7989892447298	1	1	1	1	4	0	812.7989892447298	55.0	0	0.005315437670358614	0.2470166414044019	0.5985641370417791	1053.0676006084275	277.61139878075267	265.7718835179307	250.46586059761918	259.2184577121252	1.9915161469283076	793.8491428963026	3.1564727166703198e-09
812.7989892447298	2	2	1	1	0	0	812.7989892447298	55.0	0	0.1445698241129736	0.5610076951977179	0.8759060219750023	54099.866648287236	0.0	6087.15048896731	7459.607474041648	1541.7111230155715	8.786832864325213	13546.757963008955	1.0822321327101324e-07
831.0074187226242	1	1	1	1	4	0	831.0074187226242	56.0	0	0.00556890640434273	0.2598090820512497	0.580006853291058	1130.06987500279	307.91237766537154	278.4453202171365	270.8482251395838	272.86395198069806	2.0130674695922317	857.2059230220917	3.406402451054763e-09
831.0074187226242	2	2	1	1	0	0	831.0074187226242	56.0	0	0.14909300187993552	0.5658736072809384	0.8651887711092305	57075.03970613089	0.0	6277.6000791551805	7713.540260958811	1601.9219964599988	8.733971049172343	13991.140340113992	1.0980079125702467e-07
849.3245615714155	1	1	1	1	4	0	849.3245615714155	57.0	0	0.005831427554446152	0.25572460310768363	0.5602972062574217	1211.7855528881364	340.32351776825794	291.5713777223077	292.54854052056567	287.342116877005	2.0328378053012752	924.4434360111313	4.125079992532717e-09
849.3245615714155	2	2	1	1	0	0	849.3245615714155	57.0	0	0.15367539936073538	0.5533007439585332	0.8636834066419676	60077.07960826877	0.0	6470.543130978332	7970.797663389678	1662.6889793134335	8.68553347862521	14441.340794368009	1.2680229749221867e-07
867.7491829767432	1	1	1	1	4	0	867.7491829767432	58.0	0	0.0061557229598569975	0.29077179297358824	0.6313145826889032	1309.7985141657405	380.3842104966942	307.78614799284986	316.47333901343626	305.15481666276014	2.0457140209462352	1004.6436975029803	4.4193461345423874e-09
867.7491829767432	2	2	1	1	0	0	867.7491829767432	58.0	0	0.15824262944776826	0.5445083276863919	0.8587742635873734	63131.19601427465	0.0	6662.847555695505	8227.203563012577	1723.9601286236718	8.637120355327237	14890.051118708083	1.207372849326174e-07
886.2800162760308	1	1	1	1	4	0	886.2800162760308	59.0	0	0.006465353418476243	0.2534182886439368	0.6070189837570416	1402.895178016864	421.25241495252214	323.2676709238122	335.069968418378	323.3051237221518	2.0362734489415795	1079.5900542947122	4.327136723146755e-09
886.2800162760308	2	2	1	1	0	0	886.2800162760308	59.0	0	0.16276173956316434	0.5372339895497905	0.8510337063123928	66242.39018518422	0.0	6853.125876343764	8480.907990543586	1785.6815768297292	8.58721625728544	15334.033866887352	1.3016949614812447e-07
