11.247441493196291	1	1	1	1	4	0	11.247441493196291	1.0	0	0.0			15.0	0.0	0.0	0.0	0.0		0.0	0.0
11.247441493196291	2	2	1	1	0	0	11.247441493196291	1.0	0	0.0			100.0	0.0	0.0	0.0	0.0		0.0	0.0
11.367595075476835	1	1	1	1	4	0	11.367595075476835	1.0	0	0.0			15.0	0.0	0.0	0.0	0.0		0.0	0.0
11.367595075476835	2	2	1	1	0	0	11.367595075476835	1.0	0	0.0			100.0	0.0	0.0	0.0	0.0		0.0	0.0
22.856168219862568	1	1	1	1	4	0	22.856168219862568	2.0	0	0.0			14.552750241652504	0.0	0.0	0.0	0.7285827694774977	0.0	0.0	0.0
22.856168219862568	2	2	1	1	0	0	22.856168219862568	2.0	0	0.0			98.68366698886999	0.0	0.0	0.0	0.9714436926366636	0.0	0.0	0.0
34.4665080713728	1	1	1	1	4	0	34.4665080713728	3.0	0	0.0			13.791431040067982	0.0	0.0	0.0	2.1993864847666735	0.0	0.0	0.0
34.4665080713728	2	2	1	1	0	0	34.4665080713728	3.0	0	0.00011257771665567784			93.56925873044621	0.0	4.740114385502225	3.1600762570014824	2.932515313022233	2.6939980867011464	7.900190642503707	0.0
46.1993671861199	1	1	1	1	4	0	46.1993671861199	4.0	0	0.0			12.713098668736418	0.0	0.0	0.0	4.42587529936556	0.0	0.0	0.0
46.1993671861199	2	2	1	1	0	0	46.1993671861199	4.0	0	0.00033581469321961526	0.2438520474833644	1.8880772499354448	84.74096204724611	0.0	14.139566030299589	9.426377353533061	5.901167065820748	3.993437759172312	23.56594338383265	9.399192542414704e-13
58.05546181511435	1	1	1	1	4	0	58.05546181511435	5.0	0	0.0			11.314922877436091	0.0	0.0	0.0	7.421310407022852	0.0	0.0	0.0
58.05546181511435	2	2	1	1	0	0	58.05546181511435	5.0	0	0.0006675093645202824	0.5348446860288462	0.9035330549403624	72.29083659645532	0.0	28.105657453485573	18.737104968990387	9.895080542697137	4.73394453136082	46.842762422475964	2.803863087254214e-12
70.03547169202406	1	1	1	1	4	0	70.03547169202406	6.0	0	2.500826149469408e-05			10.075555122184273	0.0	1.2504130747347042	0.0	8.825142047449571	0.14168758621806754	1.2504130747347042	0.0
70.03547169202406	2	2	1	1	0	0	70.03547169202406	6.0	0	0.0007952177084349142	0.6122182479130844	1.0383019549464725	67.16950623651297	0.0	33.48285088147008	22.321900587646716	11.364754767396185	4.910334856429323	55.804751469116795	5.573636710187199e-12
82.14003983175478	1	1	1	1	4	0	82.14003983175478	7.0	0	2.500826149469408e-05	0.7596799528110274	1.4998066643889496	10.075555122184273	0.0	1.2504130747347042	0.0	8.825142047449571	0.14168758621806754	1.2504130747347042	2.783477622568739e-13
82.14003983175478	2	2	1	1	0	0	82.14003983175478	7.0	0	0.0009110739838102717	0.6551605077868929	0.9828550526971972	76.60575567233643	0.0	38.36100984464303	25.57400656309535	12.670739264598074	5.045878939863612	63.935016407738374	6.731971661476978e-11
94.36977233991071	1	1	1	1	4	0	94.36977233991071	8.0	0	2.541845203882329e-05	0.6021257733736479	0.785358142130955	10.108065265373408	0.0	1.270922601941165	0.0	8.837142663432244	0.14381601048494938	1.270922601941165	5.956369732848964e-13
94.36977233991071	2	2	1	1	0	0	94.36977233991071	8.0	0	0.001042251656980105	0.6390848420193308	1.082136325594894	87.27942617959863	0.0	43.884280293899174	29.25618686259945	14.138959023100025	5.172973981818802	73.14046715649862	7.594822873556439e-11
106.72523823319248	1	1	1	1	4	0	106.72523823319248	9.0	0	2.7700331946809327e-05	0.3211168950368105	2.5620782939557083	10.283070863407806	0.0	1.385016597340467	0.0	8.89805426606734	0.1556538717258914	1.385016597340467	9.946425538316035e-13
106.72523823319248	2	2	1	1	0	0	106.72523823319248	9.0	0	0.0011981769627051413	0.6797103546526071	1.1484949268883655	100.17817880140542	0.0	50.44955632442704	33.98081825029578	15.747804226682632	5.361406159194333	84.43037457472282	9.73408546143474e-11
119.20696927078512	1	1	1	1	4	0	119.20696927078512	10.0	0	3.4977417891293436e-05	1.2424089518934058	1.3504975747120194	10.834121768108783	0.0	1.7488708945646718	0.0	9.085250873544108	0.19249560842148172	1.7488708945646718	2.222179431291935e-12
119.20696927078512	2	2	1	1	0	0	119.20696927078512	10.0	0	0.0013354163695540964	0.7336655252723515	1.0497074884827515	111.66201982180048	0.0	56.22805766543566	38.340646540328066	17.093315616036765	5.532496230107657	94.56870420576372	1.3782335130721746e-10
131.81545979678634	1	1	1	1	4	0	131.81545979678634	11.0	0	4.202048137648559e-05	0.9306690362002332	0.9626567888410142	11.367150093826194	0.0	2.1010240688242803	0.0	9.266126025001912	0.2267424448097604	2.1010240688242803	2.491256097929536e-12
131.81545979678634	2	2	1	1	0	0	131.81545979678634	11.0	0	0.0016162084410774606	0.8056808296119391	1.140695024134427	135.36458835135178	0.0	68.0508817295773	47.55396251663585	19.759744105138683	5.85052334843492	115.60484424621315	2.1918361796620512e-10
144.55116659372186	1	1	1	1	4	0	144.55116659372186	12.0	0	5.5861664214472146e-05	1.1329746152738	1.417604944836976	12.423571712247266	0.0	2.793083210723608	0.0	9.630488501523658	0.29002508131147337	2.793083210723608	4.125807232585275e-12
144.55116659372186	2	2	1	1	0	0	144.55116659372186	12.0	0	0.0018865374647609636	0.7844808913653766	1.0780317125701753	158.34841451432956	0.0	79.43315641098795	56.63614628184633	22.279111821495295	6.107483268769813	136.06930269283427	2.376961512900468e-10
157.41450874719058	1	1	1	1	4	0	157.41450874719058	13.0	0	6.634058565359824e-05	1.0287053527581551	1.7734827067161365	13.236680149806249	0.0	3.317029282679913	0.0	9.919650867126336	0.3343897206778243	3.317029282679913	3.7695855483523864e-12
157.41450874719058	2	2	1	1	0	0	157.41450874719058	13.0	0	0.002189287898371202	0.7683117083927977	1.0866261695337849	184.24952283344948	0.0	92.18054308931379	66.99396352869151	25.075016215444172	6.347932350287643	159.17450661800532	2.6653411323714674e-10
170.4058675216809	1	1	1	1	4	0	170.4058675216809	14.0	0	8.582925782241761e-05	1.1216614801989868	1.0920806067713746	14.68220831851574	0.0	4.291462891120882	0.0	10.39074542739486	0.4130081832056611	4.291462891120882	5.790335483199325e-12
170.4058675216809	2	2	1	1	0	0	170.4058675216809	14.0	0	0.002518941018851263	0.8427173586803608	1.113488656590427	212.61175912681995	0.0	106.06067447794793	78.4368204095633	28.11426423930875	6.5624159080624604	184.49749488751118	3.628205699241697e-10
183.52558624759342	1	1	1	1	4	0	183.52558624759342	15.0	0	0.00010294308777864524	0.6340485974544571	0.9212036312814248	15.925972231945295	0.0	5.147154388932264	0.0	10.778817843013034	0.4775249441912329	5.147154388932264	6.202699013382122e-12
183.52558624759342	2	2	1	1	0	0	183.52558624759342	15.0	0	0.003059116787728075	0.8701840476141082	1.0817385160122386	259.6001592906649	0.0	128.8049173780242	97.88920944006549	32.90603247257526	6.8891358144444315	226.69412681808967	4.852518587829549e-10
196.77397021950497	1	1	1	1	4	0	196.77397021950497	16.0	0	0.00012322590613586122	0.6361581329621019	1.1093836694203945	17.392344365953065	0.0	6.161295306793065	0.0	11.231049059159998	0.5485948173085342	6.161295306793065	7.558475302233929e-12
196.77397021950497	2	2	1	1	0	0	196.77397021950497	16.0	0	0.003389469237183097	0.7437896642314511	1.06466734316087	288.60026620816967	0.0	142.71449419718306	110.12315548501785	35.76261652596871	7.069886776841541	252.8376496822009	4.348586807665103e-10
210.1512866057031	1	1	1	1	4	0	210.1512866057031	17.0	0	0.00014583690393601533	0.6602370192077593	1.054700166405638	19.037552861345013	0.0	7.291845196800768	0.0	11.745707664544243	0.6208093547919665	7.291845196800768	1.104151119648832e-11
210.1512866057031	2	2	1	1	0	0	210.1512866057031	17.0	0	0.004127860484703447	0.8398617314254634	1.14300168356729	353.93698834063036	0.0	173.80465198751358	138.08221272638664	42.050123626730105	7.417026106330928	311.8868647139002	9.703138903438512e-10
223.65776436901845	1	1	1	1	4	0	223.65776436901845	18.0	0	0.00017645296886562587	0.9765544618575621	1.1198708851429873	21.304567897563736	0.0	8.822648443281295	0.0	12.481919454282439	0.7068342714112227	8.822648443281295	1.756802583285314e-11
223.65776436901845	2	2	1	1	0	0	223.65776436901845	18.0	0	0.00477048962136627	0.7931517976587203	1.1176846149178084	411.20946465233453	0.0	200.86272089963245	162.86331312350381	47.483430629198246	7.660062240731945	363.7260340231362	8.133574266609778e-10
237.29359419897813	1	1	1	1	4	0	237.29359419897813	19.0	0	0.00021382903213350225	0.8778028011758793	1.0565692492915	24.15727540108523	0.0	10.691451606675113	0.0	13.465823794410115	0.7939693679278137	10.691451606675113	2.414895540903827e-11
237.29359419897813	2	2	1	1	0	0	237.29359419897813	19.0	0	0.00565399710191326	0.7804815739366114	1.1117269522492497	490.47827822784876	0.0	238.06303587003208	197.46289915393425	54.95234320388238	7.925520726351782	435.52593502396627	1.0672896522768265e-09
251.0589284553002	1	1	1	1	4	0	251.0589284553002	20.0	0	0.00026941451922425603	0.8750248845385218	1.0126649555580187	28.606840464028608	0.0	13.470725961212802	0.0	15.136114502815804	0.889972519612402	13.470725961212802	2.9903441016721344e-11
251.0589284553002	2	2	1	1	0	0	251.0589284553002	20.0	0	0.006402201358077057	0.7782602135644728	1.1126294079000396	558.2225954007375	0.0	269.5663729716656	227.5359094296112	61.12031299946066	8.13317632070476	497.1022824012768	1.0689589472995443e-09
264.95388112274634	1	1	1	1	4	0	264.95388112274634	21.0	0	0.00032653798990016765	0.8651323654726847	1.2742165205949885	33.19913142789058	0.0	16.326899495008387	0.0	16.872231932882194	0.967678701902443	16.326899495008387	3.719564428369112e-11
264.95388112274634	2	2	1	1	0	0	264.95388112274634	21.0	0	0.007443162561135478	0.8318790361153163	1.0883545586559782	653.2481682971295	0.0	313.3963183635991	270.27971158527725	69.57213834825308	8.389508268772829	583.6760299488764	1.6842716115214351e-09
278.9785277773454	1	1	1	1	4	0	278.9785277773454	22.0	0	0.000411061827430938	0.8223906476305857	0.9794997837299536	40.16430011118207	0.0	20.55309137154691	0.0	19.611208739635163	1.04802777046619	20.55309137154691	5.3683730928603176e-11
278.9785277773454	2	2	1	1	0	0	278.9785277773454	22.0	0	0.008860464197340118	0.8337232229532089	1.1046514026895828	783.6152961227751	0.0	373.0721767301103	329.5412433204296	81.0018760722353	8.67403885095165	702.6134200505397	2.208960018041444e-09
293.1329055639992	1	1	1	1	4	0	293.1329055639992	23.0	0	0.00045225043151428623	0.9199380468652916	1.2885230296438366	43.498665605314635	0.0	22.612521575714307	0.0	20.886144029600327	1.0826565949017355	22.612521575714307	4.500466710439708e-11
293.1329055639992	2	2	1	1	0	0	293.1329055639992	23.0	0	0.010373503202329694	0.7848668422846101	1.0769361951039458	923.8045977228146	0.0	436.7790822033557	393.8141114340405	93.21140408541841	8.910853792914065	830.5931936373962	2.896262564565528e-09
307.41701318547484	1	1	1	1	4	0	307.41701318547484	24.0	0	0.0006034528289969715	1.0618656577204553	1.1371300392480228	55.73301144775637	0.0	30.172641449848584	0.0	25.56036999790779	1.1804461927710097	30.172641449848584	1.16927424232996e-10
307.41701318547484	2	2	1	1	0	0	307.41701318547484	24.0	0	0.012235323455863648	0.8312637665179177	1.0769970175795585	1097.548312290181	0.0	515.1715139311011	474.03051438237986	108.34628397670001	9.130004205093089	989.202028313481	2.988734794166942e-09
321.83081090278995	1	1	1	1	4	0	321.83081090278995	25.0	0	0.0007895925089342237	0.9108074254751196	1.014922992732166	71.02335982570807	0.0	39.4796254467112	0.0	31.543734378996874	1.2515837526516318	39.4796254467112	1.5728088798693998e-10
321.83081090278995	2	2	1	1	0	0	321.83081090278995	25.0	0	0.01485301073362106	0.8452310751662729	1.0906494180461606	1343.8768631589594	0.0	625.38992562615	589.1139304963685	129.37300703644098	9.38761403126716	1214.5038561225185	4.661560449519979e-09
336.3742205469876	1	1	1	1	4	0	336.3742205469876	26.0	0	0.0009885138669185546	0.7124199448421542	1.057621563044028	87.90216457216779	0.0	49.425693345927755	0.0	38.47647122624005	1.2845692905491966	49.425693345927755	1.7743931665136071e-10
336.3742205469876	2	2	1	1	0	0	336.3742205469876	26.0	0	0.01791443758980796	0.791030121107391	1.086124112993754	1634.2911347816796	0.0	754.2921090445459	726.1135878092334	153.88543792790057	9.620180549815174	1480.4056968537793	5.897646495144693e-09
351.0471255422998	1	1	1	1	4	0	351.0471255422998	27.0	0	0.0012598957207271189	0.7735663707010215	1.007718872697322	110.63395390075415	0.0	62.994786036355976	0.0	47.639167864398175	1.3223317883231416	62.994786036355976	2.329557596826875e-10
351.0471255422998	2	2	1	1	0	0	351.0471255422998	27.0	0	0.02163745978261916	0.8297165868662615	1.0785510376826335	1996.8148677880795	0.0	911.050938215544	895.4126091420454	183.83754511909044	9.826412478405091	1806.463547357589	7.381820182772513e-09
365.84937094069124	1	1	1	1	4	0	365.84937094069124	28.0	0	0.001579969566604058	0.7179255913294416	0.9822127268344716	137.80911869051573	0.0	78.9984783302029	0.0	58.810640360312796	1.3432684603705398	78.9984783302029	3.7966453870504107e-10
365.84937094069124	2	2	1	1	0	0	365.84937094069124	28.0	0	0.025469923941737048	0.8041044114483278	1.0713389280955852	2457.0536976355097	0.0	1072.4178501784022	1072.3060390878063	215.0507821475533	9.973104342371768	2144.723889266209	9.909850588832988e-09
380.78076346777357	1	1	1	1	4	0	380.78076346777357	29.0	0	0.0019132453477283848	0.5810699856169318	1.0146874903549057	166.835717990103	0.0	95.66226738641924	0.0	71.17345060368376	1.344072355281704	95.66226738641924	3.9069206558089515e-10
380.78076346777357	2	2	1	1	0	0	380.78076346777357	29.0	0	0.029379785629192405	0.8108320845226604	1.0479072581519313	3027.6900483129957	0.0	1237.0436054396805	1255.3608678836615	247.52364921861863	10.069358952937835	2492.404473323342	1.0760113743761792e-08
395.84107158007737	1	1	1	1	4	0	395.84107158007737	30.0	0	0.0023199671646936468	0.5767181326938495	0.9813256861980424	202.00330416466042	0.0	115.99835823468236	0.0	86.00494592997805	1.3487405518413302	115.99835823468236	4.88324135093058e-10
395.84107158007737	2	2	1	1	0	0	395.84107158007737	30.0	0	0.03342727189470054	0.7837232993501629	1.051853404213991	3686.327008292297	0.0	1407.4640797768645	1448.3412334290094	281.25331046349635	10.15385493063033	2855.805313205874	1.3783932287559501e-08
411.03002553366304	1	1	1	1	4	0	411.03002553366304	31.0	0	0.0027658742993581296	0.5176295462649939	0.9381483216606984	241.00613809413107	0.0	138.29371496790648	0.0	102.71242312622455	1.3464166335357084	138.29371496790648	5.325499715141407e-10
411.03002553366304	2	2	1	1	0	0	411.03002553366304	31.0	0	0.03757321426930666	0.7419262820072865	1.0330029637644136	4423.046831028204	0.0	1582.0300744971225	1649.4484424446148	316.23555389951	10.218580665881113	3231.478516941737	1.5919908458920512e-08
426.3473174640513	1	1	1	1	4	0	426.3473174640513	32.0	0	0.003282409620332644	0.5177752139674218	0.9249943242731912	287.64191362919917	0.0	164.12048101663225	0.0	123.52143261256691	1.32868019375558	164.12048101663225	6.46763034230747e-10
426.3473174640513	2	2	1	1	0	0	426.3473174640513	32.0	0	0.041776317093090085	0.7462477409807982	1.0090298180096915	5271.953626101982	0.0	1759.0028249722143	1856.7819096231515	352.4647521828009	10.258571139959237	3615.784734595366	1.8322206803090714e-08
441.79260147745117	1	1	1	1	4	0	441.79260147745117	33.0	0	0.0037751956034124436	0.4740497411461486	0.8402864925733262	339.45247066049734	0.0	188.75978017062226	8.065576341906219	142.62711414796885	1.3799995722295235	196.82535651252846	7.579726160681587e-10
441.79260147745117	2	2	1	1	0	0	441.79260147745117	33.0	0	0.04599312059482805	0.7225207250207764	1.0000849943746488	6212.771683466965	0.0	1936.552446098023	2068.3373322414336	389.93382422525457	10.270690895555488	4004.889778339457	1.977931889797368e-08
457.365493753255	1	1	1	1	4	0	457.365493753255	34.0	0	0.004245413871774919	0.4450552569315797	0.8663368614607048	395.89392490987717	0.0	212.27069358874598	22.181095396680703	161.4421359244505	1.4522341868367143	234.45178898542667	9.927973954415114e-10
457.365493753255	2	2	1	1	0	0	457.365493753255	34.0	0	0.05017796566350451	0.7178070170931649	0.9877959186649437	7261.303079844751	0.0	2112.756448989664	2282.004945257739	428.63419774758097	10.252941592951107	4394.761394247403	2.29364267883362e-08
473.0655726577729	1	1	1	1	4	0	473.0655726577729	35.0	0	0.00464031373441898	0.3701753279578323	0.7525845618110927	449.75819231674933	0.0	232.01568672094902	39.1507214383177	178.59178415748252	1.5183588060252078	271.16640815926684	1.049225544879918e-09
473.0655726577729	2	2	1	1	0	0	473.0655726577729	35.0	0	0.05438502713082706	0.7164981007526199	1.0087199669821705	8407.157195603993	0.0	2289.895879192719	2501.297923214961	468.5557728405336	10.225450373521054	4791.19380240768	2.4669948944464492e-08
488.8923788691719	1	1	1	1	4	0	488.8923788691719	36.0	0	0.005063295527731073	0.373583220282448	0.7892858328037131	509.8547379855089	0.0	253.16477638655368	59.936649249026296	196.75331234992885	1.591340048592037	313.1014256355801	1.1501436505851828e-09
488.8923788691719	2	2	1	1	0	0	488.8923788691719	36.0	0	0.0585598749590852	0.6882562253592753	0.969557109734418	9620.8409140416	0.0	2465.678945645693	2723.6507538823253	509.6868866061788	10.18140712640636	5189.329699528019	2.9309033931235773e-08
504.8454155135833	1	1	1	1	4	0	504.8454155135833	37.0	0	0.005497128728602307	0.3930264133193437	0.7951431860485945	578.7742127271196	4.277098167498561	274.85643643011554	83.53203273136582	216.1086453981397	1.6583717347411882	362.6655673289798	1.4389684445216316e-09
504.8454155135833	2	2	1	1	0	0	504.8454155135833	37.0	0	0.06264546690253593	0.6939337340990736	0.9747621552368708	10956.750565380004	0.0	2637.7038695804604	2946.3698885113226	552.0142789509185	10.115813976232818	5584.073758091783	3.161521853427147e-08
520.9241483123367	1	1	1	1	4	0	520.9241483123367	38.0	0	0.005921388241078449	0.39619769112803777	0.7530699631605718	654.8369934685936	13.121992500567922	296.06941205392263	108.780531730969	236.86505718313416	1.7092007939013076	417.9719362854595	1.5118402613615175e-09
520.9241483123367	2	2	1	1	0	0	520.9241483123367	38.0	0	0.06658211530261278	0.6734018413896741	0.9698647016104892	12376.047501816829	0.0	2803.4574864258016	3166.632045428095	595.5230596016393	10.024951067129868	5970.089531853897	3.5013228731137e-08
537.1280057402779	1	1	1	1	4	0	537.1280057402779	39.0	0	0.0063547553456502325	0.4141561253886104	0.7780447640873457	741.3799142398004	25.84489996717309	317.73776728251175	140.2960661288888	257.5011808612268	1.7787640114095065	483.87873337857366	1.7183107246325985e-09
537.1280057402779	2	2	1	1	0	0	537.1280057402779	39.0	0	0.07061943532413374	0.6788536167841762	0.9658083711575736	13888.283931605853	0.0	2973.4499083845794	3393.2886080397984	640.1966764158867	9.944972773161343	6366.738516424378	4.0453536917428417e-08
553.4563791951257	1	1	1	1	4	0	553.4563791951257	40.0	0	0.006746113401218582	0.3864071582099867	0.7268701176044335	829.4008849536864	41.478983174276735	337.3056700609292	173.40399176034526	277.2122399581351	1.842305599126512	552.1886449955513	2.0525707881167253e-09
553.4563791951257	2	2	1	1	0	0	553.4563791951257	40.0	0	0.07473405982673065	0.6717197120741617	0.9522722124035852	15480.45839009191	0.0	3146.697255862344	3624.285071343485	686.0168850563687	9.869993690679305	6770.9823272058275	4.4688128502195614e-08
569.9086231778117	1	1	1	1	4	0	569.9086231778117	41.0	0	0.007145322160132648	0.373411484974258	0.7100974126886983	920.5806999697812	60.222579118672144	357.2661080066325	206.29125281664685	296.80076002782965	1.8987733076237316	623.7799399419515	2.11746094074039e-09
569.9086231778117	2	2	1	1	0	0	569.9086231778117	41.0	0	0.07887377939016989	0.6639061046459344	0.9570455941965316	17170.168287553348	0.0	3321.001237480838	3856.6903801681437	732.9637200993429	9.792696992800877	7177.69161764898	4.4796013262003993e-08
586.4840554837581	1	1	1	1	4	0	586.4840554837581	42.0	0	0.007556285300803423	0.35678750637638545	0.7420075425230827	1014.2854607368903	82.51449985091709	377.8142650401712	237.04426724448558	316.9124286013163	1.9401527892052604	697.3730321355739	2.153417435031394e-09
586.4840554837581	2	2	1	1	0	0	586.4840554837581	42.0	0	0.08298397529053743	0.6552631928679943	0.9539057896675852	18939.072423028218	0.0	3494.062117496313	4087.4382201887774	781.0154676455852	9.707234557773802	7581.500337685092	4.7513186038245996e-08
603.1819574050269	1	1	1	1	4	0	603.1819574050269	43.0	0	0.008001448605271178	0.3690598672625201	0.6945947616781073	1116.5770837406158	111.2095869640156	400.0724302635589	265.39831146334893	339.8967550496921	1.9578614147982007	776.6803286909235	2.440693857145781e-09
603.1819574050269	2	2	1	1	0	0	603.1819574050269	43.0	0	0.08707161058350582	0.6413629114596981	0.9431576246021536	20774.819276684477	0.0	3666.1730772002447	4316.91949979402	830.1486395016102	9.61646167581147	7983.092576994266	4.995433215380696e-08
620.0015739432909	1	1	1	1	4	0	620.0015739432909	44.0	0	0.008465738331483353	0.37940428244536495	0.7251179487764602	1233.5355299421408	148.38717654444702	423.2869165741678	294.9781731481697	366.8832636753562	1.957748310803047	866.6522662667844	2.917437847946481e-09
620.0015739432909	2	2	1	1	0	0	620.0015739432909	44.0	0	0.09125977978375496	0.6289300627550969	0.9421195385441384	22681.298059882232	0.0	3842.517043526526	4552.04478822906	880.3379489976883	9.535612819273828	8394.561831755585	5.920193619528189e-08
636.9421140335545	1	1	1	1	4	0	636.9421140335545	45.0	0	0.00892029142429026	0.3946179142899575	0.7158468896815514	1357.5504702871092	187.52666388184392	446.014571214513	330.9712564213761	393.0379787693762	1.9768721334988413	964.512491517733	3.1836806116486416e-09
636.9421140335545	2	2	1	1	0	0	636.9421140335545	45.0	0	0.09549183260496084	0.6347140169796954	0.9306202636344528	24689.86966331833	0.0	4020.708741261509	4789.633718542372	931.5562885079021	9.457659798438627	8810.342459803882	5.96234835205537e-08
654.0027507785644	1	1	1	1	4	0	654.0027507785644	46.0	0	0.009373459164554293	0.38731400396525134	0.7172242632206642	1486.1468943296386	228.94024465393417	468.6729582277146	369.6994133865633	418.83427806142663	2.001680415210241	1067.3126162682122	3.4486547583346048e-09
654.0027507785644	2	2	1	1	0	0	654.0027507785644	46.0	0	0.09970862582846396	0.6301456986149238	0.9271446917287972	26790.0981535326	0.0	4198.257929619536	5026.365969686408	983.7747087360872	9.37676463664873	9224.623899305943	6.671335510739758e-08
671.1826216938364	1	1	1	1	4	0	671.1826216938364	47.0	0	0.009857539685072074	0.3784332349183817	0.7225967284496374	1619.3536881994894	273.408116811756	492.87698425360384	408.1518566243411	444.9167305097887	2.025162865522139	1174.4369576897009	3.604581079163704e-09
671.1826216938364	2	2	1	1	0	0	671.1826216938364	47.0	0	0.10385422193878943	0.6157270010834504	0.9279742746120124	28968.04004545703	0.0	4372.809344791134	5259.101189915205	1036.9623998299367	9.288582243952131	9631.910534706338	6.196677994373042e-08
688.4808289632283	1	1	1	1	4	0	688.4808289632283	48.0	0	0.010393262913991284	0.39186571614718696	0.722095540485618	1765.2499552929808	325.6615655617999	519.6631456995643	445.9026675479309	474.02257648368516	2.0369616578393663	1291.2273788092953	4.093295193614036e-09
688.4808289632283	2	2	1	1	0	0	688.4808289632283	48.0	0	0.10811501268211214	0.6122917268457232	0.916936186289843	31221.917814661367	0.0	4552.211060299459	5498.3034772596375	1091.0866743838696	9.211472171296167	10050.514537559098	7.022883032301028e-08
705.8964397049822	1	1	1	1	4	0	705.8964397049822	49.0	0	0.010956001455415636	0.4095201946751113	0.7486875853337057	1922.1481598614969	387.35980665650214	547.8000727707819	480.0934456613843	506.8948347728288	2.027824013817047	1415.253325088668	4.318614947549553e-09
705.8964397049822	2	2	1	1	0	0	705.8964397049822	49.0	0	0.11242952601129837	0.6157423444645374	0.9079546060299916	33571.78449773424	0.0	4733.874779423089	5740.521769424478	1146.1129523894444	9.139061317656598	10474.396548847571	7.570110122288045e-08
723.4284862481575	1	1	1	1	4	0	723.4284862481575	50.0	0	0.011528138233137477	0.4002053830690397	0.7288398649151295	2087.829338841287	449.16403483769454	576.4069116568738	523.6695057329646	538.588886613754	2.042515998252953	1549.240452227533	4.573261253319504e-09
723.4284862481575	2	2	1	1	0	0	723.4284862481575	50.0	0	0.11673373159478034	0.6056558419473445	0.91051589207508	36004.42348566895	0.0	4915.104488201278	5982.161381128729	1202.0047481901456	9.065909170274065	10897.265869330009	8.005923481618406e-08
741.0759664193733	1	1	1	1	4	0	741.0759664193733	51.0	0	0.012099192765422056	0.4091744282310623	0.7492010868193532	2267.360856815829	515.7533175130109	604.9596382711028	575.0101621912244	571.6377388404915	2.0641915679950995	1695.723117975338	5.3806401461929085e-09
741.0759664193733	2	2	1	1	0	0	741.0759664193733	51.0	0	0.12098978511936932	0.5959212054407689	0.8921627081889795	38505.53330399538	0.0	5094.306741868182	6221.097719351271	1258.7236594952965	8.989585899860284	11315.404461219454	8.054567333903877e-08
758.8378438397727	1	1	1	1	4	0	758.8378438397727	52.0	0	0.012691900966343348	0.3865637631641841	0.7233473610059392	2444.579948487258	581.5228318753584	634.5950483171673	625.0768842507174	603.3851840440149	2.0876746162796005	1841.194764443243	6.016093757315087e-09
758.8378438397727	2	2	1	1	0	0	758.8378438397727	52.0	0	0.12537173679815125	0.5946242213971226	0.8868782759683028	41091.834300755436	0.0	5278.809970448474	6467.102024124992	1316.2293585056434	8.923909741619022	11745.911994573467	8.872497637642945e-08
776.7130482321257	1	1	1	1	4	0	776.7130482321257	53.0	0	0.01337310319816719	0.4011289960215457	0.7268695342926046	2643.319911367641	657.9930325600153	668.6551599083598	677.2242262481564	639.4474926511099	2.104753559321318	2003.8724187165315	6.431968088830033e-09
776.7130482321257	2	2	1	1	0	0	776.7130482321257	53.0	0	0.12981306386269906	0.5825263599700936	0.8857477737187287	43727.54968989277	0.0	5465.813215271537	6716.439683889076	1374.4795852008187	8.863174855653256	12182.252899160612	9.199375578490256e-08
794.7004757379742	1	1	1	1	4	0	794.7004757379742	54.0	0	0.01405359445863158	0.3773678171985183	0.6891101550659046	2841.271888661456	739.9812534069043	702.6797229315791	721.23328044095	677.3776318820227	2.1020962847803766	2163.894256779434	6.296792129452265e-09
794.7004757379742	2	2	1	1	0	0	794.7004757379742	54.0	0	0.13424464139417905	0.5795860807634939	0.8754071461319924	46447.57070005772	0.0	5652.405953439117	6965.230001445851	1433.430142836452	8.802407301075279	12617.635954884969	9.746788893101227e-08
812.7989892447298	1	1	1	1	4	0	812.7989892447298	55.0	0	0.014824619868579096	0.4030010756036677	0.6923703592606614	3061.938514243051	828.3392708218396	741.2309934289549	774.7346102349643	717.6336397572925	2.1124505871500494	2344.304874485759	7.330512411217675e-09
812.7989892447298	2	2	1	1	0	0	812.7989892447298	55.0	0	0.1386368336419202	0.569463022192862	0.8676785267182842	49222.46629701957	0.0	5837.340363870324	7211.809215354126	1493.034895696104	8.740016470372241	13049.149579224451	9.519777456222024e-08
831.0074187226242	1	1	1	1	4	0	831.0074187226242	56.0	0	0.015576472889456875	0.3979584411723304	0.7004066931281933	3290.346932543231	918.2197154504944	778.8236444728441	835.1939107278943	758.1096618919986	2.1290027503048408	2532.2372706512324	8.101453884857898e-09
831.0074187226242	2	2	1	1	0	0	831.0074187226242	56.0	0	0.14316001140888215	0.5674394766995571	0.8665830922203238	52093.9004480336	0.0	6027.789954058196	7465.7420022712895	1553.2457691405314	8.687312867297207	13493.531956329485	1.0880427148249981e-07
849.3245615714155	1	1	1	1	4	0	849.3245615714155	57.0	0	0.0163600227091076	0.4087619889615227	0.7053950761158564	3534.2446323837016	1014.9576086537128	818.0011354553802	899.9630853122417	801.3228029623675	2.1439103123192944	2732.921829421335	8.644681259824703e-09
849.3245615714155	2	2	1	1	0	0	849.3245615714155	57.0	0	0.14774240888968201	0.5567669783353946	0.8556709979990651	55000.246929102614	0.0	6220.733005881347	7722.999404702155	1614.012751993966	8.639171154848244	13943.732410583503	1.1322121655355005e-07
867.7491829767432	1	1	1	1	4	0	867.7491829767432	58.0	0	0.01719664289208973	0.4311201549702499	0.7364094293258409	3812.147400028539	1118.3065415144624	859.8321446044865	961.6844941233161	847.2761649450463	2.149849971108233	2939.823180242265	9.50803001168014e-09
867.7491829767432	2	2	1	1	0	0	867.7491829767432	58.0	0	0.15230963897671487	0.5495113057077132	0.8543990423793912	57955.784862053224	0.0	6413.0374305985215	7979.405304325056	1675.2839013042044	8.591047000284009	14392.44273492358	1.197443768705079e-07
886.2800162760308	1	1	1	1	4	0	886.2800162760308	59.0	0	0.017986333677436392	0.4473161359060661	0.7196220446024101	4135.190396573329	1222.5380328746753	899.3166838718198	1009.113894141252	893.5672510995893	2.135743645108559	3130.968610887747	1.0843030957687313e-08
886.2800162760308	2	2	1	1	0	0	886.2800162760308	59.0	0	0.15682874909211098	0.5419565177652946	0.8479514168688951	60998.609444687245	0.0	6603.315751246779	8233.109731856064	1737.0053495102616	8.541381572190256	14836.425483102845	1.2290273725945733e-07
