11.247441493196291	1	1	1	1	4	0	11.247441493196291	1.0	0	0.0			15.0	0.0	0.0	0.0	0.0		0.0	0.0
11.247441493196291	2	2	1	1	0	0	11.247441493196291	1.0	0	0.0			100.0	0.0	0.0	0.0	0.0		0.0	0.0
11.367595075476835	1	1	1	1	4	0	11.367595075476835	1.0	0	0.0			15.0	0.0	0.0	0.0	0.0		0.0	0.0
11.367595075476835	2	2	1	1	0	0	11.367595075476835	1.0	0	0.0			100.0	0.0	0.0	0.0	0.0		0.0	0.0
22.856168219862568	1	1	1	1	4	0	22.856168219862568	2.0	0	0.0			14.552750241652504	0.0	0.0	0.0	0.7285827694774977	0.0	0.0	0.0
22.856168219862568	2	2	1	1	0	0	22.856168219862568	2.0	0	0.0			98.68366698886999	0.0	0.0	0.0	0.9714436926366636	0.0	0.0	0.0
34.4665080713728	1	1	1	1	4	0	34.4665080713728	3.0	0	0.0			13.791431040067982	0.0	0.0	0.0	2.1993864847666735	0.0	0.0	0.0
34.4665080713728	2	2	1	1	0	0	34.4665080713728	3.0	0	0.00011257771665567784			93.56925873044621	0.0	4.740114385502225	3.1600762570014824	2.932515313022233	2.6939980867011464	7.900190642503707	0.0
46.1993671861199	1	1	1	1	4	0	46.1993671861199	4.0	0	0.0			12.713098668736418	0.0	0.0	0.0	4.42587529936556	0.0	0.0	0.0
46.1993671861199	2	2	1	1	0	0	46.1993671861199	4.0	0	0.00033581469321961526	0.3157806038317189	0.7156776808071881	84.74096204724611	0.0	14.139566030299589	9.426377353533061	5.901167065820748	3.993437759172312	23.56594338383265	9.399192542414704e-13
58.05546181511435	1	1	1	1	4	0	58.05546181511435	5.0	0	0.0			11.314922877436091	0.0	0.0	0.0	7.421310407022852	0.0	0.0	0.0
58.05546181511435	2	2	1	1	0	0	58.05546181511435	5.0	0	0.0006675093645202824	0.4859937259912812	0.9956635030935108	72.29083659645532	0.0	28.105657453485573	18.737104968990387	9.895080542697137	4.73394453136082	46.842762422475964	2.803863087254214e-12
70.03547169202406	1	1	1	1	4	0	70.03547169202406	6.0	0	2.500826149469408e-05			10.075555122184273	0.0	1.2504130747347042	0.0	8.825142047449571	0.14168758621806754	1.2504130747347042	0.0
70.03547169202406	2	2	1	1	0	0	70.03547169202406	6.0	0	0.0007952177084349142	0.6217684948820695	0.9960145851918436	67.16950623651297	0.0	33.48285088147008	22.321900587646716	11.364754767396185	4.910334856429323	55.804751469116795	5.573636710187199e-12
82.14003983175478	1	1	1	1	4	0	82.14003983175478	7.0	0	2.500826149469408e-05	1.0627261406538695	1.206455763960897	10.075555122184273	0.0	1.2504130747347042	0.0	8.825142047449571	0.14168758621806754	1.2504130747347042	2.783477622568739e-13
82.14003983175478	2	2	1	1	0	0	82.14003983175478	7.0	0	0.0009259223797867137	0.7565992151309415	1.0008482458330854	77.81512622823975	0.0	38.98620546470373	25.990803643135823	12.838117120400202	5.061256919411405	64.97700910783955	7.497080004387817e-11
94.36977233991071	1	1	1	1	4	0	94.36977233991071	8.0	0	2.6097794324147094e-05	1.1152315185495087	1.686668381800693	10.161907352389818	0.0	1.3048897162073554	0.0	8.857017636182464	0.14732834118751814	1.3048897162073554	7.650084389520854e-13
94.36977233991071	2	2	1	1	0	0	94.36977233991071	8.0	0	0.0010650013513662595	0.6767370870762712	1.0477879964262231	89.1317099216174	0.0	44.842162162789876	29.894774775193248	14.39477298363425	5.191949676660638	74.73693693798312	8.013771480375154e-11
106.72523823319248	1	1	1	1	4	0	106.72523823319248	9.0	0	3.5287831013399434e-05	1.6216685491074607	1.138451647137494	10.86672440307332	0.0	1.7643915506699717	0.0	9.102332852403347	0.19383948920348565	1.7643915506699717	2.6602628858182443e-12
106.72523823319248	2	2	1	1	0	0	106.72523823319248	9.0	0	0.001236098596140691	0.7520269239319269	1.0671012213023578	103.2855448258112	0.0	52.04625667960805	35.079125123270465	16.160163022932686	5.391367752864869	87.12538180287851	1.0556697808378744e-10
119.20696927078512	1	1	1	1	4	0	119.20696927078512	10.0	0	4.5486647562082174e-05	1.6043546336348244	1.4522568498346164	11.639020776773677	0.0	2.2743323781041087	0.0	9.364688398669568	0.2428625792212393	2.2743323781041087	3.0063372872957982e-12
119.20696927078512	2	2	1	1	0	0	119.20696927078512	10.0	0	0.001390830686260736	0.8215595646230415	1.0976155560387488	116.23312864659896	0.0	58.56129205308362	39.99466184388356	17.677174749631764	5.575322713773604	98.5559538969672	1.0630152973372177e-10
131.81545979678634	1	1	1	1	4	0	131.81545979678634	11.0	0	5.4745642423430545e-05	0.9182816457568312	1.2545200226878468	12.339753709132864	0.0	2.7372821211715284	0.0	9.602471587961336	0.2850601635315716	2.7372821211715284	3.2152825414241423e-12
131.81545979678634	2	2	1	1	0	0	131.81545979678634	11.0	0	0.0016611176006435765	0.7270819138398412	1.1406652041080592	139.0489228249869	0.0	69.94179371130849	48.86328385646469	20.24384525721371	5.868701131542095	118.8050775677732	2.2782600525382362e-10
144.55116659372186	1	1	1	1	4	0	144.55116659372186	12.0	0	6.688867168647559e-05	0.6607245085599434	1.065659282362747	13.266564573258881	0.0	3.3444335843237813	0.0	9.9221309889351	0.3370680741922684	3.3444335843237813	3.9403986787440106e-12
144.55116659372186	2	2	1	1	0	0	144.55116659372186	12.0	0	0.0019413220896764333	0.7899086778131111	1.1644344719981239	162.8723775849066	0.0	81.73987746006037	58.27725142293956	22.855248701906657	6.126257067214468	140.01712888299994	2.3902459054513864e-10
157.41450874719058	1	1	1	1	4	0	157.41450874719058	13.0	0	7.317543394997252e-05	0.471101385092305	1.3732267849651627	13.754383808384578	0.0	3.6587716974986266	0.0	10.095612110885948	0.3624120714338289	3.6587716974986266	2.9883899273832813e-12
157.41450874719058	2	2	1	1	0	0	157.41450874719058	13.0	0	0.0022658154375400823	0.8123871040235938	1.1331790009969216	190.6336502992852	0.0	95.40275526484558	69.37894582815929	25.85194920628036	6.374053259124211	164.78170109300487	2.865679456425045e-10
170.4058675216809	1	1	1	1	4	0	170.4058675216809	14.0	0	9.509383642792262e-05	1.1858125589787876	1.0579470555771322	15.380131725971319	0.0	4.754691821396133	0.0	10.625439904575186	0.4474818797242285	4.754691821396133	6.4663130293899605e-12
170.4058675216809	2	2	1	1	0	0	170.4058675216809	14.0	0	0.0025862116250758693	0.7781922732864737	1.132452692011611	218.19945148190948	0.0	108.89312105582607	80.50047780034255	28.80585262574088	6.5748305150643835	189.39359885616864	2.930512819569484e-10
183.52558624759342	1	1	1	1	4	0	183.52558624759342	15.0	0	0.00011856463647360678	0.8110196352939565	1.2337817572769891	17.08589450325776	0.0	5.928231823680341	0.0	11.15766267957742	0.5313148455842066	5.928231823680341	7.89853644149573e-12
183.52558624759342	2	2	1	1	0	0	183.52558624759342	15.0	0	0.0031458619143087158	0.8871374430162701	1.1120766566636278	266.8818864548149	0.0	132.45734376036697	100.65416808864772	33.77037460580019	6.902840568697065	233.1115118490147	5.080717602807725e-10
196.77397021950497	1	1	1	1	4	0	196.77397021950497	16.0	0	0.00015078347222602587	0.9531115432746584	1.2893087775389716	19.41519618636001	0.0	7.539173611301293	0.0	11.876022575058716	0.6348231121701131	7.539173611301293	1.8828769921943246e-11
196.77397021950497	2	2	1	1	0	0	196.77397021950497	16.0	0	0.0035131809741627052	0.8276723519026596	1.1255298384195618	299.12712037445414	0.0	147.92340943842967	114.2570990399685	36.94661189605597	7.0961989482555445	262.18050847839817	4.586140683347159e-10
210.1512866057031	1	1	1	1	4	0	210.1512866057031	17.0	0	0.00018470021680726942	0.9311019930103251	1.2925484588949518	21.883026965624445	0.0	9.23501084036347	0.0	12.648016125260975	0.7301548913998492	9.23501084036347	2.136118534076236e-11
210.1512866057031	2	2	1	1	0	0	210.1512866057031	17.0	0	0.004244237856999908	0.7875574515133237	1.0711918077902225	363.814859533552	0.0	178.70475187368038	141.93844182752457	43.171665832347024	7.427167507188433	320.64319370120495	9.352209617807684e-10
223.65776436901845	1	1	1	1	4	0	223.65776436901845	18.0	0	0.00021364573087433622	0.6630291865586002	1.1394472633936754	24.02634341638283	0.0	10.682286543716812	0.0	13.34405687266602	0.8005276540448819	10.682286543716812	1.782640029657404e-11
223.65776436901845	2	2	1	1	0	0	223.65776436901845	18.0	0	0.004956923936563318	0.8822100804599552	1.1072931815242597	427.3309596927217	0.0	208.712586802666	169.42108194092356	49.19729094913214	7.6860668839380475	378.1336687435896	9.048096106469073e-10
237.29359419897813	1	1	1	1	4	0	237.29359419897813	19.0	0	0.0002605408539749271	0.8753398754570068	1.181705876646319	27.60558793415948	0.0	13.027042698746355	0.0	14.578545235413124	0.8935763128890273	13.027042698746355	2.8404236466006625e-11
237.29359419897813	2	2	1	1	0	0	237.29359419897813	19.0	0	0.0059221346534809784	0.8645645131832104	1.0760870519988943	513.930235946801	0.0	249.35303804130436	207.2202992342624	57.35689867123425	7.96021660607233	456.5733372755667	1.1113689259805884e-09
251.0589284553002	1	1	1	1	4	0	251.0589284553002	20.0	0	0.00034060641754709615	1.0942221381859305	1.0571775141222537	34.01475969933515	0.0	17.03032087735481	0.0	16.98443882198034	1.0027014172122717	17.03032087735481	4.682581454265925e-11
251.0589284553002	2	2	1	1	0	0	251.0589284553002	20.0	0	0.006746724762467019	0.8399181857420562	1.1258404537096869	588.5907225994567	0.0	284.07262157755866	240.36353066668298	64.15457035521497	8.174571964873449	524.4361522442417	1.0947451219511002e-09
264.95388112274634	1	1	1	1	4	0	264.95388112274634	21.0	0	0.0004174978772926645	0.9313347898882376	1.3355448984353226	40.19624607629354	0.0	20.874893864633233	0.0	19.321352211660308	1.0804054310461442	20.874893864633233	4.981870931187146e-11
264.95388112274634	2	2	1	1	0	0	264.95388112274634	21.0	0	0.007833770364730912	0.819266780382386	1.1355970032285119	687.8231731616247	0.0	329.84296272551205	284.9996439251201	72.98056651099259	8.4247442304798	614.8426066506322	1.521180626757276e-09
278.9785277773454	1	1	1	1	4	0	278.9785277773454	22.0	0	0.0005235272562119412	0.8031520091970242	1.274452495337067	48.93357428016907	0.0	26.176362810597066	0.0	22.75721146957201	1.1502447409075889	26.176362810597066	8.466253398411023e-11
278.9785277773454	2	2	1	1	0	0	278.9785277773454	22.0	0	0.009343586678473816	0.8759703444391627	1.1055176255201622	826.7000440682681	0.0	393.41417593573954	348.12948524155723	85.1563828909713	8.70802206484887	741.5436611772967	2.310636270952339e-09
293.1329055639992	1	1	1	1	4	0	293.1329055639992	23.0	0	0.0005796602651122062	0.9834853871524868	1.2212819679034008	53.477743040541064	0.0	28.983013255610317	0.0	24.494729784930733	1.183234659458901	28.983013255610317	5.834699562231969e-11
293.1329055639992	2	2	1	1	0	0	293.1329055639992	23.0	0	0.011005220687396232	0.838404882674305	1.1143541797437029	980.6572853935253	0.0	463.37771315352546	418.71456808236405	98.56500415763571	8.949345548904487	882.0922812358896	2.771758080799372e-09
307.41701318547484	1	1	1	1	4	0	307.41701318547484	24.0	0	0.0007003436799928636	0.5491774024219491	1.1223995568619654	63.2426849970065	0.0	35.017183999643194	0.0	28.22550099736332	1.2406222303339918	35.017183999643194	1.0018186976909235e-10
307.41701318547484	2	2	1	1	0	0	307.41701318547484	24.0	0	0.013014743306935006	0.8525547058098292	1.1122829381985	1168.184477539544	0.0	547.9891918709476	505.2947177379253	114.90056793067112	9.166916478989076	1053.2839096088726	3.426285366945512e-09
321.83081090278995	1	1	1	1	4	0	321.83081090278995	25.0	0	0.0007869959759471878	0.7167023549421611	0.9766273059104301	70.36069332998328	0.0	39.3497987973594	0.0	31.010894532623876	1.2689024096342296	39.3497987973594	9.783028164230364e-11
321.83081090278995	2	2	1	1	0	0	321.83081090278995	25.0	0	0.015114533299860134	0.8578155625254338	1.087707293363287	1365.7780673013933	0.0	636.401402099374	597.609413829055	131.7672513729642	9.36507973772322	1234.0108159284289	3.851857632099372e-09
336.3742205469876	1	1	1	1	4	0	336.3742205469876	26.0	0	0.0009485146136145801	0.6140810144271507	1.0444553735810356	84.06581567444681	0.0	47.425730680728996	0.0	36.64008499371782	1.29436737630004	47.425730680728996	1.543812004953556e-10
336.3742205469876	2	2	1	1	0	0	336.3742205469876	26.0	0	0.017366616485174412	0.8217954972120153	1.0964870767886348	1579.4160631186262	0.0	731.2259572705016	698.3907289222432	149.79937692588126	9.543542273210523	1429.6166861927447	4.376987635721468e-09
351.0471255422998	1	1	1	1	4	0	351.0471255422998	27.0	0	0.0011574193179675046	0.6179065955764287	1.0387175477068262	101.5643243715358	0.0	57.870965898375225	0.0	43.69335847316058	1.324479690292599	57.870965898375225	1.968478957285661e-10
351.0471255422998	2	2	1	1	0	0	351.0471255422998	27.0	0	0.020608681481619304	0.8590886934995391	1.1028804201983018	1889.4350107513985	0.0	867.7339571208126	845.8189210118093	175.88213261877655	9.742620541489211	1713.5528781326218	6.394400059663451e-09
365.84937094069124	1	1	1	1	4	0	365.84937094069124	28.0	0	0.001420351520544788	0.6348364712513195	1.0662809932503052	123.8880038149347	0.0	71.01757602723941	0.0	52.87042778769531	1.343238157868046	71.01757602723941	2.928812769270075e-10
365.84937094069124	2	2	1	1	0	0	365.84937094069124	28.0	0	0.023693741880148854	0.821739487585606	1.08781567688048	2186.8541800787725	0.0	997.6312370588988	988.2147511691196	201.00819185075412	9.879428146403518	1985.8459882280185	6.767574489596611e-09
380.78076346777357	1	1	1	1	4	0	380.78076346777357	29.0	0	0.0015999451258920387	0.5695534820458145	1.0003173463970203	139.52967931141546	0.0	79.99725629460194	0.0	59.53242301681354	1.3437594547765777	79.99725629460194	2.521275721152517e-10
380.78076346777357	2	2	1	1	0	0	380.78076346777357	29.0	0	0.02760360356760421	0.8282121004747163	1.073179259361629	2630.439708861403	0.0	1162.2569923201772	1171.2695799649746	233.48105892181943	9.994500552040613	2333.526572285152	9.01739087701225e-09
395.84107158007737	1	1	1	1	4	0	395.84107158007737	30.0	0	0.0018072773620615285	0.5276380166821896	0.8835976502282383	157.45685699924766	0.0	90.36386810307644	0.0	67.09298889617125	1.346845171004644	90.36386810307644	2.9278745861745186e-10
395.84107158007737	2	2	1	1	0	0	395.84107158007737	30.0	0	0.031651089833112336	0.8296988456099441	1.0904655424279752	3089.7490836853544	0.0	1332.6774666573615	1364.2499455103225	267.21072016669706	10.092886282725592	2696.927412167684	1.0755114808251958e-08
411.03002553366304	1	1	1	1	4	0	411.03002553366304	31.0	0	0.0021531059893012735	0.5244053347549139	0.9363693139347472	187.70597271801205	0.0	107.65529946506369	0.0	80.05067325294839	1.34483940097404	107.65529946506369	4.045429312572706e-10
411.03002553366304	2	2	1	1	0	0	411.03002553366304	31.0	0	0.03579703220771846	0.7936927182535559	1.0686206272109509	3635.1905288946027	0.0	1507.2434613776197	1565.3571545259274	302.1929636027108	10.167677563608184	3072.600615903547	1.293270414381582e-08
426.3473174640513	1	1	1	1	4	0	426.3473174640513	32.0	0	0.002251154394682299	0.5201460192703018	0.9353628675826348	196.5583459038266	0.0	112.557719734115	0.0	84.0006261697116	1.3399628653565956	112.557719734115	2.2628609036198026e-10
426.3473174640513	2	2	1	1	0	0	426.3473174640513	32.0	0	0.04000013503150189	0.8071266828629605	1.0631314710632738	4181.13071473825	0.0	1684.2162118527112	1772.6906217044643	338.4221618860018	10.214776757798864	3456.906833557176	1.2477739151006439e-08
441.79260147745117	1	1	1	1	4	0	441.79260147745117	33.0	0	0.002632036726293345	0.5481964310337805	1.013807714878089	236.6035712992744	0.0	131.60183631466728	6.234015634317777	98.76771935028928	1.3955556821165107	137.8358519489851	5.493212262825274e-10
441.79260147745117	2	2	1	1	0	0	441.79260147745117	33.0	0	0.04421693853323985	0.7920740052507927	1.0536624843097273	4882.7300213100425	0.0	1861.76583297852	1984.2460443227467	375.89123392845545	10.23171473595282	3846.0118773012655	1.57295823688483e-08
457.365493753255	1	1	1	1	4	0	457.365493753255	34.0	0	0.002792316279041622	0.4833625233039626	0.9153946311602298	255.8423198809849	0.0	139.61581395208108	11.045460091352368	105.18104583755138	1.4323994674489622	150.66127404343348	4.32001839273148e-10
457.365493753255	2	2	1	1	0	0	457.365493753255	34.0	0	0.048401783601916326	0.7815241389461465	1.0280937323450854	5576.999435546297	0.0	2037.9698358701608	2197.913657339051	414.5916074507818	10.217002508214243	4235.883493209212	1.6703017066034417e-08
473.0655726577729	1	1	1	1	4	0	473.0655726577729	35.0	0	0.0031438376487311877	0.5151599951419594	0.9318595513047782	303.7897689619056	0.0	157.1918824365594	26.151026726235237	120.44685979911092	1.5221892000221993	183.3429091627946	8.122331763631574e-10
473.0655726577729	2	2	1	1	0	0	473.0655726577729	35.0	0	0.05260884506923888	0.7560410783542587	1.0114970722742809	6350.239602792113	0.0	2215.109266073216	2417.2066352962743	454.5131825437344	10.191818585864132	4632.315901369489	1.946613973360623e-08
488.8923788691719	1	1	1	1	4	0	488.8923788691719	36.0	0	0.0033638780703024304	0.4174219869729941	0.8616839822765404	335.0527439953778	0.0	168.19390351512155	36.964126463705576	129.89471401655072	1.5794178503113423	205.1580299788271	6.687192514821698e-10
488.8923788691719	2	2	1	1	0	0	488.8923788691719	36.0	0	0.05678369289749701	0.7549189359710213	1.0027350909701973	7174.620980122066	0.0	2390.89233252619	2639.5594659636386	495.6442963093796	10.149318444592444	5030.4517984898275	2.154268507275136e-08
504.8454155135833	1	1	1	1	4	0	504.8454155135833	37.0	0	0.003404162824210701	0.476987077544829	0.8538966111546887	341.4524480149813	0.3971615053277966	170.20814121053508	39.15513954211553	131.69200575700287	1.5897949123727844	209.7604422579784	3.324207276432468e-10
504.8454155135833	2	2	1	1	0	0	504.8454155135833	37.0	0	0.060869284840947724	0.7326805362356995	0.9840127425644982	7969.977793337052	0.0	2562.917256460957	2862.278600592636	537.9716886541194	10.08453785110175	5425.1958570535935	2.129282433381925e-08
520.9241483123367	1	1	1	1	4	0	520.9241483123367	38.0	0	0.0036999791796513298	0.4432660699214657	0.8245184245526598	394.48747474260915	6.564293482158117	184.99895898256653	56.75973940321826	146.16448287466625	1.6540180872331969	248.32299186794293	9.680733686339642e-10
520.9241483123367	2	2	1	1	0	0	520.9241483123367	38.0	0	0.06480593324102459	0.7125583910474487	0.9733359882635279	8772.554449979867	0.0	2728.670873306298	3082.5407575094077	581.4804693048402	9.993820837633647	5811.211630815706	2.2299768534701506e-08
537.1280057402779	1	1	1	1	4	0	537.1280057402779	39.0	0	0.0037195202491761563	0.4327720612681387	0.8470919458349898	398.3898042314675	7.137985432331678	185.97601245880784	58.18081461239989	147.09499172792812	1.6598581923360685	251.2948125035394	3.4123646453390417e-10
537.1280057402779	2	2	1	1	0	0	537.1280057402779	39.0	0	0.06884325326254556	0.6977725527826536	0.975258967909282	9405.922925235584	0.0	2898.663295265076	3309.1973201211113	626.1540861190878	9.914269910562428	6207.8606153861865	2.04734193673774e-08
553.4563791951257	1	1	1	1	4	0	553.4563791951257	40.0	0	0.003972609880833325	0.412832141869057	0.8273215188336979	455.3126009878339	17.24848221113724	198.6304940416663	79.59157282671464	159.84205190831577	1.7406062018521076	295.47054907951815	1.149107898228901e-09
553.4563791951257	2	2	1	1	0	0	553.4563791951257	40.0	0	0.07295787776514248	0.7108874062523115	0.9632169310886068	10220.95742749906	0.0	3071.9106427428405	3540.193783424797	671.9742947595696	9.839817501551053	6612.104426167638	2.58709136467651e-08
569.9086231778117	1	1	1	1	4	0	569.9086231778117	41.0	0	0.00419041073964183	0.356664704165189	0.7702792950223699	505.05860874208986	27.474638833937426	209.52053698209156	97.53424953903559	170.5291833870253	1.8005996417882886	334.52942535506463	1.2428422944799102e-09
569.9086231778117	2	2	1	1	0	0	569.9086231778117	41.0	0	0.0770975973285817	0.6872289908816659	0.9510940654292496	10934.662571293142	0.0	3246.2146243613342	3772.599092249456	718.921129802544	9.762981536707024	7018.81371661079	2.450054225763553e-08
586.4840554837581	1	1	1	1	4	0	586.4840554837581	42.0	0	0.004240499415807169	0.3371919036948432	0.7364966014847056	516.4794563868531	30.1916046349053	212.0249707903585	101.28246349873484	172.98041746285458	1.81123065191106	343.4990389239987	6.241325467556347e-10
586.4840554837581	2	2	1	1	0	0	586.4840554837581	42.0	0	0.08120779322894922	0.6731948466172349	0.9393999963814592	11580.663501183226	0.0	3419.27550437681	4003.34693227009	766.9728773487861	9.677816068678805	7422.6224366469	2.3175658907400385e-08
603.1819574050269	1	1	1	1	4	0	603.1819574050269	43.0	0	0.004481034463597578	0.3242308652277922	0.7548199180565951	571.7506797352767	45.69641844329289	224.05172317987893	116.60300163111741	185.3995364809876	1.837408718904375	386.35114325428924	1.436314035420633e-09
603.1819574050269	2	2	1	1	0	0	603.1819574050269	43.0	0	0.08529542852191763	0.6712322241636542	0.9540819757790292	12257.003895098733	0.0	3591.386464080741	4232.828211875332	816.1060492048111	9.587252396400872	7824.214675956075	2.4650341593255188e-08
620.0015739432909	1	1	1	1	4	0	620.0015739432909	44.0	0	0.0047101312742909	0.3034060772293921	0.7206260536361455	629.4620730650765	64.0411431298129	235.50656371454502	131.19874129571892	198.71562492499962	1.8453773081440767	430.74644814007684	1.5825790822925852e-09
620.0015739432909	2	2	1	1	0	0	620.0015739432909	44.0	0	0.08948359772216677	0.6530313180507621	0.9409713177000648	14271.680588228844	0.0	3767.730430407022	4467.953500310373	866.2953587008893	9.506785241315109	8235.683930717394	5.5061309280777845e-08
636.9421140335545	1	1	1	1	4	0	636.9421140335545	45.0	0	0.004915899896646779	0.2835695670734873	0.6966721584186045	685.601573225008	81.75893785297565	245.79499483233892	147.49221124822515	210.55542929146824	1.86785592470353	475.04614393353984	1.639093791538581e-09
636.9421140335545	2	2	1	1	0	0	636.9421140335545	45.0	0	0.09371565054337264	0.6645644951724708	0.9298683333426094	16404.044031532692	0.0	3945.922128142007	4705.5424306236855	917.5136982111028	9.4292483868455	8651.464558765692	6.035559043950873e-08
654.0027507785644	1	1	1	1	4	0	654.0027507785644	46.0	0	0.00512028057263489	0.2581290900292329	0.6478464333311507	743.5991351435878	100.43664785138948	256.01402863174457	164.95878310902654	222.18967555142726	1.8946551440610668	521.4094595921606	1.9215281085789613e-09
654.0027507785644	2	2	1	1	0	0	654.0027507785644	46.0	0	0.0979324437668758	0.6387992037696041	0.9266912335091488	18593.685116948727	0.0	4123.471316500033	4942.274681767721	969.732118439288	9.348711696647113	9065.745998267754	6.556424027461486e-08
671.1826216938364	1	1	1	1	4	0	671.1826216938364	47.0	0	0.0053488624248423525	0.28265900275132305	0.6894631582654587	806.4991164045965	121.43428801812715	267.44312124211757	183.11594978822285	234.50575735612904	1.9213134726841907	571.9933590484677	2.102753936459453e-09
671.1826216938364	2	2	1	1	0	0	671.1826216938364	47.0	0	0.10207803987720124	0.6364370685791082	0.928414223280164	20856.450526990207	0.0	4298.022731671631	5175.009901996518	1022.9198095331377	9.26077737998999	9473.03263366815	6.656199819271281e-08
688.4808289632283	1	1	1	1	4	0	688.4808289632283	48.0	0	0.005571866189993082	0.2558143396311292	0.6438551949258295	867.2308807317163	143.18566108604358	278.59330949965414	198.83035700263056	246.621553143388	1.9358554044329863	620.6093275883284	2.105707342871643e-09
688.4808289632283	2	2	1	1	0	0	688.4808289632283	48.0	0	0.10633883062052396	0.6278908245995006	0.9249408951995076	23204.53562966502	0.0	4477.424447179956	5414.212189340951	1077.0440840870706	9.184059206736467	9891.636636520909	6.932825294996276e-08
705.8964397049822	1	1	1	1	4	0	705.8964397049822	49.0	0	0.005815441133687417	0.2798543875943937	0.651679690765351	935.1424747142232	169.8910393290971	290.77205668437085	213.62944439545564	260.8499343052995	1.9336846007769108	674.2925404089236	2.4847622995687377e-09
705.8964397049822	2	2	1	1	0	0	705.8964397049822	49.0	0	0.1106533439497102	0.6300907128120781	0.9147367881892132	25655.61648579046	0.0	4659.088166303586	5656.430481505792	1132.0703620926456	9.1120825994782	10315.518647809378	8.210021203919874e-08
723.4284862481575	1	1	1	1	4	0	723.4284862481575	50.0	0	0.0060531038701100714	0.26048573645865725	0.6149206516419169	1003.9656021608777	195.5642044951609	302.65519350550363	231.73072031826442	274.0154838419487	1.95020334738456	729.950118318929	2.4886481396339185e-09
723.4284862481575	2	2	1	1	0	0	723.4284862481575	50.0	0	0.11495754953319215	0.6142132601437459	0.9085244343000041	28145.410317018275	0.0	4840.317875081774	5898.070093210043	1187.9621578933466	9.039335046946752	10738.387968291816	7.761113064255128e-08
741.0759664193733	1	1	1	1	4	0	741.0759664193733	51.0	0	0.00630896940434345	0.3002563487672035	0.665716050630782	1084.406129573405	225.400063283944	315.4484702171725	254.73431060592307	288.8232854663654	1.9741579350238905	795.5828441070396	3.228101624743674e-09
741.0759664193733	2	2	1	1	0	0	741.0759664193733	51.0	0	0.11921360305778116	0.6052917916598776	0.902007662563896	30711.336486005464	0.0	5019.52012874868	6137.006431432583	1244.6810691984974	8.963361648430485	11156.526560181264	8.143548629612255e-08
758.8378438397727	1	1	1	1	4	0	758.8378438397727	52.0	0	0.006575027213268651	0.2822339236728881	0.6580629514474449	1163.9571179965865	254.9230104240736	328.7513606634325	277.2085101370083	303.07423677207197	1.9993777011675034	860.8828812245143	3.389840080671552e-09
758.8378438397727	2	2	1	1	0	0	758.8378438397727	52.0	0	0.12359555473656307	0.6030400954500034	0.8960791840787609	33368.968330097574	0.0	5204.023357328972	6383.0107362063045	1302.186768208844	8.898135333899319	11587.034093535276	8.535222697085978e-08
776.7130482321257	1	1	1	1	4	0	776.7130482321257	53.0	0	0.00688578597360321	0.2997031415057732	0.6519870220070796	1254.6206267292114	289.80807635181463	344.2892986801605	300.9976913768859	319.52556032035017	2.0195160268558614	935.0950664088609	3.959158406723504e-09
776.7130482321257	2	2	1	1	0	0	776.7130482321257	53.0	0	0.1280368818011108	0.5916040615522891	0.8911174189528062	36069.054929923775	0.0	5391.026602152035	6632.348395970389	1360.4369949040195	8.837877125629538	12023.374998122425	9.472581444760267e-08
794.7004757379742	1	1	1	1	4	0	794.7004757379742	54.0	0	0.007214457735029611	0.29801221064704336	0.6566317326789363	1350.2298267806525	329.40772226581817	360.72288675148064	322.2537077295197	337.8455100338337	2.0215648105330843	1012.3843167468184	3.895835616309563e-09
794.7004757379742	2	2	1	1	0	0	794.7004757379742	54.0	0	0.13246845933259085	0.5857620105445965	0.8794513250397988	38851.13780200478	0.0	5577.619340319616	6881.138713527163	1419.387552539653	8.777559047601075	12458.758053846776	9.953965313659043e-08
812.7989892447298	1	1	1	1	4	0	812.7989892447298	55.0	0	0.007563818745286724	0.3135336818896922	0.6679483519176472	1450.2165642455843	369.4438168356437	378.1909372643362	346.49581231619993	356.0859978294044	2.035145313205275	1094.13056641618	3.963696745027701e-09
812.7989892447298	2	2	1	1	0	0	812.7989892447298	55.0	0	0.13686065158033198	0.5831859752074029	0.8723849363968588	41719.73636198338	0.0	5762.553750750822	7127.717927435439	1478.9923053993052	8.715577242104775	12890.271678186258	1.0071734799361166e-07
831.0074187226242	1	1	1	1	4	0	831.0074187226242	56.0	0	0.007935530580433234	0.3348580846714848	0.7095905095358801	1563.1403804326221	413.88019480975373	396.7765290216617	376.38654483153084	376.0971117696756	2.0557538190473608	1187.0432686629465	5.499344016332632e-09
831.0074187226242	2	2	1	1	0	0	831.0074187226242	56.0	0	0.14138382934729396	0.57921313156353	0.8704386609854353	44661.14086633826	0.0	5953.0033409386915	7381.650714352601	1539.203178843732	8.663348827871085	13334.654055291294	1.0364067043303275e-07
849.3245615714155	1	1	1	1	4	0	849.3245615714155	57.0	0	0.008306077967859262	0.3242873715376357	0.7036544317318296	1678.48168127727	459.62836894312215	415.3038983929631	407.0164394803084	396.53297446087686	2.0737754255905	1281.9487068163935	4.8457572862729936e-09
849.3245615714155	2	2	1	1	0	0	849.3245615714155	57.0	0	0.1459662268280938	0.5620130930213216	0.8627539264063763	47657.77415607041	0.0	6145.946392761844	7638.908116783468	1599.970161697167	8.615694742033838	13784.854509545312	1.183205890654922e-07
867.7491829767432	1	1	1	1	4	0	867.7491829767432	58.0	0	0.008690155007019458	0.3170418721476541	0.6605983970461656	1794.5626597269454	507.07397561260717	434.5077503509729	435.3516104828227	417.6293232805429	2.082850298922776	1376.9333364464028	5.2705654827268435e-09
867.7491829767432	2	2	1	1	0	0	867.7491829767432	58.0	0	0.15053345691512668	0.5542163176636022	0.8634389584959625	50703.654409295305	0.0	6338.250817479018	7895.314016406368	1661.2413110074053	8.568029665271151	14233.564833885386	1.1802649057159545e-07
886.2800162760308	1	1	1	1	4	0	886.2800162760308	59.0	0	0.009098514431854093	0.2956181476960286	0.6449412363482198	1917.3441854004832	560.9734418990572	454.92572159270463	459.8779730426616	441.56704886605974	2.0717209243411028	1475.777136534423	5.147577051057939e-09
886.2800162760308	2	2	1	1	0	0	886.2800162760308	59.0	0	0.15505256703052278	0.5438802714866937	0.8544070480172561	53793.61553876752	0.0	6528.5291381272755	8149.018443937377	1722.9627592134625	8.518783997841599	14677.547582064652	1.2205718924157646e-07
