11.247441493196291	1	1	1	1	4	0	11.247441493196291	1.0	0	0.0			15.0	0.0	0.0	0.0	0.0		0.0	0.0
11.247441493196291	2	2	1	1	0	0	11.247441493196291	1.0	0	0.0			100.0	0.0	0.0	0.0	0.0		0.0	0.0
11.367595075476835	1	1	1	1	4	0	11.367595075476835	1.0	0	0.0			15.0	0.0	0.0	0.0	0.0		0.0	0.0
11.367595075476835	2	2	1	1	0	0	11.367595075476835	1.0	0	0.0			100.0	0.0	0.0	0.0	0.0		0.0	0.0
22.856168219862568	1	1	1	1	4	0	22.856168219862568	2.0	0	0.0			14.552750241652504	0.0	0.0	0.0	0.7285827694774977	0.0	0.0	0.0
22.856168219862568	2	2	1	1	0	0	22.856168219862568	2.0	0	0.0			98.68366698886999	0.0	0.0	0.0	0.9714436926366636	0.0	0.0	0.0
34.4665080713728	1	1	1	1	4	0	34.4665080713728	3.0	0	0.0			13.791431040067982	0.0	0.0	0.0	2.1993864847666735	0.0	0.0	0.0
34.4665080713728	2	2	1	1	0	0	34.4665080713728	3.0	0	0.00011257771665567784			93.56925873044621	0.0	4.740114385502225	3.1600762570014824	2.932515313022233	2.6939980867011464	7.900190642503707	0.0
46.1993671861199	1	1	1	1	4	0	46.1993671861199	4.0	0	0.0			12.713098668736418	0.0	0.0	0.0	4.42587529936556	0.0	0.0	0.0
46.1993671861199	2	2	1	1	0	0	46.1993671861199	4.0	0	0.00033581469321961526	0.3753257835454323	0.9426025876249532	84.74096204724611	0.0	14.139566030299589	9.426377353533061	5.901167065820748	3.993437759172312	23.56594338383265	9.399192542414704e-13
58.05546181511435	1	1	1	1	4	0	58.05546181511435	5.0	0	0.0			11.314922877436091	0.0	0.0	0.0	7.421310407022852	0.0	0.0	0.0
58.05546181511435	2	2	1	1	0	0	58.05546181511435	5.0	0	0.0006675093645202824	0.4364734047500852	1.146554892731131	72.29083659645532	0.0	28.105657453485573	18.737104968990387	9.895080542697137	4.73394453136082	46.842762422475964	2.803863087254214e-12
70.03547169202406	1	1	1	1	4	0	70.03547169202406	6.0	0	2.500826149469408e-05			10.075555122184273	0.0	1.2504130747347042	0.0	8.825142047449571	0.14168758621806754	1.2504130747347042	0.0
70.03547169202406	2	2	1	1	0	0	70.03547169202406	6.0	0	0.0007952177084349142	0.6695065419035041	1.3992048377160158	67.16950623651297	0.0	33.48285088147008	22.321900587646716	11.364754767396185	4.910334856429323	55.804751469116795	5.573636710187199e-12
82.14003983175478	1	1	1	1	4	0	82.14003983175478	7.0	0	2.5344369609885446e-05	0.12701251352764753	1.0749316426969402	10.104297645452352	0.0	1.2672184804942723	0.0	8.837079164958078	0.1433978871117518	1.2672184804942723	5.384314069334584e-13
82.14003983175478	2	2	1	1	0	0	82.14003983175478	7.0	0	0.0009560996579958703	0.7631345325676333	1.1018861682419279	80.27300193288558	0.0	40.256827705089286	26.837885136726193	13.178289091070079	5.09130679848877	67.0947128418155	8.995304692897123e-11
94.36977233991071	1	1	1	1	4	0	94.36977233991071	8.0	0	2.7636750060092694e-05	0.33518145000241795	2.081026523734141	10.285983005456014	0.0	1.3818375030046353	0.0	8.90414550245138	0.15519035516930904	1.3818375030046353	1.0185335170172332e-12
94.36977233991071	2	2	1	1	0	0	94.36977233991071	8.0	0	0.0011664002387854382	0.842291603848811	1.1602808708831656	97.38474856317968	0.0	49.111589001492135	32.74105933432809	15.532100227359436	5.269902147015422	81.85264833582023	1.1618009311703732e-10
106.72523823319248	1	1	1	1	4	0	106.72523823319248	9.0	0	3.3023027460276944e-05	0.6289843126914627	1.213999084052198	10.699076040851713	0.0	1.6511513730138472	0.0	9.047924667837863	0.18248951374264866	1.6511513730138472	1.7642762393816453e-12
106.72523823319248	2	2	1	1	0	0	106.72523823319248	9.0	0	0.0013828218397261415	0.6812640402222198	1.0867034552117651	115.28799191145477	0.0	58.22407746215333	39.298765179606754	17.765149269694653	5.489559426788667	97.52284264176008	1.28947900724872e-10
119.20696927078512	1	1	1	1	4	0	119.20696927078512	10.0	0	3.667261657724367e-05	0.3542879668219261	0.9448677947831132	10.975437952753513	0.0	1.8336308288621836	0.0	9.14180712389133	0.2005764072696466	1.8336308288621836	1.3920517791811186e-12
119.20696927078512	2	2	1	1	0	0	119.20696927078512	10.0	0	0.0016567219066523776	0.7461478873994276	1.118609263311538	138.2072459090933	0.0	69.75671185904747	48.0000361034969	20.450497946548953	5.758135976459974	117.75674796254438	2.5708684460154384e-10
131.81545979678634	1	1	1	1	4	0	131.81545979678634	11.0	0	4.220757861799953e-05	0.4573806841165554	0.8983423560781182	11.394331173820795	0.0	2.110378930899977	0.0	9.283952242920815	0.2273147120623309	2.110378930899977	2.0730804843478148e-12
131.81545979678634	2	2	1	1	0	0	131.81545979678634	11.0	0	0.0020184779519937246	0.8717823374811042	1.1422243123188265	168.7442457936121	0.0	84.98854534710419	59.869932336631905	23.885768109876018	6.064635519250546	144.85847768373608	2.6582369894008417e-10
144.55116659372186	1	1	1	1	4	0	144.55116659372186	12.0	0	5.1966788130880454e-05	0.6962229396282273	0.916728717342037	12.139198142835395	0.0	2.598339406544023	0.0	9.540858736291378	0.27233810691070176	2.598339406544023	3.1635022310773267e-12
144.55116659372186	2	2	1	1	0	0	144.55116659372186	12.0	0	0.002425552497813219	0.7629145176307988	1.1094425870902151	203.3544051801321	0.0	102.12852622371445	73.54632483380149	27.67955412261613	6.346737027601804	175.67485105751598	3.147336128751624e-10
157.41450874719058	1	1	1	1	4	0	157.41450874719058	13.0	0	5.7747219779773415e-05	0.3326724795926469	2.3088556416418253	12.587728821660663	0.0	2.887360988988671	0.0	9.700367832671994	0.2976547940031404	2.887360988988671	2.4064282531270405e-12
157.41450874719058	2	2	1	1	0	0	157.41450874719058	13.0	0	0.002927751579151497	0.7922525696103743	1.1707369686860132	246.31887809068505	0.0	123.27375070111569	90.72775788414052	32.31736950542885	6.621872753266847	214.0015085852562	3.812613189313412e-10
170.4058675216809	1	1	1	1	4	0	170.4058675216809	14.0	0	7.226248939072454e-05	0.7106859041835746	1.4779474977527172	13.664366107017278	0.0	3.613124469536229	0.0	10.051241637481052	0.3594704614465637	3.613124469536229	4.412986534128839e-12
170.4058675216809	2	2	1	1	0	0	170.4058675216809	14.0	0	0.003534450208446122	0.7839234082053425	1.1539315809095376	298.5171702162375	0.0	148.81895614509992	111.7873661618647	37.91084790927294	6.874188700042782	260.60632230696456	5.204011470096267e-10
183.52558624759342	1	1	1	1	4	0	183.52558624759342	15.0	0	8.084647162594569e-05	0.31727411931125576	0.8818121977509171	14.288215202456216	0.0	4.0423235812972855	0.0	10.24589162115893	0.3945311672972831	4.0423235812972855	3.747684339426819e-12
183.52558624759342	2	2	1	1	0	0	183.52558624759342	15.0	0	0.004285471365185651	0.8146454845003861	1.1311316825818714	363.84642909389464	0.0	180.44089958676426	138.83255506660194	44.57297444052845	7.162938050709567	319.27345465336623	6.867406577276347e-10
196.77397021950497	1	1	1	1	4	0	196.77397021950497	16.0	0	0.00010851676958149768	1.0608252890233554	1.0303168580630524	16.288674564026067	0.0	5.425838479074887	0.0	10.862836084951178	0.4994863621841414	5.425838479074887	8.445697217406599e-12
196.77397021950497	2	2	1	1	0	0	196.77397021950497	16.0	0	0.0051429280896485826	0.7508530610410219	1.0915902185132984	439.11857170273566	0.0	216.5443406167825	170.58675976605684	51.98747131989629	7.4466230142391865	387.13110038283935	1.0471200339852341e-09
210.1512866057031	1	1	1	1	4	0	210.1512866057031	17.0	0	0.00013840828108323922	0.732508498510941	1.239034877165279	18.46362363515624	0.0	6.920414054161966	0.0	11.543209580994274	0.5995225162987879	6.920414054161966	1.6850904890710853e-11
210.1512866057031	2	2	1	1	0	0	210.1512866057031	17.0	0	0.006223536822933903	0.8034560768987214	1.095176280182182	534.7364880549029	0.0	262.04365570248007	211.50382308568211	61.189009266740634	7.739093743515793	473.5474787881623	1.3298710442079736e-09
223.65776436901845	1	1	1	1	4	0	223.65776436901845	18.0	0	0.0001741683746023504	0.6829830268344129	1.1404180967313369	21.111536418552728	0.0	8.708418730117522	0.0	12.403117688435204	0.702115302690173	8.708418730117522	1.8957468418447673e-11
223.65776436901845	2	2	1	1	0	0	223.65776436901845	18.0	0	0.0075553571292804565	0.8287542537706368	1.1317708106420854	653.4311481551042	0.0	318.1203001802298	262.8615515787957	72.44929639607867	8.01915105679993	580.9818517590255	1.7138811161239705e-09
237.29359419897813	1	1	1	1	4	0	237.29359419897813	19.0	0	0.00021397850160588604	0.6065522760856035	1.3853413072946938	24.150022500010557	0.0	10.698925080294305	0.0	13.451097419716255	0.7953942155390317	10.698925080294305	2.4416295839857855e-11
237.29359419897813	2	2	1	1	0	0	237.29359419897813	19.0	0	0.009124992190344013	0.7943906635648109	1.1489929709858018	794.2597339640275	0.0	384.210197488169	324.33100659464367	85.71852988121512	8.265904759037246	708.5412040828128	1.8565424521482028e-09
251.0589284553002	1	1	1	1	4	0	251.0589284553002	20.0	0	0.0002608110561465032	0.6016445889691312	1.0870823896030153	27.898923686251734	0.0	13.040552807325163	0.0	14.858370878926575	0.8776569728664131	13.040552807325163	2.946203961702777e-11
251.0589284553002	2	2	1	1	0	0	251.0589284553002	20.0	0	0.011075979211360084	0.8240340944208854	1.1196293655946998	970.9070631700356	0.0	466.35701942568784	402.7481664108053	101.80187733354236	8.537221597485555	869.1051858364932	2.8690345014139546e-09
264.95388112274634	1	1	1	1	4	0	264.95388112274634	21.0	0	0.00031908017259949016	0.6095888972039363	1.2071907976801906	32.58331582477269	0.0	15.95400862997451	0.0	16.62930719479818	0.9593910583938872	15.95400862997451	3.691783759045853e-11
264.95388112274634	2	2	1	1	0	0	264.95388112274634	21.0	0	0.01339503545089567	0.8017322780231187	1.0922073882998582	1182.6052965848435	0.0	564.0014926692912	497.97292675666125	120.63087715889134	8.80350408152261	1061.9744194259522	3.919130612139795e-09
278.9785277773454	1	1	1	1	4	0	278.9785277773454	22.0	0	0.00039444718220170086	0.6667237996171136	0.9799904507757468	38.79391806870826	0.0	19.72235911008505	0.0	19.071558958623207	1.0341241192119528	19.72235911008505	4.852943798324935e-11
278.9785277773454	2	2	1	1	0	0	278.9785277773454	22.0	0	0.016253805046640892	0.8260995312414902	1.09250168395754	1445.562434142805	0.0	684.3707388059322	617.506454972586	143.6852403642865	9.060618825412108	1301.8771937785182	4.244608193202152e-09
293.1329055639992	1	1	1	1	4	0	293.1329055639992	23.0	0	0.00044434272821347327	0.3308996643237784	0.6485629265990441	42.83314179660872	0.0	22.21713641067366	0.0	20.61600538593505	1.0776644648061138	22.21713641067366	4.074615435705894e-11
293.1329055639992	2	2	1	1	0	0	293.1329055639992	23.0	0	0.019341697682717183	0.830805465248773	1.0964222098472314	1783.8058385035145	0.0	814.3872708512503	748.6780344844371	168.60311195751424	9.270678857514557	1563.0653053356873	5.278342809517306e-09
307.41701318547484	1	1	1	1	4	0	307.41701318547484	24.0	0	0.0005169437887481423	0.422973882908074	0.7559533436782669	48.70756242681665	0.0	25.84718943740712	0.0	22.860372989409548	1.1306547556936744	25.84718943740712	7.159231909421897e-11
307.41701318547484	2	2	1	1	0	0	307.41701318547484	24.0	0	0.022561308586529175	0.8224684720740967	1.0522696549078878	2201.4186640513785	0.0	949.9498352222812	887.3947581353008	194.7755763688143	9.433136472298283	1837.3445933575822	6.381348474283662e-09
321.83081090278995	1	1	1	1	4	0	321.83081090278995	25.0	0	0.0005581671433827714	0.20852195964406672	0.5035372565446976	52.0938337145067	0.0	27.90835716913858	0.0	24.18547654536812	1.1539304225321725	27.90835716913858	5.010960457404561e-11
321.83081090278995	2	2	1	1	0	0	321.83081090278995	25.0	0	0.025976222036966846	0.7852916016927157	1.063947174229373	2685.914880836639	0.0	1093.7356647143938	1037.527246820756	222.20606434400617	9.59138049551904	2131.2629115351497	8.95881320259561e-09
336.3742205469876	1	1	1	1	4	0	336.3742205469876	26.0	0	0.0006037810324115332	0.2177832585823989	0.5634381846130578	55.964247301286036	0.0	30.189051620576674	0.0	25.77519568070937	1.1712443232068541	30.189051620576674	5.22888019302474e-11
336.3742205469876	2	2	1	1	0	0	336.3742205469876	26.0	0	0.02955949384651549	0.7828484535997288	1.0462088899016122	3255.396462080927	0.0	1244.610267221705	1197.879603100289	250.89683721658662	9.735036509103203	2442.489870321994	1.016537846771148e-08
351.0471255422998	1	1	1	1	4	0	351.0471255422998	27.0	0	0.0006652598889465058	0.2628071270572222	0.6655989197851255	61.113907808437006	0.0	33.2629944473253	0.0	27.850913361111697	1.1943232890081978	33.2629944473253	6.770894681275998e-11
351.0471255422998	2	2	1	1	0	0	351.0471255422998	27.0	0	0.033282516039326686	0.7669185395978847	1.0368018436505206	3907.876209983759	0.0	1401.3690963927029	1367.1786244331013	280.8489444077765	9.857782184881678	2768.5477208258044	1.1371561437110709e-08
365.84937094069124	1	1	1	1	4	0	365.84937094069124	28.0	0	0.0007266739613148817	0.2407970418841321	0.6326884372313778	66.32813433309542	0.0	36.3336980657441	0.0	29.994436267351308	1.2113479227243562	36.3336980657441	7.710296450259891e-11
365.84937094069124	2	2	1	1	0	0	365.84937094069124	28.0	0	0.03711498019844457	0.7619565829449694	1.0161690650067503	4652.052476223867	0.0	1562.736008355561	1544.0720543788625	312.06218143623937	9.955733977233658	3106.8080627344234	1.4394596256143257e-08
380.78076346777357	1	1	1	1	4	0	380.78076346777357	29.0	0	0.0007848269242891561	0.2130206132005608	0.5663721320714418	71.39295707131984	0.0	39.24134621445782	0.0	32.15161085686202	1.220509491395597	39.24134621445782	9.442661678825278e-11
380.78076346777357	2	2	1	1	0	0	380.78076346777357	29.0	0	0.04102484188589993	0.7248149049182456	1.0105796934525064	5464.5613680503575	0.0	1727.3617636168397	1727.126883174717	344.53504850730474	10.026523170162513	3454.488646791557	1.496973274621471e-08
395.84107158007737	1	1	1	1	4	0	395.84107158007737	30.0	0	0.0008444512615885492	0.200760904941728	0.6011854522590391	76.54843172896864	0.0	42.22256307942747	0.0	34.325868649541164	1.2300508258220544	42.22256307942747	9.444320174251434e-11
395.84107158007737	2	2	1	1	0	0	395.84107158007737	30.0	0	0.04507232815140806	0.7197241117643502	0.9944714664370636	6362.198837568413	0.0	1897.7822379540241	1920.1072487200654	378.2647097521824	10.09316858867261	3817.889486674089	1.6842695573234725e-08
411.03002553366304	1	1	1	1	4	0	411.03002553366304	31.0	0	0.0008966599779720399	0.16722189484100436	0.5491520245167769	81.11505050780539	0.0	44.832998898602	0.0	36.28205160920339	1.2356798171586734	44.832998898602	1.0155610290183412e-10
411.03002553366304	2	2	1	1	0	0	411.03002553366304	31.0	0	0.04921827052601418	0.7015583964271912	0.9840089973152684	7342.85819410222	0.0	2072.3482326742815	2121.2144577356703	413.24695318819613	10.147836924281373	4193.562690409952	2.0422940413274705e-08
426.3473174640513	1	1	1	1	4	0	426.3473174640513	32.0	0	0.0009365382300786647	0.12580282100521922	0.4070593663751374	84.71548815157917	0.0	46.82691150393323	0.0	37.88857664764592	1.2359110752407392	46.82691150393323	8.90078774535545e-11
426.3473174640513	2	2	1	1	0	0	426.3473174640513	32.0	0	0.053421373349797616	0.6936587373074103	0.9762578170961259	8420.139275827583	0.0	2249.3209831493728	2328.5479249142068	449.4761514714871	10.18489833793547	4577.8689080635795	2.3170774460233764e-08
441.79260147745117	1	1	1	1	4	0	441.79260147745117	33.0	0	0.0009709944392965716	0.12076606120824585	0.4964278061341618	88.33814677837219	0.0	48.5497219648286	0.5639551355800607	39.22446967796353	1.2521183206206845	49.11367710040865	9.290600720582949e-11
441.79260147745117	2	2	1	1	0	0	441.79260147745117	33.0	0	0.057638176851535564	0.6894680656185861	0.964519492318345	9596.833946006878	0.0	2426.870604275182	2540.103347532489	486.94522351394073	10.20027245767916	4966.973951807671	2.5141573355593147e-08
457.365493753255	1	1	1	1	4	0	457.365493753255	34.0	0	0.00100744016785169	0.13757010123537528	0.5405778408481002	92.71281713729437	0.0	50.372008392584526	1.6580223177771225	40.682786426932736	1.2789200367041926	52.03003071036164	1.0123614900833919e-10
457.365493753255	2	2	1	1	0	0	457.365493753255	34.0	0	0.06182302192021205	0.6981725624361113	0.9583971434417016	10881.310692268653	0.0	2603.074607166823	2753.7709605487926	525.6455970362671	10.190983426702267	5356.845567715616	2.781817591221617e-08
473.0655726577729	1	1	1	1	4	0	473.0655726577729	35.0	0	0.0010262758179722536	0.08413980047378516	0.3739764308999524	95.281996290924	0.0	51.31379089861271	2.4674273569608918	41.500778035350415	1.2959086745256363	53.7812182555736	9.529166008750179e-11
473.0655726577729	2	2	1	1	0	0	473.0655726577729	35.0	0	0.06603008338753459	0.6817422379317508	0.9662322785100904	12254.293795304293	0.0	2780.2140373698785	2973.0639385060163	565.5671721292198	10.172581188218961	5753.277975875895	3.0399486221333814e-08
488.8923788691719	1	1	1	1	4	0	488.8923788691719	36.0	0	0.0008829145752239184	0.08673063785822294	0.4198230242565229	90.05978195020927	0.0	44.145728761195926	3.505909866052072	42.40814332296126	1.1236435951547006	47.651638627248	9.826535367967194e-11
488.8923788691719	2	2	1	1	0	0	488.8923788691719	36.0	0	0.07020493121579273	0.6731284286033761	0.95938229924667	13704.090334957129	0.0	2955.9971038228528	3195.4167691733805	606.6982858948649	10.139164747965376	6151.413872996234	3.4180508645362604e-08
504.8454155135833	1	1	1	1	4	0	504.8454155135833	37.0	0	0.0009112311555884977	0.13817221668453014	0.4783194722840296	94.55820171450169	0.2791690302723396	45.56155777942489	5.0459961740362385	43.67147873076822	1.1588239149274828	50.88672298373347	1.2723994252011695e-10
504.8454155135833	2	2	1	1	0	0	504.8454155135833	37.0	0	0.07429052315924345	0.6668825347508737	0.9542925351522636	15258.238480598779	0.0	3128.022027757619	3418.1359038023793	649.0256782396046	10.08613087438324	6546.157931559997	3.7679154850490727e-08
520.9241483123367	1	1	1	1	4	0	520.9241483123367	38.0	0	0.0009359923111611283	0.1260021796450646	0.4178824831837838	98.99747129324206	0.7953856339411314	46.79961555805643	6.519580132250365	44.882889968994114	1.18796262288682	54.11458132424792	1.296777831077201e-10
520.9241483123367	2	2	1	1	0	0	520.9241483123367	38.0	0	0.07822717155932031	0.6507323403023828	0.9431208208342023	16878.66317106142	0.0	3293.7756446029607	3638.398060719151	692.5344588903254	10.009861049267933	6932.17370532211	4.034018620870259e-08
537.1280057402779	1	1	1	1	4	0	537.1280057402779	39.0	0	0.0009650941195447596	0.1456380507347136	0.5778720338668512	104.80906952179716	1.6497643149018717	48.254705977238	8.63593606577758	46.26866316387972	1.229571769590872	58.540406357917455	1.603068663422227e-10
537.1280057402779	2	2	1	1	0	0	537.1280057402779	39.0	0	0.08226449158084127	0.6439526987456246	0.9386166407380344	18574.63278985495	0.0	3463.768066561738	3865.0546233308537	737.2080757045729	9.94132176711196	7328.822689892593	4.186446090840654e-08
553.4563791951257	1	1	1	1	4	0	553.4563791951257	40.0	0	0.0009826316477142762	0.08877648726430533	0.38046494515774576	108.75346323348695	2.3503584913803923	49.13158238571381	10.11956766639124	47.15195469000154	1.2566000803497788	61.601508543485444	1.3731901067395487e-10
553.4563791951257	2	2	1	1	0	0	553.4563791951257	40.0	0	0.08637911608343818	0.6548866989243471	0.9427935081644926	20397.587435023317	0.0	3637.015414039503	4096.051086634539	783.0282843450548	9.875845681797026	7733.066500674043	5.077927800974708e-08
569.9086231778117	1	1	1	1	4	0	569.9086231778117	41.0	0	0.0010025130653511104	0.08761148418968502	0.5201526909065184	113.29440563994976	3.2838281376884617	50.12565326755552	11.75742093837486	48.12750329633093	1.285815177756128	65.16690234361884	1.6793730979579814e-10
569.9086231778117	2	2	1	1	0	0	569.9086231778117	41.0	0	0.0905188356468774	0.6461662184923681	0.9338748869601772	22300.33507706885	0.0	3811.3193956579967	4328.4563954591995	829.9751193880292	9.807252772973422	8139.775791117196	5.5943643758904625e-08
586.4840554837581	1	1	1	1	4	0	586.4840554837581	42.0	0	0.001030490337478603	0.14048842123730906	0.4792097235080687	119.67357528359236	4.8014025156547335	51.52451687393017	13.851003958944625	49.49665193506285	1.3208069288937814	70.17692334852953	2.47533719305843e-10
586.4840554837581	2	2	1	1	0	0	586.4840554837581	42.0	0	0.09462903154724496	0.6389040169558872	0.9274661483728388	24292.88752989075	0.0	3984.380275673473	4559.204235479832	878.0268669342712	9.730436314533499	8543.584511153304	5.5499073547347787e-08
603.1819574050269	1	1	1	1	4	0	603.1819574050269	43.0	0	0.00106890343150416	0.15333565255532394	0.5125259142863425	128.5003085139221	7.277498519715291	53.44517157520801	16.29767140806473	51.479967010934075	1.3547569478523505	77.02034150298803	3.311373939175511e-10
603.1819574050269	2	2	1	1	0	0	603.1819574050269	43.0	0	0.09871666684021334	0.6298496934617794	0.9242552989177872	26374.708062718582	0.0	4156.491235377404	4788.685515085075	927.1600387902963	9.64793172291336	8945.176750462479	6.178331523912416e-08
620.0015739432909	1	1	1	1	4	0	620.0015739432909	44.0	0	0.00110335038123533	0.12680307628776485	0.4831746981919714	137.17778184465558	10.035807582143141	55.16751906176651	18.49228384720868	53.482171353537204	1.3772777178782865	83.69561049111833	3.153018623084007e-10
620.0015739432909	2	2	1	1	0	0	620.0015739432909	44.0	0	0.1029048360404625	0.6248563171121568	0.9281384578461656	28520.85509743633	0.0	4332.835201703684	5023.810803520116	977.3493482863744	9.573491834449149	9356.6460052238	6.489974433795433e-08
636.9421140335545	1	1	1	1	4	0	636.9421140335545	45.0	0	0.00113152660879275	0.07059707795067566	0.4074309079145903	144.86505366168856	12.461933636834244	56.57633043963753	20.72337482612288	55.1034147590939	1.4028115245435555	89.76163890259464	2.874710187346112e-10
636.9421140335545	2	2	1	1	0	0	636.9421140335545	45.0	0	0.10713688886166838	0.6233663793432302	0.9112305145501698	30775.256338687515	0.0	4511.026899438669	5261.3997338334275	1028.567687796588	9.501004891770151	9772.426633272098	7.051044754519867e-08
654.0027507785644	1	1	1	1	4	0	654.0027507785644	46.0	0	0.001169433366133459	0.15476549413037954	0.4814575784688027	155.62193904418046	15.926113492229106	58.47166830667295	23.962923271201724	57.26123397407668	1.4396230373797825	98.3607050701038	4.882422736822514e-10
654.0027507785644	2	2	1	1	0	0	654.0027507785644	46.0	0	0.1113536820851715	0.6193076128099944	0.9121818091534362	33120.192804539955	0.0	4688.576087796695	5498.1319849774645	1080.786108024773	9.4252766547779	10186.70807277416	7.071772411735652e-08
671.1826216938364	1	1	1	1	4	0	671.1826216938364	47.0	0	0.0012158607146378509	0.16869041338996346	0.46309708846812003	168.39757859177737	20.19095231638109	60.793035731892566	27.650832425522005	59.76275811798169	1.4799161039858897	108.63482047379566	5.981608152697459e-10
671.1826216938364	2	2	1	1	0	0	671.1826216938364	47.0	0	0.11549927819549695	0.6016873122174585	0.9042865247135496	35511.23689878084	0.0	4863.127502968293	5730.867205206261	1133.9737991186228	9.342362862712259	10593.994708174554	7.799734733534657e-08
688.4808289632283	1	1	1	1	4	0	688.4808289632283	48.0	0	0.0012723016947799339	0.20021729660188284	0.5553290861442806	183.7684415100056	25.69610069160928	63.615084738996714	31.628059199848018	62.82919687955153	1.5159057996783445	120.93924463045404	9.556716300283066e-10
688.4808289632283	2	2	1	1	0	0	688.4808289632283	48.0	0	0.11976006893881967	0.6045991409271516	0.8989579614114314	37984.31590995827	0.0	5042.529218476618	5970.069492550695	1188.0980736725558	9.269099037410298	11012.598711027313	7.630267958213187e-08
705.8964397049822	1	1	1	1	4	0	705.8964397049822	49.0	0	0.0013441318870183005	0.2228840853576767	0.558823130118244	203.795554221151	33.57151030436511	67.20659435091504	35.992306508113884	67.02514305775698	1.5397042982825155	136.77041116339402	9.360759823190048e-10
705.8964397049822	2	2	1	1	0	0	705.8964397049822	49.0	0	0.1240745822680059	0.6006295577068114	0.8982656207167042	40535.52710251149	0.0	5224.192937600248	6212.287784715535	1243.1243516781306	9.19978818440596	11436.480722315784	8.402212331795999e-08
723.4284862481575	1	1	1	1	4	0	723.4284862481575	50.0	0	0.0014149488537131428	0.20565534182425926	0.617202112953635	224.30295558152702	41.22140826431736	70.74744268565716	41.385989478590325	70.9481151529622	1.5804991002578557	153.35484042856484	9.706637652722239e-10
723.4284862481575	2	2	1	1	0	0	723.4284862481575	50.0	0	0.12837878785148787	0.589013377720929	0.8946468246303613	43154.703804802986	0.0	5405.422646378436	6453.927396419786	1299.0161474788315	9.129486239116575	11859.350042798224	8.685120239765942e-08
741.0759664193733	1	1	1	1	4	0	741.0759664193733	51.0	0	0.0014994262214839016	0.2443484879945686	0.6126843939082093	250.8614525602708	51.07210903653428	74.97131107419506	48.980927040622	75.83710540891946	1.6344537076732706	175.02434715135135	1.537384503512528e-09
741.0759664193733	2	2	1	1	0	0	741.0759664193733	51.0	0	0.13263484137607687	0.5810437645052592	0.8845779172355577	45843.45100704179	0.0	5584.624900045341	6692.863734642326	1355.7350587839826	9.055964552321807	12277.488634687666	9.305861581930364e-08
758.8378438397727	1	1	1	1	4	0	758.8378438397727	52.0	0	0.0015829194908572749	0.18079853389722247	0.5922287002910146	275.82584707350287	60.3368902065533	79.14597454286375	56.033696523239925	80.30928580084591	1.6832383667478692	195.51656127265701	1.2712247795481688e-09
758.8378438397727	2	2	1	1	0	0	758.8378438397727	52.0	0	0.13701679305485878	0.5832140551273712	0.8774096957934916	48624.300594316344	0.0	5769.1281286256335	6938.868039416047	1413.2407577943293	8.992095718973802	12707.99616804168	1.039202067672667e-07
776.7130482321257	1	1	1	1	4	0	776.7130482321257	53.0	0	0.001670108860837456	0.18611161630611905	0.5377616896902183	301.26324487390565	70.1245689728164	83.50544304187282	62.70821061390061	84.92502224531572	1.7216793094668663	216.33822262858985	1.3310493765410762e-09
776.7130482321257	2	2	1	1	0	0	776.7130482321257	53.0	0	0.14145812011940653	0.5752770008545607	0.8840184357203528	51465.94604182617	0.0	5956.131373448698	7188.205699180132	1471.4909844895046	8.932665718770213	13144.33707262883	1.0498554167658963e-07
794.7004757379742	1	1	1	1	4	0	794.7004757379742	54.0	0	0.0017583785783551143	0.11973536239863633	0.5296943007471737	326.94052558705187	80.75964618011436	87.91892891775574	68.41683173442198	89.84511875475988	1.7400584786237512	237.0954068322921	1.2000387637370074e-09
794.7004757379742	2	2	1	1	0	0	794.7004757379742	54.0	0	0.14588969765088658	0.5695498979657364	0.8679191544573401	54362.13715419474	0.0	6142.724111616277	7436.996016736905	1530.4415421251379	8.873073393902178	13579.720128353183	1.1292452025234856e-07
812.7989892447298	1	1	1	1	4	0	812.7989892447298	55.0	0	0.0018630450121777536	0.1343237270960286	0.5023198066069071	356.89594400169716	92.75421660949809	93.15225060888771	75.67961882556281	95.3098579577485	1.7713998641073916	261.58608604394857	1.2605186881421208e-09
812.7989892447298	2	2	1	1	0	0	812.7989892447298	55.0	0	0.15028188989862773	0.5657317507403871	0.8696083490568074	57338.22525013908	0.0	6327.658522047483	7683.57523064518	1590.0462949847904	8.811840131250197	14011.233752692664	1.0951551424484124e-07
831.0074187226242	1	1	1	1	4	0	831.0074187226242	56.0	0	0.001751585386133126	0.13581212618692656	0.5574389121217457	378.77313987658766	105.68414459863143	87.5792693066563	84.37711030857378	101.13261566272621	1.7003058656042151	277.6405242138615	1.398670857795427e-09
831.0074187226242	2	2	1	1	0	0	831.0074187226242	56.0	0	0.15480506766558966	0.5573398160732365	0.8631620448812001	60367.62395854184	0.0	6518.108112235355	7937.508017562343	1650.2571684292172	8.759614202165322	14455.6161297977	1.2308584917507213e-07
849.3245615714155	1	1	1	1	4	0	849.3245615714155	57.0	0	0.0018529800982854505	0.13555463865277392	0.5033796253141525	410.3345498210915	118.20244348603971	92.64900491427252	92.75851969521744	106.72458172556186	1.737252295691898	303.60996809552967	1.4765467182567035e-09
849.3245615714155	2	2	1	1	0	0	849.3245615714155	57.0	0	0.15938746514638952	0.5570792290483986	0.8588647228071645	63480.86607487091	0.0	6711.0511640585055	8194.765419993211	1711.0241512826524	8.711634241327172	14905.81658405172	1.271289828730732e-07
867.7491829767432	1	1	1	1	4	0	867.7491829767432	58.0	0	0.0019687466598529227	0.17014938479966504	0.4923531113666804	445.32309214033637	132.50325864963008	98.43733299264612	101.29916384713005	113.08333665093015	1.7662770020337322	332.23975548940626	1.876449642815675e-09
867.7491829767432	2	2	1	1	0	0	867.7491829767432	58.0	0	0.1639546952334224	0.5557588786694452	0.8498255488529082	66697.64477262943	0.0	6903.355588775681	8451.171319616109	1772.2953005928907	8.663639125632846	15354.526908391792	1.2928924531967175e-07
886.2800162760308	1	1	1	1	4	0	886.2800162760308	59.0	0	0.002104659675445455	0.1955873504470224	0.5528387477379834	486.18809095871836	150.4424527916191	105.23298377227276	109.46219791539816	121.05045647942828	1.7736007606394857	365.13763447929	2.0463351364915304e-09
886.2800162760308	2	2	1	1	0	0	886.2800162760308	59.0	0	0.1684738053488185	0.5442769447492081	0.8513581419783103	69943.68830141313	0.0	7093.633909423939	8704.87574714712	1834.0167487989481	8.61415778613642	15798.50965657106	1.3414536096056972e-07
