11.247441493196291	1	1	1	1	4	0	11.247441493196291	1.0	0	0.0			15.0	0.0	0.0	0.0	0.0		0.0	0.0
11.247441493196291	2	2	1	1	0	0	11.247441493196291	1.0	0	0.0			100.0	0.0	0.0	0.0	0.0		0.0	0.0
11.367595075476835	1	1	1	1	4	0	11.367595075476835	1.0	0	0.0			15.0	0.0	0.0	0.0	0.0		0.0	0.0
11.367595075476835	2	2	1	1	0	0	11.367595075476835	1.0	0	0.0			100.0	0.0	0.0	0.0	0.0		0.0	0.0
22.856168219862568	1	1	1	1	4	0	22.856168219862568	2.0	0	0.0			14.552750241652504	0.0	0.0	0.0	0.7285827694774977	0.0	0.0	0.0
22.856168219862568	2	2	1	1	0	0	22.856168219862568	2.0	0	0.0			98.68366698886999	0.0	0.0	0.0	0.9714436926366636	0.0	0.0	0.0
34.4665080713728	1	1	1	1	4	0	34.4665080713728	3.0	0	0.0			13.791431040067982	0.0	0.0	0.0	2.1993864847666735	0.0	0.0	0.0
34.4665080713728	2	2	1	1	0	0	34.4665080713728	3.0	0	0.00011257771665567784			93.56925873044621	0.0	4.740114385502225	3.1600762570014824	2.932515313022233	2.6939980867011464	7.900190642503707	0.0
46.1993671861199	1	1	1	1	4	0	46.1993671861199	4.0	0	0.0			12.713098668736418	0.0	0.0	0.0	4.42587529936556	0.0	0.0	0.0
46.1993671861199	2	2	1	1	0	0	46.1993671861199	4.0	0	0.00033581469321961526	0.10732364886425788	0.7644186417315503	84.74096204724611	0.0	14.139566030299589	9.426377353533061	5.901167065820748	3.993437759172312	23.56594338383265	9.399192542414704e-13
58.05546181511435	1	1	1	1	4	0	58.05546181511435	5.0	0	0.0			11.314922877436091	0.0	0.0	0.0	7.421310407022852	0.0	0.0	0.0
58.05546181511435	2	2	1	1	0	0	58.05546181511435	5.0	0	0.0006675093645202824	0.3366154030144481	1.1106420195224804	72.29083659645532	0.0	28.105657453485573	18.737104968990387	9.895080542697137	4.73394453136082	46.842762422475964	2.803863087254214e-12
70.03547169202406	1	1	1	1	4	0	70.03547169202406	6.0	0	2.500826149469408e-05			10.075555122184273	0.0	1.2504130747347042	0.0	8.825142047449571	0.14168758621806754	1.2504130747347042	0.0
70.03547169202406	2	2	1	1	0	0	70.03547169202406	6.0	0	0.0007952177084349142	0.7265266755921846	1.1331404410197992	67.16950623651297	0.0	33.48285088147008	22.321900587646716	11.364754767396185	4.910334856429323	55.804751469116795	5.573636710187199e-12
82.14003983175478	1	1	1	1	4	0	82.14003983175478	7.0	0	2.500826149469408e-05	0.4627038050669811	0.7641906998084922	10.075555122184273	0.0	1.2504130747347042	0.0	8.825142047449571	0.14168758621806754	1.2504130747347042	2.783477622568739e-13
82.14003983175478	2	2	1	1	0	0	82.14003983175478	7.0	0	0.0009188548645839053	0.6973661096731323	0.9545353159838571	77.2394920113697	0.0	38.68862587721706	25.79241725147804	12.758448882674598	5.053987653331233	64.48104312869509	7.132509646909432e-11
94.36977233991071	1	1	1	1	4	0	94.36977233991071	8.0	0	2.534740225056441e-05	0.5597553907204866	1.2193246893441398	10.102434129251641	0.0	1.2673701125282208	0.0	8.83506401672342	0.14344775659002398	1.2673701125282208	5.779918579815375e-13
94.36977233991071	2	2	1	1	0	0	94.36977233991071	8.0	0	0.0010764576427984077	0.7994009064535487	1.0557790579293609	90.06332159335052	0.0	45.324532328354024	30.216354885569345	14.52243437942716	5.201668345696672	75.54088721392336	8.956641925842985e-11
106.72523823319248	1	1	1	1	4	0	106.72523823319248	9.0	0	3.145754339400065e-05	0.7946917609155382	1.3910445473874842	10.571042885189811	0.0	1.572877169700033	0.0	8.998165715489774	0.17479975579827609	1.572877169700033	1.9121936774791417e-12
106.72523823319248	2	2	1	1	0	0	106.72523823319248	9.0	0	0.0012724905565873767	0.8826869580125776	1.0580920347342202	106.27993280304644	0.0	53.57854975104746	36.156271137150675	16.545111914848302	5.4236454458592185	89.73482088819813	1.1868117846133547e-10
119.20696927078512	1	1	1	1	4	0	119.20696927078512	10.0	0	3.630050188349607e-05	0.6074886045355085	1.0394292304535404	10.937771638625591	0.0	1.815025094174804	0.0	9.122746544450788	0.19895599262032027	1.815025094174804	1.6938103221301956e-12
119.20696927078512	2	2	1	1	0	0	119.20696927078512	10.0	0	0.0014318825338081641	0.8239918156542094	1.2295706217538072	119.61744400596584	0.0	60.28979089718587	41.2198433825204	18.107809726259585	5.605848294976228	101.50963427970626	1.4686549927812526e-10
131.81545979678634	1	1	1	1	4	0	131.81545979678634	11.0	0	4.400923061663763e-05	0.9874923341644514	1.3846071857069966	11.521178387503426	0.0	2.200461530831882	0.0	9.320716856671543	0.2360828640832325	2.200461530831882	2.673357437656574e-12
131.81545979678634	2	2	1	1	0	0	131.81545979678634	11.0	0	0.0017476820078160574	0.8600944440006464	1.1728089141878104	146.2751008039625	0.0	73.58661085541296	51.581818075756786	21.10667187279275	5.930277861215832	125.16842893116974	2.484757681485664e-10
144.55116659372186	1	1	1	1	4	0	144.55116659372186	12.0	0	4.897151259260383e-05	0.34473451703718666	1.2585615507087984	11.899922170998918	0.0	2.448575629630192	0.0	9.451346541368727	0.25907161682335195	2.448575629630192	2.069819264994391e-12
144.55116659372186	2	2	1	1	0	0	144.55116659372186	12.0	0	0.0020386003399544077	0.7796933272799964	1.1520426538045931	171.0094644412152	0.0	85.83580378755404	61.355736233514264	23.817924420146948	6.179864266281863	147.19154002106828	2.3102791864277763e-10
157.41450874719058	1	1	1	1	4	0	157.41450874719058	13.0	0	5.594807241632108e-05	0.7491268747062124	0.9891386275190368	12.441266019290294	0.0	2.797403620816054	0.0	9.64386239847424	0.2900708767120768	2.797403620816054	2.796504298554352e-12
157.41450874719058	2	2	1	1	0	0	157.41450874719058	13.0	0	0.0023504794576952033	0.7231427844088815	1.178227599513544	197.691556072752	0.0	98.96755611348223	72.02586762241019	26.69813233685957	6.404696088041263	170.9934237358924	2.5917024024088e-10
170.4058675216809	1	1	1	1	4	0	170.4058675216809	14.0	0	6.804216617200611e-05	0.7346384247942553	1.197149573342938	13.338318063032244	0.0	3.4021083086003063	0.0	9.936209754431939	0.34239497682532644	3.4021083086003063	3.922969827298855e-12
170.4058675216809	2	2	1	1	0	0	170.4058675216809	14.0	0	0.002694763565621718	0.8165683734119933	1.1383466686376462	227.3125928972911	0.0	113.46372907880918	83.97659257724956	29.872271241232315	6.6094847647049475	197.4403216560588	3.0438727641377376e-10
183.52558624759342	1	1	1	1	4	0	183.52558624759342	15.0	0	8.265546094586016e-05	0.6967344522038902	1.0417865192675395	14.400353197336848	0.0	4.132773047293009	0.0	10.267580150043841	0.4025070159569549	4.132773047293009	5.1590878647366434e-12
183.52558624759342	2	2	1	1	0	0	183.52558624759342	15.0	0	0.0032679087951730853	0.8546942428669909	1.1358446195163714	277.16891550531267	0.0	137.5961597967615	104.61625214471205	34.956503563839156	6.928965635797474	242.2124119414736	6.547773222392232e-10
196.77397021950497	1	1	1	1	4	0	196.77397021950497	16.0	0	0.00010179716234945316	0.7764166230625642	1.3653899001376824	15.784226830743425	0.0	5.08985811747266	0.0	10.694368713270766	0.47593815529818	5.08985811747266	6.760988944363661e-12
196.77397021950497	2	2	1	1	0	0	196.77397021950497	16.0	0	0.0036603322084208046	0.8811872980010609	1.1137537090899523	311.6179439895571	0.0	154.119250880876	119.14887290284052	38.34982020584058	7.125668968380157	273.26812378371653	5.274382519253198e-10
210.1512866057031	1	1	1	1	4	0	210.1512866057031	17.0	0	0.00012828173609516914	1.0920718134377847	1.0168632111643892	17.711282244591178	0.0	6.414086804758457	0.0	11.29719543983272	0.5677592141269916	6.414086804758457	1.5435319223333188e-11
210.1512866057031	2	2	1	1	0	0	210.1512866057031	17.0	0	0.00446712938684889	0.8570003299226454	1.139269481249754	383.00758090796637	0.0	188.08965839363748	149.69810892046272	45.21981359386629	7.4699062306598805	337.78776731410017	9.812381707329742e-10
223.65776436901845	1	1	1	1	4	0	223.65776436901845	18.0	0	0.00015152170534993726	0.8108955352688778	1.1209957510188302	19.432122589780843	0.0	7.576085267496864	0.0	11.856037322283976	0.6390065298847579	7.576085267496864	1.2737259295919695e-11
223.65776436901845	2	2	1	1	0	0	223.65776436901845	18.0	0	0.005173765137311135	0.813110401488308	1.1420048693988352	445.9844628612457	0.0	217.84274262362675	176.94743590761573	51.194284330003	7.7116065533095295	394.79017853124253	8.295567985257045e-10
237.29359419897813	1	1	1	1	4	0	237.29359419897813	19.0	0	0.00018605448598868653	1.0069991763456094	1.135192876978279	22.067818108048282	0.0	9.302724299434331	0.0	12.76509380861395	0.7287627054614204	9.302724299434331	1.9476038110736085e-11
237.29359419897813	2	2	1	1	0	0	237.29359419897813	19.0	0	0.00614198128729701	0.7961400000927048	1.1090632195332082	532.8533883473272	0.0	258.6097384125057	214.8643508348648	59.37929909995677	7.973723105931968	473.47408924737056	1.1008375494552934e-09
251.0589284553002	1	1	1	1	4	0	251.0589284553002	20.0	0	0.00022631459710219717	0.6557139097023043	0.910114753411456	25.290601485810452	0.0	11.315729855109858	0.0	13.974871630700596	0.8097197708958543	11.315729855109858	2.4659882005352978e-11
251.0589284553002	2	2	1	1	0	0	251.0589284553002	20.0	0	0.006998623417655879	0.8464423454690712	1.088025019651216	610.4159465720508	0.0	294.67888074340544	249.2958678659846	66.44119796266068	8.187310965029539	543.9747486093901	1.1618311243312398e-09
264.95388112274634	1	1	1	1	4	0	264.95388112274634	21.0	0	0.000271829284389533	0.8184246899059888	1.2453921419171583	28.949634886257805	0.0	13.591464219476652	0.0	15.358170666781154	0.8849663488161524	13.591464219476652	2.973218540005679e-11
264.95388112274634	2	2	1	1	0	0	264.95388112274634	21.0	0	0.008133976104433274	0.8355567756138123	1.114006123662686	714.0581756805884	0.0	342.4832043971905	295.91555981793664	75.65941146546135	8.437797120673576	638.3987642151271	1.799939444986597e-09
278.9785277773454	1	1	1	1	4	0	278.9785277773454	22.0	0	0.0003435077562568929	0.8441172787295272	1.1609766274393216	34.85628397013282	0.0	17.175387812844647	0.0	17.680896157288174	0.9714093482622964	17.175387812844647	4.589233722146678e-11
278.9785277773454	2	2	1	1	0	0	278.9785277773454	22.0	0	0.009623456759384214	0.7922854283783628	1.08436121558209	851.0645192686787	0.0	405.19817934249323	358.19510769078306	87.67123223540253	8.707454743917816	763.3932870332762	2.3022563013294363e-09
293.1329055639992	1	1	1	1	4	0	293.1329055639992	23.0	0	0.00037059548381132616	0.6662076295785127	1.0540019963143106	37.04913284379693	0.0	18.529774190566314	0.0	18.51935865323061	1.0005624135009603	18.529774190566314	3.5756103295691666e-11
293.1329055639992	2	2	1	1	0	0	293.1329055639992	23.0	0	0.011323144263488544	0.8308401236422477	1.0675314832374403	1008.5475738052282	0.0	476.7639689889914	430.39667713175237	101.38692768448452	8.947510954704358	907.1606461207438	2.820013065417913e-09
307.41701318547484	1	1	1	1	4	0	307.41701318547484	24.0	0	0.000449138122403597	0.5631752829490421	0.7951367740993458	43.404308554722995	0.0	22.45690612017985	0.0	20.947402434543143	1.072061616725684	22.45690612017985	6.693084606013782e-11
307.41701318547484	2	2	1	1	0	0	307.41701318547484	24.0	0	0.013424768405334886	0.8612385511179568	1.089324866739764	1204.6696131566378	0.0	565.2534065404162	520.9450148073739	118.4711918088473	9.168460321563797	1086.1984213477904	3.3707515637461088e-09
321.83081090278995	1	1	1	1	4	0	321.83081090278995	25.0	0	0.0004900797129928803	0.5092891740011632	0.8601426659717908	46.76743447966624	0.0	24.503985649644022	0.0	22.26344883002222	1.1006374545439	24.503985649644022	4.852272397006609e-11
321.83081090278995	2	2	1	1	0	0	321.83081090278995	25.0	0	0.01558367922805896	0.8328058567886502	1.0909129387955459	1407.8265673639949	0.0	656.1549148656404	615.858885794057	135.81276670429725	9.3659368815395	1272.0138006596976	3.936904626296431e-09
336.3742205469876	1	1	1	1	4	0	336.3742205469876	26.0	0	0.0005569860820943341	0.3977845687357216	0.8539328536261278	52.444550058411494	0.0	27.849304104716715	0.0	24.595245953694768	1.1323043549614558	27.849304104716715	6.381124197663904e-11
336.3742205469876	2	2	1	1	0	0	336.3742205469876	26.0	0	0.017851720403640324	0.7934943167369731	1.04186248066594	1622.9783762944207	0.0	751.6513854164347	717.354325150438	153.97266572754825	9.540691548240456	1469.0057105668725	4.5034953729928266e-09
351.0471255422998	1	1	1	1	4	0	351.0471255422998	27.0	0	0.0006008025704993793	0.212782713986977	0.5648326835566052	56.11475559928947	0.0	30.040128524968964	0.0	26.074627074320496	1.152082767640189	30.040128524968964	5.215669449426541e-11
351.0471255422998	2	2	1	1	0	0	351.0471255422998	27.0	0	0.02106981981661217	0.7983023169854255	1.0207857496915127	1930.7056410103294	0.0	887.1503080678813	863.6927171750218	179.862615767426	9.734335385774976	1750.8430252429032	6.323823724575374e-09
365.84937094069124	1	1	1	1	4	0	365.84937094069124	28.0	0	0.0006495015765519919	0.2157630664186406	0.6792893191369229	60.24943742857634	0.0	32.4750788275996	0.0	27.77435860097673	1.1692467608039585	32.4750788275996	6.05693463869294e-11
365.84937094069124	2	2	1	1	0	0	365.84937094069124	28.0	0	0.023998599161497363	0.7425199950393443	1.0303105533670438	2213.058336702805	0.0	1010.4673331156785	998.8751487284816	203.7158548586453	9.863456544599368	2009.3424818441601	6.119659663746334e-09
380.78076346777357	1	1	1	1	4	0	380.78076346777357	29.0	0	0.00067560822939527	0.17696762563622992	0.505955136563382	62.52319206078759	0.0	33.780411469763514	0.0	28.74278059102409	1.1752659546207087	33.780411469763514	5.455721474541394e-11
380.78076346777357	2	2	1	1	0	0	380.78076346777357	29.0	0	0.02790846084895272	0.7272463424603381	0.995262354704962	2609.0885434000515	0.0	1175.0930883769565	1181.9299775243364	236.18872192971057	9.979405649194119	2357.023065901293	9.000056334838957e-09
395.84107158007737	1	1	1	1	4	0	395.84107158007737	30.0	0	0.0006980802230984148	0.1349211498498026	0.5348133929000103	64.46625422786322	0.0	34.904011154920745	0.0	29.562243072942465	1.1806956281631906	34.904011154920745	5.969545752547751e-11
395.84107158007737	2	2	1	1	0	0	395.84107158007737	30.0	0	0.031955947114460835	0.7019264360556766	0.9995819275877575	3005.8088250499914	0.0	1345.5135627141408	1374.9103430696841	269.91838317458826	10.078690727871633	2720.423905783825	1.0337180757715864e-08
411.03002553366304	1	1	1	1	4	0	411.03002553366304	31.0	0	0.0007539836542434665	0.2111313820237736	0.6363232727119276	69.35604421222546	0.0	37.699182712173325	0.0	31.656861500052123	1.1908692436902268	37.699182712173325	9.758967138469307e-11
411.03002553366304	2	2	1	1	0	0	411.03002553366304	31.0	0	0.036101889489066966	0.6962291871543691	0.9787471621035388	3478.1429488838576	0.0	1520.0795574343986	1576.0175520852897	304.90062661060193	10.154446528815471	3096.0971095196887	1.2049431985426935e-08
426.3473174640513	1	1	1	1	4	0	426.3473174640513	32.0	0	0.0007607103642094073	0.12635866808561874	0.5507209333997529	69.96337022328944	0.0	38.035518210470364	0.0	31.927852012819084	1.191295869048724	38.035518210470364	5.215829935299335e-11
426.3473174640513	2	2	1	1	0	0	426.3473174640513	32.0	0	0.04030499231285039	0.6774078081134443	0.9514125156600192	3937.8440652311815	0.0	1697.0523079094903	1783.3510192638264	341.12982489389293	10.20257706360293	3480.4033271733165	1.3754049796784256e-08
441.79260147745117	1	1	1	1	4	0	441.79260147745117	33.0	0	0.0008145221509450276	0.22053437538665868	0.5701112456586956	75.62103651525139	0.0	40.72610754725138	0.8807536920956585	34.01417527590435	1.2232212276750791	41.60686123934704	9.3524495610325e-11
441.79260147745117	2	2	1	1	0	0	441.79260147745117	33.0	0	0.044521795814588365	0.6689673075214775	0.9451046517252578	4525.737482210609	0.0	1874.601929035299	1994.9064418821079	378.5988969363466	10.220601280748006	3869.5083709174073	1.4791862014576537e-08
457.365493753255	1	1	1	1	4	0	457.365493753255	34.0	0	0.0008304802906377452	0.15618018616837626	0.6087092185298466	77.53653123753944	0.0	41.524014531887275	1.359802338367453	34.652714367284716	1.2375312483671097	42.88381687025472	7.530916112408995e-11
457.365493753255	2	2	1	1	0	0	457.365493753255	34.0	0	0.04870664088326483	0.6670633018466701	0.9400109363465778	5114.850623659312	0.0	2050.8059319269405	2208.574054898413	417.29927045867294	10.207015176766717	4259.379986825354	1.5654021525798464e-08
473.0655726577729	1	1	1	1	4	0	473.0655726577729	35.0	0	0.0008847083892330588	0.2501988692257823	0.7535973698182673	84.9332337437061	0.0	44.23541946165295	3.690090700460232	37.007723581592906	1.29501373021362	47.92551016211318	1.4884442567738538e-10
473.0655726577729	2	2	1	1	0	0	473.0655726577729	35.0	0	0.05291370235058738	0.6345373674903722	0.9491977391701416	5761.276346975413	0.0	2227.9453621299954	2427.8670328556354	457.22084555162553	10.182852423030953	4655.812394985631	1.7390516695906534e-08
488.8923788691719	1	1	1	1	4	0	488.8923788691719	36.0	0	0.0007530945706448037	0.16163689710912674	0.8124061558628561	81.23998896482995	0.0	37.654728532240185	5.231096285972686	38.354164146617066	1.1181530290758668	42.88582481821288	1.0914784329097657e-10
488.8923788691719	2	2	1	1	0	0	488.8923788691719	36.0	0	0.057088550178845524	0.644719959085124	0.9474769567192932	6459.8489677014295	0.0	2403.728428582969	2650.219863523001	498.35195931727065	10.141323210667712	5053.948292105971	1.916896386416165e-08
504.8454155135833	1	1	1	1	4	0	504.8454155135833	37.0	0	0.0007547242026699243	0.19194719495413007	0.6839323850710134	81.63752475901737	0.028622853249928363	37.736210133496215	5.388999418503724	38.48369235376749	1.1206099756635763	43.153832405249865	6.5672447328203e-11
504.8454155135833	2	2	1	1	0	0	504.8454155135833	37.0	0	0.06117414212229622	0.6549871495248171	0.9388974525513384	7154.156229735283	0.0	2575.753352517736	2872.9389981519985	540.6793516620105	10.077492942759577	5448.692350669734	2.0570851419730393e-08
520.9241483123367	1	1	1	1	4	0	520.9241483123367	38.0	0	0.0007720113676760442	0.1211245852618137	0.5749565160650744	85.96946883508505	0.5877940326901334	38.60056838380222	6.985200846475293	39.795905572117405	1.1454889284443552	46.17356326296764	1.0614902547077015e-10
520.9241483123367	2	2	1	1	0	0	520.9241483123367	38.0	0	0.06511079052237309	0.6535679993370018	0.9498411481698521	7872.7724966554415	0.0	2741.5069693630776	3093.2011550687707	584.1881323127312	9.987721081106068	5834.708124431848	2.0342988081314665e-08
537.1280057402779	1	1	1	1	4	0	537.1280057402779	39.0	0	0.0007727309813759854	0.1875260072800129	0.6200194919799665	86.14019946535977	0.6142205847688741	38.63654906879928	7.050661269986351	39.83876854180526	1.1468027755637888	46.3014309235545	7.42217680655758e-11
537.1280057402779	2	2	1	1	0	0	537.1280057402779	39.0	0	0.06914811054389405	0.6320806226582372	0.9485467841350425	8431.714605931049	0.0	2911.499391321856	3319.8577176804743	628.8617491269789	9.908945992744906	6231.357109002329	1.8767268018310058e-08
553.4563791951257	1	1	1	1	4	0	553.4563791951257	40.0	0	0.0008021475179005622	0.1880777145420983	0.7270516428212485	92.93833073313401	1.830930418537164	40.10737589502812	9.627258705079894	41.372765714488814	1.2021104642441358	51.56556501864518	1.470583044969883e-10
553.4563791951257	2	2	1	1	0	0	553.4563791951257	40.0	0	0.07326273504649096	0.6367085047177258	0.9403760818038776	9151.27684833243	0.0	3084.7467387996203	3550.8541809841595	674.6819577674607	9.835153946818359	6635.600919783779	2.4246745065190323e-08
569.9086231778117	1	1	1	1	4	0	569.9086231778117	41.0	0	0.0008286506092283457	0.1960681032453269	0.6945368533811545	98.99167227602871	3.075299997192417	41.4325304614173	11.810612812005795	42.67322900541321	1.2476942690854038	56.318443270615504	2.045928418401656e-10
569.9086231778117	2	2	1	1	0	0	569.9086231778117	41.0	0	0.0774024546099302	0.6403437437029906	0.9310885823890594	9802.606474945154	0.0	3259.050720418114	3783.2594898088178	721.6287928104351	9.758909678201931	7042.310210226932	2.310231363438189e-08
586.4840554837581	1	1	1	1	4	0	586.4840554837581	42.0	0	0.0007266117139818865	0.10911534290497156	0.5491610162422018	94.73126664898909	3.3317296664146	36.33058569909433	12.16437260740596	42.90457867607418	1.1302979729187643	51.82668797291489	1.2630488075455896e-10
586.4840554837581	2	2	1	1	0	0	586.4840554837581	42.0	0	0.08151265051029773	0.6188786405979727	0.9279362737392209	10392.526070145524	0.0	3432.11160043359	4014.0073298294533	769.6805403566773	9.674298023453265	7446.118930263043	2.224143079603376e-08
603.1819574050269	1	1	1	1	4	0	603.1819574050269	43.0	0	0.0007401935647553727	0.12065110310962672	0.5692936993354495	99.49717993071228	4.797012817859518	37.00967823776863	13.612240777503267	44.07824809758088	1.1484557848852015	55.41893183313141	2.1940820958396215e-10
603.1819574050269	2	2	1	1	0	0	603.1819574050269	43.0	0	0.08560028580326612	0.6279440683610757	0.9180993419360776	11025.491432762554	0.0	3604.222560137522	4243.488609434695	818.8137122127022	9.584244929613034	7847.711169572217	2.3138829420285024e-08
620.0015739432909	1	1	1	1	4	0	620.0015739432909	44.0	0	0.0007425832189915657	0.13809096660110198	0.568407908085395	100.30462195916643	5.069848200021798	37.12916094957828	13.829318671959696	44.276294137606676	1.1509201619982845	56.02832782155977	1.320933232177366e-10
620.0015739432909	2	2	1	1	0	0	620.0015739432909	44.0	0	0.08978845500351527	0.629447070941865	0.9204440942654476	11592.59830664626	0.0	3780.566526463802	4478.613897869735	869.0030217087804	9.504202192637882	8259.180424333537	2.2649655761436063e-08
636.9421140335545	1	1	1	1	4	0	636.9421140335545	45.0	0	0.0007716911186893213	0.2095473817317276	0.6114901142041841	109.07471108592419	7.896396238613198	38.584555934466074	16.428641909173688	46.16511700367123	1.1916616140984737	62.90959408225295	3.5023719006726945e-10
636.9421140335545	2	2	1	1	0	0	636.9421140335545	45.0	0	0.09402050782472114	0.6171684663440316	0.9096006030292262	12165.475287017012	0.0	3958.7582241987866	4716.202828183047	920.2213612189939	9.42703725209153	8674.961052381834	2.439420748657476e-08
654.0027507785644	1	1	1	1	4	0	654.0027507785644	46.0	0	0.0007829519475108201	0.14922207165087975	0.6569504067237834	112.27022168726593	8.9254881234153	39.14759737554101	17.391003320652395	46.806132867657226	1.2079314660763452	65.46408881960869	2.1523884123682542e-10
654.0027507785644	2	2	1	1	0	0	654.0027507785644	46.0	0	0.09823730104822427	0.6207224796908956	0.9156600677471144	12710.9842478469	0.0	4136.307412556813	4952.935079327082	972.4397814471793	9.346843542699721	9089.242491883897	2.4561303704130976e-08
671.1826216938364	1	1	1	1	4	0	671.1826216938364	47.0	0	0.0007913002857105526	0.14525780500078125	0.6565437514379185	114.5674745586232	9.69237053256263	39.56501428552764	18.05414506494656	47.25594467558635	1.2192997039003597	67.31152988303683	1.9810997800542403e-10
671.1826216938364	2	2	1	1	0	0	671.1826216938364	47.0	0	0.10238289715854973	0.6129720064386419	0.9046148567911492	13305.44757103684	0.0	4310.858827728412	5185.67029955588	1025.6274725410287	9.259238253199577	9496.529127284291	2.689004459090144e-08
688.4808289632283	1	1	1	1	4	0	688.4808289632283	48.0	0	0.0007403960303685082	0.14454223882710798	0.7046329949330239	121.73275750182691	13.952352397052856	37.019801518425425	21.13179398097446	49.62880960537417	1.1717306129603962	72.10394789645274	2.997019066132991e-10
688.4808289632283	2	2	1	1	0	0	688.4808289632283	48.0	0	0.10664368790187244	0.6126597760269289	0.9000055996808277	13748.50800022809	0.0	4490.260543236735	5424.872586900313	1079.7517470949617	9.182789615125332	9915.133130137048	2.3856151281439317e-08
705.8964397049822	1	1	1	1	4	0	705.8964397049822	49.0	0	0.0007453916616131968	0.112274183781578	0.5980084902755074	123.76854538602207	14.808148881763172	37.26958308065984	21.606043282086482	50.08477014151261	1.1755195480860847	73.68377524450949	1.8317757145337225e-10
705.8964397049822	2	2	1	1	0	0	705.8964397049822	49.0	0	0.11095820123105868	0.61105233351337	0.8895542152755409	14283.66609209458	0.0	4671.924262360366	5667.090879065154	1134.7780251005365	9.111046312788377	10339.01514142552	2.768711823705888e-08
723.4284862481575	1	1	1	1	4	0	723.4284862481575	50.0	0	0.0007504983132785195	0.10877623945896336	0.5778954406264544	125.5250947390724	15.485019138630726	37.524915663925974	22.08328148798164	50.43187844853404	1.1819547275586422	75.09321629053834	1.973506066646343e-10
723.4284862481575	2	2	1	1	0	0	723.4284862481575	50.0	0	0.11526240681454065	0.601565516650417	0.8875819627857895	14741.336025562532	0.0	4853.153971138554	5908.730490769405	1190.6698209012375	9.038512837893308	10761.88446190796	2.5660727800494197e-08
741.0759664193733	1	1	1	1	4	0	741.0759664193733	51.0	0	0.0007852641557089582	0.10028038843469712	0.615976483273689	136.4549869163224	19.538979624303423	39.263207785447925	25.20890447456823	52.44389503200286	1.2293540024186478	84.01109188431957	3.579985097643473e-10
741.0759664193733	2	2	1	1	0	0	741.0759664193733	51.0	0	0.11951846033912965	0.5966780247688664	0.8863065845754459	15299.82796850356	0.0	5032.356224805459	6147.666828991944	1247.3887322063886	8.962741738112475	11180.023053797402	2.9117103304954445e-08
758.8378438397727	1	1	1	1	4	0	758.8378438397727	52.0	0	0.0007854041658816272	0.1278687379841985	0.6550216237418878	136.49684980194908	19.55451577016391	39.27020829408136	25.220731289836888	52.45139444786691	1.2295371793788594	84.04545535408215	1.801491918844929e-10
758.8378438397727	2	2	1	1	0	0	758.8378438397727	52.0	0	0.12390041201791155	0.5893522129624432	0.8929469078607603	15672.669345535149	0.0	5216.85945338575	6393.671133765666	1304.8944312167353	8.897678087510341	11610.530587151416	2.5729405820500065e-08
776.7130482321257	1	1	1	1	4	0	776.7130482321257	53.0	0	0.000790322387491792	0.1238359633581917	0.5843313745232839	137.93173526558692	20.106624051626774	39.51611937458961	25.597230620494965	52.71176121887555	1.2352717588910336	85.21997404671134	2.261355630076561e-10
776.7130482321257	2	2	1	1	0	0	776.7130482321257	53.0	0	0.12834173908245933	0.5829243906896724	0.8815941837863599	16175.780427264328	0.0	5403.862698208814	6643.008793529752	1363.1446579119106	8.837559111438823	12046.871491738568	3.1371351140640854e-08
794.7004757379742	1	1	1	1	4	0	794.7004757379742	54.0	0	0.00080234084799014	0.11152072735702834	0.6246108742358025	141.427853669888	21.554654688942705	40.11704239950701	26.37449420948625	53.381662371952025	1.2455875979600342	88.04619129793595	3.179529588631533e-10
794.7004757379742	2	2	1	1	0	0	794.7004757379742	54.0	0	0.13277331661393935	0.5728378093424485	0.8798011158500685	16626.440615798892	0.0	5590.4554363763955	6891.799111086525	1422.095215547544	8.77736906150614	12482.25454746292	3.033666889985727e-08
812.7989892447298	1	1	1	1	4	0	812.7989892447298	55.0	0	0.0008302043135022929	0.0959283057559855	0.5441538183079682	149.40234689961756	24.747753825754337	41.51021567511465	28.307935621840357	54.83644177690821	1.2732071781936014	94.56590512270935	4.1773392186678364e-10
812.7989892447298	2	2	1	1	0	0	812.7989892447298	55.0	0	0.13716550886168052	0.5718881837280738	0.8756384171693856	17027.079029776683	0.0	5775.3898468076	7138.3783249948	1481.6999684071961	8.71550816437183	12913.7681718024	2.937346631647184e-08
831.0074187226242	1	1	1	1	4	0	831.0074187226242	56.0	0	0.000847084085047375	0.13011580626096525	0.5718220075274983	154.53031980498585	26.76565004958119	42.35420425236875	29.665300893718435	55.74516460931746	1.291941743303231	98.78515519566837	3.4805975042566426e-10
831.0074187226242	2	2	1	1	0	0	831.0074187226242	56.0	0	0.14168868662864248	0.5647704595565638	0.8770965830330376	17496.097386794863	0.0	5965.839436995472	7392.311111911963	1541.9108418516232	8.663374162974385	13358.150548907437	3.495378003812353e-08
849.3245615714155	1	1	1	1	4	0	849.3245615714155	57.0	0	0.0008930733846022307	0.0941764448864328	0.5506104995779076	168.84553512046338	32.44353783317049	44.65366923011154	33.46683194787409	58.28149610930724	1.3403997219198052	110.56403901115613	6.980057076548853e-10
849.3245615714155	2	2	1	1	0	0	849.3245615714155	57.0	0	0.14627108410944234	0.5586548433707506	0.8705883277032819	20672.58001627586	0.0	6158.782488818623	7649.56851434283	1602.677824705058	8.615799626292711	13808.351003161453	1.1391124634048508e-07
867.7491829767432	1	1	1	1	4	0	867.7491829767432	58.0	0	0.0009505898787582504	0.15461453640640804	0.6448590307761737	186.2289510445824	39.548635718483155	47.529493937912534	37.710094447864854	61.440726940321845	1.3873466775315286	124.78822410426054	8.736076578319842e-10
867.7491829767432	2	2	1	1	0	0	867.7491829767432	58.0	0	0.15083831419647525	0.5583214563342289	0.8682917082759171	23929.016673454767	0.0	6351.086913535798	7905.97441396573	1663.9489740152967	8.568208250459527	14257.061327501528	1.1668554931925072e-07
886.2800162760308	1	1	1	1	4	0	886.2800162760308	59.0	0	0.0010136644616416484	0.123330654450784	0.6234409593923279	205.1936009257053	47.87386625536208	50.68322308208242	41.49839953898717	65.13811204927367	1.4151718513324254	140.0554888764317	8.588105820921652e-10
886.2800162760308	2	2	1	1	0	0	886.2800162760308	59.0	0	0.15535742431187133	0.5509130026265715	0.8544935055114444	27254.44845451569	0.0	6541.365234184056	8159.67884149674	1725.6704222213534	8.519033464545917	14701.044075680797	1.205989876909985e-07
