NumAxe Jour Diam     X1       Y1       Z1      X2       Y2       Z2
    1     7    1.17   50.00    0.00   10.00   49.53    0.52   14.95
    1     7    1.17   49.53    0.52   14.95   49.00    1.29   19.86
    1     7    1.16   49.00    1.29   19.86   48.80    2.17   24.78
    1     7    1.14   48.80    2.17   24.78   48.86    2.66   29.76
    1     7    1.14   48.86    2.66   29.76   48.62    3.02   34.74
    1     7    1.13   48.62    3.02   34.74   48.55    3.10   39.74
    1     7    1.12   48.55    3.10   39.74   48.81    3.51   44.71
    1     7    1.12   48.81    3.51   44.71   48.59    3.95   49.69
    1     8    1.09   48.59    3.95   49.69   48.37    4.70   54.63
    1     8    1.08   48.37    4.70   54.63   48.47    5.08   59.61
    1     8    1.05   48.47    5.08   59.61   48.32    5.13   64.61
    1     8    1.05   48.32    5.13   64.61   47.70    5.16   69.57
    1     8    1.03   47.70    5.16   69.57   47.30    4.90   74.55
    1     8    1.02   47.30    4.90   74.55   47.19    4.91   79.55
    1     8    1.02   47.19    4.91   79.55   47.34    5.13   84.54
    1     8    1.01   47.34    5.13   84.54   47.75    5.48   89.51
    1     8    0.99   47.75    5.48   89.51   47.94    5.44   94.50
    1     9    0.98   47.94    5.44   94.50   47.80    5.73   99.49
    1     9    0.98   47.80    5.73   99.49   47.53    6.39  104.44
    1     9    0.95   47.53    6.39  104.44   47.14    6.59  109.42
    1     9    0.93   47.14    6.59  109.42   46.97    7.08  114.40
    1     9    0.93   46.97    7.08  114.40   47.08    7.23  119.39
    1     9    0.91   47.08    7.23  119.39   47.43    7.66  124.36
    1     9    0.88   47.43    7.66  124.36   47.56    8.34  129.31
    1     9    0.85   47.56    8.34  129.31   48.11    9.03  134.24
    1     9    0.85   48.11    9.03  134.24   48.59    9.34  139.20
    1    10    0.82   48.59    9.34  139.20   49.23   10.07  144.11
    1    10    0.79   49.23   10.07  144.11   50.10   10.71  148.99
    1    10    0.79   50.10   10.71  148.99   51.01   10.94  153.90
    1    10    0.78   51.01   10.94  153.90   51.91   10.69  158.81
    1    10    0.76   51.91   10.69  158.81   53.02   10.83  163.69
    1    10    0.74   53.02   10.83  163.69   53.91   10.68  168.60
    1    10    0.74   53.91   10.68  168.60   54.69   10.12  173.51
    1    10    0.72   54.69   10.12  173.51   55.13    9.82  178.48
    1    11    0.70   55.13    9.82  178.48   55.53    9.05  183.41
    1    11    0.70   55.53    9.05  183.41   55.82    8.64  188.38
    1    11    0.70   55.82    8.64  188.38   56.44    8.56  193.34
    1    11    0.70   56.44    8.56  193.34   56.84    8.35  198.32
    1    11    0.70   56.84    8.35  198.32   57.18    7.86  203.29
    1    11    0.70   57.18    7.86  203.29   57.37    7.70  208.28
    1    11    0.70   57.37    7.70  208.28   57.59    7.92  213.27
    1    11    0.70   57.59    7.92  213.27   58.04    7.73  218.25
    1    11    0.70   58.04    7.73  218.25   58.73    7.54  223.19
    1    12    0.70   58.73    7.54  223.19   59.02    7.28  228.18
    1    12    0.70   59.02    7.28  228.18   59.06    6.82  233.16
    1    12    0.70   59.06    6.82  233.16   59.13    6.37  238.14
    1    12    0.70   59.13    6.37  238.14   59.40    6.33  243.13
    1    12    0.70   59.40    6.33  243.13   59.24    6.34  248.13
    1    12    0.70   59.24    6.34  248.13   59.02    6.01  253.11
    1    12    0.70   59.02    6.01  253.11   58.93    5.97  258.11
    1    12    0.70   58.93    5.97  258.11   58.79    5.54  263.09
    1    12    0.70   58.79    5.54  263.09   58.42    5.55  268.08
    1    13    0.70   58.42    5.55  268.08   57.83    5.46  273.04
    1    13    0.70   57.83    5.46  273.04   57.67    5.29  278.04
    1    13    0.70   57.67    5.29  278.04   57.08    5.24  283.00
    1    13    0.70   57.08    5.24  283.00   56.79    4.88  287.98
    1    13    0.70   56.79    4.88  287.98   56.86    4.83  292.98
    1    13    0.70   56.86    4.83  292.98   56.99    4.94  297.97
    1    13    0.70   56.99    4.94  297.97   56.84    4.69  302.97
    1    13    0.70   56.84    4.69  302.97   57.05    4.52  307.96
    1    13    0.70   57.05    4.52  307.96   56.87    4.65  312.95
    1    14    0.70   56.87    4.65  312.95   57.03    5.13  317.93
    1    14    0.70   57.03    5.13  317.93   56.96    5.31  322.92
    1    14    0.70   56.96    5.31  322.92   56.56    5.41  327.91
    1    14    0.70   56.56    5.41  327.91   55.89    5.29  332.86
    1    14    0.70   55.89    5.29  332.86   54.84    4.92  337.73
    1    14    0.70   54.84    4.92  337.73   53.53    4.19  342.50
    1    14    0.70   53.53    4.19  342.50   52.68    3.36  347.36
    1    14    0.70   52.68    3.36  347.36   52.11    2.72  352.29
    1    15    0.70   52.11    2.72  352.29   51.56    1.72  357.16
    1    15    0.70   51.56    1.72  357.16   50.81    0.45  361.93
    1    15    0.70   50.81    0.45  361.93   50.56   -0.80  366.77
    1    15    0.70   50.56   -0.80  366.77   50.61   -1.86  371.65
    1    15    0.70   50.61   -1.86  371.65   51.05   -2.65  376.57
    2    13    0.23   49.32    0.83   16.92   53.79   -0.53   18.71
    2    13    0.23   53.79   -0.53   18.71   58.42   -1.46   20.34
    2    14    0.23   58.42   -1.46   20.34   63.06   -2.63   21.79
    2    14    0.23   63.06   -2.63   21.79   67.82   -3.51   23.04
    2    14    0.23   67.82   -3.51   23.04   72.54   -4.68   24.20
    2    15    0.23   72.54   -4.68   24.20   77.30   -5.41   25.56
    2    15    0.23   77.30   -5.41   25.56   81.97   -5.80   27.29
    3    13    0.30   48.84    2.00   23.80   44.05    2.24   25.22
    3    13    0.30   44.05    2.24   25.22   39.41    2.81   26.98
    3    13    0.30   39.41    2.81   26.98   34.73    3.13   28.72
    3    14    0.30   34.73    3.13   28.72   30.04    3.28   30.44
    3    14    0.30   30.04    3.28   30.44   25.41    3.21   32.33
    3    14    0.30   25.41    3.21   32.33   20.72    2.76   34.00
    3    14    0.30   20.72    2.76   34.00   16.14    2.07   35.88
    3    15    0.30   16.14    2.07   35.88   11.65    1.77   38.06
    3    15    0.30   11.65    1.77   38.06    7.34    1.39   40.57
    4    13    0.29   48.81    2.73   30.75   53.60    3.11   32.16
    4    13    0.29   53.60    3.11   32.16   58.41    3.76   33.33
    4    13    0.29   58.41    3.76   33.33   63.21    4.27   34.64
    4    14    0.29   63.21    4.27   34.64   68.11    4.66   35.60
    4    14    0.29   68.11    4.66   35.60   73.05    5.16   36.12
    4    14    0.29   73.05    5.16   36.12   78.03    5.63   36.36
    4    14    0.29   78.03    5.63   36.36   82.97    6.39   36.27
    4    15    0.29   82.97    6.39   36.27   87.94    6.78   35.98
    4    15    0.29   87.94    6.78   35.98   92.94    6.81   35.73
    5    13    0.26   48.58    3.07   37.74   47.15    7.78   38.61
    5    13    0.26   47.15    7.78   38.61   45.39   12.30   39.82
    5    13    0.26   45.39   12.30   39.82   43.94   16.86   41.28
    5    14    0.26   43.94   16.86   41.28   42.25   21.41   42.45
    5    14    0.26   42.25   21.41   42.45   40.67   25.90   43.99
    5    14    0.26   40.67   25.90   43.99   39.09   30.23   45.94
    5    15    0.26   39.09   30.23   45.94   37.38   34.64   47.53
    5    15    0.26   37.38   34.64   47.53   35.97   39.02   49.50
    6    13    0.36   48.81    3.51   44.71   50.96    7.94   45.58
    6    13    0.36   50.96    7.94   45.58   52.72   12.55   46.39
    6    13    0.36   52.72   12.55   46.39   54.08   17.26   47.33
    6    13    0.36   54.08   17.26   47.33   55.81   21.83   48.39
    6    14    0.36   55.81   21.83   48.39   57.41   26.52   49.10
    6    14    0.36   57.41   26.52   49.10   59.12   31.15   49.89
    6    14    0.36   59.12   31.15   49.89   60.60   35.79   51.00
    6    14    0.36   60.60   35.79   51.00   62.31   40.27   52.41
    6    15    0.36   62.31   40.27   52.41   63.86   44.65   54.29
    6    15    0.36   63.86   44.65   54.29   65.16   49.03   56.30
    6    15    0.36   65.16   49.03   56.30   66.38   53.53   58.12
    7    14    0.31   48.50    4.25   51.66   53.03    5.56   53.33
    7    14    0.31   53.03    5.56   53.33   57.54    6.54   55.26
    7    14    0.31   57.54    6.54   55.26   61.89    7.80   57.38
    7    15    0.31   61.89    7.80   57.38   66.35    9.12   59.21
    7    15    0.31   66.35    9.12   59.21   70.94   10.47   60.67
    8    14    0.39   48.45    5.01   58.61   44.18    7.31   59.80
    8    14    0.39   44.18    7.31   59.80   39.81    9.35   61.14
    8    14    0.39   39.81    9.35   61.14   35.40   11.02   62.80
    8    14    0.39   35.40   11.02   62.80   31.02   12.99   64.19
    8    15    0.39   31.02   12.99   64.19   26.86   15.08   66.01
    8    15    0.39   26.86   15.08   66.01   22.93   17.18   68.28
    8    15    0.39   22.93   17.18   68.28   19.29   19.69   70.61
    9    14    0.28   48.20    5.14   65.60   46.02    0.71   66.40
    9    14    0.28   46.02    0.71   66.40   43.50   -3.57   66.97
    9    14    0.28   43.50   -3.57   66.97   40.96   -7.87   67.32
    9    15    0.28   40.96   -7.87   67.32   38.78  -12.32   67.93
    9    15    0.28   38.78  -12.32   67.93   36.92  -16.86   68.90
   10    14    0.27   47.46    5.01   72.56   43.34    2.26   73.25
   10    14    0.27   43.34    2.26   73.25   39.18   -0.49   73.58
   10    14    0.27   39.18   -0.49   73.58   35.27   -3.55   74.20
   10    15    0.27   35.27   -3.55   74.20   31.60   -6.80   75.17
   10    15    0.27   31.60   -6.80   75.17   27.88   -9.90   76.40
   11    14    0.25   47.19    4.91   79.55   44.67    0.84   80.98
   11    14    0.25   44.67    0.84   80.98   41.91   -2.95   82.72
   11    14    0.25   41.91   -2.95   82.72   39.08   -6.86   84.01
   11    15    0.25   39.08   -6.86   84.01   36.15  -10.71   85.27
   12    14    0.27   47.50    5.27   86.53   46.13    9.96   87.61
   12    14    0.27   46.13    9.96   87.61   44.49   14.62   88.36
   12    14    0.27   44.49   14.62   88.36   42.97   19.22   89.59
   12    15    0.27   42.97   19.22   89.59   41.35   23.87   90.46
   12    15    0.27   41.35   23.87   90.46   40.02   28.53   91.68
   13    14    0.29   47.91    5.45   93.51   52.76    5.32   94.71
   13    14    0.29   52.76    5.32   94.71   57.65    5.49   95.71
   13    14    0.29   57.65    5.49   95.71   62.46    5.27   97.05
   13    15    0.29   62.46    5.27   97.05   67.14    4.82   98.76
   13    15    0.29   67.14    4.82   98.76   71.91    4.14  100.09
   14    15    0.33   47.74    5.86  100.48   52.22    7.16  102.29
   14    15    0.33   52.22    7.16  102.29   56.65    8.78  103.97
   15    15    0.32   47.29    6.51  107.43   43.15    8.97  108.76
   15    15    0.32   43.15    8.97  108.76   39.20   11.71  110.14
   16    15    0.29   46.97    7.08  114.40   45.19   11.45  116.02
   17    15    0.35   47.22    7.40  121.38   44.08    4.04  123.32
   17    15    0.35   44.08    4.04  123.32   40.84    0.91  125.50
   18    15    0.39   47.53    8.20  128.32   51.47   11.16  129.19
   18    15    0.39   51.47   11.16  129.19   55.59   13.82  130.14
   19    15    0.36   48.21    9.09  135.23   43.66   10.02  137.08
   19    15    0.36   43.66   10.02  137.08   39.26   11.40  139.00
