1	4	0.0	0.25	0.0	0.0	0.00375	0.0		0.0	
2	4	0.0	0.25	0.0	0.0	0.00375	0.0		0.0	
3	4	0.0	0.25	0.0	0.0	0.003638187560413125	0.0		0.0	
4	4	0.0	0.25	0.0	0.0	0.0034478577600169954	0.0		0.0	
5	4	0.0	0.25	0.0	0.0	0.003178274667184105	0.0		0.0	
6	4	0.0	0.25	0.0	0.0	0.002828730719359023	0.0		0.0	
7	4	6.2520653736735186e-06	0.25	0.0	0.0	0.0025188887805460683	0.0	0.0	2.500826149469408e-05	
8	4	6.2520653736735186e-06	0.25	5.341988052486565e-06	0.5284938506558459	0.0025188887805460683	0.0	0.0	2.500826149469408e-05	1.0412807985532588
9	4	6.2520653736735186e-06	0.25	2.1940837141636903e-06	0.4011493702817153	0.0025188887805460683	0.0	0.0	2.500826149469408e-05	0.9098182182432926
10	4	6.2520653736735186e-06	0.25	4.5589268614306317e-07	0.2371805326374477	0.0025188887805460683	0.0	0.0	2.500826149469408e-05	1.5878491142580593
11	4	6.2520653736735186e-06	0.25	4.848327427004686e-06	0.5201417125561879	0.0025188887805460683	0.0	0.0	2.500826149469408e-05	1.0286323788631575
12	4	6.2520653736735186e-06	0.25	6.356240625210196e-06	0.5699867960100182	0.0025188887805460683	0.0	0.0	2.500826149469408e-05	0.9590250582911568
13	4	6.2520653736735186e-06	0.25	4.6103185888236606e-06	0.5169291440635133	0.0025188887805460683	0.0	0.0	2.500826149469408e-05	1.5541685993543748
14	4	6.2520653736735186e-06	0.25	5.534740922703788e-06	0.5506243218461674	0.0025188887805460683	0.0	0.0	2.500826149469408e-05	1.465113418586906
15	4	6.2520653736735186e-06	0.25	2.3837836900521483e-06	0.42397524879772813	0.0025188887805460683	0.0	0.0	2.500826149469408e-05	1.9567018472679052
16	4	6.2520653736735186e-06	0.25	5.003004149620727e-06	0.5383044946125257	0.0025188887805460683	0.0	0.0	2.500826149469408e-05	0.7984710319420529
17	4	6.2520653736735186e-06	0.25	4.451058707757348e-06	0.5211124966865196	0.0025188887805460683	0.0	0.0	2.500826149469408e-05	2.1222838115313984
18	4	6.2520653736735186e-06	0.25	5.589085042832952e-06	0.5629962374345657	0.0025188887805460683	0.0	0.0	2.500826149469408e-05	1.009285397243119
19	4	6.2520653736735186e-06	0.25	3.412300081423405e-06	0.483574360991766	0.0025188887805460683	0.0	0.0	2.500826149469408e-05	1.1969023225129165
20	4	6.2520653736735186e-06	0.25	4.550455693008767e-06	0.5322088958076744	0.0025188887805460683	0.0	0.0	2.500826149469408e-05	0.7641908884289607
21	4	6.2520653736735186e-06	0.25	5.295030891278335e-06	0.5611216853773229	0.0025188887805460683	0.0	0.0	2.500826149469408e-05	1.4362480974885148
22	4	6.2520653736735186e-06	0.25	3.432244718838987e-06	0.4912070696601683	0.0025188887805460683	0.0	0.0	2.500826149469408e-05	1.2083543818016462
23	4	6.2520653736735186e-06	0.25	4.911485367698653e-06	0.5528291123152113	0.0025188887805460683	0.0	0.0	2.500826149469408e-05	1.0068381526785617
24	4	6.2520653736735186e-06	0.25	6.861470435256066e-07	0.302195845887312	0.0025188887805460683	0.0	0.0	2.500826149469408e-05	0.9009698910502448
25	4	6.2520653736735186e-06	0.25	6.304668821988545e-06	0.6041537520171726	0.0025188887805460683	0.0	0.0	2.500826149469408e-05	0.9508186547045984
26	4	6.2520653736735186e-06	0.25	5.851396105728926e-06	0.5924863269519551	0.0025188887805460683	0.0	0.0	2.500826149469408e-05	0.9484453027340928
27	4	6.2520653736735186e-06	0.25	2.206423210604628e-06	0.43728613384598586	0.0025188887805460683	0.0	0.0	2.500826149469408e-05	1.890443865981542
28	4	6.2520653736735186e-06	0.25	7.365056889381879e-06	0.6434757893819649	0.0025188887805460683	0.0	0.0	2.500826149469408e-05	0.9178370119731644
29	4	6.2520653736735186e-06	0.25	4.5189132560505965e-06	0.552716376106702	0.0025188887805460683	0.0	0.0	2.500826149469408e-05	2.142981680319966
30	4	6.2520653736735186e-06	0.25	1.7960431999187889e-06	0.4155322158070125	0.0025188887805460683	0.0	0.0	2.500826149469408e-05	2.3339516062702366
31	4	6.2520653736735186e-06	0.25	2.904685683018096e-07	0.21604033664486014	0.0025188887805460683	0.0	0.0	2.500826149469408e-05	0.7641908883694308
32	4	6.2520653736735186e-06	0.25	3.7296305361931054e-06	0.5266479399122573	0.0025188887805460683	0.0	0.0	2.500826149469408e-05	2.173480017982277
33	4	6.2520653736735186e-06	0.25	6.203648605520167e-06	0.6218436677652189	0.0025188887805460683	0.0	0.0	2.500826149469408e-05	0.9380420534436338
34	4	6.2520653736735186e-06	0.25	3.3685452465173716e-06	0.5141493388990948	0.0025188887805460683	0.0	0.0	2.500826149469408e-05	1.2307136004699235
35	4	6.2520653736735186e-06	0.25	6.712187902495758e-06	0.6429200532030231	0.0025188887805460683	0.0	0.0	2.500826149469408e-05	1.7754846219535578
36	4	6.2520653736735186e-06	0.25	8.343886311623242e-06	0.6923277460394974	0.0025188887805460683	0.0	0.0	2.500826149469408e-05	1.2978924405712615
37	4	6.2520653736735186e-06	0.25	1.3875334070228146e-05	0.8198816719624283	0.0025188887805460683	0.0	0.0	2.500826149469408e-05	1.1383291244425224
38	4	6.2520653736735186e-06	0.25	2.7283135151285053e-06	0.4887843776100354	0.0025188887805460683	0.0	0.0	2.500826149469408e-05	0.7641909719214742
39	4	6.2520653736735186e-06	0.25	1.370611267201124e-06	0.3963475315922159	0.0025188887805460683	0.0	0.0	2.500826149469408e-05	0.7641910671812591
40	4	6.2520653736735186e-06	0.25	6.096405702620518e-06	0.6354650555243249	0.0025188887805460683	0.0	0.0	2.500826149469408e-05	1.2507562134090575
41	4	6.2520653736735186e-06	0.25	2.9357000373552657e-06	0.5057855300743349	0.0025188887805460683	0.0	0.0	2.500826149469408e-05	1.2326956535523084
42	4	6.2520653736735186e-06	0.25	1.3664409769950208e-06	0.4003710425504489	0.0025188887805460683	0.0	0.0	2.500826149469408e-05	0.7641910671812591
43	4	6.2520653736735186e-06	0.25	1.5255240772330764e-06	0.4156149791046138	0.0025188887805460683	0.0	0.0	2.500826149469408e-05	0.7641910479038864
44	4	6.2520653736735186e-06	0.25	5.945974922789842e-06	0.6395164456371768	0.0025188887805460683	0.0	0.0	2.500826149469408e-05	0.9426494562834729
45	4	6.2520653736735186e-06	0.25	7.420117431911273e-06	0.6890277214814112	0.0025188887805460683	0.0	0.0	2.500826149469408e-05	1.0960238581823565
46	4	6.2520653736735186e-06	0.25	3.3509799366647945e-06	0.5365988829181229	0.0025188887805460683	0.0	0.0	2.500826149469408e-05	1.3145009202994122
47	4	6.2520653736735186e-06	0.25	8.896106947298783e-06	0.7354757219450316	0.0025188887805460683	0.0	0.0	2.500826149469408e-05	1.0118400773664833
48	4	6.2520653736735186e-06	0.25	3.183712201313887e-06	0.531482427106929	0.0025188887805460683	0.0	0.0	2.500826149469408e-05	2.9761301235882063
49	4	6.2520653736735186e-06	0.25	6.287426628336562e-06	0.6619245385135629	0.0025188887805460683	0.0	0.0	2.500826149469408e-05	1.6976316509182572
50	4	6.2520653736735186e-06	0.25	4.369174079828631e-06	0.5911491590106361	0.0025188887805460683	0.0	0.0	2.500826149469408e-05	1.5125971849788322
51	4	6.2520653736735186e-06	0.25	7.098622978153674e-06	0.6924744096521475	0.0025188887805460683	0.0	0.0	2.500826149469408e-05	0.9018400509942248
52	4	6.2520653736735186e-06	0.25	4.587074015824697e-06	0.6039781216035862	0.0025188887805460683	0.0	0.0	2.500826149469408e-05	1.5408763681291249
53	4	6.2520653736735186e-06	0.25	2.938918686306238e-06	0.5261978718594755	0.0025188887805460683	0.0	0.0	2.500826149469408e-05	1.2326956602288406
54	4	6.2520653736735186e-06	0.25	8.758430590514975e-06	0.7474728452396158	0.0025188887805460683	0.0	0.0	2.500826149469408e-05	1.0308688595376052
55	4	6.2520653736735186e-06	0.25	1.0505057802010437e-05	0.7950044508883005	0.0025188887805460683	0.0	0.0	2.500826149469408e-05	1.340716282463009
56	4	6.2520653736735186e-06	0.25	6.15103278557054e-06	0.6706955019318712	0.0025188887805460683	0.0	0.0	2.500826149469408e-05	1.7464612986037298
57	4	6.2520653736735186e-06	0.25	4.407316158231117e-06	0.6045563900225313	0.0025188887805460683	0.0	0.0	2.500826149469408e-05	1.5598740292467363
58	4	6.2520653736735186e-06	0.25	8.298058091391451e-06	0.7422673825777392	0.0025188887805460683	0.0	0.0	2.500826149469408e-05	0.7641907777103526
59	4	6.2520653736735186e-06	0.25	1.674414628148206e-06	0.4486169509942956	0.0025188887805460683	0.0	0.0	2.500826149469408e-05	2.296893302060645
60	4	6.2520653736735186e-06	0.25	4.098470213422631e-06	0.5950561161956115	0.0025188887805460683	0.0	0.0	2.500826149469408e-05	1.028501769142917
61	4	6.2520653736735186e-06	0.25	4.605340873269155e-06	0.6188905274548138	0.0025188887805460683	0.0	0.0	2.500826149469408e-05	1.0113714289880953
62	4	6.2520653736735186e-06	0.25	1.5449209926002424e-06	0.4405717946544971	0.0025188887805460683	0.0	0.0	2.500826149469408e-05	2.9761215238189846
63	4	6.2520653736735186e-06	0.25	3.0279690574640995e-06	0.5442997079521547	0.0025188887805460683	0.0	0.0	2.500826149469408e-05	1.2034182102098838
64	4	6.2520653736735186e-06	0.25	1.6016768891440354e-06	0.4472879904895886	0.0025188887805460683	0.0	0.0	2.500826149469408e-05	0.7641909090817679
65	4	0.0	0.25	0.0	0.0	0.0022062855118623924	0.0		0.0	
66	4	0.0	0.25	0.0	0.0	0.0022062855118623924	0.0		0.0	
67	4	0.0	0.25	0.0	0.0	0.0022062855118623924	0.0		0.0	
68	4	0.0	0.25	0.0	0.0	0.0022062855118623924	0.0		0.0	
69	4	0.0	0.25	0.0	0.0	0.0022062855118623924	0.0		0.0	
70	4	0.0	0.25	0.0	0.0	0.0022062855118623924	0.0		0.0	
71	4	0.0	0.25	0.0	0.0	0.0022062855118623924	0.0		0.0	
72	4	0.0	0.25	0.0	0.0	0.0022062855118623924	0.0		0.0	
73	4	0.0	0.25	0.0	0.0	0.0022062855118623924	0.0		0.0	
74	4	0.0	0.25	0.0	0.0	0.0022062855118623924	0.0		0.0	
75	4	0.0	0.25	0.0	0.0	0.0022062855118623924	0.0		0.0	
76	4	0.0	0.25	0.0	0.0	0.0022062855118623924	0.0		0.0	
77	4	0.0	0.25	0.0	0.0	0.0022062855118623924	0.0		0.0	
78	4	0.0	0.25	0.0	0.0	0.0022062855118623924	0.0		0.0	
79	4	0.0	0.25	0.0	0.0	0.0022062855118623924	0.0		0.0	
80	4	0.0	0.25	0.0	0.0	0.0022062855118623924	0.0		0.0	
81	4	0.0	0.25	0.0	0.0	0.0022062855118623924	0.0		0.0	
82	4	0.0	0.25	0.0	0.0	0.0022062855118623924	0.0		0.0	
83	4	0.0	0.25	0.0	0.0	0.0022062855118623924	0.0		0.0	
84	4	0.0	0.25	0.0	0.0	0.0022062855118623924	0.0		0.0	
85	4	0.0	0.25	0.0	0.0	0.0022062855118623924	0.0		0.0	
86	4	0.0	0.25	0.0	0.0	0.0022062855118623924	0.0		0.0	
87	4	0.0	0.25	0.0	0.0	0.0022062855118623924	0.0		0.0	
88	4	0.0	0.25	0.0	0.0	0.0022062855118623924	0.0		0.0	
89	4	0.0	0.25	0.0	0.0	0.0022062855118623924	0.0		0.0	
90	4	0.0	0.25	0.0	0.0	0.0022062855118623924	0.0		0.0	
91	4	0.0	0.25	0.0	0.0	0.0022062855118623924	0.0		0.0	
92	4	0.0	0.25	0.0	0.0	0.0022062855118623924	0.0		0.0	
93	4	0.0	0.25	0.0	0.0	0.0022062855118623924	0.0		0.0	
94	4	0.0	0.25	0.0	0.0	0.0022062855118623924	0.0		0.0	
