1	4	0.0	0.25	0.0	0.0	0.00375	0.0		0.0	
2	4	0.0	0.25	0.0	0.0	0.00375	0.0		0.0	
3	4	0.0	0.25	0.0	0.0	0.003638187560413125	0.0		0.0	
4	4	0.0	0.25	0.0	0.0	0.0034478577600169954	0.0		0.0	
5	4	0.0	0.25	0.0	0.0	0.003178274667184105	0.0		0.0	
6	4	0.0	0.25	0.0	0.0	0.002828730719359023	0.0		0.0	
7	4	6.2520653736735186e-06	0.25	0.0	0.0	0.0025188887805460683	0.0	0.0	2.500826149469408e-05	
8	4	6.63512858339427e-06	0.25	4.865613691964272e-06	2.630728985569604	0.0025516467019436936	0.0	0.0	2.654051433357708e-05	1.5611921746970892
9	4	6.8486607262335035e-06	0.25	2.8632850769606457e-06	1.785260932129222	0.0025685704478431107	0.0	0.0	2.7394642904934014e-05	0.9846180238959632
10	4	7.177764887356981e-06	0.25	3.745651050127049e-06	2.2409505743097498	0.0025938106326273557	0.0	0.0	2.8711059549427923e-05	1.785684398601779
11	4	7.647399932213174e-06	0.25	4.8956511162077625e-06	2.808003910921165	0.002629373331532053	0.0	0.0	3.0589599728852695e-05	0.8557961854468875
12	4	8.327389586988041e-06	0.25	6.8328358310642425e-06	3.68030886562258	0.002680835844677341	0.0	0.0	3.3309558347952165e-05	1.2179005799576987
13	4	9.059942733174558e-06	0.25	7.181302296331273e-06	3.9385546645345806	0.002736747610986064	0.0	0.0	3.623977093269823e-05	1.4585832224596833
14	4	1.0017275618973785e-05	0.25	9.761247983906823e-06	4.951549868143113	0.002811031539109584	0.0	0.0	4.006910247589514e-05	1.0190268636653432
15	4	1.0417488817220869e-05	0.25	3.790923176022338e-06	2.5640496894729172	0.0028407164476833484	0.0	0.0	4.1669955268883476e-05	0.9880458392401688
16	4	1.15781060809231e-05	0.25	1.0270995852957238e-05	5.531506915849241	0.0029250654141968835	0.0	0.0	4.63124243236924e-05	0.8608734886969426
17	4	1.254469239801425e-05	0.25	8.003991694631475e-06	4.777512605467469	0.002994946000589425	0.0	0.0	5.0178769592057e-05	1.6574957972214903
18	4	1.3732810478875968e-05	0.25	9.867108665020427e-06	5.697694699522562	0.0030813951691506265	0.0	0.0	5.493124191550387e-05	1.206716210865842
19	4	1.5172960506550906e-05	0.25	1.2301049299214011e-05	6.819390623231968	0.003188033359742921	0.0	0.0	6.0691842026203624e-05	1.1483004898714269
20	4	1.610381839761488e-05	0.25	7.549157733375769e-06	4.930255435069308	0.003259080577089449	0.0	0.0	6.441527359045952e-05	1.2434012312464846
21	4	1.7455766871329034e-05	0.25	1.135531261624168e-05	6.965645770252564	0.003367302759000288	0.0	0.0	6.982306748531615e-05	1.1694396205289272
22	4	1.9205322300882475e-05	0.25	1.4878499212474209e-05	8.756933374221095	0.0035079536594943644	0.0	0.0	7.682128920352991e-05	1.3057428137928708
23	4	2.104127937206976e-05	0.25	1.5684720743379073e-05	9.380538854845874	0.0036592453077402922	0.0	0.0	8.416511748827904e-05	1.1083780913356152
24	4	2.316802030722896e-05	0.25	1.7850586413788632e-05	10.561483086713222	0.0038314126279729525	0.0	0.0	9.267208122891584e-05	1.1529377789193265
25	4	2.4972371522205586e-05	0.25	1.4566134332577987e-05	9.2043278795352	0.003977409365807628	0.0	0.0	9.988948608882232e-05	1.215048065589614
26	4	2.7132598530885668e-05	0.25	1.8050345992722213e-05	10.955757717492508	0.004154860103604714	0.0	0.0	0.00010853039412354267	1.225306770356013
27	4	2.9200892199498053e-05	0.25	1.6879576465455322e-05	10.910601586962102	0.004330358226805729	0.0	0.0	0.00011680356879799224	1.1569769350152652
28	4	3.273318591080723e-05	0.25	3.497060501128546e-05	17.482886999156918	0.0046262341498466706	0.0	0.0	0.00013093274364322892	1.0979525738064726
29	4	3.617288884043466e-05	0.25	2.892729802840827e-05	17.376228077072515	0.0049182745497248605	0.0	0.0	0.00014469155536173865	1.0709676477718189
30	4	3.947655076654748e-05	0.25	2.8196176573162324e-05	17.242673274088524	0.0052060064413945	0.0	0.0	0.00015790620306618992	1.2465409972569343
31	4	4.336786399787982e-05	0.25	3.218799281720926e-05	19.977273327466733	0.005542472516453275	0.0	0.0	0.00017347145599151928	1.07592952823665
32	4	4.731629964907498e-05	0.25	3.146554304813668e-05	20.57332052614521	0.005887836310868993	0.0	0.0	0.00018926519859629995	1.1588525416730266
33	4	5.190483721230396e-05	0.25	3.870406734059367e-05	24.419390320372774	0.006302115836670353	0.0	0.0	0.00020761934884921585	1.2530654171893698
34	4	5.678335411698877e-05	0.25	5.4277237084697634e-05	29.896943393866763	0.0068150335879802425	0.0	0.0	0.00022713341646795503	1.1959551966698798
35	4	6.057529797842376e-05	0.25	4.19712410708152e-05	26.946854691129474	0.007270189927857741	0.0	0.0	0.00024230119191369503	1.28523766509945
36	4	6.499283720654364e-05	0.25	5.324764995566322e-05	35.07610397271912	0.00787274145236477	0.0	0.0	0.0002599713488261745	1.3039857592076174
37	4	6.94198715654127e-05	0.25	5.259269193965356e-05	36.711564889056525	0.008501727088937172	0.0	0.0	0.0002776794862616508	1.103310259615178
38	4	7.380469333664112e-05	0.25	5.279850419671064e-05	40.58282588586563	0.009198307278516385	4.3229317453956875e-05	0.009453150701818291	0.0002952187733465645	1.1770095846996516
39	4	7.832851674911798e-05	0.25	5.8098096640953823e-05	47.0129498935724	0.010009354711084505	0.0001375412630631279	0.02664118428836556	0.000313314066996472	1.1701033220005723
40	4	8.306958366148839e-05	0.25	6.257255127618079e-05	54.632855969775925	0.0109561404127212	0.00027673077464055893	0.04703301451668188	0.0003322783346459536	1.1450510997223078
41	4	8.830005392067887e-05	0.25	6.0545586525813815e-05	67.37739130302388	0.012132533904444413	0.0004856790921236611	0.0714579420038731	0.00035320021568271547	1.1476836795064278
42	4	9.476751636333754e-05	0.25	6.485993373994655e-05	84.05081336789425	0.013609710985301244	0.0007893385186865973	0.09920622970748323	0.00037907006545335017	1.138698783012438
43	4	0.00010246353422382116	0.25	7.8958860749652e-05	99.57314731005472	0.015364499775602359	0.0012067944973902422	0.12928042780149285	0.00040985413689528463	1.0893007563312287
44	4	0.00011208559180641741	0.25	8.787603051927443e-05	124.85235744826049	0.017575499372561202	0.0018270293140716534	0.16535840919251638	0.00044834236722566964	1.1099641327690701
45	4	0.00012143956730402551	0.25	8.467526468557893e-05	133.46912090983554	0.019931843651235646	0.0025760406368778035	0.20028996943968214	0.00048575826921610203	1.1588707245336092
46	4	0.00013070187325594503	0.25	9.22775643809014e-05	143.50578627786103	0.022458862690950102	0.003373575429307976	0.2270907414622713	0.00052280749302378	1.1293633190350114
47	4	0.00014110544669777486	0.25	9.431731379531895e-05	167.37192620147033	0.02541110801429033	0.004324325429298189	0.2511856383598886	0.0005644217867910995	1.204921429747634
48	4	0.00015365880332492016	0.25	0.00011293780475308528	195.54312586941498	0.028865476280995738	0.005477482877258202	0.27396120967466764	0.0006146352132996806	1.1576289527669874
49	4	0.0001678029593979877	0.25	0.00011692423241728985	218.22980695401645	0.032717427178124904	0.006857077590684589	0.29713720041430536	0.0006712118375919508	1.1651013248744404
50	4	0.000183277898203518	0.25	0.00013519132737832839	244.5719562826693	0.03703202434122283	0.008553738535450753	0.3229315675143611	0.0007331115928140722	1.166701446290543
51	4	0.00019993034167097625	0.25	0.00015008104159930334	273.50759241944024	0.04185429162767254	0.010352594081733368	0.34068522402748364	0.0007997213666839049	1.180479947250957
52	4	0.00021700001876613268	0.25	0.00016839261037890569	304.59249400130295	0.04722075816803708	0.012343047688183874	0.3550306085206964	0.0008680000750645307	1.1599312102125192
53	4	0.0002381531457074624	0.25	0.0001891241064893836	358.26555451665007	0.05354551955437512	0.01469029188695461	0.3676444305859036	0.0009526125828298496	1.205780895994071
54	4	0.0002613420060429718	0.25	0.0002006639125777656	384.2557396615276	0.06031084272423416	0.017293420180819988	0.38011190360894825	0.0010453680241718872	1.2126132814281994
55	4	0.0002866757859804132	0.25	0.00022004571038137174	419.2470217272152	0.06768033021408168	0.02034573204002001	0.3954236155247071	0.0011467031439216526	1.1796617939240066
56	4	0.0003141653395813076	0.25	0.00021679653681667532	448.7003025128868	0.07554781026544166	0.023495981596596816	0.40590637168289134	0.0012566613583252302	1.1627921767354503
57	4	0.0003434652930740041	0.25	0.0002569822245565456	507.303565311248	0.08444895962269555	0.026998651366345026	0.4140325255557041	0.0013738611722960163	1.1747733762668529
58	4	0.0003732088094669812	0.25	0.00026116385489888933	529.6617820314988	0.0937073054884992	0.030670817500713606	0.4211463155962708	0.0014928352378679249	1.193275439897616
59	4	0.00040800919554515687	0.25	0.00029679396976519046	600.9565621490325	0.1042251507499968	0.034969760841408015	0.42942806320291177	0.0016320367821806275	1.17438877138094
60	4	0.000443960048850838	0.25	0.00030930223505972897	620.3119468910893	0.11503450238899607	0.0397149232837916	0.4406146429201729	0.0017758401954033516	1.1706357474756124
61	4	0.0004845464753405298	0.25	0.00036478040047025915	702.8690072302305	0.12730175632739044	0.0447641306877107	0.4469487672510926	0.0019381859013621195	1.1700880470848762
62	4	0.0005231086517176817	0.25	0.0003733149237458516	717.9038297683113	0.13976963323273128	0.04977661065102661	0.450962834688401	0.0020924346068707266	1.1689954062283072
63	4	0.000566649048308937	0.25	0.0004149074559870282	777.4452872826289	0.15325953872255466	0.05514459513095185	0.4540819960681963	0.002266596193235748	1.175199154191085
64	4	0.0006162125055871266	0.25	0.00047803171132834336	853.7222922879355	0.1680743772237112	0.0611963005057076	0.458453340529944	0.0024648500223485065	1.174090929380392
65	4	0.0006539182537987402	0.25	0.0004791122436197408	900.0816703780557	0.18294694815851725	0.06792694252339047	0.4677567089851116	0.002615673015194961	1.1618077581317299
66	4	0.0006985941626927945	0.25	0.0005313442372065371	954.9463558008059	0.19944580181501184	0.07470937195489062	0.4713994963828802	0.002794376650771178	1.1672760649326797
67	4	0.0007351321543020116	0.25	0.0006123438399289481	1006.5354061103036	0.21679429501720127	0.08174620952357302	0.4742045728543106	0.0029405286172080464	1.1769758899724905
68	4	0.0007704492647959418	0.25	0.0006157162230717262	1054.3684302071154	0.2349176478962273	0.08908012749517509	0.4768809352720661	0.003081797059183767	1.188432901154966
69	4	0.0008025378025817598	0.25	0.0006420071039286296	1092.319110994654	0.2536283116259285	0.09697542195281604	0.4816205282247614	0.0032101512103270393	1.1821977918141569
70	4	0.0008157724850851115	0.25	0.0006692988465508546	1138.5364926364755	0.2725035841412796	0.10559142145031668	0.4900382543596845	0.003263089940340446	1.1597086416376214
71	4	0.000825683841078453	0.25	0.0007132347164045242	1159.8818132576025	0.29222629897380564	0.11458132046163005	0.49827169128391	0.003302735364313812	1.1859556028735931
72	4	0.000825683841078453	0.25	0.0006797826840338	1166.6943916446378	0.3119506857643085	0.12391066959450807	0.5081009507373497	0.003302735364313812	1.1805458987828914
73	4	0.000825683841078453	0.25	0.0006950930820913162	1198.3670727853535	0.3321362530907724	0.13387332820174938	0.5202300496017881	0.003302735364313812	1.1826333424071305
74	4	0.000825683841078453	0.25	0.0007172112495713673	1215.8692119345399	0.3525181643835409	0.14488532024327674	0.5375424830828401	0.003302735364313812	1.1843057232625536
75	4	0.0008069762293969904	0.25	0.0006713777739452678	1218.5681696390109	0.3718861771250929	0.15593373928057785	0.5576115520622409	0.003227904917587961	1.1947000666722227
76	4	0.0008069762293969904	0.25	0.0006890929329954304	1218.2754795681356	0.3920621418286381	0.16614998605846126	0.5732036218293733	0.003227904917587961	1.1528897930915456
77	4	0.0008069762293969904	0.25	0.0007164749003554103	1218.3615489963265	0.4121125888790755	0.17530350085980714	0.5862687836994002	0.003227904917587961	1.1782102824251202
78	4	0.0008069762293969904	0.25	0.0006901719092511545	1212.1013668918322	0.4327211803408652	0.1822704642332097	0.5956890930776171	0.003227904917587961	1.1735447459750357
79	4	0.0008069762293969904	0.25	0.0006676361537012157	1222.2422471178345	0.4545807469917616	0.1866813431970262	0.6014345964977277	0.003227904917587961	1.1793160905255975
80	4	0.0007829719621228312	0.25	0.0006888262535813162	1203.3313965622144	0.4757955209059991	0.18835914548558635	0.6059077179285384	0.003131887848491325	1.1766074654461722
81	4	0.0007829719621228312	0.25	0.0006622155274157983	1215.269280598951	0.499141149567477	0.18835914548558635	0.6059077179285384	0.003131887848491325	1.179385534777494
82	4	0.0007829719621228312	0.25	0.0006772195631783234	1208.4433779099056	0.5221908846817184	0.18835914548558635	0.6059077179285384	0.003131887848491325	1.1814483036303192
83	4	0.0007829719621228312	0.25	0.0006558493373402629	1205.3926828005729	0.5450543407864944	0.18835914548558635	0.6059077179285384	0.003131887848491325	1.163821341814021
84	4	0.0007503437145021053	0.25	0.0006321728619545542	1161.9786050482296	0.5650432905259127	0.18835914548558635	0.6091042210731222	0.003001374858008421	1.1588168155755332
85	4	0.0007503437145021053	0.25	0.0006764073996388554	1204.7604766154375	0.5877299386233917	0.18835914548558635	0.6091042210731222	0.003001374858008421	1.18068211025016
86	4	0.0007503437145021053	0.25	0.0006169732151272246	1179.0042656929993	0.6096562655201503	0.18835914548558635	0.6091042210731222	0.003001374858008421	1.1604368086746193
87	4	0.0007503437145021053	0.25	0.0006296157875981255	1179.6588810652302	0.6315340708684044	0.18835914548558635	0.6091042210731222	0.003001374858008421	1.1709446968190411
88	4	0.0007503437145021053	0.25	0.0006213926573393926	1171.9513175589655	0.6531505899883657	0.18835914548558635	0.6091042210731222	0.003001374858008421	1.1733972815824523
89	4	0.0006936132592020148	0.25	0.0005970922718847495	1153.8892619691476	0.6714058930608984	0.18835914548558635	0.614742996005648	0.00277445303680806	1.1887614258426866
90	4	0.0006936132592020148	0.25	0.0005797096832737597	1153.9647767461356	0.6924899248858083	0.18835914548558635	0.614742996005648	0.00277445303680806	1.1862856350132276
91	4	0.0006936132592020148	0.25	0.0005772774800615725	1151.5170485280182	0.7134818222384148	0.18835914548558635	0.614742996005648	0.00277445303680806	1.1887883899983132
92	4	0.0006936132592020148	0.25	0.000580631030205118	1149.9285007780584	0.7344128814454252	0.18835914548558635	0.614742996005648	0.00277445303680806	1.1925385295089634
93	4	0.0006004128377492111	0.25	0.0005259181984542913	1084.386700435052	0.7489426851441489	0.18835914548558635	0.6242368857910665	0.0024016513509968443	1.183832404258495
94	4	0.0006004128377492111	0.25	0.0005124252003737213	1094.0994322056533	0.7684438831702728	0.18835914548558635	0.6242368857910665	0.0024016513509968443	1.1922053302513167
