1	4	0.0	0.25	0.0	0.0	0.00375	0.0		0.0	
2	4	0.0	0.25	0.0	0.0	0.00375	0.0		0.0	
3	4	0.0	0.25	0.0	0.0	0.003638187560413125	0.0		0.0	
4	4	0.0	0.25	0.0	0.0	0.0034478577600169954	0.0		0.0	
5	4	0.0	0.25	0.0	0.0	0.003178274667184105	0.0		0.0	
6	4	0.0	0.25	0.0	0.0	0.002828730719359023	0.0		0.0	
7	4	6.2520653736735186e-06	0.25	0.0	0.0	0.0025188887805460683	0.0	0.0	2.500826149469408e-05	
8	4	7.6029230005631135e-06	0.25	5.084943613706065e-06	7.108154262379558	0.0026344083262453038	0.0	0.0	3.0411692002252447e-05	1.4896129073643254
9	4	8.21940171295369e-06	0.25	2.253710753824073e-06	3.5412152896426523	0.002683268085446772	0.0	0.0	3.287760685181476e-05	2.099749910646837
10	4	9.405043386438775e-06	0.25	3.780333421083551e-06	5.8339405549947365	0.002774199220515091	0.0	0.0	3.762017354575511e-05	2.9761259522404657
11	4	1.122088472814979e-05	0.25	5.533223106585738e-06	8.38448169837849	0.0029117022020350137	0.0	0.0	4.488353891259916e-05	1.0161622370220809
12	4	1.5056294977976566e-05	0.25	1.3640762668400008e-05	16.696022861650967	0.0032019711039415217	0.0	0.0	6.022517991190626e-05	1.5054115607336933
13	4	1.939412702713073e-05	0.25	1.3234155290501818e-05	19.003005882367226	0.003533054047317542	0.0	0.0	7.757650810852293e-05	1.254587409810531
14	4	2.530683879874422e-05	0.25	1.8271471277332007e-05	26.02509990280554	0.00399184895844288	0.0	0.0	0.00010122735519497688	1.1590742423528966
15	4	3.2796565036175755e-05	0.25	2.132565590625405e-05	31.41505437179471	0.004547382458023817	0.0	0.0	0.00013118626014470302	1.0917629116538974
16	4	4.1038153588414755e-05	0.25	2.2045790365334334e-05	33.95406982584506	0.005146347766013152	0.0	0.0	0.00016415261435365902	1.1164384232309594
17	4	5.549326745187053e-05	0.25	4.049355736171981e-05	58.291558257296245	0.006191398596226785	0.0	0.0	0.00022197306980748213	1.0454341323286398
18	4	7.516517459230008e-05	0.25	5.8166293782819224e-05	79.54695752166936	0.007622754657292599	0.0	0.0	0.00030066069836920037	1.150461691078886
19	4	9.958502825564956e-05	0.25	6.692558859320601e-05	100.42252897008066	0.00943096141294042	0.0	0.0	0.0003983401130225982	1.1264078953011374
20	4	0.0001277485778947221	0.25	7.652073972706476e-05	119.5065254021682	0.01158052887287765	0.0	0.0	0.0005109943115788884	1.1512283310975768
21	4	0.00015735407342225865	0.25	8.104765965404104e-05	132.15875857660615	0.013950420466260226	0.0	0.0	0.0006294162936890345	1.1500765203987406
22	4	0.00020106858315965492	0.25	0.000124151332325127	194.8799794883783	0.017464733334181866	0.0	0.0	0.0008042743326386197	1.2147211975894634
23	4	0.0002585202861210754	0.25	0.00016908623977464937	262.079130655889	0.022199028581046103	0.0	0.0	0.0010340811444843015	1.2592253155694595
24	4	0.0003291559462296587	0.25	0.00019790286951247568	316.92279702685363	0.027917239065789284	0.0	0.0	0.0013166237849186347	1.1389824267682132
25	4	0.0004209966310542495	0.25	0.0002566964520736017	411.5432897725152	0.035348408936487934	0.0	0.0	0.001683986524216998	1.1579123924448416
26	4	0.0005531277301756894	0.25	0.000386144676488936	599.2434744486047	0.04620225019059096	0.0	0.0	0.002212510920702757	1.1267163784410332
27	4	0.0007064875527709286	0.25	0.00044376394189431836	719.744843077154	0.05921508364279696	0.0	0.0	0.0028259502110837146	1.1436171045220558
28	4	0.0008728235131877337	0.25	0.0006098817759222598	981.0498212891016	0.07861654170560536	0.0	0.0	0.0034912940527509354	1.212207185803285
29	4	0.0010405029667292561	0.25	0.0006989419008601166	1146.4216517424302	0.10208006527191714	0.0	0.0	0.0041620118669170245	1.1693992561255009
30	4	0.001204640710172218	0.25	0.000900339207111369	1464.5764600575876	0.1337082865110479	0.0	0.0	0.004818562840688872	1.1900452454668398
31	4	0.001378071332034628	0.25	0.00104868939870586	1704.9223776719505	0.17109830256159608	0.0	0.0	0.005512285328138513	1.2025613466570986
32	4	0.0015531295382137829	0.25	0.0012394776615617426	2009.107439336344	0.2160485884731385	0.0	0.0	0.006212518152855132	1.1825296196339128
33	4	0.0017217493544542386	0.25	0.0014049292502527466	2258.037718885384	0.26720533854313633	0.0	0.0	0.006886997417816954	1.2089536232413831
34	4	0.0019029542894952406	0.25	0.0015106184328627095	2492.40181576573	0.3224499099527753	0.0	0.0	0.007611817157980962	1.1519848877346883
35	4	0.0020843016343073373	0.25	0.0016898375964560595	2812.0117218866444	0.384472884819461	0.0	0.0	0.008337206537229351	1.1663884910205784
36	4	0.0022566633094550288	0.25	0.001988731564584843	3195.4116706864793	0.45531491218073705	0.0	0.0	0.009026653237820115	1.1714693142662544
37	4	0.002436277657678823	0.25	0.0020010513537278988	3375.39706754385	0.5294109674424093	0.0	0.0	0.009745110630715292	1.159688029229647
38	4	0.002614164949062339	0.25	0.002153046675033327	3662.0706437104277	0.6092357023929661	0.001753764825904922	0.01051544387030123	0.010456659796249356	1.1282875509374009
39	4	0.0027809117439068142	0.25	0.0023912281005437344	4004.5306876300237	0.6966840889161808	0.0052300752854383785	0.02774325741146286	0.011123646975627257	1.1622883727880415
40	4	0.0029568175632803608	0.25	0.0025593372340548893	4370.7918158727225	0.7907741208498438	0.010394365419869394	0.04828550035047579	0.011827270253121441	1.1729736449832862
41	4	0.003127395419514957	0.25	0.0026888148040876674	4615.172355351056	0.8890832776511284	0.017208658264277952	0.07022723119244864	0.012509581678059828	1.1707627047990359
42	4	0.0033067886401912253	0.25	0.002815445351847666	4930.296517010629	0.993710801502092	0.02563150462833667	0.09246119300288956	0.013227154560764905	1.1376403572663798
43	4	0.003490893489083115	0.25	0.003081781304666701	5342.780049572501	1.107858188886049	0.03561792504361113	0.11482905559636275	0.01396357395633246	1.1486320229780187
44	4	0.0036693217529442782	0.25	0.003156494694312741	5684.7381931933505	1.2304272129179772	0.04711935502121583	0.13778808220810926	0.014677287011777113	1.1720463275148179
45	4	0.003831224741359328	0.25	0.003296256749511629	5963.761412540666	1.3593532903211265	0.0600835937612076	0.16093361781779886	0.015324898965437312	1.144054913470722
46	4	0.003998126683435859	0.25	0.003568310680532496	6363.11983677975	1.4956284086308966	0.07445475645235305	0.18191816821842932	0.015992506733743438	1.1577636988925537
47	4	0.004170125944069075	0.25	0.0035557450954266726	6551.862715033136	1.6342582618637254	0.0901732302978728	0.20114764072739547	0.0166805037762763	1.1387268490896492
48	4	0.004355215363196914	0.25	0.003677515427200487	6970.282911523808	1.7817792466338247	0.10717563439944396	0.2190597319926077	0.017420861452787657	1.1715699500067032
49	4	0.004542005358621808	0.25	0.0038377291240810217	7252.994552534359	1.9354646010669811	0.12539478362813558	0.23660545110499695	0.01816802143448723	1.1671857129716317
50	4	0.004718628876272868	0.25	0.003999821206455346	7683.954545329318	2.099843035081339	0.14475965660706314	0.2544546896210881	0.01887451550509148	1.1464237675678588
51	4	0.004907807228122998	0.25	0.0042349386787461345	8066.192819359115	2.270461964252413	0.16519536792637932	0.26939679058297344	0.019631228912491992	1.1622720827241555
52	4	0.0050915669647594594	0.25	0.004427065825000848	8476.814132436875	2.4491073556138714	0.18662314470677446	0.28261617464419986	0.020366267859037838	1.1540524421085243
53	4	0.00529286721418489	0.25	0.004517253444871057	8864.31663275225	2.6353414414378493	0.2089603076229464	0.29441496478495194	0.02117146885673956	1.1541056318927625
54	4	0.005499177760231668	0.25	0.0047141335421787825	9261.868583644979	2.8303961861089615	0.2321202564935162	0.3058171329172038	0.02199671104092667	1.1374694059778396
55	4	0.005697479856288785	0.25	0.004848124756213407	9676.285492804085	3.035712375527639	0.25601246053863	0.3177719003338649	0.02278991942515514	1.1491232221913759
56	4	0.005911532280234548	0.25	0.005013069175359495	10020.131230480833	3.2467275914230638	0.2805424534009877	0.32783831113106354	0.023646129120938192	1.1450269716842734
57	4	0.006121238505834403	0.25	0.005180977487002043	10383.790693129251	3.4643982110049416	0.3056118330203001	0.33652052117851033	0.024484954023337613	1.1617502350239757
58	4	0.006327833467211396	0.25	0.005536184115165978	11065.024521801754	3.697841358981437	0.33111826644519626	0.3445323885893417	0.025311333868845584	1.1565589577679636
59	4	0.006536988512956928	0.25	0.005699825455113196	11423.181479458084	3.939109740525359	0.3569554996603837	0.3524473272552295	0.02614795405182771	1.1575276942209625
60	4	0.006734411209293594	0.25	0.005920826792082981	11864.420934464822	4.191510025256107	0.3830133725004369	0.3611366494219328	0.02693764483717437	1.1592250883385482
61	4	0.0069447258388396675	0.25	0.00601362985520329	12301.003477179152	4.451363462578116	0.4091778387149298	0.3678008672123961	0.027778903355358674	1.164394984021605
62	4	0.0071459281355028765	0.25	0.006200725493888162	12662.854111457134	4.717796879903002	0.4353309912427789	0.3734051504589376	0.028583712542011506	1.1537254709197853
63	4	0.007356980448164819	0.25	0.0063487353563642535	13062.786474442295	4.9922486649021325	0.4613510927466124	0.3783215153228848	0.029427921792659274	1.1472155998935951
64	4	0.007567967244884942	0.25	0.006343247494752693	13235.797835619707	5.269794910057192	0.4871126114507473	0.38333251490735776	0.03027186897953977	1.1409600267187996
65	4	0.007668304885419634	0.25	0.00653013333226735	13708.428487397507	5.5544307319914985	0.5124862623189482	0.3903534263088799	0.030673219541678537	1.1481913596581506
66	4	0.007832010390987345	0.25	0.006813060452266587	14273.097886409178	5.855426310356259	0.5373390536005784	0.394670765145154	0.03132804156394938	1.1461290426794242
67	4	0.007957641701605114	0.25	0.0070295900766119725	14585.18064364458	6.162299201211328	0.5615343387660311	0.39845298997195183	0.031830566806420456	1.1633379110369375
68	4	0.008070314536895998	0.25	0.0070960571568637705	14805.647483062296	6.473016748615358	0.5849318738444796	0.40194225654915994	0.032281258147583994	1.1268929769097913
69	4	0.008161581608862599	0.25	0.0071899919696526374	15075.902390345533	6.790046433379652	0.6073878801690021	0.4058286409634265	0.032646326435450394	1.1457138012571522
70	4	0.0078091320110178185	0.25	0.0069566580168381395	14794.629878470207	7.078252384332293	0.6287551125260508	0.4157270150965257	0.03123652804407127	1.1419543022475798
71	4	0.007831322915592335	0.25	0.006951156280887157	14857.684668748318	7.387955310611456	0.6488829326980451	0.4200306792767637	0.03132529166236934	1.158008236199075
72	4	0.007831322915592335	0.25	0.0069877116321178726	15127.876883112947	7.703955168866737	0.6676173883795984	0.4244810734321241	0.03132529166236934	1.1390046134039422
73	4	0.007831322915592335	0.25	0.00702212503341352	15144.7539298604	8.019610499295451	0.6848012974395454	0.42907103950588427	0.03132529166236934	1.140128297980842
74	4	0.007831322915592335	0.25	0.00700557324465065	15193.61824080919	8.336362920838923	0.7002743374925426	0.4341040677297	0.03132529166236934	1.1566606043000132
75	4	0.006957072699622951	0.25	0.006340434295489973	13764.63510986845	8.570382026342893	0.7138731407355723	0.4509522670598466	0.027828290798491803	1.1389617943297388
76	4	0.006957072699622951	0.25	0.0063484377691549465	13865.310995287728	8.849593298805363	0.7254313939962224	0.4549319863107922	0.027828290798491803	1.1477233110482965
77	4	0.006957072699622951	0.25	0.0062151092644906645	13918.82646590898	9.128711348828988	0.7347799439311332	0.4581089071360021	0.027828290798491803	1.1481554286679905
78	4	0.006957072699622951	0.25	0.006394283527268122	13885.858714610678	9.405533787975092	0.7417469073045357	0.4604525133646603	0.027828290798491803	1.1482144161535452
79	4	0.006957072699622951	0.25	0.006256800508925274	13881.787519010071	9.680925993606866	0.7461577862683522	0.4619258310025288	0.027828290798491803	1.1546321934277055
80	4	0.00596366699565956	0.25	0.005534630240936172	12354.233187811182	9.865084301166826	0.7478355885569123	0.4771407606941965	0.02385466798263824	1.1586429975514938
81	4	0.00596366699565956	0.25	0.00538002402252683	12296.436098517268	10.096535621799907	0.7478355885569123	0.4771407606941965	0.02385466798263824	1.1531678884677452
82	4	0.00596366699565956	0.25	0.005290242405700386	12230.600943765583	10.324259899348043	0.7478355885569123	0.4771407606941965	0.02385466798263824	1.142678268140206
83	4	0.00596366699565956	0.25	0.005408131799936408	12331.417820606197	10.552698554109716	0.7478355885569123	0.4771407606941965	0.02385466798263824	1.1465957104512856
84	4	0.004968501455778879	0.25	0.004387543632970492	10583.867527412913	10.68328624020019	0.7478355885569123	0.4927853256182618	0.01987400582311552	1.1519769402079931
85	4	0.004968501455778879	0.25	0.00447488305335439	10733.540522348016	10.866525667638214	0.7478355885569123	0.4927853256182618	0.01987400582311552	1.1522254869052166
86	4	0.004968501455778879	0.25	0.004543042455889406	10701.087977988835	11.047382975480726	0.7478355885569123	0.4927853256182618	0.01987400582311552	1.15145345337348
87	4	0.004968501455778879	0.25	0.004481128008364275	10684.713697220324	11.226311717914724	0.7478355885569123	0.4927853256182618	0.01987400582311552	1.150906483544253
88	4	0.004968501455778879	0.25	0.00452138104297425	10721.553947312726	11.404742045252545	0.7478355885569123	0.4927853256182618	0.01987400582311552	1.1516973243146007
89	4	0.003977808827587821	0.25	0.003544612562530042	8970.265746485158	11.485934154033284	0.7478355885569123	0.509412963834412	0.01591123531035129	1.152556386241168
90	4	0.003977808827587821	0.25	0.003630296198156957	9038.161793976506	11.617877537946427	0.7478355885569123	0.509412963834412	0.01591123531035129	1.1418328420081854
91	4	0.003977808827587821	0.25	0.003728066667584819	8966.62266976809	11.746906625815955	0.7478355885569123	0.509412963834412	0.01591123531035129	1.1702092745504251
92	4	0.003977808827587821	0.25	0.003557686810343335	8951.197329852068	11.874537166491294	0.7478355885569123	0.509412963834412	0.01591123531035129	1.1418831124630855
93	4	0.0029822864551100076	0.25	0.0028189618380745785	7597.4637992393045	11.915674067944376	0.7478355885569123	0.5272916579206232	0.01192914582044003	1.1642151232065596
94	4	0.0029822864551100076	0.25	0.002731743376982254	7422.29249444797	12.001776949526871	0.7478355885569123	0.5272916579206232	0.01192914582044003	1.1438327577574896
