1	4	0.0	0.25	0.0	0.0	0.00375	0.0		0.0	
2	4	0.0	0.25	0.0	0.0	0.00375	0.0		0.0	
3	4	0.0	0.25	0.0	0.0	0.003638187560413125	0.0		0.0	
4	4	0.0	0.25	0.0	0.0	0.0034478577600169954	0.0		0.0	
5	4	0.0	0.25	0.0	0.0	0.003178274667184105	0.0		0.0	
6	4	0.0	0.25	0.0	0.0	0.002828730719359023	0.0		0.0	
7	4	6.2520653736735186e-06	0.25	0.0	0.0	0.0025188887805460683	0.0	0.0	2.500826149469408e-05	
8	4	6.2520653736735186e-06	0.25	5.756413902264624e-06	0.5412703518279859	0.0025188887805460683	0.0	0.0	2.500826149469408e-05	2.560850532453069
9	4	6.2520653736735186e-06	0.25	6.119968434448522e-06	0.5547773288402494	0.0025188887805460683	0.0	0.0	2.500826149469408e-05	0.9451158042403828
10	4	6.2520653736735186e-06	0.25	8.250336792890344e-06	0.6137938473527201	0.0025188887805460683	0.0	0.0	2.500826149469408e-05	1.1309221973528634
11	4	6.2520653736735186e-06	0.25	4.713706580650403e-06	0.5154980246750793	0.0025188887805460683	0.0	0.0	2.500826149469408e-05	0.7814685796526621
12	4	6.2520653736735186e-06	0.25	6.563342737400378e-06	0.5758825715568506	0.0025188887805460683	0.0	0.0	2.500826149469408e-05	1.2313555498952031
13	4	6.2520653736735186e-06	0.25	3.541337451203205e-06	0.4754585456707438	0.0025188887805460683	0.0	0.0	2.500826149469408e-05	1.2610589817133158
14	4	6.2520653736735186e-06	0.25	7.24885416804304e-06	0.6004028089309033	0.0025188887805460683	0.0	0.0	2.500826149469408e-05	2.799074446395512
15	4	6.2520653736735186e-06	0.25	3.2042989294109438e-06	0.4651814897263255	0.0025188887805460683	0.0	0.0	2.500826149469408e-05	0.8161258092962581
16	4	6.2520653736735186e-06	0.25	5.618200899213428e-06	0.5586139218594821	0.0025188887805460683	0.0	0.0	2.500826149469408e-05	1.3296889694475755
17	4	6.2520653736735186e-06	0.25	3.6379677036027143e-06	0.4888354156060023	0.0025188887805460683	0.0	0.0	2.500826149469408e-05	1.3055115670877158
18	4	6.2520653736735186e-06	0.25	2.133672358740753e-06	0.4154675542188411	0.0025188887805460683	0.0	0.0	2.500826149469408e-05	0.9625215045371892
19	4	6.2520653736735186e-06	0.25	2.7621935844995805e-06	0.4524704686462642	0.0025188887805460683	0.0	0.0	2.500826149469408e-05	0.7641908766619294
20	4	6.2520653736735186e-06	0.25	6.354671750495717e-06	0.5921256709987706	0.0025188887805460683	0.0	0.0	2.500826149469408e-05	1.1772312267198783
21	4	6.2520653736735186e-06	0.25	3.817299504633758e-06	0.5056786613563771	0.0025188887805460683	0.0	0.0	2.500826149469408e-05	1.25913160146356
22	4	6.2520653736735186e-06	0.25	2.0955707711964323e-06	0.42086268078851785	0.0025188887805460683	0.0	0.0	2.500826149469408e-05	2.0809840817852336
23	4	6.2520653736735186e-06	0.25	9.13295811439611e-06	0.6747222854119104	0.0025188887805460683	0.0	0.0	2.500826149469408e-05	1.0108003209981844
24	4	6.2520653736735186e-06	0.25	3.3657450909662047e-06	0.4926075572110753	0.0025188887805460683	0.0	0.0	2.500826149469408e-05	0.8156549505240153
25	4	6.2520653736735186e-06	0.25	3.5409382235488525e-06	0.5027923385107876	0.0025188887805460683	0.0	0.0	2.500826149469408e-05	1.2614149312857132
26	4	6.2520653736735186e-06	0.25	7.893624952320914e-06	0.65231706924042	0.0025188887805460683	0.0	0.0	2.500826149469408e-05	1.091588578831146
27	4	6.2520653736735186e-06	0.25	1.0386955411573049e-05	0.716024297809075	0.0025188887805460683	0.0	0.0	2.500826149469408e-05	0.9847177386504812
28	4	6.2520653736735186e-06	0.25	3.861121856185804e-06	0.5235587898244064	0.0025188887805460683	0.0	0.0	2.500826149469408e-05	1.1858347453442588
29	4	6.2520653736735186e-06	0.25	1.83668987027e-06	0.4166511052990781	0.0025188887805460683	0.0	0.0	2.500826149469408e-05	0.8110003247607984
30	4	6.2520653736735186e-06	0.25	2.274221743319696e-06	0.4471324197145314	0.0025188887805460683	0.0	0.0	2.500826149469408e-05	2.4780450779595022
31	4	6.2520653736735186e-06	0.25	4.763271089804356e-06	0.5668119263777831	0.0025188887805460683	0.0	0.0	2.500826149469408e-05	2.976127256992924
32	4	6.2520653736735186e-06	0.25	3.4245037380490443e-06	0.5126365789240404	0.0025188887805460683	0.0	0.0	2.500826149469408e-05	1.3732116620323107
33	4	6.2520653736735186e-06	0.25	1.748997450486572e-06	0.4172910989897224	0.0025188887805460683	0.0	0.0	2.500826149469408e-05	0.8737279071307215
34	4	6.2520653736735186e-06	0.25	1.3001699372562975e-05	0.7932111600865779	0.0025188887805460683	0.0	0.0	2.500826149469408e-05	1.232702786477798
35	4	6.2520653736735186e-06	0.25	4.8168436909890965e-06	0.5781742092810082	0.0025188887805460683	0.0	0.0	2.500826149469408e-05	1.0391327848917242
36	4	6.2520653736735186e-06	0.25	5.321806191115929e-06	0.5992147333813415	0.0025188887805460683	0.0	0.0	2.500826149469408e-05	1.525238173804604
37	4	6.2520653736735186e-06	0.25	9.417384923333999e-06	0.7227743964626938	0.0025188887805460683	0.0	0.0	2.500826149469408e-05	1.4914556369033387
38	4	6.2520653736735186e-06	0.25	5.436086146005699e-06	0.6079832165428674	0.0025188887805460683	0.0	0.0	2.500826149469408e-05	0.7641909278046721
39	4	6.2520653736735186e-06	0.25	1.564896537244358e-06	0.4128172225073327	0.0025188887805460683	0.0	0.0	2.500826149469408e-05	0.7641910671812588
40	4	6.2520653736735186e-06	0.25	5.941950148835956e-06	0.6302620929792738	0.0025188887805460683	0.0	0.0	2.500826149469408e-05	1.241003348522707
41	4	6.2520653736735186e-06	0.25	4.157699422786755e-06	0.5645253294024333	0.0025188887805460683	0.0	0.0	2.500826149469408e-05	1.0267056788200586
42	4	6.2520653736735186e-06	0.25	3.1210776109101318e-06	0.5174874146647391	0.0025188887805460683	0.0	0.0	2.500826149469408e-05	1.2653244246446906
43	4	6.2520653736735186e-06	0.25	2.525073757725009e-06	0.4859327491251402	0.0025188887805460683	0.0	0.0	2.500826149469408e-05	0.7641911602915882
44	4	6.2520653736735186e-06	0.25	3.059292189243546e-06	0.5178868375072749	0.0025188887805460683	0.0	0.0	2.500826149469408e-05	1.2355216063632657
45	4	6.2520653736735186e-06	0.25	4.7991155273215325e-06	0.5992697249416163	0.0025188887805460683	0.0	0.0	2.500826149469408e-05	1.100175269297574
46	4	6.2520653736735186e-06	0.25	9.251391716816544e-06	0.7423930952298143	0.0025188887805460683	0.0	0.0	2.500826149469408e-05	1.532180525101431
47	4	6.2520653736735186e-06	0.25	4.515570927098054e-06	0.5917101798372248	0.0025188887805460683	0.0	0.0	2.500826149469408e-05	1.5560130086560744
48	4	6.2520653736735186e-06	0.25	1.732134951216436e-06	0.4395632936743428	0.0025188887805460683	0.0	0.0	2.500826149469408e-05	2.9761246633780325
49	4	6.2520653736735186e-06	0.25	1.3168408530611292e-06	0.4053211874876751	0.0025188887805460683	0.0	0.0	2.500826149469408e-05	0.7641908766619295
50	4	6.2520653736735186e-06	0.25	1.5921363735214554e-06	0.4309823933342501	0.0025188887805460683	0.0	0.0	2.500826149469408e-05	2.9761244022299747
51	4	6.2520653736735186e-06	0.25	7.542678940217462e-06	0.7061337589010239	0.0025188887805460683	0.0	0.0	2.500826149469408e-05	1.3992097991085848
52	4	6.2520653736735186e-06	0.25	0.0	-6.487434982592663e-11	0.0025188887805460683	0.0	0.0	2.500826149469408e-05	
53	4	6.2520653736735186e-06	0.25	5.898753209429983e-06	0.6563506783395345	0.0025188887805460683	0.0	0.0	2.500826149469408e-05	1.2193758832404882
54	4	0.0	0.25	0.0	0.0	0.0022062855118623924	0.0		0.0	
55	4	0.0	0.25	0.0	0.0	0.0022062855118623924	0.0		0.0	
56	4	0.0	0.25	0.0	0.0	0.0022062855118623924	0.0		0.0	
57	4	0.0	0.25	0.0	0.0	0.0022062855118623924	0.0		0.0	
58	4	0.0	0.25	0.0	0.0	0.0022062855118623924	0.0		0.0	
59	4	0.0	0.25	0.0	0.0	0.0022062855118623924	0.0		0.0	
60	4	0.0	0.25	0.0	0.0	0.0022062855118623924	0.0		0.0	
61	4	0.0	0.25	0.0	0.0	0.0022062855118623924	0.0		0.0	
62	4	0.0	0.25	0.0	0.0	0.0022062855118623924	0.0		0.0	
63	4	0.0	0.25	0.0	0.0	0.0022062855118623924	0.0		0.0	
64	4	0.0	0.25	0.0	0.0	0.0022062855118623924	0.0		0.0	
65	4	0.0	0.25	0.0	0.0	0.0022062855118623924	0.0		0.0	
66	4	0.0	0.25	0.0	0.0	0.0022062855118623924	0.0		0.0	
67	4	0.0	0.25	0.0	0.0	0.0022062855118623924	0.0		0.0	
68	4	0.0	0.25	0.0	0.0	0.0022062855118623924	0.0		0.0	
69	4	0.0	0.25	0.0	0.0	0.0022062855118623924	0.0		0.0	
70	4	0.0	0.25	0.0	0.0	0.0022062855118623924	0.0		0.0	
71	4	0.0	0.25	0.0	0.0	0.0022062855118623924	0.0		0.0	
72	4	0.0	0.25	0.0	0.0	0.0022062855118623924	0.0		0.0	
73	4	0.0	0.25	0.0	0.0	0.0022062855118623924	0.0		0.0	
74	4	0.0	0.25	0.0	0.0	0.0022062855118623924	0.0		0.0	
75	4	0.0	0.25	0.0	0.0	0.0022062855118623924	0.0		0.0	
76	4	0.0	0.25	0.0	0.0	0.0022062855118623924	0.0		0.0	
77	4	0.0	0.25	0.0	0.0	0.0022062855118623924	0.0		0.0	
78	4	0.0	0.25	0.0	0.0	0.0022062855118623924	0.0		0.0	
79	4	0.0	0.25	0.0	0.0	0.0022062855118623924	0.0		0.0	
80	4	0.0	0.25	0.0	0.0	0.0022062855118623924	0.0		0.0	
81	4	0.0	0.25	0.0	0.0	0.0022062855118623924	0.0		0.0	
82	4	0.0	0.25	0.0	0.0	0.0022062855118623924	0.0		0.0	
83	4	0.0	0.25	0.0	0.0	0.0022062855118623924	0.0		0.0	
84	4	0.0	0.25	0.0	0.0	0.0022062855118623924	0.0		0.0	
85	4	0.0	0.25	0.0	0.0	0.0022062855118623924	0.0		0.0	
86	4	0.0	0.25	0.0	0.0	0.0022062855118623924	0.0		0.0	
87	4	0.0	0.25	0.0	0.0	0.0022062855118623924	0.0		0.0	
88	4	0.0	0.25	0.0	0.0	0.0022062855118623924	0.0		0.0	
89	4	0.0	0.25	0.0	0.0	0.0022062855118623924	0.0		0.0	
90	4	0.0	0.25	0.0	0.0	0.0022062855118623924	0.0		0.0	
91	4	0.0	0.25	0.0	0.0	0.0022062855118623924	0.0		0.0	
92	4	0.0	0.25	0.0	0.0	0.0022062855118623924	0.0		0.0	
93	4	0.0	0.25	0.0	0.0	0.0022062855118623924	0.0		0.0	
94	4	0.0	0.25	0.0	0.0	0.0022062855118623924	0.0		0.0	
