1	4	0.0	0.25	0.0	0.0	0.00375	0.0		0.0	
2	4	0.0	0.25	0.0	0.0	0.00375	0.0		0.0	
3	4	0.0	0.25	0.0	0.0	0.003638187560413125	0.0		0.0	
4	4	0.0	0.25	0.0	0.0	0.0034478577600169954	0.0		0.0	
5	4	0.0	0.25	0.0	0.0	0.003178274667184105	0.0		0.0	
6	4	0.0	0.25	0.0	0.0	0.002828730719359023	0.0		0.0	
7	4	6.2520653736735186e-06	0.25	0.0	0.0	0.0025188887805460683	0.0	0.0	2.500826149469408e-05	
8	4	6.456150521056583e-06	0.25	4.264199835003712e-06	1.8027009601037232	0.002536341266315377	0.0	0.0	2.5824602084226333e-05	1.264222059434266
9	4	6.7654140297827885e-06	0.25	5.477314577000938e-06	2.1905194714841376	0.0025608523163523967	0.0	0.0	2.7061656119131154e-05	1.2234434973218629
10	4	7.087227833207012e-06	0.25	5.364167057140511e-06	2.2080712477734403	0.002585533377317471	0.0	0.0	2.8348911332828046e-05	1.0754387858365433
11	4	7.2576159481635456e-06	0.25	3.2706258741085262e-06	1.579259571116338	0.0025984358668048	0.0	0.0	2.9030463792654186e-05	0.9151381033995476
12	4	7.643403766044334e-06	0.25	5.9525266900489376e-06	2.465190616786926	0.0026276327972427427	0.0	0.0	3.057361506417734e-05	1.4226586774063663
13	4	8.108240453551179e-06	0.25	6.9738820553415695e-06	2.8149729538278443	0.002663111233693258	0.0	0.0	3.2432961814204714e-05	1.3352528276760949
14	4	8.555154564461328e-06	0.25	6.601038886018108e-06	2.783769551962075	0.002697789386073368	0.0	0.0	3.422061825784531e-05	1.0986683355374744
15	4	9.040516817429754e-06	0.25	6.6514083996209175e-06	2.867136268080163	0.002733790033147553	0.0	0.0	3.6162067269719014e-05	2.000934924213454
16	4	9.747869961508246e-06	0.25	9.965707190301697e-06	3.712924635815405	0.002785197597492063	0.0	0.0	3.899147984603298e-05	1.5086164850761181
17	4	1.0178413319373596e-05	0.25	5.5012428264810835e-06	2.6332448345953985	0.002816324276799491	0.0	0.0	4.0713653277494384e-05	1.0860018516538228
18	4	1.0706541636232263e-05	0.25	6.561468757170781e-06	3.0388230817667288	0.0028547516474636465	0.0	0.0	4.282616654492905e-05	1.3670250233132133
19	4	1.14232190323268e-05	0.25	8.989609868827004e-06	3.843955848030309	0.002907819160770788	0.0	0.0	4.56928761293072e-05	1.06756824676319
20	4	1.2066206976688465e-05	0.25	8.040929495689079e-06	3.646084897571132	0.002956894862521616	0.0	0.0	4.826482790675386e-05	1.1063998762084333
21	4	1.2473830006456662e-05	0.25	5.278534757436636e-06	2.773085726924292	0.002989524696081344	0.0	0.0	4.989532002582665e-05	0.9478205191429508
22	4	1.285004518478115e-05	0.25	4.857014483212408e-06	2.6551776062647923	0.0030197695244057513	0.0	0.0	5.1400180739124604e-05	1.2710371166846215
23	4	1.3607510432813604e-05	0.25	9.995875626880018e-06	4.406104085091764	0.003082188285531648	0.0	0.0	5.443004173125442e-05	1.1945763637325242
24	4	1.4268260050397421e-05	0.25	7.986915970128404e-06	3.944333098681886	0.003135678341195454	0.0	0.0	5.7073040201589684e-05	0.9775441470331474
25	4	1.1682272734258798e-05	0.25	6.583330914758737e-06	3.304924055849169	0.0030299133386699328	0.0	0.0	4.672909093703519e-05	1.2122314014514368
26	4	1.2279737500041204e-05	0.25	1.0732824346086909e-05	4.586927832431825	0.0030956105760765484	0.0	0.0	4.911895000016482e-05	1.0685611625119138
27	4	1.2718261837574769e-05	0.25	7.1603572654090334e-06	3.596616307530462	0.003142588804598921	0.0	0.0	5.0873047350299075e-05	0.9218064034638004
28	4	1.3380410981864305e-05	0.25	9.795122997068912e-06	4.483022381107708	0.003205655577426819	0.0	0.0	5.352164392745722e-05	0.9464673318794375
29	4	1.4107198465682786e-05	0.25	1.0055854520578037e-05	4.617893547160143	0.003270818015193448	0.0	0.0	5.642879386273114e-05	1.2281936858305036
30	4	1.5066645345119345e-05	0.25	1.328396575201058e-05	5.635571003050807	0.003354380883232321	0.0	0.0	6.026658138047738e-05	1.2552777729091258
31	4	1.1907676464841765e-05	0.25	7.741052227428561e-06	3.853028095508942	0.003226964470161965	0.0	0.0	4.7630705859367046e-05	1.2061963966291975
32	4	1.246835637725386e-05	0.25	1.1135366677919237e-05	4.758850420582536	0.0032945981369440764	0.0	0.0	4.987342550901544e-05	1.030901950476559
33	4	1.3002688408330764e-05	0.25	9.495231370950666e-06	4.5130089588854405	0.003357261528879159	0.0	0.0	5.201075363332306e-05	1.2181998439743378
34	4	1.3538538747144215e-05	0.25	1.0465993033373822e-05	4.777706543967954	0.0034244228645472327	0.0	0.0	5.415415498857687e-05	1.1638922184897669
35	4	1.403415979430784e-05	0.25	9.159985529914967e-06	4.682949003527817	0.0034894095664715933	0.0	0.0	5.613663917723137e-05	1.0676836949376978
36	4	1.4708695135945615e-05	0.25	1.4276467039447864e-05	6.166876289501586	0.003581416060913228	0.0	0.0	5.8834780543782474e-05	1.234294618610342
37	4	1.5361833820380252e-05	0.25	1.220933441555374e-05	6.240993548973441	0.00367421291268741	0.0	0.0	6.144733528152101e-05	1.2453512338207735
38	4	1.6091705302266117e-05	0.25	1.578556997541484e-05	7.525138075880863	0.003790161528559676	7.1956963446189285e-06	0.007640554432597853	6.436682120906445e-05	1.2250384051960457
39	4	1.6724497117747643e-05	0.25	8.871529690532349e-06	7.429438347768701	0.0039036107352375757	2.03880387156813e-05	0.019904997821511103	6.689798847099059e-05	1.0669957555040623
40	4	1.7296876750035764e-05	0.25	7.562812373457057e-06	7.514326452080018	0.004017914300611117	3.7192113184062985e-05	0.03346675334978993	6.918750700014305e-05	0.8751085221396981
41	4	1.7944807159681012e-05	0.25	1.090503037861293e-05	9.253304566809373	0.004163641372791085	6.307582195836074e-05	0.05151532936344911	7.177922863872405e-05	1.107952943520731
42	4	1.576456100278241e-05	0.25	9.545834734380896e-06	8.493985829982352	0.004171252709859355	9.376896429875389e-05	0.07814448964789426	6.305824401112964e-05	1.273237937152993
43	4	1.6280020084043932e-05	0.25	1.2930187964593602e-05	12.480152956388752	0.0043756594610637215	0.00014820137699625945	0.10935422195289883	6.512008033617573e-05	1.2058995494163596
44	4	1.6890071951533005e-05	0.25	1.1544478666950647e-05	13.07255572107876	0.004589728540918585	0.00021401705542237445	0.1411169819613271	6.756028780613202e-05	1.1081091956842752
45	4	1.7633657473587745e-05	0.25	1.1649699611975916e-05	15.157050295496076	0.0048409792001828066	0.00029891487746183074	0.17519147801044932	7.053462989435098e-05	1.1828403176950868
46	4	1.861858141649665e-05	0.25	9.635137325512878e-06	17.704399266258168	0.005137732688139023	0.0003945567776984707	0.20347842416931985	7.44743256659866e-05	1.0473938693804126
47	4	1.9912514955969876e-05	0.25	1.2449258103795464e-05	21.615765508994368	0.005504915105025101	0.0005128053121582926	0.2296912245488824	7.965005982387949e-05	1.2142984900145375
48	4	1.64280438352986e-05	0.25	1.0941981717172142e-05	19.134449968158453	0.005620603910512809	0.0006310755734011522	0.2769207187534525	6.57121753411944e-05	1.1525119988133798
49	4	1.7265403353383708e-05	0.25	1.3061008609036094e-05	22.782661273149017	0.006006313373381721	0.0007819183874476281	0.3029996770272106	6.906161341353483e-05	1.1379909523720273
50	4	1.8179191723995214e-05	0.25	7.516579350728723e-06	22.193062262204574	0.006378694600596458	0.0009384585396395984	0.3270380876837161	7.271676689598087e-05	1.1211726113035525
51	4	1.9673490612558733e-05	0.25	1.2032570007855824e-05	29.981496221231904	0.006892692797065194	0.0011365230521277335	0.34629003508499434	7.869396245023495e-05	1.1724106388827489
52	4	2.13391924682436e-05	0.25	1.8401109846321382e-05	30.680105942548767	0.007416366046706944	0.0013307565017376267	0.35876496786539824	8.53567698729744e-05	1.099858328037261
53	4	2.339254190607717e-05	0.25	1.2741857654978516e-05	35.74254228664979	0.008030315240747581	0.001558605205589873	0.3699306744740286	9.357016762430868e-05	1.1955548783581922
54	4	2.575141153689713e-05	0.25	1.6545153538235628e-05	39.96864734415169	0.008718512725969641	0.0018234065019314735	0.3817407838467121	0.00010300564614758854	1.1419304816838982
55	4	2.8572515228476386e-05	0.25	1.938829106257488e-05	47.36875524153999	0.009539159641431708	0.0021633039935455897	0.39766930815965706	0.00011429006091390554	1.159581160833748
56	4	3.1689950700585125e-05	0.25	2.398974602532233e-05	51.51985556689288	0.010431366249960248	0.002520556055774344	0.4085577739389117	0.0001267598028023405	1.178253298153228
57	4	3.494364482008836e-05	0.25	2.5577588137468336e-05	57.0308847239915	0.0114198189220007	0.0029095196776869944	0.4166760895948009	0.00013977457928035343	1.1831048268643047
58	4	3.8607746274825124e-05	0.25	2.7797251725500147e-05	65.59546862944916	0.012560353824032559	0.0033618935361508827	0.4244200253341321	0.0001544309850993005	1.1591649867716427
59	4	4.2850080569660215e-05	0.25	3.34539902416164e-05	73.6470125602088	0.013842529704506569	0.0038859553877870117	0.4332022519858298	0.00017140032227864086	1.1419421424658558
60	4	4.800562263588644e-05	0.25	3.1876209136643514e-05	88.57976000985025	0.015392647767342253	0.004566436720866231	0.4468921783845339	0.00019202249054354572	1.1338811624760796
61	4	5.36968175754474e-05	0.25	4.027570122101288e-05	98.30765017389028	0.017112812353752217	0.005274457261508717	0.4537867801898854	0.0002147872703017896	1.1620058103257032
62	4	5.95733449354584e-05	0.25	4.291889405141837e-05	108.62263662145806	0.01901280417576193	0.006038313931781758	0.4581009514129848	0.0002382933797418336	1.1566953413017604
63	4	6.623575897122367e-05	0.25	4.33695779208142e-05	118.15298572361118	0.021076986928167004	0.006859705970962373	0.4611853977373474	0.0002649430358848947	1.1641769528631205
64	4	7.418249886936604e-05	0.25	5.973090550803461e-05	135.68978154208742	0.023452318970499802	0.007830004073523042	0.46593645478833706	0.00029672999547746416	1.1253211552818378
65	4	7.17894193869925e-05	0.25	4.658515234356613e-05	144.2197425149461	0.025431880301092814	0.008917919549280562	0.4879265695031378	0.00028715767754797006	1.1618426623564129
66	4	7.936472579749938e-05	0.25	5.829762692363484e-05	160.01711574514695	0.028229447826052374	0.010067957286019063	0.4904853522792421	0.0003174589031899975	1.154452911007891
67	4	8.559304133201407e-05	0.25	5.981358484359089e-05	169.60935113670314	0.031186695473029293	0.01126746614823647	0.4921100555729304	0.0003423721653280563	1.1596860732928784
68	4	9.178565716834016e-05	0.25	6.339063165767788e-05	182.54959438800483	0.034364502504135974	0.012553418932540984	0.4937783900154945	0.00036714262867336065	1.1789880675199065
69	4	9.792841093062502e-05	0.25	6.873207725580167e-05	205.48927990567748	0.03794631108599243	0.014064826216280022	0.4985855553384363	0.00039171364372250013	1.1729196394253631
70	4	0.00010275168896358725	0.25	8.538270899428173e-05	218.62319051092103	0.04174832410419265	0.01574930254051937	0.5066939702670537	0.000411006755854349	1.1679184400831921
71	4	0.00010473950397088105	0.25	8.681904794161183e-05	228.2267608713146	0.045703898755633784	0.017552310744517845	0.516443367652638	0.0004189580158835241	1.1778737425691608
72	4	0.00010473950397088105	0.25	8.529800695042138e-05	226.32559764725133	0.04959941180550462	0.019394831968621302	0.5279715390875157	0.0004189580158835241	1.180664374832992
73	4	0.00010473950397088105	0.25	8.266139170611686e-05	229.4109109119664	0.0535274126706089	0.02133351077784544	0.5420819559755102	0.0004189580158835241	1.1731155109247322
74	4	0.00010473950397088105	0.25	7.676399120300357e-05	224.7089669671565	0.057343755457998385	0.023395414384372457	0.5618666848921599	0.0004189580158835241	1.1969988854176912
75	4	0.00010473950397088105	0.25	7.856048336952092e-05	234.2423519441217	0.06131227228041852	0.025554946838257302	0.5834694401385858	0.0004189580158835241	1.1712865083311643
76	4	0.00010473950397088105	0.25	9.130307089809088e-05	236.07350818596302	0.06528963490506287	0.027568913391804884	0.6017806784359546	0.0004189580158835241	1.165223131955415
77	4	0.00010473950397088105	0.25	8.34308240816716e-05	246.4264807881044	0.06943330656134446	0.02946059988349653	0.6175719636175517	0.0004189580158835241	1.1747283813788068
78	4	0.00010473950397088105	0.25	7.408941964979849e-05	230.06123318203373	0.07324837457639134	0.030942063658624182	0.6290906975855121	0.0004189580158835241	1.178913990716464
79	4	0.00010473950397088105	0.25	8.722920241729312e-05	246.98751932723732	0.07735227652130859	0.032131842742339704	0.6378509706424315	0.0004189580158835241	1.156600967431947
80	4	0.00010033870951599086	0.25	7.680013323345634e-05	226.37336312292683	0.08082924797511662	0.032636376562056896	0.6442282152007559	0.00040135483806396337	1.174011326411866
81	4	0.00010033870951599086	0.25	8.528630171503956e-05	234.20824461322616	0.08464917574795319	0.032636376562056896	0.6442282152007559	0.00040135483806396337	1.1894059821664211
82	4	0.00010033870951599086	0.25	8.453046380105593e-05	240.0034795701268	0.08855215825781122	0.032636376562056896	0.6442282152007559	0.00040135483806396337	1.177920129180886
83	4	0.00010033870951599086	0.25	7.580418898483976e-05	225.60285759139538	0.0921643680010779	0.032636376562056896	0.6442282152007559	0.00040135483806396337	1.1656309364941024
84	4	0.00010033870951599086	0.25	8.377811839985941e-05	245.2057296380644	0.09611616423044698	0.032636376562056896	0.6442282152007559	0.00040135483806396337	1.162140052196374
85	4	0.00010033870951599086	0.25	7.329046792445321e-05	239.91821487283482	0.09994532866314763	0.032636376562056896	0.6442282152007559	0.00040135483806396337	1.1808685212412966
86	4	0.00010033870951599086	0.25	8.492971249711415e-05	237.7271456657872	0.10370986919848536	0.032636376562056896	0.6442282152007559	0.00040135483806396337	1.1604512870591237
87	4	0.00010033870951599086	0.25	8.563649933631163e-05	234.80449753326786	0.10739667031583933	0.032636376562056896	0.6442282152007559	0.00040135483806396337	1.1799427355288479
88	4	0.00010033870951599086	0.25	8.713521927080819e-05	241.0955899860948	0.11117653039727053	0.032636376562056896	0.6442282152007559	0.00040135483806396337	1.1645086926317614
89	4	0.00010033870951599086	0.25	8.289416135288885e-05	229.1342109744239	0.11471148083826115	0.032636376562056896	0.6442282152007559	0.00040135483806396337	1.1779767295979116
90	4	0.00010033870951599086	0.25	8.592371337671298e-05	237.25538156840838	0.11837427443296687	0.032636376562056896	0.6442282152007559	0.00040135483806396337	1.1559327644045696
91	4	0.00010033870951599086	0.25	8.561661014671435e-05	240.25561880016969	0.12206944941306527	0.032636376562056896	0.6442282152007559	0.00040135483806396337	1.1893006855018995
92	4	0.00010033870951599086	0.25	7.926227367111451e-05	235.28598310142243	0.12564948505060627	0.032636376562056896	0.6442282152007559	0.00040135483806396337	1.1733890927286663
93	4	9.058092941075814e-05	0.25	8.018905112702212e-05	237.07602735557398	0.12875216499437173	0.032636376562056896	0.6504929316553366	0.00036232371764303257	1.178973615686997
94	4	9.058092941075814e-05	0.25	7.396152751040316e-05	231.9568654644177	0.1322285634475246	0.032636376562056896	0.6504929316553366	0.00036232371764303257	1.188472719452286
