1	4	0.0	0.25	0.0	0.0	0.00375	0.0		0.0	
2	4	0.0	0.25	0.0	0.0	0.00375	0.0		0.0	
3	4	0.0	0.25	0.0	0.0	0.003638187560413125	0.0		0.0	
4	4	0.0	0.25	0.0	0.0	0.0034478577600169954	0.0		0.0	
5	4	0.0	0.25	0.0	0.0	0.003178274667184105	0.0		0.0	
6	4	0.0	0.25	0.0	0.0	0.002828730719359023	0.0		0.0	
7	4	6.2520653736735186e-06	0.25	0.0	0.0	0.0025188887805460683	0.0	0.0	2.500826149469408e-05	
8	4	7.608807874014371e-06	0.25	6.765470378271953e-06	7.135380169735549	0.0026349115753620538	0.0	0.0	3.0435231496057484e-05	1.392811199919801
9	4	8.629033561274468e-06	0.25	4.3420886915479965e-06	5.2725653537116735	0.0027157707849483504	0.0	0.0	3.4516134245097866e-05	1.2298169300853077
10	4	1.066132174513479e-05	0.25	8.482482208541161e-06	9.357876710419813	0.0028716342936939174	0.0	0.0	4.264528698053916e-05	1.1153034361682481
11	4	1.278934779559509e-05	0.25	8.257728274807523e-06	9.696615967255957	0.0030327771865055982	0.0	0.0	5.115739118238036e-05	1.4850122842093103
12	4	1.52614688433652e-05	0.25	9.303057541949596e-06	11.155466553289001	0.003219870565094918	0.0	0.0	6.10458753734608e-05	1.4157184936673766
13	4	1.8872805226875925e-05	0.25	1.3892827536270893e-05	16.00927797331843	0.0034955040764492323	0.0	0.0	7.54912209075037e-05	1.2042469222520364
14	4	2.2103943140982418e-05	0.25	1.1768898723140394e-05	14.755345197468117	0.003746223152466642	0.0	0.0	8.841577256392969e-05	1.100862267401291
15	4	2.7418561545002772e-05	0.25	1.905527678768972e-05	22.60314228724094	0.004140422949271921	0.0	0.0	0.00010967424618001106	1.267725498054137
16	4	3.3620384901816704e-05	0.25	2.1217335451127474e-05	25.795441062093808	0.0045911463763714635	0.0	0.0	0.00013448153960726682	1.110769585435036
17	4	4.1174510814611844e-05	0.25	2.508725952625037e-05	31.11085991582547	0.0051372815110564225	0.0	0.0	0.00016469804325844738	1.3015004095991152
18	4	5.181438150343803e-05	0.25	3.609924380858621e-05	43.63386361559603	0.005911453699380168	0.0	0.0	0.0002072575260137521	1.2259754329304329
19	4	6.569955821364414e-05	0.25	5.011713429339137e-05	57.63798637075647	0.006939603608748411	0.0	0.0	0.00026279823285457656	1.2697297492322932
20	4	8.291239135370157e-05	0.25	6.059688515358547e-05	73.4399941338468	0.008253363645582145	0.0	0.0	0.00033164956541480633	1.235661939738342
21	4	0.0001037307433950785	0.25	7.608081339704712e-05	92.9705021017152	0.009919852809563505	0.0	0.0	0.000414922973580314	1.143291558284674
22	4	0.00013032051371190378	0.25	9.722874953278836e-05	119.02649943416695	0.012057467357704285	0.0	0.0	0.0005212820548476151	1.1808760026282443
23	4	0.0001628058770112834	0.25	0.00012153458331252581	148.9332203711362	0.014734416745334903	0.0	0.0	0.0006512235080451336	1.2286491432468216
24	4	0.00020257622156443715	0.25	0.00014186930700380924	179.20056668676662	0.017953969034590823	0.0	0.0	0.0008103048862577486	1.1724240546339482
25	4	0.0002524468152193209	0.25	0.00017624650263874946	224.42542252469607	0.02198918342470389	0.0	0.0	0.0010097872608772836	1.1531217864017735
26	4	0.0003111256692436913	0.25	0.00020612381723881788	268.26566325605097	0.026809327741885748	0.0	0.0	0.0012445026769747653	1.1497389744437678
27	4	0.0003860712542307425	0.25	0.00027467304991384803	353.17487626615656	0.03316858402499077	0.0	0.0	0.0015442850169229698	1.194594321322899
28	4	0.00048298596053125155	0.25	0.00035064052622242283	450.4841828354768	0.04128646167800085	0.0	0.0	0.0019319438421250066	1.1898320808748484
29	4	0.0006027786358685463	0.25	0.0004394086760435973	564.3110286297674	0.05145719488482778	0.0	0.0	0.002411114543474185	1.1703774988829836
30	4	0.0007413022489758875	0.25	0.0005048157354970039	670.2411578683879	0.06352188616732422	0.0	0.0	0.00296520899590355	1.188835751196066
31	4	0.0009147328708382977	0.25	0.000641350699430197	849.1129981343146	0.07894507734489514	0.0	0.0	0.0036589314833531898	1.1520696836605786
32	4	0.0010897910770174524	0.25	0.0007706653712321912	1033.2697014796654	0.09895677097754442	0.0	0.0	0.0043591643080698106	1.1924517247794462
33	4	0.0012584108932579086	0.25	0.0009378546526930877	1252.0692632867579	0.12460374436646525	0.0	0.0	0.0050336435730316325	1.1578910188746947
34	4	0.00143961582829891	0.25	0.0011215699324546653	1497.9953482505055	0.15487343294248726	0.0	0.0	0.00575846331319564	1.1694822436706047
35	4	0.0016209631731110073	0.25	0.0013213053470633967	1739.3558655669128	0.19008004556028674	0.0	0.0	0.006483852692444029	1.221787028990184
36	4	0.0017933248482586985	0.25	0.0014880257317365696	1988.5610334408004	0.2308035105477858	0.0	0.0	0.007173299393034794	1.1556162914856978
37	4	0.001972939196482493	0.25	0.0016266467505180885	2191.096898046951	0.2756475381484197	0.0	0.0	0.007891756785929972	1.1446773081129138
38	4	0.0021508264878660087	0.25	0.0018402082175459345	2473.0471532343468	0.3263587896731109	0.001753764825904922	0.01221174221517341	0.008603305951464035	1.1515862083561252
39	4	0.002317573282710484	0.25	0.0019713738941509813	2710.1203141083233	0.3821728680875903	0.0052300752854383785	0.031630319176983716	0.009270293130841932	1.1553782362751404
40	4	0.00249347910208403	0.25	0.00214095338434908	2965.359691447709	0.4419816603311436	0.010394365419869394	0.05410858778142059	0.00997391640833612	1.1704837126744434
41	4	0.0026640569583186264	0.25	0.002254505937077743	3175.954290731128	0.5054259570627428	0.017208658264277952	0.07755993846480028	0.010656227833274506	1.1531414991677833
42	4	0.0028434501789948953	0.25	0.0023894893733859357	3444.848657934307	0.5742816606322326	0.02563150462833667	0.10089287557316702	0.01137380071597958	1.1738630007600708
43	4	0.0030275550278867852	0.25	0.002535312016705694	3702.027658161535	0.6488782026364203	0.03561792504361113	0.12409767798785032	0.012110220111547141	1.1494209538104438
44	4	0.003205983291747948	0.25	0.0027825476966038378	4022.7602228171636	0.7316918562588416	0.04711935502121583	0.14780093561567095	0.012823933166991793	1.1471752920605771
45	4	0.003367886280162997	0.25	0.002964766662081503	4347.941115173778	0.822439201099653	0.0600835937612076	0.1715806231199134	0.01347154512065199	1.154043234540293
46	4	0.00353478822223953	0.25	0.0031597086855320172	4633.875140424338	0.9178841107604552	0.07445475645235305	0.1928334340948156	0.01413915288895812	1.1540499273426192
47	4	0.0037067874828727453	0.25	0.003239651979550016	4846.010798706675	1.0166689369716009	0.0901732302978728	0.21210900946225636	0.014827149931490981	1.1439277054008463
48	4	0.003891876902000585	0.25	0.003436640706048244	5112.848873501113	1.1207008224577022	0.10717563439944396	0.2299481494792132	0.01556750760800234	1.1453826095724629
49	4	0.0040786668974254784	0.25	0.0035122835911752482	5391.27192500897	1.2311752350060083	0.12539478362813558	0.24742104231310555	0.016314667589701914	1.1454344050109482
50	4	0.004255290415076539	0.25	0.0037201893272302594	5698.460836733956	1.3494633264457456	0.14475965660706314	0.2652565196330848	0.017021161660306157	1.1570459487657865
51	4	0.004444468766926667	0.25	0.003876055028375386	6020.333734999226	1.4728127180129331	0.16519536792637932	0.2799742406469211	0.01777787506770667	1.1364990840035478
52	4	0.0046282285035631286	0.25	0.0040545869460006075	6317.316358335166	1.6016132543676167	0.18662314470677446	0.2928917710184607	0.018512914014252514	1.1595246303559603
53	4	0.00482952875298856	0.25	0.004201812693935046	6582.652216708174	1.7352251565327508	0.2089603076229464	0.30434925117454725	0.01931811501195424	1.1536288442427325
54	4	0.0050358392990353384	0.25	0.0043847226140765845	6976.251885063621	1.87802695322527	0.2321202564935162	0.3154452444253981	0.02014335719614135	1.159659272928463
55	4	0.005234141395092454	0.25	0.004635594313556693	7368.178348855296	2.030966588496789	0.25601246053863	0.327180169121299	0.020936565580369812	1.1489218208269096
56	4	0.005448193819038219	0.25	0.004772342644523776	7665.331662241158	2.1888436790765544	0.2805424534009877	0.3369607030172777	0.021792775276152875	1.1571569035614386
57	4	0.005657900044638074	0.25	0.004923745300117185	7916.3032352616565	2.3508787800571	0.3056118330203001	0.3453298716989166	0.022631600178552296	1.158611678150146
58	4	0.005864495006015067	0.25	0.00518726862822838	8379.454612886122	2.5234284438973003	0.33111826644519626	0.353042640873545	0.023457980024060267	1.1502083886415349
59	4	0.006073650051760597	0.25	0.005216269855877746	8600.301224277015	2.700725565658668	0.3569554996603837	0.3606980558571389	0.024294600207042397	1.1466033613992694
60	4	0.006271072748097264	0.25	0.0055068568658272156	8978.566362130425	2.888067432126153	0.3830133725004369	0.3692013692913437	0.02508429099238905	1.1342525476414602
61	4	0.006481387377643338	0.25	0.005618921334707451	9326.359727083252	3.081103409921301	0.4091778387149298	0.37562292631156174	0.025925549510573357	1.143776994495284
62	4	0.006682589674306546	0.25	0.00574058460484503	9680.100023735291	3.2811065632797147	0.4353309912427789	0.3809756812275951	0.026730358697226186	1.1439763717171263
63	4	0.006893641986968489	0.25	0.005917096646903458	9940.984863904883	3.4860542678006037	0.4613510927466124	0.3856478844575644	0.027574567947873958	1.1509864869855466
64	4	0.007104628783688612	0.25	0.006141101749322712	10310.122617805971	3.6999008827279862	0.4871126114507473	0.390450893160976	0.02841851513475445	1.146946943300453
65	4	0.0072350650158271015	0.25	0.0063721377324175545	10703.204965778079	3.920814748176565	0.5124862623189482	0.3969021649184194	0.028940260063308406	1.1545523844129737
66	4	0.007398770521394813	0.25	0.0065073396427654615	10993.99666204265	4.149924923465036	0.5373390536005784	0.4010517152758312	0.02959508208557925	1.1474508485827783
67	4	0.007524401832012581	0.25	0.006547699301964783	11237.00301057108	4.383735348223187	0.5615343387660311	0.4046731794344848	0.030097607328050325	1.1478394135837326
68	4	0.007637074667303466	0.25	0.006714032218933884	11585.562803614046	4.6254304142586	0.5849318738444796	0.4080156812920741	0.030548298669213863	1.155337093438769
69	4	0.007728341739270066	0.25	0.006764453167949679	11738.433317722976	4.870959167700434	0.6073878801690021	0.4117886840692794	0.030913366957080263	1.1436747351290315
70	4	0.007560016974466556	0.25	0.0067693785902822965	11677.570276488394	5.10333406984632	0.6287551125260508	0.4191792187529579	0.030240067897866225	1.152309800788345
71	4	0.007582207879041072	0.25	0.006875993177944796	11811.351112842607	5.350369777078613	0.6488829326980451	0.42344482011705453	0.03032883151616429	1.1551337009788372
72	4	0.007582207879041072	0.25	0.006837583316597808	11922.73255460993	5.600072863997237	0.6676173883795984	0.42786960923290224	0.03032883151616429	1.1458103185885389
73	4	0.007582207879041072	0.25	0.006793882325283774	11990.92321773355	5.851383081385353	0.6848012974395454	0.4324459824983468	0.03032883151616429	1.1438320979298569
74	4	0.007582207879041072	0.25	0.006828321454593713	12055.54428985319	6.104785568941076	0.7002743374925426	0.4374820379550308	0.03032883151616429	1.1407535715232016
75	4	0.006923061918451258	0.25	0.006149086376495886	11163.657900514976	6.300962679190916	0.7138731407355723	0.4514372131924426	0.027692247673805032	1.1403933670944688
76	4	0.006923061918451258	0.25	0.006166799863200481	11221.31830558553	6.530781454813477	0.7254313939962224	0.4554176622715375	0.027692247673805032	1.1489378948360591
77	4	0.006923061918451258	0.25	0.006198116363795553	11171.507254076696	6.7582231003253845	0.7347799439311332	0.4585951211630765	0.027692247673805032	1.1476224139841225
78	4	0.006923061918451258	0.25	0.006261506903343789	11221.534464291108	6.98602578755408	0.7417469073045357	0.4609390989773806	0.027692247673805032	1.148285339618771
79	4	0.006923061918451258	0.25	0.006260335277313535	11299.715821376667	7.215011379941938	0.7461577862683522	0.4624126391981278	0.027692247673805032	1.1550511528446237
80	4	0.00596366699565956	0.25	0.005281630196210232	9990.991460860969	7.360659697041619	0.7478355885569123	0.4771407606941965	0.02385466798263824	1.140435994168384
81	4	0.00596366699565956	0.25	0.005411817274227394	9954.91951143539	7.552820752113345	0.7478355885569123	0.4771407606941965	0.02385466798263824	1.1442662177846923
82	4	0.00596366699565956	0.25	0.005298877045462751	9915.97992972395	7.742318580991876	0.7478355885569123	0.4771407606941965	0.02385466798263824	1.1494031980931214
83	4	0.00596366699565956	0.25	0.005321718237924695	9991.652873465124	7.932210874424549	0.7478355885569123	0.4771407606941965	0.02385466798263824	1.15045749861215
84	4	0.004968501455778879	0.25	0.004493395946042478	8639.640529106324	8.035043691514904	0.7478355885569123	0.4927853256182618	0.01987400582311552	1.1521633473141517
85	4	0.004968501455778879	0.25	0.00446962529346366	8601.892268300371	8.185828998094715	0.7478355885569123	0.4927853256182618	0.01987400582311552	1.1580940162081856
86	4	0.004968501455778879	0.25	0.004548591051655128	8717.864411216879	8.338443574458934	0.7478355885569123	0.4927853256182618	0.01987400582311552	1.1499206627464371
87	4	0.004968501455778879	0.25	0.00454776766824031	8707.03464736755	8.489530178511721	0.7478355885569123	0.4927853256182618	0.01987400582311552	1.151833796554636
88	4	0.004968501455778879	0.25	0.0044349918016454324	8678.58840379679	8.638644991562087	0.7478355885569123	0.4927853256182618	0.01987400582311552	1.157351808860867
89	4	0.003977808827587821	0.25	0.0035801355505211884	7293.322104953047	8.700450600027741	0.7478355885569123	0.509412963834412	0.01591123531035129	1.1563737241490006
90	4	0.003977808827587821	0.25	0.003542524859813652	7295.953339369876	8.811458579474593	0.7478355885569123	0.509412963834412	0.01591123531035129	1.1634613423785616
91	4	0.003977808827587821	0.25	0.0035622772377570133	7304.2584541729	8.921849048493359	0.7478355885569123	0.509412963834412	0.01591123531035129	1.1640262013441631
92	4	0.003977808827587821	0.25	0.0035420306215612095	7278.29629241024	9.030730482569917	0.7478355885569123	0.509412963834412	0.01591123531035129	1.15052180247571
93	4	0.0029822864551100076	0.25	0.0026404703181621475	6032.199060040174	9.056129263475	0.7478355885569123	0.5272916579206232	0.01192914582044003	1.1591941291255123
94	4	0.0029822864551100076	0.25	0.002684907549771925	5996.550537950075	9.130319906194432	0.7478355885569123	0.5272916579206232	0.01192914582044003	1.179337549601703
