1	4	0.0	0.25	0.0	0.0	0.00375	0.0		0.0	
2	4	0.0	0.25	0.0	0.0	0.00375	0.0		0.0	
3	4	0.0	0.25	0.0	0.0	0.003638187560413125	0.0		0.0	
4	4	0.0	0.25	0.0	0.0	0.0034478577600169954	0.0		0.0	
5	4	0.0	0.25	0.0	0.0	0.003178274667184105	0.0		0.0	
6	4	0.0	0.25	0.0	0.0	0.002828730719359023	0.0		0.0	
7	4	6.2520653736735186e-06	0.25	0.0	0.0	0.0025188887805460683	0.0	0.0	2.500826149469408e-05	
8	4	6.791906091664632e-06	0.25	5.774285070259923e-06	3.3560478817237054	0.002565053641483985	0.0	0.0	2.716762436665853e-05	1.2849943306284892
9	4	7.057259584637248e-06	0.25	2.8933067831198103e-06	2.0120290330973525	0.0025860845505962147	0.0	0.0	2.8229038338548994e-05	1.04384978680565
10	4	7.680612948608544e-06	0.25	5.6491613488690965e-06	3.4678022207497112	0.0026338917677362398	0.0	0.0	3.072245179443417e-05	1.0893296265211534
11	4	8.147930557557953e-06	0.25	4.158387531792513e-06	2.8121710030498708	0.002669278980854076	0.0	0.0	3.259172223023181e-05	1.0710759837447266
12	4	8.545388567779837e-06	0.25	3.566662270943745e-06	2.537118379608556	0.002699359126827056	0.0	0.0	3.418155427111935e-05	1.31314504943629
13	4	9.25519970396346e-06	0.25	5.900153563505208e-06	3.850962218536469	0.0027535351201679174	0.0	0.0	3.702079881585384e-05	1.0349513840640348
14	4	9.927766458334407e-06	0.25	5.532860403916156e-06	3.761854218800986	0.0028057227146620197	0.0	0.0	3.971106583333763e-05	1.1100019375223005
15	4	1.0966561686759436e-05	0.25	8.03520818464289e-06	5.124719441157522	0.002882773000653893	0.0	0.0	4.3866246747037736e-05	1.0903087722186309
16	4	1.2281202936716254e-05	0.25	9.897863937802471e-06	6.151430763056703	0.0029783158072602665	0.0	0.0	4.912481174686502e-05	1.5783619351894196
17	4	1.3753223246313061e-05	0.25	1.0814892501541107e-05	6.772539190672883	0.003084737386582763	0.0	0.0	5.5012892985252246e-05	1.1824049164592865
18	4	1.5599563377745216e-05	0.25	1.6122690414997023e-05	8.319331680003678	0.0032190797316868154	0.0	0.0	6.239825351098087e-05	1.0256675477513042
19	4	1.68143562545409e-05	0.25	8.37611956179899e-06	5.963550795066191	0.003309030994983351	0.0	0.0	6.72574250181636e-05	1.055279908133317
20	4	1.859389776828755e-05	0.25	1.2550724856163546e-05	8.475856355913802	0.0034448535237689387	0.0	0.0	7.43755910731502e-05	1.1457099551742655
21	4	2.052790305767392e-05	0.25	1.4260187350075384e-05	9.54966135137098	0.0035996687969202064	0.0	0.0	8.211161223069567e-05	1.2728801862736336
22	4	2.307103054541955e-05	0.25	1.9262173496441768e-05	12.287572591365654	0.00380411683279293	0.0	0.0	9.22841221816782e-05	1.1205560276571789
23	4	2.5009804370926854e-05	0.25	1.3729293376274793e-05	9.939850080397942	0.003963881073602425	0.0	0.0	0.00010003921748370743	1.2587705237045426
24	4	2.710176327672402e-05	0.25	1.4323085353547995e-05	10.512980856363416	0.0041332326635839245	0.0	0.0	0.00010840705310689609	1.3565015137109795
25	4	3.025143347183637e-05	0.25	2.4217366811538645e-05	15.19626727989928	0.004388084141458458	0.0	0.0	0.00012100573388734546	1.3866635944752848
26	4	3.3516647223460314e-05	0.25	2.2965965745196532e-05	16.00633168831426	0.004656303447560409	0.0	0.0	0.00013406658889384126	1.1972653035741945
27	4	3.739194458884343e-05	0.25	2.893473408181776e-05	19.37655261251644	0.004985128809641054	0.0	0.0	0.00014956777835537372	1.1849787219576928
28	4	4.253358961435725e-05	0.25	4.325391199361925e-05	24.998999856660465	0.0054158090112908	0.0	0.0	0.000170134358457429	1.185004755120979
29	4	4.778077932105942e-05	0.25	3.824620096154724e-05	25.947602802560226	0.0058613100942427505	0.0	0.0	0.00019112311728423768	1.0503028076262266
30	4	5.343580968685244e-05	0.25	4.5299426007479416e-05	28.64339232860289	0.006353834033129383	0.0	0.0	0.00021374323874740977	1.0992346476159678
31	4	5.9834369468858926e-05	0.25	4.682119049560475e-05	32.09696234174869	0.006907091550038018	0.0	0.0	0.0002393374778754357	1.1782801454645997
32	4	6.711383138637315e-05	0.25	5.318938879647278e-05	36.80107253190103	0.007543815258166944	0.0	0.0	0.0002684553255454926	1.1203963942100046
33	4	7.479717428717563e-05	0.25	5.780387844942046e-05	40.10032151996445	0.008237511585079819	0.0	0.0	0.0002991886971487025	1.3417806236905876
34	4	8.216166551880352e-05	0.25	6.293684566493662e-05	44.69679866492665	0.009011799827976051	0.0	0.0	0.00032864666207521414	1.2046246052733645
35	4	8.932510454365627e-05	0.25	6.994258522971834e-05	49.58935351556464	0.009871645017312204	0.0	0.0	0.00035730041817462515	1.1656871115559064
36	4	9.63989781800228e-05	0.25	7.416665038195209e-05	55.564558086853935	0.010836520058292163	0.0	0.0	0.0003855959127200912	1.1703741318925929
37	4	0.00010488769902603725	0.25	9.189149135259668e-05	68.94176296609245	0.012042583316942768	0.0	0.0	0.000419550796104149	1.1627859442847808
38	4	0.00011358372973708604	0.25	9.448796985522772e-05	78.84216765536712	0.013424049437421369	8.573289675396999e-05	0.011752953464017002	0.00045433491894834415	1.1200269731726016
39	4	0.00012207067853309248	0.25	9.290105376858992e-05	86.89271945027588	0.0149456203308284	0.0002626674453106596	0.031266435804725407	0.0004882827141323699	1.1926281836541517
40	4	0.00013084979902731642	0.25	0.00010660886119508351	99.94145508901708	0.01669880076690059	0.0005204072149144392	0.053451438050336766	0.0005233991961092658	1.1256797561031662
41	4	0.00013929841737054017	0.25	9.107876607767516e-05	108.49237761046119	0.0185989931282964	0.0008579150297751803	0.07652613152507033	0.0005571936694821607	1.1416513078583286
42	4	0.0001504187196008064	0.25	0.00011713187354873904	143.74793469574516	0.021138885046091228	0.001380033964115838	0.10450857569585026	0.0006016748784032254	1.1344715520307385
43	4	0.0001629592218371255	0.25	0.00010929808015698304	161.89865321930296	0.02399827715613709	0.0020602698639541578	0.13334502291436168	0.0006518368873485021	1.1261708471220655
44	4	0.00017750663817638906	0.25	0.00013539150552456953	189.024128408954	0.027341047804390214	0.002997991762718427	0.1661642507888608	0.0007100265527055562	1.1943320719851416
45	4	0.00019311281016724463	0.25	0.00014643622435864042	222.0043719488966	0.03127237241520035	0.0042476421952858424	0.20162954740227268	0.0007724512406689785	1.158871552145993
46	4	0.00020969956080529759	0.25	0.00016273769991009493	255.48039199248188	0.03579770713065203	0.005675851411854555	0.2303744017469749	0.0008387982432211903	1.1678595777292016
47	4	0.00022734858088577358	0.25	0.00017497796360342607	283.15142063998854	0.0408060090651226	0.007288740092379742	0.2544848856498744	0.0009093943235430943	1.1306917608705462
48	4	0.0002476055453911781	0.25	0.00019578488393895082	315.4740488283681	0.046380216621365634	0.009149554708444772	0.2762220998964016	0.0009904221815647124	1.1763689406701965
49	4	0.0002699836325048976	0.25	0.00020460238095843804	345.51320182305864	0.05247455638178882	0.0113322717626965	0.2981985024522417	0.0010799345300195903	1.1533565323519221
50	4	0.0002949607537788592	0.25	0.00022114815991349678	394.6347940887488	0.0594384751374788	0.014070745026518	0.32341091500206376	0.0011798430151154365	1.1813327721702551
51	4	0.0003219326201544591	0.25	0.00025362951158800683	442.8139074380992	0.06724907357198001	0.016984340951233506	0.3408881394767695	0.0012877304806178365	1.1737495637102282
52	4	0.0003489779143968803	0.25	0.00027613647532060467	482.91673502879706	0.0757517339220958	0.02013802705567758	0.3547847490181483	0.0013959116575875212	1.1374590312595714
53	4	0.00038081087221029616	0.25	0.0002879587689561795	540.7458716730612	0.08526975283956581	0.023670352359851127	0.3665605656046511	0.0015232434888411846	1.1593297416434334
54	4	0.0004156966753147792	0.25	0.0003106374533890406	579.6892551725707	0.09544764552713736	0.02758655263022122	0.378389068844136	0.0016627867012591168	1.168185487242908
55	4	0.00045428547981222697	0.25	0.0003603936823784064	639.824132044354	0.10667296258185063	0.032235881150906524	0.393218038639677	0.0018171419192489079	1.171148926539616
56	4	0.0004948208960719117	0.25	0.0003448675691805505	663.9849861782354	0.11827415419910073	0.03688116127992155	0.4032294342075885	0.001979283584287647	1.1910932616226144
57	4	0.0005388342352993625	0.25	0.00042364294402687117	763.6854435687517	0.1316451415036599	0.042142746176842716	0.4112852280630658	0.00215533694119745	1.1473413985260548
58	4	0.0005835633146614957	0.25	0.0004305934506429738	798.1036514251041	0.14556808462585874	0.04766504583653906	0.4184003485980256	0.0023342532586459828	1.188736768460164
59	4	0.0006332718466254067	0.25	0.0005029964676231714	862.3941795315224	0.16059167218601242	0.05380561456419362	0.42630016551449607	0.002533087386501627	1.1823807558049322
60	4	0.000686562654298417	0.25	0.0005224873317214159	921.5809929346678	0.17661463204084352	0.06083948207615879	0.4373341209697728	0.002746250617193668	1.1655333416684002
61	4	0.0007432396726492771	0.25	0.0005745108012836803	986.9677941091384	0.19374526995885832	0.06789046057908027	0.4434200973276599	0.0029729586905971085	1.1598583876063615
62	4	0.0008004571452767371	0.25	0.0006080516465706056	1066.8614414002773	0.21224475501324847	0.07532783735708418	0.4476449342340193	0.0032018285811069485	1.1679596492261612
63	4	0.0008629241988534845	0.25	0.0006718556102457835	1119.3884434661923	0.23159861292338285	0.08302924111907893	0.4508821085164789	0.003451696795413938	1.1708286355659194
64	4	0.0009325357454488492	0.25	0.0007218084833962406	1204.6187311688036	0.2524059552126359	0.09152882112843408	0.4552272929783758	0.003730142981795397	1.1697931134484874
65	4	0.000988500531821792	0.25	0.0007535853547466522	1253.988109067113	0.2732021667992473	0.1008562457706921	0.4636878441298808	0.003954002127287168	1.1811962155090645
66	4	0.0010503248736152275	0.25	0.0008384917720748523	1328.3214379501135	0.29603395227176954	0.1102420477777046	0.4673917159319817	0.00420129949446091	1.172882403754326
67	4	0.001099212353820006	0.25	0.0008791280700507732	1356.6792396711066	0.3192460687743861	0.1196572685435997	0.4702272097828077	0.004396849415280024	1.1624751087241327
68	4	0.001147514003218242	0.25	0.0009315560129054093	1449.765642470237	0.3440325766296557	0.1296875436602639	0.4730069341123101	0.004590056012872968	1.1711352028972781
69	4	0.0011913111344332118	0.25	0.0009429570092185948	1498.863377449691	0.3695704618383446	0.14046370459505567	0.4776984556374286	0.004765244537732847	1.1706913977024929
70	4	0.0012084963977764972	0.25	0.0009811893338437338	1543.1512594004746	0.3949637439960234	0.1520696369935552	0.4857908457255094	0.004833985591105989	1.1548217292133498
71	4	0.001222180748672482	0.25	0.0010351310893481794	1607.8007116710546	0.4221943823235185	0.16448175625079167	0.4938952617088258	0.004888722994689928	1.1864240007485811
72	4	0.001222180748672482	0.25	0.0010548771386854241	1656.5901116058722	0.4501553006558257	0.1777068654503123	0.5037728681191527	0.004888722994689928	1.1768267068966531
73	4	0.001222180748672482	0.25	0.0010205971841926822	1642.373611172772	0.4776772845653338	0.1912904385770851	0.5154543178575433	0.004888722994689928	1.1668477918169935
74	4	0.001222180748672482	0.25	0.001019549467779843	1644.7999622928228	0.5050707291355852	0.20609064005302108	0.5318406948122655	0.004888722994689928	1.1663947828435663
75	4	0.0011922764000888873	0.25	0.0009843098019867	1667.9562109982223	0.5323638547306052	0.2196894432960508	0.5497623154337826	0.004769105600355549	1.1586756583772395
76	4	0.0011922764000888873	0.25	0.0010194153181996843	1675.7924142906509	0.5620408630877743	0.2312476965567009	0.5624189004357301	0.004769105600355549	1.1691494788944297
77	4	0.0011922764000888873	0.25	0.0010021788886790943	1655.311829942993	0.5919165175555382	0.2405962464916117	0.5721468536610836	0.004769105600355549	1.1603274101176535
78	4	0.0011922764000888873	0.25	0.0010163993703689355	1667.323451408495	0.6229274680229868	0.2475632098650142	0.5791198689545455	0.004769105600355549	1.1619498170349112
79	4	0.0011922764000888873	0.25	0.0009732028927930383	1686.1793170242395	0.6553259003526926	0.2519740888288307	0.5834182777101937	0.004769105600355549	1.1509381169267183
80	4	0.0011505501719811394	0.25	0.000967074060574858	1656.220008964316	0.6858068465440922	0.25365189111739084	0.587859075456277	0.0046022006879245575	1.1683975214472209
81	4	0.0011505501719811394	0.25	0.000976239082893874	1648.1455513960416	0.7186929040814953	0.25365189111739084	0.587859075456277	0.0046022006879245575	1.1815209431375453
82	4	0.0011505501719811394	0.25	0.0009614211868196369	1637.052737149448	0.7510845321451898	0.25365189111739084	0.587859075456277	0.0046022006879245575	1.1767507797315149
83	4	0.0011505501719811394	0.25	0.000952872853450494	1624.4309433520202	0.7829530697309162	0.25365189111739084	0.587859075456277	0.0046022006879245575	1.1543163174226845
84	4	0.0010942645247457043	0.25	0.0009284277835018398	1623.2271925248392	0.8117977911300067	0.25365189111739084	0.5917184587170425	0.004377058098982817	1.1843083004372814
85	4	0.0010942645247457043	0.25	0.0009284665413024168	1605.235250973983	0.8428385856137605	0.25365189111739084	0.5917184587170425	0.004377058098982817	1.1580897691292702
86	4	0.0010942645247457043	0.25	0.0009292738343465199	1608.4305090025755	0.8738083640684385	0.25365189111739084	0.5917184587170425	0.004377058098982817	1.1900102488175388
87	4	0.0010942645247457043	0.25	0.000926389905721574	1641.2051547203266	0.9054963914318944	0.25365189111739084	0.5917184587170425	0.004377058098982817	1.1732423618790155
88	4	0.0010942645247457043	0.25	0.0009485686699627015	1630.3080893593378	0.9367506185829452	0.25365189111739084	0.5917184587170425	0.004377058098982817	1.1748977072179496
89	4	0.0010008869293314686	0.25	0.0008585314708538409	1553.5403439980566	0.9611743508644746	0.25365189111739084	0.5982341561459826	0.004003547717325875	1.163499741791307
90	4	0.0010008869293314686	0.25	0.0008309849933172465	1557.0162531284136	0.9902934438545028	0.25365189111739084	0.5982341561459826	0.004003547717325875	1.157126908678257
91	4	0.0010008869293314686	0.25	0.0008223391567697585	1537.02023353548	1.018784706639698	0.25365189111739084	0.5982341561459826	0.004003547717325875	1.1806576832673896
92	4	0.0010008869293314686	0.25	0.0008391929526182375	1542.8247094180024	1.0473428571724432	0.25365189111739084	0.5982341561459826	0.004003547717325875	1.1673771254394412
93	4	0.0008550652233445668	0.25	0.0007202296939109782	1443.104938193136	1.065897540649159	0.25365189111739084	0.6087013322815834	0.0034202608933782673	1.169973221279907
94	4	0.0008550652233445668	0.25	0.0007159275090836571	1430.4816850701611	1.091428654744878	0.25365189111739084	0.6087013322815834	0.0034202608933782673	1.1945853181473536
