11.247441493196291	1	1	1	1	4	0	11.247441493196291	1.0	0	0.0			15.0	0.0	0.0	0.0	0.0		0.0	0.0
11.367595075476835	1	1	1	1	4	0	11.367595075476835	1.0	0	0.0			15.0	0.0	0.0	0.0	0.0		0.0	0.0
22.856168219862568	1	1	1	1	4	0	22.856168219862568	2.0	0	0.0			14.552750241652504	0.0	0.0	0.0	0.7285827694774977	0.0	0.0	0.0
34.4665080713728	1	1	1	1	4	0	34.4665080713728	3.0	0	0.0			13.791431040067982	0.0	0.0	0.0	2.1993864847666735	0.0	0.0	0.0
46.1993671861199	1	1	1	1	4	0	46.1993671861199	4.0	0	0.0			12.713098668736418	0.0	0.0	0.0	4.42587529936556	0.0	0.0	0.0
58.05546181511435	1	1	1	1	4	0	58.05546181511435	5.0	0	0.0			11.314922877436091	0.0	0.0	0.0	7.421310407022852	0.0	0.0	0.0
70.03547169202406	1	1	1	1	4	0	70.03547169202406	6.0	0	2.500826149469408e-05			10.075555122184273	0.0	1.2504130747347042	0.0	8.825142047449571	0.14168758621806754	1.2504130747347042	0.0
82.14003983175478	1	1	1	1	4	0	82.14003983175478	7.0	0	2.691645740239548e-05	1.7392112857983577	2.557876336374055	10.238735845285618	0.0	1.3458228701197743	0.0	8.892912975165842	0.1513365613582513	1.3458228701197743	1.0157925878824643e-12
94.36977233991071	1	1	1	1	4	0	94.36977233991071	8.0	0	2.7701056637952173e-05	0.5380159471927133	1.1974506560951068	10.300920198043393	0.0	1.3850528318976087	0.0	8.915867366145784	0.1553469533605623	1.3850528318976087	7.197922083788936e-13
106.72523823319248	1	1	1	1	4	0	106.72523823319248	9.0	0	2.8080868608323853e-05	0.3641232995837705	1.764798256417348	10.330049347558619	0.0	1.4040434304161933	0.0	8.926005917142428	0.1572980618038492	1.4040434304161933	6.253986069496339e-13
119.20696927078512	1	1	1	1	4	0	119.20696927078512	10.0	0	3.0025296913193767e-05	0.9551119374099142	1.2168184633221553	10.477289463272372	0.0	1.5012648456596889	0.0	8.976024617612682	0.16725275493495406	1.5012648456596889	9.967443016956267e-13
131.81545979678634	1	1	1	1	4	0	131.81545979678634	11.0	0	3.23971094643207e-05	1.0966334672826357	1.7650597898461746	10.656791362651921	0.0	1.6198554732160355	0.0	9.036935889435883	0.17924830861195282	1.6198554732160355	1.3176371976041354e-12
144.55116659372186	1	1	1	1	4	0	144.55116659372186	12.0	0	3.5001184468168347e-05	1.0919323452500922	1.7647342082886015	10.855546133993034	0.0	1.7500592234084182	0.0	9.105486910584617	0.1921983130165255	1.7500592234084182	1.420766668112921e-12
157.41450874719058	1	1	1	1	4	0	157.41450874719058	13.0	0	3.641159637888978e-05	0.5582914219189159	1.5890945314396243	10.964986578957083	0.0	1.8205798189444893	0.0	9.144406760012595	0.1990921736886934	1.8205798189444893	1.1942050842757098e-12
170.4058675216809	1	1	1	1	4	0	170.4058675216809	14.0	0	3.9860903667283704e-05	1.4392161369958545	1.2307473982580206	11.220831143672259	0.0	1.9930451833641851	0.0	9.227785960308076	0.2159830312424852	1.9930451833641851	1.6678637452671602e-12
183.52558624759342	1	1	1	1	4	0	183.52558624759342	15.0	0	4.35203404561867e-05	1.1995654079639058	1.0824477491120763	11.4867842022895	0.0	2.176017022809335	0.0	9.310767179480164	0.23370974495045055	2.176017022809335	2.0411940204538432e-12
196.77397021950497	1	1	1	1	4	0	196.77397021950497	16.0	0	4.464165041274056e-05	0.3541249973994403	1.2506093314127862	11.567850730861506	0.0	2.2320825206370287	0.0	9.335768210224478	0.2390893250961893	2.2320825206370287	1.5757685741639212e-12
210.1512866057031	1	1	1	1	4	0	210.1512866057031	17.0	0	4.702419927501729e-05	0.5974553566456905	1.6508111682369313	11.741208389092641	0.0	2.3512099637508657	0.0	9.389998425341775	0.25039513930113216	2.3512099637508657	1.8987276721088618e-12
223.65776436901845	1	1	1	1	4	0	223.65776436901845	18.0	0	5.051567996365347e-05	0.8198029777587805	1.185796264605162	11.999740608631745	0.0	2.5257839981826744	0.0	9.47395661044907	0.2666028674225637	2.5257839981826744	2.559608143006393e-12
237.29359419897813	1	1	1	1	4	0	237.29359419897813	19.0	0	5.4773155543975675e-05	1.1215590299000031	1.1506036541487168	12.324690094269075	0.0	2.738657777198785	0.0	9.58603231707029	0.2856925249794882	2.738657777198785	2.928069328062706e-12
251.0589284553002	1	1	1	1	4	0	251.0589284553002	20.0	0	5.715431672435685e-05	0.5101758055941238	1.1969491201563105	12.515299768700144	0.0	2.857715836217844	0.0	9.657583932482302	0.2959038053613189	2.857715836217844	2.657007060447349e-12
264.95388112274634	1	1	1	1	4	0	264.95388112274634	21.0	0	6.208048663575082e-05	1.5683306750283967	1.2426965749552183	12.91132622337568	0.0	3.1040243317875427	0.0	9.807301891588141	0.31650135440919874	3.1040243317875427	3.86069996071301e-12
278.9785277773454	1	1	1	1	4	0	278.9785277773454	22.0	0	6.665618312549684e-05	0.972881788332684	1.5123611942286168	13.288385510148167	0.0	3.3328091562748434	0.0	9.955576353873324	0.33476807748836945	3.3328091562748434	5.377060122490615e-12
293.1329055639992	1	1	1	1	4	0	293.1329055639992	23.0	0	7.051910492567783e-05	0.6640052838754243	0.9992007508877548	13.60110290962574	0.0	3.525955246283893	0.0	10.075147663341848	0.349965614808107	3.525955246283893	5.219066282003363e-12
307.41701318547484	1	1	1	1	4	0	307.41701318547484	24.0	0	7.298482994910489e-05	0.5328726705333845	1.098064666721904	13.800613851192816	0.0	3.649241497455246	0.0	10.15137235373757	0.3594825773592726	3.649241497455246	5.044794657558162e-12
321.83081090278995	1	1	1	1	4	0	321.83081090278995	25.0	0	7.553441778353083e-05	0.388587636640145	1.2527475398459622	14.010048433984089	0.0	3.776720889176543	0.0	10.233327544807548	0.369060881970193	3.776720889176543	5.227771171866643e-12
336.3742205469876	1	1	1	1	4	0	336.3742205469876	26.0	0	8.024311361108416e-05	0.7856221993404602	1.3683422104100833	14.409589027759859	0.0	4.0121556805542085	0.0	10.39743334720565	0.3858794326036714	4.0121556805542085	6.669257588084101e-12
351.0471255422998	1	1	1	1	4	0	351.0471255422998	27.0	0	8.727799306275064e-05	1.3166315210275148	1.197895362633846	14.998852441665528	0.0	4.363899653137533	0.0	10.634952788527997	0.4103355924480366	4.363899653137533	7.851073683243397e-12
365.84937094069124	1	1	1	1	4	0	365.84937094069124	28.0	0	9.497218528661316e-05	1.0079398923606837	1.0573769139844271	15.652110882806506	0.0	4.7486092643306606	0.0	10.903501618475845	0.4355123180138941	4.7486092643306606	1.0763262643845616e-11
380.78076346777357	1	1	1	1	4	0	380.78076346777357	29.0	0	0.0001014739496997772	0.8743436753978481	1.1435026337999623	16.218380984175873	0.0	5.073697484988861	0.0	11.144683499187014	0.4552572072018895	5.073697484988861	1.1210055660037993e-11
395.84107158007737	1	1	1	1	4	0	395.84107158007737	30.0	0	0.00010938407824057406	0.9293523561639678	1.4677505094116492	16.902337721943052	0.0	5.4692039120287035	0.0	11.433133809914349	0.4783643752411988	5.4692039120287035	1.1934294737904613e-11
411.03002553366304	1	1	1	1	4	0	411.03002553366304	31.0	0	0.00011691082473381468	0.7418899331481665	1.0735770259747757	17.56069104415661	0.0	5.845541236690736	0.0	11.715149807465876	0.498972811509885	5.845541236690736	1.2950071787672512e-11
426.3473174640513	1	1	1	1	4	0	426.3473174640513	32.0	0	0.00012704487017688745	1.0987419952377513	1.1467125489426575	18.47565087237064	0.0	6.352243508844372	0.0	12.123407363526265	0.5239651954577836	6.352243508844372	1.789629339854433e-11
441.79260147745117	1	1	1	1	4	0	441.79260147745117	33.0	0	0.00013413728818649118	0.7244786999821449	1.1055415246635227	19.22133386741004	0.0	6.70686440932456	0.11608373790921347	12.398385720176265	0.5503093952086509	6.822948147233774	1.5666786247168994e-11
457.365493753255	1	1	1	1	4	0	457.365493753255	34.0	0	0.00014074948508652476	0.7193190070982809	1.014463800802218	20.01501210990114	0.0	7.03747425432624	0.3145757949306909	12.662962060644206	0.5805948098120501	7.352050049256929	1.8780875111556514e-11
473.0655726577729	1	1	1	1	4	0	473.0655726577729	35.0	0	0.00014723502762959957	0.7125129992574375	1.3201464143313273	20.899638899791164	0.0	7.361751381479981	0.5932723508023907	12.944615167508793	0.6145430844672477	7.955023732282371	2.1768361600145255e-11
488.8923788691719	1	1	1	1	4	0	488.8923788691719	36.0	0	0.0001542398170220094	0.7481595649552254	1.0357054584879208	21.89486765969761	0.0	7.711990851100472	0.937497679036358	13.245379129560778	0.6530193243644548	8.64948853013683	2.571283585199664e-11
504.8454155135833	1	1	1	1	4	0	504.8454155135833	37.0	0	0.00016077421165672294	0.7738085683259526	0.9992439012373872	22.93293262354652	0.06442164237711491	8.03871058283615	1.292891288657237	13.53690910967602	0.6893450931736897	9.3960235138705	3.084403169907317e-11
520.9241483123367	1	1	1	1	4	0	520.9241483123367	38.0	0	0.0001656689068341889	0.4694880348326757	0.8959856018256666	23.810471288282727	0.16646546311455954	8.283445341709449	1.5841840061035262	13.776376477355196	0.7162717543348798	10.034094810927538	3.506062738937044e-11
537.1280057402779	1	1	1	1	4	0	537.1280057402779	39.0	0	0.00017338540062737545	0.7238993639466728	1.035227276336095	25.35144637367856	0.393008353568496	8.669270031368775	2.145346639365234	14.143821349376054	0.7646177368615511	11.207625024302503	4.5885401581802224e-11
553.4563791951257	1	1	1	1	4	0	553.4563791951257	40.0	0	0.0001810536127730631	0.9926803507358338	1.2723535981095744	27.07611632003554	0.6993402791022627	9.052680638653158	2.7940584617831026	14.530036940497014	0.8153275279994594	12.546079379538524	6.557942249042645e-11
569.9086231778117	1	1	1	1	4	0	569.9086231778117	41.0	0	0.0001878439741848734	0.6236884854616433	1.224101300656258	28.62704395775945	1.0181604146263523	9.392198709243672	3.353455978571838	14.863228855317596	0.8575293303954958	13.763815102441866	6.491419118817663e-11
586.4840554837581	1	1	1	1	4	0	586.4840554837581	42.0	0	0.00019614719209384542	0.5972292303741397	1.1044763471859942	30.5202819899768	1.468552815140054	9.807359604692273	3.9747987582073145	15.269570811937161	0.9025897671023752	15.25071117803964	8.358254753873224e-11
603.1819574050269	1	1	1	1	4	0	603.1819574050269	43.0	0	0.0002071364483510884	0.8117150205260332	1.148256717381925	33.04544263748623	2.176916829974508	10.35682241755442	4.674743822688386	15.836959567268913	0.9491447001802888	17.20848307021732	1.1052609548084658e-10
620.0015739432909	1	1	1	1	4	0	620.0015739432909	44.0	0	0.00021833699542751905	0.6954136085808229	1.077055339369474	35.86695366542509	3.073790740325791	10.916849771375956	5.3883297898345495	16.487983363888787	0.9889129071370456	19.3789703015363	1.1607977954729009e-10
636.9421140335545	1	1	1	1	4	0	636.9421140335545	45.0	0	0.00023096347540389644	0.9065445003991957	1.194201485813679	39.31181453166181	4.160999167617807	11.548173770194824	6.38813806840297	17.21450352544621	1.0419302428376525	22.0973110062156	1.6928131203292387e-10
654.0027507785644	1	1	1	1	4	0	654.0027507785644	46.0	0	0.00021539618252654528	0.6227702758082758	1.0178012562298904	40.79495020950718	5.045070921877689	10.769809126327267	7.214883040200709	17.765187121101512	1.012355909562345	23.029763088405666	1.5065239336945748e-10
671.1826216938364	1	1	1	1	4	0	671.1826216938364	47.0	0	0.00023004037014034056	0.7682375393982809	1.140797452305999	44.82466261928505	6.390293121624272	11.502018507017029	8.378129172022993	18.554221818620764	1.071462218862156	26.270440800664296	1.8941498866126626e-10
688.4808289632283	1	1	1	1	4	0	688.4808289632283	48.0	0	0.00024837758329720105	0.7806386485865939	1.1297152914712028	49.81853035558037	8.17887083523904	12.418879164860055	9.670297645185464	19.550482710295807	1.1298532694751708	30.268047645284557	2.151188918563393e-10
705.8964397049822	1	1	1	1	4	0	705.8964397049822	49.0	0	0.00026675896681351257	0.5984271842394113	1.1845502265240573	54.9434789043236	10.194192247156288	13.337948340675636	10.787110799005998	20.624227517485682	1.1697436483004209	34.31925138683792	2.416759035044963e-10
723.4284862481575	1	1	1	1	4	0	723.4284862481575	50.0	0	0.00028689915386367475	0.8817383353775944	1.1150654653427123	60.77573801661347	12.369806129236226	14.344957693183739	12.321062180781029	21.73991201341247	1.2265928149807197	39.035826003200995	3.042438326849847e-10
741.0759664193733	1	1	1	1	4	0	741.0759664193733	51.0	0	0.000308044729580042	0.9273942054108454	1.2270593549950866	67.42360979099102	14.83554037895195	15.402236479002102	14.222155118653236	22.963677814383733	1.2900543126022934	44.45993197660729	3.4697385016886337e-10
758.8378438397727	1	1	1	1	4	0	758.8378438397727	52.0	0	0.00033295000578481717	0.9125263344489282	1.193619053456929	74.87025962640034	17.599139597761663	16.647500289240867	16.32593154628017	24.297688193117647	1.3570604566759068	50.5725714332827	4.1956892303923117e-10
776.7130482321257	1	1	1	1	4	0	776.7130482321257	53.0	0	0.0003565252574615862	0.4746528106097807	1.1320740697481952	81.74831202295853	20.24564329767911	17.826262873079315	18.13066243885612	25.545743413343995	1.4075505547101477	56.202568609614545	3.811002314662784e-10
794.7004757379742	1	1	1	1	4	0	794.7004757379742	54.0	0	0.00038761599664998244	0.7365578140770921	1.1855965336692382	90.79247416792029	23.991575889277268	19.380799832499125	20.14137749918238	27.27872094696152	1.4488280960285909	63.51375322095878	5.105383922936896e-10
812.7989892447298	1	1	1	1	4	0	812.7989892447298	55.0	0	0.0004251008892005184	0.8472572010090264	1.180278718502417	101.52060924971799	28.28727191439617	21.255044460025925	22.742448193825137	29.23584468147079	1.5049160759065043	72.28476456824723	5.761876825736489e-10
831.0074187226242	1	1	1	1	4	0	831.0074187226242	56.0	0	0.0004627609972492921	0.7819485737017213	1.1198027123724212	112.96152319642486	32.78935830920126	23.13804986246461	25.77083768737105	31.26327733738797	1.5644197190850877	81.69824585903694	6.511530527614873e-10
849.3245615714155	1	1	1	1	4	0	849.3245615714155	57.0	0	0.0005026201368752879	0.917024634012504	1.253488387629322	125.36858682989492	37.71041003508965	25.131006843764396	29.06564231685688	33.461527634184	1.6196704990017985	91.90705919571093	8.398437952182032e-10
867.7491829767432	1	1	1	1	4	0	867.7491829767432	58.0	0	0.0005510210778258761	0.7521453256900194	1.2116750852297518	139.99697647722778	43.68945010422737	27.551053891293808	32.63640755061379	36.120064931092784	1.6663165350540987	103.87691154613499	8.687474576075085e-10
886.2800162760308	1	1	1	1	4	0	886.2800162760308	59.0	0	0.0006001570801898728	0.8115084581031198	1.1615801664120418	154.77071002872626	50.174923786980365	30.00785400949364	35.587551409258666	39.00038082299356	1.681917048873509	115.77032920573265	9.774624899573148e-10
904.9157633338257	1	1	1	1	4	0	904.9157633338257	60.0	0	0.0006568193539109134	0.8265540517668521	1.1661062165013834	171.89689138000512	57.224067964968825	32.84096769554567	39.693647722371246	42.138207997119366	1.7213502629935162	129.75868338288575	1.1467190807047814e-09
923.6550949264639	1	1	1	1	4	0	923.6550949264639	61.0	0	0.0007113622912023043	0.8396952385235325	1.1835617057893992	189.53164885722333	64.31379696884008	35.568114560115205	44.33715058558555	45.312586742682456	1.7634231653880292	144.2190621145409	1.317252099364297e-09
942.4966511359496	1	1	1	1	4	0	942.4966511359496	62.0	0	0.0007775563969784112	0.744358099475245	1.1942232811635511	210.04024089614813	72.47469949355515	38.877819848920545	49.686156293089454	49.00156526058301	1.80737034972332	161.03867563556514	1.4159366823141685e-09
961.4390417529248	1	1	1	1	4	0	961.4390417529248	63.0	0	0.0008468792208518882	0.7190546918173963	1.1893212194520684	230.76128209320004	80.9390264163862	42.343961042594415	54.598893364926425	52.87940126929296	1.8332819979150463	177.8818808239071	1.5001461336033526e-09
980.4808466886225	1	1	1	1	4	0	980.4808466886225	64.0	0	0.0008763616853375023	0.6908003368170937	1.182119961477507	251.7973070860769	91.07695539467508	43.81808426687513	59.29586444228779	57.60640298223885	1.789973741998002	194.190904103838	1.4729793827590967e-09
999.6206163956656	1	1	1	1	4	0	999.6206163956656	65.0	0	0.0009428997150263367	0.8014783488738737	1.1820871802708601	276.3698617716666	101.1783613212066	47.14498575131685	65.62476914373102	62.42174555541212	1.806578042501896	213.94811621625442	1.6109367898065704e-09
1018.856872297602	1	1	1	1	4	0	1018.856872297602	66.0	0	0.0010002807673261532	0.7835820713795152	1.1705491382235522	303.61478553224714	112.22935582775801	50.01403836630768	73.5367241197507	67.83466721843067	1.8213513466236868	235.78011831381642	1.7839665395166344e-09
1038.1881072270378	1	1	1	1	4	0	1038.1881072270378	67.0	0	0.0010529515827616645	0.7669167100888514	1.187718692671625	330.6433776569592	123.16692785726545	52.647579138083245	81.45840491547497	73.37046574613542	1.8277924596740325	257.27291191082367	1.7558404539545842e-09
1057.612785872243	1	1	1	1	4	0	1057.612785872243	68.0	0	0.0011011635963433864	0.784071847476521	1.149289488963004	358.75555839515584	135.02935817940087	55.05817981716933	89.05368878956756	79.61433160901818	1.8101247061202843	279.14122678613774	1.91103344584402e-09
1077.1293452320983	1	1	1	1	4	0	1077.1293452320983	69.0	0	0.0011422095987701525	0.8145568430879558	1.1944944762095409	391.11061537199765	149.36421899813232	57.11047993850765	97.11587995148335	87.52003648387442	1.7621834506251288	303.59057888812333	2.213209353651012e-09
1096.7361950792456	1	1	1	1	4	0	1096.7361950792456	70.0	0	0.0011587447391393322	0.964242842969441	1.1622483810187811	424.01407060417915	164.36209034456374	57.937236956966636	105.4510108247068	96.26373247794191	1.697298074527835	327.7503381262372	2.3348705104816845e-09
1116.4317184313063	1	1	1	1	4	0	1116.4317184313063	71.0	0	0.0011587447391393322	0.7557433193753268	1.171832643021684	455.0763501060289	179.0540984365633	57.937236956966636	112.66888595547218	105.41612875702681	1.6184062621543254	349.66022134900214	2.194115519052536e-09
1136.2142720300294	1	1	1	1	4	0	1136.2142720300294	72.0	0	0.0011587447391393322	0.8787350767904024	1.1744930278595835	490.2263316673845	196.40249695729776	57.937236956966636	118.76711037537106	117.11948737774892	1.5087527386660082	373.1068442896355	2.337621330918963e-09
1156.0821868282233	1	1	1	1	4	0	1156.0821868282233	73.0	0	0.0011587447391393322	0.7503030787802051	1.1850788207766865	522.6317476932563	213.91057940616474	57.937236956966636	120.65262724630409	130.13130408382082	1.3723820372094062	392.5004436094355	2.1639225271132265e-09
1176.03376848433	1	1	1	1	4	0	1176.03376848433	74.0	0	0.001122268578345222	0.8106530281634586	1.190420332671209	555.3068820261201	232.68373547731198	56.11342891726113	120.65262724630409	145.85709038524297	1.2119126721689322	409.44979164087715	2.2038421701038447e-09
1196.0672978644968	1	1	1	1	4	0	1196.0672978644968	75.0	0	0.001122268578345222	0.7128275149738503	1.182231628921251	588.336302618521	249.40842332548098	56.11342891726113	120.65262724630409	162.16182312947475	1.090059625331358	426.17447948904623	2.142290818015552e-09
1216.1810315519913	1	1	1	1	4	0	1216.1810315519913	76.0	0	0.001122268578345222	0.8267652893553447	1.2202536574717309	622.0576773154943	264.8030477761983	56.11342891726113	120.65262724630409	180.48857337573082	0.9793753302907646	441.56910393976347	2.2014153399539512e-09
1236.373202363814	1	1	1	1	4	0	1236.373202363814	77.0	0	0.001122268578345222	0.8679336406285255	1.1744236378632	657.6447741911733	278.6221971793916	56.11342891726113	120.65262724630409	202.2565208482164	0.8739696273932226	455.38825334295683	2.2346834860649327e-09
1256.6420198743526	1	1	1	1	4	0	1256.6420198743526	78.0	0	0.001122268578345222	0.8127797632693778	1.1684485129122986	691.7496751263149	288.5096892124498	56.11342891726113	120.65262724630409	226.47392975029985	0.78051392651887	465.2757453760151	2.249972013276602e-09
1276.985670945924	1	1	1	1	4	0	1276.985670945924	79.0	0	0.0010809766106965489	0.7277314935763365	1.174817548261141	721.6504689479832	292.87202967000087	54.048830534827474	120.65262724630409	254.0769814968507	0.6875926215429201	467.5734874511325	1.9739644359311048e-09
1297.4023202660453	1	1	1	1	4	0	1297.4023202660453	80.0	0	0.0010809766106965489	0.7220034200516029	1.1674963447814366	751.6906266058678	292.87202967000087	54.048830534827474	120.65262724630409	284.11713915473536	0.6148923584859342	467.5734874511325	1.8687216834869312e-09
1317.890110891278	1	1	1	1	4	0	1317.890110891278	81.0	0	0.0010809766106965489	0.8643045473381779	1.1649244714537268	782.9524604936787	292.87202967000087	54.048830534827474	120.65262724630409	315.3789730425462	0.5539413617075971	467.5734874511325	2.0201116511536432e-09
1338.447164797479	1	1	1	1	4	0	1338.447164797479	82.0	0	0.0010809766106965489	0.7980955581460922	1.1527106601668593	814.1020952082561	292.87202967000087	54.048830534827474	120.65262724630409	346.52860775712355	0.5041472879017743	467.5734874511325	1.885740260121871e-09
1359.0715834363004	1	1	1	1	4	0	1359.0715834363004	83.0	0	0.0010382645594181194	0.8278748764806101	1.1733412340684044	843.0625082630403	292.87202967000087	51.91322797090598	120.65262724630409	377.6246233758292	0.4569772322433136	465.4378848872108	1.7107017480532162e-09
1379.7614482977701	1	1	1	1	4	0	1379.7614482977701	84.0	0	0.0010382645594181194	0.8830119351739403	1.178527470470124	873.2690542065254	292.87202967000087	51.91322797090598	120.65262724630409	407.8311693193145	0.4231306192344959	465.4378848872108	1.7918978475262952e-09
1400.5148214787878	1	1	1	1	4	0	1400.5148214787878	85.0	0	0.0010382645594181194	0.7865359563328869	1.1598876011132624	901.115870938373	292.87202967000087	51.91322797090598	120.65262724630409	435.677986051162	0.3960857806502657	465.4378848872108	1.6360590682207327e-09
1421.3297462573673	1	1	1	1	4	0	1421.3297462573673	86.0	0	0.0010382645594181194	0.7971099492227901	1.1894035514574326	932.1161491657926	292.87202967000087	51.91322797090598	120.65262724630409	466.6782642785817	0.369774785813032	465.4378848872108	1.812145196256397e-09
1442.2042476724564	1	1	1	1	4	0	1442.2042476724564	87.0	0	0.0010382645594181194	0.8654806377700442	1.148048924004597	963.5948053135016	292.87202967000087	51.91322797090598	120.65262724630409	498.15692042629064	0.346408627766406	465.4378848872108	1.8292585287604771e-09
1463.1363331091584	1	1	1	1	4	0	1463.1363331091584	88.0	0	0.0009710488117846339	0.8611421855475064	1.1705026238424452	990.8209955276124	292.87202967000087	48.55244058923172	120.65262724630409	528.7438980220758	0.32001327763497195	462.07709750553664	1.6241044731954408e-09
1484.1239928891891	1	1	1	1	4	0	1484.1239928891891	89.0	0	0.0009710488117846339	0.7320398920968495	1.1851131187539197	1019.0503651846363	292.87202967000087	48.55244058923172	120.65262724630409	556.9732676790996	0.30379387603396324	462.07709750553664	1.4992402472994265e-09
1505.1652008663875	1	1	1	1	4	0	1505.1652008663875	90.0	0	0.0009710488117846339	0.9300086294250473	1.1743987736806962	1048.5807040575737	292.87202967000087	48.55244058923172	120.65262724630409	586.5036065520368	0.28849791535002833	462.07709750553664	1.650706985461345e-09
1526.2579150271054	1	1	1	1	4	0	1526.2579150271054	91.0	0	0.0009710488117846339	0.7587326281436845	1.1668747155462924	1079.9974512851002	292.87202967000087	48.55244058923172	120.65262724630409	614.6213594730036	0.2752996869171904	462.07709750553664	1.6148782442719947e-09
1547.4000780953006	1	1	1	1	4	0	1547.4000780953006	92.0	0	0.0008596394724311725	0.6801628199669897	1.1921130243423603	1102.5261598497402	292.87202967000087	42.98197362155864	120.65262724630409	641.0792548746123	0.2552486289700137	456.5066305378636	1.3699790074913295e-09
1568.5896181421526	1	1	1	1	4	0	1568.5896181421526	93.0	0	0.0008596394724311725	0.8283012131251147	1.197084324134082	1132.4689955489093	292.87202967000087	42.98197362155864	120.65262724630409	665.8042574090243	0.24576983257008056	456.5066305378636	1.3929958159014218e-09
