11.247441493196291	1	1	1	1	4	0	11.247441493196291	1.0	0	0.0			15.0	0.0	0.0	0.0	0.0		0.0	0.0
11.367595075476835	1	1	1	1	4	0	11.367595075476835	1.0	0	0.0			15.0	0.0	0.0	0.0	0.0		0.0	0.0
22.856168219862568	1	1	1	1	4	0	22.856168219862568	2.0	0	0.0			14.552750241652504	0.0	0.0	0.0	0.7285827694774977	0.0	0.0	0.0
34.4665080713728	1	1	1	1	4	0	34.4665080713728	3.0	0	0.0			13.791431040067982	0.0	0.0	0.0	2.1993864847666735	0.0	0.0	9.681927824127312e-09
46.1993671861199	1	1	1	1	4	0	46.1993671861199	4.0	0	0.0			12.713098668736418	0.0	0.0	0.0	4.42587529936556	0.0	0.0	9.681960861862472e-09
58.05546181511435	1	1	1	1	4	0	58.05546181511435	5.0	0	0.0			11.314922877436091	0.0	0.0	0.0	7.421310407022852	0.0	0.0	9.681994065025909e-09
70.03547169202406	1	1	1	1	4	0	70.03547169202406	6.0	0	2.500826149469408e-05			10.075555122184273	0.0	1.2504130747347042	0.0	8.825142047449571	0.14168758621806754	1.2504130747347042	9.68202742221676e-09
82.14003983175478	1	1	1	1	4	0	82.14003983175478	7.0	0	2.5320541369348793e-05	0.6789615539467854	1.4622152569400408	10.102259956604307	0.0	1.2660270684674395	0.0	8.836232888136868	0.14327678825296142	1.2660270684674395	2.7452976804729038e-08
94.36977233991071	1	1	1	1	4	0	94.36977233991071	8.0	0	2.5320541369348793e-05	0.15702455752959846	1.4534438559693492	10.102259956604307	0.0	1.2660270684674395	0.0	8.836232888136868	0.14327678825296142	1.2660270684674395	2.129860173544821e-08
106.72523823319248	1	1	1	1	4	0	106.72523823319248	9.0	0	2.5697024801906546e-05	0.675463417315128	1.1764605799768904	10.131133828552707	0.0	1.2848512400953276	0.0	8.846282588457381	0.14524193945282735	1.2848512400953276	2.7488369138444524e-08
119.20696927078512	1	1	1	1	4	0	119.20696927078512	10.0	0	2.5954703034766585e-05	0.5524759558612852	1.1437590623951872	10.15064628510778	0.0	1.2977351517383295	0.0	8.85291113336945	0.14658852124322713	1.2977351517383295	2.618217913132672e-08
131.81545979678634	1	1	1	1	4	0	131.81545979678634	11.0	0	2.674458918663632e-05	1.0105435256318969	1.228844068688115	10.21042590997183	0.0	1.3372294593318164	0.0	8.873196450640013	0.15070436756027908	1.3372294593318164	4.045654709516173e-08
144.55116659372186	1	1	1	1	4	0	144.55116659372186	12.0	0	2.772082563595656e-05	1.3644953559023882	1.1686464954506532	10.284936687108749	0.0	1.3860412817978285	0.0	8.898895405310919	0.1557543064244389	1.3860412817978285	4.1678709738803467e-08
157.41450874719058	1	1	1	1	4	0	157.41450874719058	13.0	0	2.7887039972243745e-05	0.4209858871269128	1.6086007228249988	10.297834033468627	0.0	1.3943519986121875	0.0	8.90348203485644	0.15660749279365174	1.3943519986121875	3.4408668813835516e-08
170.4058675216809	1	1	1	1	4	0	170.4058675216809	14.0	0	2.8284056700644524e-05	0.5616537027333327	1.023788292643884	10.327281851122947	0.0	1.4142028350322269	0.0	8.913079016090721	0.1586660269115954	1.4142028350322269	3.608930222285292e-08
183.52558624759342	1	1	1	1	4	0	183.52558624759342	15.0	0	2.927847127187828e-05	0.9936305894992844	1.451970745446974	10.399551878454789	0.0	1.4639235635939147	0.0	8.935628314860876	0.1638299526357042	1.4639235635939147	5.015490083348978e-08
196.77397021950497	1	1	1	1	4	0	196.77397021950497	16.0	0	3.0479225060751778e-05	1.3086568179152045	1.243759843572	10.486361899862981	0.0	1.5239612530375894	0.0	8.96240064682539	0.17003940273272633	1.5239612530375894	5.125788055901815e-08
210.1512866057031	1	1	1	1	4	0	210.1512866057031	17.0	0	3.1529450181849355e-05	0.9190788782896758	1.2976368165902894	10.562777779718225	0.0	1.5764725090924685	0.0	8.986305270625756	0.17543055367210908	1.5764725090924685	4.9762916806976885e-08
223.65776436901845	1	1	1	1	4	0	223.65776436901845	18.0	0	3.2754949857494266e-05	1.1265275977382407	1.2155789591734398	10.653521844899547	0.0	1.6377474928747142	0.0	9.015774352024831	0.18165355841086414	1.6377474928747142	6.052060910142964e-08
237.29359419897813	1	1	1	1	4	0	237.29359419897813	19.0	0	3.364394107026784e-05	0.7367400395345051	1.3743974958061052	10.721373611017018	0.0	1.6821970535133923	0.0	9.039176557503627	0.18610069654154085	1.6821970535133923	5.797239782542316e-08
251.0589284553002	1	1	1	1	4	0	251.0589284553002	20.0	0	3.441880550193718e-05	0.6546715859630069	1.6867369178317324	10.783400767458847	0.0	1.7209402750968597	0.0	9.062460492361987	0.18989768579375327	1.7209402750968597	5.72172667689588e-08
264.95388112274634	1	1	1	1	4	0	264.95388112274634	21.0	0	3.54921065998998e-05	0.8360398153105129	1.1628271351209678	10.8696859821938	0.0	1.7746053299949902	0.0	9.09508065219881	0.19511705259765508	1.7746053299949902	6.899437750757124e-08
278.9785277773454	1	1	1	1	4	0	278.9785277773454	22.0	0	3.629318455881594e-05	0.6294544110135606	1.2451794482282401	10.935698639395818	0.0	1.8146592279407976	0.0	9.121039411455019	0.19895311774026386	1.8146592279407976	6.696420167709624e-08
293.1329055639992	1	1	1	1	4	0	293.1329055639992	23.0	0	3.752801686180859e-05	0.958757629674967	1.5543149675353258	11.035662751163411	0.0	1.8764008430904304	0.0	9.159261908072981	0.20486376106753412	1.8764008430904304	6.99857280683816e-08
307.41701318547484	1	1	1	1	4	0	307.41701318547484	24.0	0	3.255832107411608e-05	0.2693665815962624	1.9903158887504089	10.79435285229617	0.0	1.6279160537058048	0.0	9.166436798590363	0.17759529569397672	1.6279160537058048	5.7568003318943785e-08
321.83081090278995	1	1	1	1	4	0	321.83081090278995	25.0	0	3.343201491809383e-05	0.9947587308167612	1.3164190405117115	10.890424244578753	0.0	1.6716007459046918	0.0	9.21882349867406	0.18132473695207607	1.6716007459046918	7.458485249972639e-08
336.3742205469876	1	1	1	1	4	0	336.3742205469876	26.0	0	3.436899092415546e-05	1.0593642894223625	1.1214896761563566	10.990800595821456	0.0	1.7184495462077736	0.0	9.272351049613683	0.1853305097070683	1.7184495462077736	7.488799340457842e-08
351.0471255422998	1	1	1	1	4	0	351.0471255422998	27.0	0	3.5312595566570524e-05	0.8274865768948587	1.126674210825767	11.08067475806385	0.0	1.7656297783285269	0.0	9.315044979735324	0.18954602819091215	1.7656297783285269	7.38497338024903e-08
365.84937094069124	1	1	1	1	4	0	365.84937094069124	28.0	0	3.6173951909639926e-05	0.6906636270015828	1.2827988085208422	11.157902393858096	0.0	1.8086975954819968	0.0	9.349204798376102	0.19346004654814666	1.8086975954819968	8.230633275781507e-08
380.78076346777357	1	1	1	1	4	0	380.78076346777357	29.0	0	3.730231626737029e-05	0.8505482225428849	1.3436768909337922	11.256177101865035	0.0	1.8651158133685148	0.0	9.391061288496516	0.19860543511234127	1.8651158133685148	8.409738114051207e-08
395.84107158007737	1	1	1	1	4	0	395.84107158007737	30.0	0	3.3130772102848944e-05	0.7437875570568256	1.306538242167103	11.100493570569242	0.0	1.6565386051424478	0.0	9.443954965426792	0.17540729611765835	1.6565386051424478	7.855244006027793e-08
411.03002553366304	1	1	1	1	4	0	411.03002553366304	31.0	0	3.396717938608355e-05	1.0288413581417433	1.1625467556047184	11.201387664037037	0.0	1.6983589693041783	0.0	9.503028694732858	0.17871765137839785	1.6983589693041783	8.928284023748328e-08
426.3473174640513	1	1	1	1	4	0	426.3473174640513	32.0	0	3.463015674950429e-05	0.7115741485980529	1.2955999896010584	11.279137841739075	0.0	1.7315078374752153	0.0	9.547630004263864	0.1813547274770748	1.7315078374752153	8.716262703036389e-08
441.79260147745117	1	1	1	1	4	0	441.79260147745117	33.0	0	3.5426904427120825e-05	0.9146918137457544	1.350901702016298	11.378999005096093	0.0	1.7713452213560417	0.01781759158449774	9.589836192155554	0.18656865217406604	1.7891628129405397	8.903655338280659e-08
457.365493753255	1	1	1	1	4	0	457.365493753255	34.0	0	3.626523653530659e-05	1.117474114578224	1.2634098110244414	11.488922583079868	0.0	1.8132618267653304	0.046968455584931235	9.628692300729606	0.1931965654577314	1.8602302823502612	9.948284247433656e-08
473.0655726577729	1	1	1	1	4	0	473.0655726577729	35.0	0	3.662059440664383e-05	0.4377337574474585	1.0763580969987436	11.537393330267992	0.0	1.831029720332192	0.06223888426315121	9.644124725672649	0.19631316044217725	1.8932686045953435	9.396480618015988e-08
488.8923788691719	1	1	1	1	4	0	488.8923788691719	36.0	0	3.2619048949087466e-05	1.304440925540188	1.1824294163551246	11.429834810738305	0.0	1.6309524474543742	0.11161536030500538	9.687267002978922	0.1798822936565622	1.7425678077593796	9.531377660279467e-08
504.8454155135833	1	1	1	1	4	0	504.8454155135833	37.0	0	3.277260827804893e-05	0.39730874620097945	1.6577930810399764	11.467294389865724	0.0026971157109509677	1.6386304139024477	0.12649448559133242	9.699472374660992	0.1819815378932375	1.7678220152047308	9.283454568796016e-08
520.9241483123367	1	1	1	1	4	0	520.9241483123367	38.0	0	3.3052651330321445e-05	0.5973262972552195	1.203795311301671	11.537469623393392	0.011755397029942105	1.6526325665160728	0.15235211579111635	9.72072954405626	0.1856840758840829	1.8167400793371316	9.538836974008667e-08
537.1280057402779	1	1	1	1	4	0	537.1280057402779	39.0	0	3.343324170097312e-05	0.6907489659310037	1.142854309917375	11.627765894661104	0.025731911445269044	1.6716620850486563	0.18697292255053152	9.743398975616646	0.19075838034042505	1.8843669190444567	9.703427965477796e-08
553.4563791951257	1	1	1	1	4	0	553.4563791951257	40.0	0	3.3932844987062125e-05	0.6338144118896898	1.1526237606397465	11.743223699076891	0.04639621469047223	1.6966422493531073	0.23073322534572155	9.769452009687589	0.19728593505424907	1.973771689389301	1.0038749295548057e-07
569.9086231778117	1	1	1	1	4	0	569.9086231778117	41.0	0	3.2268326155463535e-05	0.9776089379079212	1.3183035878952278	11.856615327895144	0.09814224851873432	1.6134163077731776	0.321526119526047	9.823530652077183	0.19697016234077525	2.033084675817959	1.057389824635166e-07
586.4840554837581	1	1	1	1	4	0	586.4840554837581	42.0	0	3.2890899312899274e-05	1.4333941317289205	1.2795913781798536	12.10349846784688	0.1638858938862652	1.6445449656449642	0.41222334112534426	9.882844267190306	0.20811501741441973	2.2206542006565737	1.0644301287710463e-07
603.1819574050269	1	1	1	1	4	0	603.1819574050269	43.0	0	3.340138278307872e-05	0.6221978513067759	1.300085574104913	12.282628690318315	0.21895959778862986	1.6700691391539364	0.4666424906330461	9.926957462742699	0.21524335505681055	2.3556712275756118	9.874743917361614e-08
620.0015739432909	1	1	1	1	4	0	620.0015739432909	44.0	0	3.424043952870399e-05	1.2652907779746143	1.133236193821753	12.566138191573668	0.31475771133212593	1.7120219764352005	0.5428630035889181	9.996495500217424	0.2255675481447548	2.569642691356244	1.1311527503550005e-07
636.9421140335545	1	1	1	1	4	0	636.9421140335545	45.0	0	3.504221066984008e-05	0.5662218574521608	1.1191108767013973	12.807708502040553	0.3926143986887934	1.7521105334920046	0.6144608302862288	10.048522739573524	0.2355143562006483	2.759185762467027	1.0329796372733123e-07
654.0027507785644	1	1	1	1	4	0	654.0027507785644	46.0	0	3.615903919563399e-05	0.5931606584566144	1.1514521131437756	13.124633432756292	0.4946778605199306	1.8079519597817	0.7099060851160295	10.112097527338632	0.2489946361860689	3.0125359054176597	1.0674833490587707e-07
671.1826216938364	1	1	1	1	4	0	671.1826216938364	47.0	0	3.262945895575575e-05	0.5059793660377062	1.232343895136623	13.205934968999136	0.5998398916361918	1.6314729477877878	0.8008422337564622	10.173779895818694	0.2390768432629355	3.0321550731804416	9.643117884122801e-08
688.4808289632283	1	1	1	1	4	0	688.4808289632283	48.0	0	3.3370756330094034e-05	0.5665303551128488	1.2361580185456142	13.547395722602337	0.7333779712488312	1.668537816504702	0.8973176036152182	10.248162331233583	0.25037224598793656	3.299233391368752	9.967641085729302e-08
705.8964397049822	1	1	1	1	4	0	705.8964397049822	49.0	0	3.4171228543890303e-05	0.6479042263880842	1.2723913383705308	13.873599070019939	0.8705060483869289	1.708561427194515	0.9733086784881092	10.321222915950383	0.2598403432928545	3.5523761540695533	1.0447939907688966e-07
723.4284862481575	1	1	1	1	4	0	723.4284862481575	50.0	0	3.536777566777997e-05	1.0793775507895875	1.146160079071669	14.285178753559935	1.0291045219427182	1.7683887833889989	1.085131070164398	10.40255437806382	0.2743095349321797	3.882624375496115	1.0405592912969408e-07
741.0759664193733	1	1	1	1	4	0	741.0759664193733	51.0	0	3.681101712490976e-05	0.7684166588984704	1.1228324063158688	14.738913580890191	1.1973974045384883	1.8405508562454884	1.2148856901660714	10.486079629940141	0.2913802540357975	4.252833950950048	1.0347576601811946e-07
758.8378438397727	1	1	1	1	4	0	758.8378438397727	52.0	0	3.821606774542771e-05	0.4887768979468729	1.1510522528211722	15.159022150897362	1.353308014215124	1.910803387271386	1.3335718814278854	10.561338867982967	0.3071935584355406	4.597683282914397	9.792429499742584e-08
776.7130482321257	1	1	1	1	4	0	776.7130482321257	53.0	0	3.395945386937355e-05	0.383110411532332	1.1690933474392908	15.42529728246857	1.5757840386268391	1.697972693468678	1.4852850092522778	10.666255541120776	0.2984419124826695	4.759041741347796	9.67877280170868e-08
794.7004757379742	1	1	1	1	4	0	794.7004757379742	54.0	0	3.5080117011836e-05	0.8569409431962112	1.132343446835884	15.934672470823386	1.8025228470267984	1.7540058505918006	1.6069922545542337	10.771151518650553	0.31203702773342024	5.163520952172832	9.905724384586398e-08
812.7989892447298	1	1	1	1	4	0	812.7989892447298	55.0	0	3.663343604811477e-05	0.8026938280625422	1.159838910482696	16.501444521893866	2.039825435904464	1.8316718024057383	1.7506804499207735	10.879266833662891	0.3292825065418849	5.622177688230977	9.974693474924934e-08
831.0074187226242	1	1	1	1	4	0	831.0074187226242	56.0	0	3.864039991301239e-05	0.4486722936929285	1.1146449050498384	17.16328466068696	2.304306440000408	1.93201999565062	1.928587185555798	10.998371039480134	0.35101627025931825	6.164913621206825	9.95290267241307e-08
849.3245615714155	1	1	1	1	4	0	849.3245615714155	57.0	0	4.090507881817598e-05	0.7149163624990803	1.1916884160726826	17.868217470310796	2.583906103701376	2.0452539409087995	2.115788279484215	11.123269146216408	0.3740844679469433	6.744948324094392	1.008969310204739e-07
867.7491829767432	1	1	1	1	4	0	867.7491829767432	58.0	0	3.4992215340071525e-05	0.6806449773255375	1.1327124211171722	18.210805277169516	2.8964799503277066	1.7496107670035772	2.302461693879969	11.26225286595826	0.3597923531917405	6.948552411211254	9.842762604963672e-08
886.2800162760308	1	1	1	1	4	0	886.2800162760308	59.0	0	3.668209718537493e-05	0.4086404437478248	1.1241586086904836	18.976296617314595	3.2550586300835107	1.834104859268747	2.4656289998265617	11.421504128135775	0.3764595110116302	7.554792489178818	9.54118251551899e-08
904.9157633338257	1	1	1	1	4	0	904.9157633338257	60.0	0	3.892793854210639e-05	0.4680680301285369	1.0803639292720857	19.804322433415294	3.608048660127273	1.9463969271053203	2.671244181518277	11.578632664664426	0.3988071167259393	8.22568976875087	9.303864353582556e-08
923.6550949264639	1	1	1	1	4	0	923.6550949264639	61.0	0	4.165321048052141e-05	0.4274038500646512	1.1121097321921598	20.7050352082273	3.971603736075036	2.082660524026071	2.9093589296528988	11.741412018473294	0.4251634680585947	8.963623189754006	9.479671816333856e-08
942.4966511359496	1	1	1	1	4	0	942.4966511359496	62.0	0	3.48175966038061e-05	0.6927471216744115	1.2023089913164011	21.34192452675168	4.435984407380828	1.7408798301903057	3.2137339486837644	11.951326340496776	0.4145660186757249	9.390598186254898	9.699872666236196e-08
961.4390417529248	1	1	1	1	4	0	961.4390417529248	63.0	0	3.7029307138635137e-05	0.6977401857283542	1.163832628167554	22.45211683076509	4.926337788475535	1.8514653569317572	3.498337468321783	12.17597621703601	0.4393736263847465	10.276140613729076	9.699655407574439e-08
980.4808466886225	1	1	1	1	4	0	980.4808466886225	64.0	0	7.975406309551946e-06	0.0	1.134967257490246	21.956490079980725	5.422337128057084	0.3987703154775974	3.7281373177184487	12.4072453187276	0.33262078142090545	9.54924476125313	8.605040105115337e-08
999.6206163956656	1	1	1	1	4	0	999.6206163956656	65.0	0	1.06070192862548e-05	0.0	1.196690115586447	23.14313981131149	5.923977674568758	0.5303509643127402	4.042433687584501	12.646377484845493	0.3615884989497535	10.496762326466	8.523386888782046e-08
1018.856872297602	1	1	1	1	4	0	1018.856872297602	66.0	0	1.3203316540344995e-05	0.6937510521965227	1.13410795170653	24.375879852011614	6.4239975512069725	0.6601658270172499	4.400422712801295	12.891293760986096	0.3925586239554783	11.48458609102552	8.897290154476343e-08
1038.1881072270378	1	1	1	1	4	0	1038.1881072270378	67.0	0	0.0	0.0	1.183445117959919	24.93737135350897	6.971730156180388	0.0	4.797125275884238	13.168515921444342	0.3642874644721607	11.768855432064624	7.538811204842835e-08
1057.612785872243	1	1	1	1	4	0	1057.612785872243	68.0	0	0.0		1.1278883546354952	26.524382983345784	7.7042071025805905	0.0	5.266116046582949	13.554059834182244	0.3885268407405307	12.970323149163539	8.424327257220083e-08
1077.1293452320983	1	1	1	1	4	0	1077.1293452320983	69.0	0	0.0		1.1966490772481602	27.84979299618845	8.331198506446936	0.0	5.618747622066623	13.899846867674894	0.4042309009269325	13.94994612851356	7.627592717573775e-08
1096.7361950792456	1	1	1	1	4	0	1096.7361950792456	70.0	0	0.0		1.1984348286368307	29.487810311527614	9.097074495147488	0.0	6.044386464474576	14.346349351905555	0.4213187840481335	15.141460959622064	8.362696712726097e-08
1116.4317184313063	1	1	1	1	4	0	1116.4317184313063	71.0	0	0.0		1.1846171688973597	30.90733195914013	9.768487664688042	0.0	6.374237658984473	14.764606635467615	0.4317241777151208	16.142725323672515	7.665486541389138e-08
1136.2142720300294	1	1	1	1	4	0	1136.2142720300294	72.0	0	0.0		1.1539985833409658	32.442924584556216	10.526384871112406	0.0	6.640649987849658	15.275889725594153	0.4347144491835071	17.16703485896206	9.069105558780057e-08
1156.0821868282233	1	1	1	1	4	0	1156.0821868282233	73.0	0	0.0		1.1852566439292302	34.015695616191145	11.376125694469517	0.0	6.7321620459542295	15.907407875767408	0.4232092430476801	18.108287740423744	9.513812320034485e-08
1176.03376848433	1	1	1	1	4	0	1176.03376848433	74.0	0	0.0		1.1834753182456477	35.417488116426036	12.138933698902648	0.0	6.7321620459542295	16.54639237156917	0.4068658529772184	18.87109574485688	8.323721203930273e-08
1196.0672978644968	1	1	1	1	4	0	1196.0672978644968	75.0	0	0.0		1.1996249880850032	36.90241255897109	12.89083601308966	0.0	6.7321620459542295	17.279414499927206	0.3896059120511631	19.62299805904389	9.126703155168506e-08
1216.1810315519913	1	1	1	1	4	0	1216.1810315519913	76.0	0	0.0		1.186899227700608	38.409182162441454	13.57871283862324	0.0	6.7321620459542295	18.09830727786398	0.371977442011294	20.310874884577476	8.995269192013699e-08
1236.373202363814	1	1	1	1	4	0	1236.373202363814	77.0	0	0.0		1.1971264694268149	39.73896472214576	14.095092804387562	0.0	6.7321620459542295	18.911709871803968	0.3559784964759538	20.827254850341788	8.615061019041617e-08
1256.6420198743526	1	1	1	1	4	0	1256.6420198743526	78.0	0	0.0		1.13643205130113	41.19974819505426	14.518594546200962	0.0	6.7321620459542295	19.948991602899067	0.3374687893986524	21.25075659215519	8.7099866877245e-08
1276.985670945924	1	1	1	1	4	0	1276.985670945924	79.0	0	0.0		1.1986171654548312	42.83151240941608	14.741282602209894	0.0	6.7321620459542295	21.35806776125196	0.3152046393526194	21.47344464816413	9.258820816550088e-08
1297.4023202660453	1	1	1	1	4	0	1297.4023202660453	80.0	0	0.0		1.1974644197665072	44.32120379061062	14.741282602209894	0.0	6.7321620459542295	22.84775914244649	0.29465305564462296	21.47344464816413	8.862100313745523e-08
1317.890110891278	1	1	1	1	4	0	1317.890110891278	81.0	0	0.0		1.1985145445215986	45.62078715073185	14.741282602209894	0.0	6.7321620459542295	24.147342502567724	0.278795152934049	21.47344464816413	8.467991548331325e-08
1338.447164797479	1	1	1	1	4	0	1338.447164797479	82.0	0	0.0		1.1998723012861872	46.999702720540625	14.741282602209894	0.0	6.7321620459542295	25.526258072376503	0.2637347795695722	21.47344464816413	8.744370038947568e-08
1359.0715834363004	1	1	1	1	4	0	1359.0715834363004	83.0	0	0.0		1.1995643736664576	48.274124944316426	14.741282602209894	0.0	6.7321620459542295	26.8006802961523	0.25119369999427765	21.47344464816413	8.694569100357388e-08
1379.7614482977701	1	1	1	1	4	0	1379.7614482977701	84.0	0	0.0		1.1882943257296088	49.755220017043506	14.741282602209894	0.0	6.7321620459542295	28.281775368879384	0.2380388769144297	21.47344464816413	9.039669488193873e-08
1400.5148214787878	1	1	1	1	4	0	1400.5148214787878	85.0	0	0.0		1.1995927942359756	51.09457917716559	14.741282602209894	0.0	6.7321620459542295	29.621134529001466	0.2272756311667571	21.47344464816413	8.727079636903763e-08
1421.3297462573673	1	1	1	1	4	0	1421.3297462573673	86.0	0	0.0		1.1996954291093496	52.320062809204366	14.741282602209894	0.0	6.7321620459542295	30.84661816104024	0.21824635721192465	21.47344464816413	8.142633560130247e-08
1442.2042476724564	1	1	1	1	4	0	1442.2042476724564	87.0	0	0.0		1.199846277490403	53.512953873320534	14.741282602209894	0.0	6.7321620459542295	32.0395092251564	0.21012063570150916	21.47344464816413	8.198770309718321e-08
1463.1363331091584	1	1	1	1	4	0	1463.1363331091584	88.0	0	0.0		1.1998562467374063	54.818327803235995	14.741282602209894	0.0	6.7321620459542295	33.34488315507187	0.2018949058734442	21.47344464816413	8.688185185022555e-08
1484.1239928891891	1	1	1	1	4	0	1484.1239928891891	89.0	0	0.0		1.1997262678989158	56.15453542389904	14.741282602209894	0.0	6.7321620459542295	34.68109077573491	0.19411621420697867	21.47344464816413	8.428579782967937e-08
1505.1652008663875	1	1	1	1	4	0	1505.1652008663875	90.0	0	0.0		1.193569225189444	57.61299627830544	14.741282602209894	0.0	6.7321620459542295	36.13955163014131	0.18628238985509252	21.47344464816413	8.880540388053122e-08
1526.2579150271054	1	1	1	1	4	0	1526.2579150271054	91.0	0	0.0		1.1997618847009557	58.99406455879514	14.741282602209894	0.0	6.7321620459542295	37.520619910631005	0.1794256614626656	21.47344464816413	9.208871966219577e-08
1547.4000780953006	1	1	1	1	4	0	1547.4000780953006	92.0	0	0.0		1.1985547635516924	60.311840259243496	14.741282602209894	0.0	6.7321620459542295	38.83839561107937	0.1733377998764129	21.47344464816413	9.031185788577328e-08
1568.5896181421526	1	1	1	1	4	0	1568.5896181421526	93.0	0	0.0		1.1998812377755634	61.72042445815809	14.741282602209894	0.0	6.7321620459542295	40.24697980999397	0.16727123569859834	21.47344464816413	8.907495249422533e-08
