11.247441493196291	1	1	1	1	4	0	11.247441493196291	1.0	0	0.0			15.0	0.0	0.0	0.0	0.0		0.0	0.0
11.367595075476835	1	1	1	1	4	0	11.367595075476835	1.0	0	0.0			15.0	0.0	0.0	0.0	0.0		0.0	0.0
22.856168219862568	1	1	1	1	4	0	22.856168219862568	2.0	0	0.0			14.552750241652504	0.0	0.0	0.0	0.7285827694774977	0.0	0.0	0.0
34.4665080713728	1	1	1	1	4	0	34.4665080713728	3.0	0	0.0			13.791431040067982	0.0	0.0	0.0	2.1993864847666735	0.0	0.0	0.0
46.1993671861199	1	1	1	1	4	0	46.1993671861199	4.0	0	0.0			12.713098668736418	0.0	0.0	0.0	4.42587529936556	0.0	0.0	0.0
58.05546181511435	1	1	1	1	4	0	58.05546181511435	5.0	0	0.0			11.314922877436091	0.0	0.0	0.0	7.421310407022852	0.0	0.0	0.0
70.03547169202406	1	1	1	1	4	0	70.03547169202406	6.0	0	2.500826149469408e-05			10.075555122184273	0.0	1.2504130747347042	0.0	8.825142047449571	0.14168758621806754	1.2504130747347042	0.0
82.14003983175478	1	1	1	1	4	0	82.14003983175478	7.0	0	2.643518230213522e-05	0.3369698239534967	0.8584427893369213	10.1975792645833	0.0	1.3217591151067614	0.0	8.875820149476539	0.14891684293363172	1.3217591151067614	8.668406694786613e-13
94.36977233991071	1	1	1	1	4	0	94.36977233991071	8.0	0	3.197066809221938e-05	1.010714603787835	1.61100579371925	10.636300825167053	0.0	1.5985334046109692	0.0	9.037767420556085	0.1768725980904489	1.5985334046109692	1.879424886436372e-12
106.72523823319248	1	1	1	1	4	0	106.72523823319248	9.0	0	4.023300024987333e-05	1.5382965041882493	1.2712957327254824	11.26996887025066	0.0	2.011650012493667	0.0	9.25831885775699	0.21728026906399167	2.011650012493667	2.5532141861323463e-12
119.20696927078512	1	1	1	1	4	0	119.20696927078512	10.0	0	4.4757694761374406e-05	0.4673969990898829	0.8944038415996243	11.612597365101413	0.0	2.2378847380687206	0.0	9.374712627032695	0.2387150227534027	2.2378847380687206	1.7390970806388996e-12
131.81545979678634	1	1	1	1	4	0	131.81545979678634	11.0	0	5.19918038088713e-05	0.6548588560847924	1.6947236859230337	12.160084270728705	0.0	2.599590190443565	0.0	9.560494080285142	0.2719096072455318	2.599590190443565	2.7110037220666626e-12
144.55116659372186	1	1	1	1	4	0	144.55116659372186	12.0	0	5.747547288724478e-05	0.4199666039395834	1.0199456963352589	12.578622673874573	0.0	2.8737736443622386	0.0	9.70484902951234	0.2961172951401021	2.8737736443622386	2.4413492363830807e-12
157.41450874719058	1	1	1	1	4	0	157.41450874719058	13.0	0	6.906221441617531e-05	0.8269631333635978	1.6480217419204546	13.477692044297704	0.0	3.4531107208087657	0.0	10.024581323488935	0.34446433316049474	3.4531107208087657	4.01468824733263e-12
170.4058675216809	1	1	1	1	4	0	170.4058675216809	14.0	0	8.039842588692041e-05	0.6093943745300011	1.1762228651080076	14.318529884118702	0.0	4.019921294346021	0.0	10.29860858977268	0.3903363507122813	4.019921294346021	4.042520970234328e-12
183.52558624759342	1	1	1	1	4	0	183.52558624759342	15.0	0	0.00010047372214534377	0.9617097071616404	1.329995010453023	15.777521185393624	0.0	5.023686107267189	0.0	10.753835078126436	0.4671529803805053	5.023686107267189	6.761752960283158e-12
196.77397021950497	1	1	1	1	4	0	196.77397021950497	16.0	0	0.00012217232163879444	0.7948011693699071	1.228877365213596	17.346249016201767	0.0	6.108616081939722	0.0	11.237632934262047	0.5435856570217171	6.108616081939722	7.892549869736586e-12
210.1512866057031	1	1	1	1	4	0	210.1512866057031	17.0	0	0.0001506974265025386	0.8467293804880638	1.2893299931483138	19.421776388702703	0.0	7.5348713251269315	0.0	11.886905063575773	0.633879995240773	7.5348713251269315	1.6420671150888455e-11
223.65776436901845	1	1	1	1	4	0	223.65776436901845	18.0	0	0.0001858813517217996	0.8518256988895687	1.3383922465004128	22.02702587744797	0.0	9.29406758608998	0.0	12.73295829135799	0.7299220945691759	9.29406758608998	2.0179924396894577e-11
237.29359419897813	1	1	1	1	4	0	237.29359419897813	19.0	0	0.0002347036608358032	1.0685728829832617	1.0357968387700758	25.753361809366922	0.0	11.735183041790162	0.0	14.018178767576762	0.8371403472848385	11.735183041790162	2.8837724631407058e-11
251.0589284553002	1	1	1	1	4	0	251.0589284553002	20.0	0	0.0002846252024786254	0.8119701132201157	1.1828464702321522	29.74953345790365	0.0	14.231260123931268	0.0	15.518273333972385	0.9170646641966536	14.231260123931268	3.148296251014877e-11
264.95388112274634	1	1	1	1	4	0	264.95388112274634	21.0	0	0.000355470321375342	1.007086492101855	1.179270495055483	35.44494018815878	0.0	17.7735160687671	0.0	17.671424119391673	1.005777233837277	17.7735160687671	4.48907945212299e-11
278.9785277773454	1	1	1	1	4	0	278.9785277773454	22.0	0	0.00043930062745438397	1.0218937035968676	1.1757243287042745	42.35295856108135	0.0	21.965031372719203	0.0	20.387927188362145	1.077354807567554	21.965031372719203	5.721137787130412e-11
293.1329055639992	1	1	1	1	4	0	293.1329055639992	23.0	0	0.0005476598438050132	1.0245444420172796	1.1335341898554516	51.12502646704021	0.0	27.382992190250654	0.0	23.742034276789546	1.153354926162353	27.382992190250654	8.746376751400419e-11
307.41701318547484	1	1	1	1	4	0	307.41701318547484	24.0	0	0.0006779846317660768	0.9090454306692788	1.1919310279858022	61.67008761887229	0.0	33.89923158830385	0.0	27.770856030568446	1.2206765088908194	33.89923158830385	1.1387038258213808e-10
321.83081090278995	1	1	1	1	4	0	321.83081090278995	25.0	0	0.0008338298095224532	0.8986943950657313	1.1657080909866115	74.47190967917716	0.0	41.691490476122674	0.0	32.78041920305449	1.2718412848191352	41.691490476122674	1.3993385990666777e-10
336.3742205469876	1	1	1	1	4	0	336.3742205469876	26.0	0	0.0010279042794287534	0.969770659302432	1.1770504426334218	90.93944799187628	0.0	51.395213971437656	0.0	39.544234020438616	1.2996892023467643	51.395213971437656	1.7712456898156928e-10
351.0471255422998	1	1	1	1	4	0	351.0471255422998	27.0	0	0.001260718868090866	0.9116592706154664	1.144387278794338	110.44072306910334	0.0	63.035943404543296	0.0	47.40477966456005	1.329738137179217	63.035943404543296	2.0807083254403863e-10
365.84937094069124	1	1	1	1	4	0	365.84937094069124	28.0	0	0.0015510116812019474	0.9229133106092676	1.2087650847732805	135.0873948768653	0.0	77.55058406009734	0.0	57.53681081676794	1.3478429367082123	77.55058406009734	3.293460921642024e-10
380.78076346777357	1	1	1	1	4	0	380.78076346777357	29.0	0	0.0018975773661237692	0.8873902646409567	1.0852205206521452	165.2714761601676	0.0	94.87886830618844	0.0	70.39260785397916	1.3478527248628585	94.87886830618844	4.1908092736456464e-10
395.84107158007737	1	1	1	1	4	0	395.84107158007737	30.0	0	0.002310693770979651	0.836601961879588	1.131214427022469	200.9919764182922	0.0	115.53468854898253	0.0	85.45728786930967	1.3519582873454914	115.53468854898253	4.917964130270936e-10
411.03002553366304	1	1	1	1	4	0	411.03002553366304	31.0	0	0.002851477211152554	0.9301109745664721	1.1612361494369376	248.29349969340652	0.0	142.5738605576277	0.0	105.71963913577885	1.348603360010678	142.5738605576277	6.610339802330275e-10
426.3473174640513	1	1	1	1	4	0	426.3473174640513	32.0	0	0.0034525912081613567	0.8583752475646966	1.1638397249863721	302.56552388451354	0.0	172.62956040806782	0.0	129.93596347644572	1.3285741359770764	172.62956040806782	7.456522041895337e-10
441.79260147745117	1	1	1	1	4	0	441.79260147745117	33.0	0	0.004128528394380132	0.9352447251590912	1.196549454203574	373.63224115859634	0.0	206.42641971900662	11.063267148363616	156.14255429122613	1.3928918215448414	217.4896868673703	9.764379392449608e-10
457.365493753255	1	1	1	1	4	0	457.365493753255	34.0	0	0.00479617639582351	0.8494337608247532	1.1433685195543026	453.77167142655816	0.0	239.80881979117552	31.105444835495337	182.8574067998874	1.4815602461384008	270.91426462667084	1.1933356776558054e-09
473.0655726577729	1	1	1	1	4	0	473.0655726577729	35.0	0	0.005483456873560621	0.8522840798413537	1.1739908072294063	547.5166000484302	0.0	274.1728436780311	60.639242631288965	212.7045137391101	1.5740713745265391	334.8120863093201	1.590573543366109e-09
488.8923788691719	1	1	1	1	4	0	488.8923788691719	36.0	0	0.006201914266455798	0.919340881385853	1.2071286706951598	665.7029285387538	0.0	310.09571332278995	95.94526227542593	243.552849063344	1.6671575683050686	406.0409755982159	1.990991093113171e-09
504.8454155135833	1	1	1	1	4	0	504.8454155135833	37.0	0	0.006913463431989861	0.8596762942658117	1.1960222803574545	793.7023866544272	7.015059303619688	345.673171599493	134.64510219915286	275.2983933218988	1.7447187686163608	487.3333331022656	2.2499328069813377e-09
520.9241483123367	1	1	1	1	4	0	520.9241483123367	38.0	0	0.007580450611367759	0.8567535966930279	1.1783604402893464	941.9295097021782	20.920301141753512	379.022530568388	174.33879117028252	307.92997880993937	1.7970362089370209	574.2816228804239	2.5002808773139193e-09
537.1280057402779	1	1	1	1	4	0	537.1280057402779	39.0	0	0.008284073888861947	0.906833941443994	1.1551850179151122	1109.666833353171	41.57746167947757	414.2036944430972	225.50802707007838	341.43519142062513	1.873596329808588	681.2891831926532	2.872032644634475e-09
553.4563791951257	1	1	1	1	4	0	553.4563791951257	40.0	0	0.008966385313800332	0.9005896934263777	1.155272074138769	1295.0943070881033	68.8346330571118	448.31926569001655	283.2298896788523	375.8003479009865	1.9466431030596407	800.3837884259807	3.940710711243191e-09
569.9086231778117	1	1	1	1	4	0	569.9086231778117	41.0	0	0.009683958196505405	0.8972294754331488	1.1936004784998713	1499.3611692331046	102.52601851334668	484.19790982527036	342.34434093648264	411.01047418321724	2.0110004554124887	929.0682692750996	4.443156338530507e-09
586.4840554837581	1	1	1	1	4	0	586.4840554837581	42.0	0	0.010420377592072963	0.8873124411756993	1.1766897787146426	1725.2796170429058	142.47170017444452	521.0188796036482	397.45175582499235	447.04928484289877	2.0545176260631037	1060.9423356030852	4.735736054230042e-09
603.1819574050269	1	1	1	1	4	0	603.1819574050269	43.0	0	0.011134090647517615	0.9416554738749964	1.2071086873769126	1990.778028136728	188.47742008486333	556.704532375881	442.9106948942248	483.8991637349175	2.0657510948245816	1188.0926473549691	5.608081630792337e-09
620.0015739432909	1	1	1	1	4	0	620.0015739432909	44.0	0	0.011781702601177816	0.9074727941565012	1.159539555120528	2274.8393142351824	240.3343750448304	589.0851300588909	484.17000117047655	521.5411458569761	2.0578532293283134	1313.5895062741974	5.85056770219784e-09
636.9421140335545	1	1	1	1	4	0	636.9421140335545	45.0	0	0.012449310369483943	0.8968961468044482	1.2009448341065403	2570.6702082423362	297.8190258094122	622.4655184741972	537.033489239822	559.9549004896363	2.070700705896366	1457.3180335234315	6.290389577445872e-09
654.0027507785644	1	1	1	1	4	0	654.0027507785644	46.0	0	0.013137307412016805	0.8976315513024905	1.1879712123915156	2882.0871572813203	360.69292119149117	656.8653706008404	595.830387358106	599.1187156607751	2.0908973884705526	1613.3886791504376	7.534005251445874e-09
671.1826216938364	1	1	1	1	4	0	671.1826216938364	47.0	0	0.013877665088528165	0.8668391602869739	1.175430854678173	3210.641869368949	428.702537597776	693.8832544264083	654.639945530898	639.0094839811624	2.1103336237761687	1777.225737555082	7.941104754606828e-09
688.4808289632283	1	1	1	1	4	0	688.4808289632283	48.0	0	0.014624825070227738	0.8682923932612951	1.1480740920280887	3562.3914438604274	501.57913451254234	731.2412535113871	707.2900709617426	679.6026898966121	2.1167240004479284	1940.110458985672	8.973965409443928e-09
705.8964397049822	1	1	1	1	4	0	705.8964397049822	49.0	0	0.015331319140831981	0.8790388756339649	1.155526409198707	3949.8726308374517	579.0386264282525	766.5659570415992	750.2151244783537	720.8723984007933	2.104090938819171	2095.819707948205	9.359078572033717e-09
723.4284862481575	1	1	1	1	4	0	723.4284862481575	50.0	0	0.01608803254823249	0.8953499783088288	1.1695385332916228	4357.9295616627915	660.7814717055172	804.4016274116248	807.8492255916485	762.791245251319	2.1136200278125643	2273.0323247087904	1.0377531560359728e-08
741.0759664193733	1	1	1	1	4	0	741.0759664193733	51.0	0	0.016823071494778342	0.8690055891310337	1.1336981668980852	4783.6851762202305	746.4925788270981	841.153574738917	873.9329004502963	805.3304287301822	2.1296680393580845	2461.579054016311	1.3147529409412416e-08
758.8378438397727	1	1	1	1	4	0	758.8378438397727	52.0	0	0.017628272492480064	0.8888697520100176	1.1516674362839434	5228.819321367866	835.8412304917856	881.4136246240033	941.9491257889972	848.4597029879424	2.149026929613548	2659.203980904786	1.2992767094364024e-08
776.7130482321257	1	1	1	1	4	0	776.7130482321257	53.0	0	0.01845351467666717	0.9062517312848071	1.1560768472836958	5710.392058886657	928.4810259740648	922.6757338333588	1005.1230033822924	892.147373009324	2.160852338457206	2856.279763189716	1.3708155209202167e-08
794.7004757379742	1	1	1	1	4	0	794.7004757379742	54.0	0	0.019246723060895643	0.9079694318809464	1.1510242512562368	6233.095467364756	1024.0498421545199	962.336153044782	1056.4217529707385	936.3602912360487	2.1559627473636733	3042.8077481700407	1.4742529136098624e-08
812.7989892447298	1	1	1	1	4	0	812.7989892447298	55.0	0	0.0201029327566787	0.9090577116385344	1.1660231039245859	6770.390385990247	1122.1698136039506	1005.146637833935	1115.834006725177	981.063855880788	2.1619190553655856	3243.150458163063	1.5270592572285794e-08
831.0074187226242	1	1	1	1	4	0	831.0074187226242	56.0	0	0.02094175765907812	0.8659463865181203	1.139400646649479	7312.885949226756	1222.4473320812006	1047.087882953906	1183.2870400000986	1026.2220109641082	2.173384413045893	3452.822255035205	1.6362146690569344e-08
849.3245615714155	1	1	1	1	4	0	849.3245615714155	57.0	0	0.02176813750458609	0.9069307773510542	1.1507169866147828	7897.692783794521	1324.473065780785	1088.406875229305	1251.5965962585005	1071.7972481041845	2.1832519869096965	3664.47653726859	1.9169594959872432e-08
867.7491829767432	1	1	1	1	4	0	867.7491829767432	58.0	0	0.022604757687568217	0.887240866942191	1.1474308859188846	8513.211581893582	1427.8219986415347	1130.2378843784109	1313.318005069575	1117.750610086863	2.1861369319745587	3871.377888089521	1.9871981539560515e-08
886.2800162760308	1	1	1	1	4	0	886.2800162760308	59.0	0	0.023394448472914883	0.8849179354879029	1.173732858949012	9163.67821702953	1532.0534900017474	1169.7224236457441	1360.7474050875112	1164.0416962414058	2.1738652806887697	4062.5233187350022	2.083445997506773e-08
904.9157633338257	1	1	1	1	4	0	904.9157633338257	60.0	0	0.024235706991099174	0.8860410808071779	1.14599915516563	9836.215856816452	1636.7113548597192	1211.7853495549589	1421.710163428224	1210.628669644898	2.1753123637453933	4270.206867842902	2.1671654082317077e-08
923.6550949264639	1	1	1	1	4	0	923.6550949264639	61.0	0	0.02504051617775201	0.8914936435217078	1.1563044576395818	10528.4114143098	1741.3239649711154	1252.0258088876005	1490.2274444576315	1257.4682661759034	2.180773326141041	4483.577218316347	2.4045300233433983e-08
942.4966511359496	1	1	1	1	4	0	942.4966511359496	62.0	0	0.025884725428399775	0.8856986261760779	1.1436162913150207	11265.03558459256	1845.4043709864493	1294.2362714199894	1558.4462087584327	1304.5158054354586	2.1867749461465293	4698.086851164871	2.58265826515148e-08
961.4390417529248	1	1	1	1	4	0	961.4390417529248	63.0	0	0.026728672615280277	0.8832730188513404	1.1370047801894223	12013.982970815525	1948.450445802989	1336.433630764014	1618.254658558854	1351.7252035509728	2.185864613281547	4903.138735125855	2.7163243178787107e-08
980.4808466886225	1	1	1	1	4	0	980.4808466886225	64.0	0	0.027327107810836103	0.8873966341027169	1.138649680870548	12804.245432868423	2049.9450492757933	1366.3553905418055	1665.2777949450863	1399.0489878759722	2.1669242548036145	5081.578234762685	2.6515941332205142e-08
999.6206163956656	1	1	1	1	4	0	999.6206163956656	65.0	0	0.02798192983310695	0.893015213247419	1.1575469566286247	13614.218845614807	2149.356214402313	1399.0964916553478	1727.5625694528283	1446.4383135959872	2.161626273114265	5276.01527551049	2.6567444239613105e-08
1018.856872297602	1	1	1	1	4	0	1018.856872297602	66.0	0	0.028484455075578025	0.8988350706217443	1.1601875241834962	14442.809370984474	2246.137355064124	1424.2227537789013	1796.8529873414745	1493.8429822481519	2.1562344767137662	5467.2130961845005	2.8773019812871276e-08
1038.1881072270378	1	1	1	1	4	0	1038.1881072270378	67.0	0	0.028935146416741563	0.9205227439790948	1.139534046284168	15299.389090994548	2339.7274953779183	1446.7573208370786	1864.636880804557	1541.2114621593296	2.1485657763031254	5651.121697019553	2.8674914146553743e-08
1057.612785872243	1	1	1	1	4	0	1057.612785872243	68.0	0	0.029300214704607964	0.9288981776676914	1.1496493782130301	16180.090851942097	2429.5515206760087	1465.0107352303985	1922.1494606322844	1588.4909108047657	2.1323132369367293	5816.711716538692	3.0083631167575726e-08
1077.1293452320983	1	1	1	1	4	0	1077.1293452320983	69.0	0	0.02894935015389385	0.8871779041741071	1.158007083793471	17035.616891736856	2515.020450104203	1447.4675076946926	1970.218769163972	1635.6271990864273	2.089526439012263	5932.706726962868	2.7882158592016465e-08
1096.7361950792456	1	1	1	1	4	0	1096.7361950792456	70.0	0	0.02903811377219192	0.8977968672721807	1.128341935078411	17934.377459993062	2595.5317307921805	1451.9056886095962	2014.9632562851248	1682.5649375273035	2.0604666527698066	6062.400675686902	2.7966474696839142e-08
1116.4317184313063	1	1	1	1	4	0	1116.4317184313063	71.0	0	0.02903811377219192	0.892184404112341	1.1426095070351976	18826.990737164277	2670.4695535183937	1451.9056886095962	2051.778635341701	1729.2475043750305	2.026132358200261	6174.153877469691	2.7924780964947682e-08
1136.2142720300294	1	1	1	1	4	0	1136.2142720300294	72.0	0	0.02903811377219192	0.8922807671734327	1.146677637338271	19739.34207420357	2739.205189758182	1451.9056886095962	2075.9402508898897	1775.617075605268	1.9868281218780928	6267.051129257668	2.875502350824136e-08
1156.0821868282233	1	1	1	1	4	0	1156.0821868282233	73.0	0	0.02903811377219192	0.8953883898797158	1.1450543291793862	20657.134497206484	2801.0973499701704	1451.9056886095962	2082.6056702811347	1821.6146568123036	1.9403178085292068	6335.608708860902	2.887345146454977e-08
1176.03376848433	1	1	1	1	4	0	1176.03376848433	74.0	0	0.027185958203503623	0.8489537370393254	1.166147362057738	21425.896160488348	2855.4925629422887	1359.2979101751814	2082.6056702811347	1867.1801169713751	1.84336987587421	6297.396143398606	2.6432057348545342e-08
1196.0672978644968	1	1	1	1	4	0	1196.0672978644968	75.0	0	0.027185958203503623	0.8929874523110778	1.1499614084396803	22279.749820727513	2901.725575984889	1359.2979101751814	2082.6056702811347	1912.2522240542407	1.7999213373427287	6343.629156441206	2.5283569565197072e-08
1216.1810315519913	1	1	1	1	4	0	1216.1810315519913	76.0	0	0.027185958203503623	0.9118817444978712	1.155831858413043	23138.251128959404	2939.119775724533	1359.2979101751814	2082.6056702811347	1956.7686824765256	1.7589731536893638	6381.02335618085	2.5457525373601278e-08
1236.373202363814	1	1	1	1	4	0	1236.373202363814	77.0	0	0.027185958203503623	0.9122965818792328	1.148220901160949	23987.12296242475	2966.9876292181425	1359.2979101751814	2082.6056702811347	2000.6661723523969	1.7203787558467605	6408.891209674459	2.5259118706660886e-08
1256.6420198743526	1	1	1	1	4	0	1256.6420198743526	78.0	0	0.027185958203503623	0.9198222501471016	1.1381546891395686	24847.35170066048	2984.631145073409	1359.2979101751814	2082.6056702811347	2043.880390529138	1.6840044047613008	6426.5347255297265	2.569164837937576e-08
1276.985670945924	1	1	1	1	4	0	1276.985670945924	79.0	0	0.02382997206047735	0.7833172046106331	1.1406574254444295	25419.55009581794	2991.342354227649	1191.4986030238674	2082.6056702811347	2086.3460933712367	1.569300646574183	6265.446627532652	2.2982757022229976e-08
1297.4023202660453	1	1	1	1	4	0	1297.4023202660453	80.0	0	0.02382997206047735	0.92268159390237	1.1396837345233437	26160.97355551673	2991.342354227649	1191.4986030238674	2082.6056702811347	2127.9971412606337	1.5385849021232283	6265.446627532652	2.1216756727127353e-08
1317.890110891278	1	1	1	1	4	0	1317.890110891278	81.0	0	0.02382997206047735	0.9299559796424748	1.1419271178500778	26910.974891853853	2991.342354227649	1191.4986030238674	2082.6056702811347	2168.7665447768773	1.509661923359226	6265.446627532652	2.164748502427421e-08
1338.447164797479	1	1	1	1	4	0	1338.447164797479	82.0	0	0.02382997206047735	0.9022192378600316	1.149718217246517	27644.998109096967	2991.342354227649	1191.4986030238674	2082.6056702811347	2208.586512518001	1.4824432978956341	6265.446627532652	2.145375361204316e-08
1359.0715834363004	1	1	1	1	4	0	1359.0715834363004	83.0	0	0.01987400582311552	0.7505914117560253	1.1317936018317902	28044.830578778427	2991.342354227649	993.7002911557761	2082.6056702811347	2247.388500520124	1.3688358558055034	6067.648315664561	1.9150695396471783e-08
1379.7614482977701	1	1	1	1	4	0	1379.7614482977701	84.0	0	0.01987400582311552	0.9166325586352224	1.1526535780301423	28636.75974215796	2991.342354227649	993.7002911557761	2082.6056702811347	2285.103263230879	1.3462437391504842	6067.648315664561	1.7109307525128488e-08
1400.5148214787878	1	1	1	1	4	0	1400.5148214787878	85.0	0	0.01987400582311552	0.9226082941245496	1.1469333134789716	29227.564615254945	2991.342354227649	993.7002911557761	2082.6056702811347	2321.6609059890666	1.325045338662992	6067.648315664561	1.7215497395822353e-08
1421.3297462573673	1	1	1	1	4	0	1421.3297462573673	86.0	0	0.01987400582311552	0.9037315144862254	1.152845566907439	29803.76737126166	2991.342354227649	993.7002911557761	2082.6056702811347	2356.990938960149	1.3051836180558705	6067.648315664561	1.6999775462132462e-08
1442.2042476724564	1	1	1	1	4	0	1442.2042476724564	87.0	0	0.01987400582311552	0.9035424195250537	1.1453302265578378	30373.29127617319	2991.342354227649	993.7002911557761	2082.6056702811347	2391.022332474542	1.2866069545461536	6067.648315664561	1.6947436063796182e-08
1463.1363331091584	1	1	1	1	4	0	1463.1363331091584	88.0	0	0.01591123531035129	0.7249226639023654	1.1512032377341366	30610.17589050261	2991.342354227649	795.5617655175643	2082.6056702811347	2423.683573713042	1.1875178208141242	5869.509790026347	1.4881743461716945e-08
1484.1239928891891	1	1	1	1	4	0	1484.1239928891891	89.0	0	0.01591123531035129	0.9242005577368236	1.1453743260120084	31052.629537425084	2991.342354227649	795.5617655175643	2082.6056702811347	2454.902724681179	1.1724160826667749	5869.509790026347	1.3416738164474852e-08
1505.1652008663875	1	1	1	1	4	0	1505.1652008663875	90.0	0	0.01591123531035129	0.8980936540599593	1.1477816534071703	31478.336709750973	2991.342354227649	795.5617655175643	2082.6056702811347	2484.6074814117983	1.1583992470968791	5869.509790026347	1.3148701009338692e-08
1526.2579150271054	1	1	1	1	4	0	1526.2579150271054	91.0	0	0.01591123531035129	0.9273437810537312	1.1531326514174165	31908.06509685977	2991.342354227649	795.5617655175643	2082.6056702811347	2512.725234332765	1.1454365946871925	5869.509790026347	1.3291360659294368e-08
1547.4000780953006	1	1	1	1	4	0	1547.4000780953006	92.0	0	0.01192914582044003	0.6650948478676025	1.148222259122196	32004.918396109286	2991.342354227649	596.4572910220015	2082.6056702811347	2539.183129734373	1.0550885164329984	5670.4053155307865	1.1476466207940283e-08
1568.5896181421526	1	1	1	1	4	0	1568.5896181421526	93.0	0	0.01192914582044003	0.9078599426825459	1.160564989539543	32312.415399246278	2991.342354227649	596.4572910220015	2082.6056702811347	2563.9081322687853	1.0449137890648414	5670.4053155307865	1.0296707444757503e-08
