11.247441493196291	1	1	1	1	4	0	11.247441493196291	1.0	0	0.0			15.0	0.0	0.0	0.0	0.0		0.0	0.0
11.367595075476835	1	1	1	1	4	0	11.367595075476835	1.0	0	0.0			15.0	0.0	0.0	0.0	0.0		0.0	0.0
22.856168219862568	1	1	1	1	4	0	22.856168219862568	2.0	0	0.0			14.552750241652504	0.0	0.0	0.0	0.7285827694774977	0.0	0.0	0.0
34.4665080713728	1	1	1	1	4	0	34.4665080713728	3.0	0	0.0			13.791431040067982	0.0	0.0	0.0	2.1993864847666735	0.0	0.0	0.0
46.1993671861199	1	1	1	1	4	0	46.1993671861199	4.0	0	0.0			12.713098668736418	0.0	0.0	0.0	4.42587529936556	0.0	0.0	0.0
58.05546181511435	1	1	1	1	4	0	58.05546181511435	5.0	0	0.0			11.314922877436091	0.0	0.0	0.0	7.421310407022852	0.0	0.0	0.0
70.03547169202406	1	1	1	1	4	0	70.03547169202406	6.0	0	2.500826149469408e-05			10.075555122184273	0.0	1.2504130747347042	0.0	8.825142047449571	0.14168758621806754	1.2504130747347042	0.0
82.14003983175478	1	1	1	1	4	0	82.14003983175478	7.0	0	2.5561228415984648e-05	0.1524479582151192	1.2480547310647758	10.122842479684172	0.0	1.278061420799233	0.0	8.844781058884939	0.14449893245411302	1.278061420799233	5.961220234888039e-13
94.36977233991071	1	1	1	1	4	0	94.36977233991071	8.0	0	3.1016734323139875e-05	0.7296561162648626	0.7916580815638036	10.555225138790345	0.0	1.550836716156994	0.0	9.00438842263335	0.172231210312832	1.550836716156994	1.8090458232743068e-12
106.72523823319248	1	1	1	1	4	0	106.72523823319248	9.0	0	3.900280591627288e-05	0.9009743224766322	1.2025453072735377	11.167705765054006	0.0	1.950140295813644	0.0	9.217565469240359	0.21156782691930898	1.950140295813644	2.426535320549663e-12
119.20696927078512	1	1	1	1	4	0	119.20696927078512	10.0	0	4.9264922318386434e-05	0.8630960092290585	1.1277794010612516	11.944795464237473	0.0	2.463246115919321	0.0	9.48154934831815	0.2597936292296211	2.463246115919321	3.0182903726192662e-12
131.81545979678634	1	1	1	1	4	0	131.81545979678634	11.0	0	6.357393846772224e-05	1.115211352179669	1.0912462723451517	13.027720662452655	0.0	3.178696923386113	0.0	9.849023739066542	0.3227423354436325	3.178696923386113	4.342269924430071e-12
144.55116659372186	1	1	1	1	4	0	144.55116659372186	12.0	0	8.076000945838556e-05	0.8606202981515552	1.6410015689751092	14.339439259249769	0.0	4.038000472919279	0.0	10.30143878633049	0.3919841253900873	4.038000472919279	5.269979437423384e-12
157.41450874719058	1	1	1	1	4	0	157.41450874719058	13.0	0	0.00010517588717688344	1.2590409761457595	1.4149162116833258	16.233981202201356	0.0	5.258794358844174	0.0	10.975186843357182	0.4791530598886433	5.258794358844174	7.326068871484334e-12
170.4058675216809	1	1	1	1	4	0	170.4058675216809	14.0	0	0.00013496838019925068	0.8400835494019671	1.149340687980842	18.443771972288577	0.0	6.748419009962536	0.0	11.695352962326044	0.5770171307955435	6.748419009962536	8.668978388582569e-12
183.52558624759342	1	1	1	1	4	0	183.52558624759342	15.0	0	0.0001751488814074889	0.9901546273642782	1.3678786124515288	21.363928217509052	0.0	8.757444070374445	0.0	12.606484147134605	0.6946777521919124	8.757444070374445	1.2429540715856793e-11
196.77397021950497	1	1	1	1	4	0	196.77397021950497	16.0	0	0.00022168713297201234	0.7530089749618148	1.398505509306038	24.728470267720823	0.0	11.084356648600616	0.0	13.644113619120205	0.8123911129754544	11.084356648600616	2.762512440677826e-11
210.1512866057031	1	1	1	1	4	0	210.1512866057031	17.0	0	0.0002866084537176852	0.8275748422750835	1.0876947225246405	29.452238292770954	0.0	14.330422685884262	0.0	15.121815606886694	0.9476654826658502	14.330422685884262	3.52336503335266e-11
223.65776436901845	1	1	1	1	4	0	223.65776436901845	18.0	0	0.00037118761910736567	0.8526357446568368	1.2417439053869597	35.71503660241888	0.0	18.559380955368287	0.0	17.15565564705059	1.0818228890342074	18.559380955368287	4.570438510065768e-11
237.29359419897813	1	1	1	1	4	0	237.29359419897813	19.0	0	0.0004879053978854201	1.1452840308242038	1.181148096616897	44.623456971042565	0.0	24.39526989427101	0.0	20.228187076771558	1.2060037709600082	24.39526989427101	6.404068704703244e-11
251.0589284553002	1	1	1	1	4	0	251.0589284553002	20.0	0	0.0006240433262105861	0.8838928774163141	1.288908710796938	55.52116789022801	0.0	31.202166310529307	0.0	24.319001579698693	1.283036485205734	31.202166310529307	7.797631828896362e-11
264.95388112274634	1	1	1	1	4	0	264.95388112274634	21.0	0	0.000793249645027279	0.8523431241553251	1.1134887808427565	69.12406420825437	0.0	39.662482251363954	0.0	29.46158195689042	1.3462441463394588	39.662482251363954	1.0226905246339376e-10
278.9785277773454	1	1	1	1	4	0	278.9785277773454	22.0	0	0.001015057545020742	0.9976459316336196	1.2112502036535544	87.40209658200573	0.0	50.75287725103711	0.0	36.649219330968606	1.384828331340496	50.75287725103711	1.551488765055851e-10
293.1329055639992	1	1	1	1	4	0	293.1329055639992	23.0	0	0.0012895851673113638	0.7809662643844898	1.1653424748146588	109.62609400371441	0.0	64.47925836556819	0.0	45.14683563814623	1.4282121316845355	64.47925836556819	2.290436617359493e-10
307.41701318547484	1	1	1	1	4	0	307.41701318547484	24.0	0	0.0016473192960413626	0.835984830167161	1.1718243727057804	138.57168695324788	0.0	82.36596480206813	0.0	56.20572215117974	1.4654373549462398	82.36596480206813	2.9616525239499797e-10
321.83081090278995	1	1	1	1	4	0	321.83081090278995	25.0	0	0.0021036216950468733	0.8618051538838116	1.1663631562261323	176.05441309117472	0.0	105.1810847523437	0.0	70.87332833883104	1.4840714725502122	105.1810847523437	3.907297137799915e-10
336.3742205469876	1	1	1	1	4	0	336.3742205469876	26.0	0	0.0026614798852378865	0.8407533421681304	1.1357884315693458	223.38959903530645	0.0	133.07399426189434	0.0	90.31560477341213	1.4734330196399217	133.07399426189434	4.847721619627521e-10
351.0471255422998	1	1	1	1	4	0	351.0471255422998	27.0	0	0.0033268237269051073	0.8168215982829329	1.1614489089852027	285.43257916582934	0.0	166.34118634525538	0.0	112.77968516680453	1.4749215348423057	166.34118634525538	6.231249932668294e-10
365.84937094069124	1	1	1	1	4	0	365.84937094069124	28.0	0	0.003997541541071195	0.8852949895421521	1.1092371835475814	371.0307152158434	0.0	199.8770770535598	0.0	136.1896129381517	1.467638190177769	199.8770770535598	9.78724830446469e-10
380.78076346777357	1	1	1	1	4	0	380.78076346777357	29.0	0	0.0046540925148430435	0.8550546781065009	1.174991977598682	475.1728741747213	0.0	232.70462574215225	0.0	160.54426324145064	1.4494733168520382	232.70462574215225	1.113688967823011e-09
395.84107158007737	1	1	1	1	4	0	395.84107158007737	30.0	0	0.005347815002292684	0.8528585974542591	1.173362457176782	602.8114452907887	0.0	267.39075011463416	0.0	185.84150917510888	1.4388106903645816	267.39075011463416	1.4149545826324885e-09
411.03002553366304	1	1	1	1	4	0	411.03002553366304	31.0	0	0.006048047827009304	0.8949828542749435	1.1976865314949032	755.5996174740471	0.0	302.4023913504652	0.0	212.07819175211915	1.425900460825876	302.4023913504652	1.7171227095637516e-09
426.3473174640513	1	1	1	1	4	0	426.3473174640513	32.0	0	0.0067225270919711285	0.850284547178899	1.184467127069106	929.1724720424139	0.0	336.1263545985563	0.0	239.2500904645874	1.404916311403895	336.1263545985563	1.887644251868041e-09
441.79260147745117	1	1	1	1	4	0	441.79260147745117	33.0	0	0.007447346832135135	0.9459956993280706	1.1807861713324608	1125.7693082854144	0.0	372.3673416067567	11.86334260539778	267.3518944964277	1.437172102093664	384.2306842121545	2.149525162817476e-09
457.365493753255	1	1	1	1	4	0	457.365493753255	34.0	0	0.008172736211383523	0.8862590706975092	1.2004662606859764	1337.4244799590715	0.0	408.6368105691761	33.638863238761594	296.37717463817245	1.4922730616751552	442.2756738079377	3.027992097772345e-09
473.0655726577729	1	1	1	1	4	0	473.0655726577729	35.0	0	0.008862182911974287	0.9237522868365284	1.1585810017380878	1574.6825083475865	0.0	443.10914559871435	63.26574790347243	326.31835595788687	1.5517818236603798	506.3748935021868	3.334281038075177e-09
488.8923788691719	1	1	1	1	4	0	488.8923788691719	36.0	0	0.009580640304869464	0.8779676190661589	1.1929998051603243	1827.9549627387726	0.0	479.0320152434732	98.57176754760937	357.16669128212084	1.6171826681756325	577.6037827910826	3.569284318936429e-09
504.8454155135833	1	1	1	1	4	0	504.8454155135833	37.0	0	0.010292189470403529	0.9100637647200196	1.1598575566060945	2105.173418583596	7.015059303619688	514.6094735201764	137.2716074713363	388.9122355406757	1.6761650095303662	658.8961402951322	3.9647080091951025e-09
520.9241483123367	1	1	1	1	4	0	520.9241483123367	38.0	0	0.010959176649781426	0.9513962416542738	1.1330017155209149	2409.63079584762	20.920301141753512	547.9588324890714	176.96529644246598	421.54382102871625	1.719688660510942	745.8444300732907	4.406942622561565e-09
537.1280057402779	1	1	1	1	4	0	537.1280057402779	39.0	0	0.011662799927275614	0.8804743441746973	1.1613176493774071	2722.089864566851	41.57746167947757	583.1399963637806	228.13453234226182	455.049033639402	1.7828288134525014	852.8519903855199	4.6961572639908245e-09
553.4563791951257	1	1	1	1	4	0	553.4563791951257	40.0	0	0.012345111352213998	0.8968043685915035	1.1366457038222066	3055.845092838017	68.8346330571118	617.2555676107	285.8563949510358	489.4141901197634	1.845291740194001	971.9465956188477	5.542078324722023e-09
569.9086231778117	1	1	1	1	4	0	569.9086231778117	41.0	0	0.013062684234919074	0.8985495158482536	1.1863093811301293	3412.947913598668	102.52601851334668	653.1342117459536	344.97084620866616	524.6243164019941	1.9025139070942734	1100.6310764679663	6.744962069008841e-09
586.4840554837581	1	1	1	1	4	0	586.4840554837581	42.0	0	0.013799103630486632	0.8881434542799109	1.1488139098057255	3798.8060446601903	142.47170017444452	689.9551815243317	400.0782610971759	560.6631270616756	1.9441860718291866	1232.505142795952	7.1992978364164175e-09
603.1819574050269	1	1	1	1	4	0	603.1819574050269	43.0	0	0.014512816685931287	0.9470752472842696	1.1595943330112215	4228.0435082262675	188.47742008486333	725.6408342965642	445.5372001664082	597.5130059536942	1.9600879358159704	1359.6554545478355	8.166973921166168e-09
620.0015739432909	1	1	1	1	4	0	620.0015739432909	44.0	0	0.015160428639591488	0.8972473012557917	1.1348274873754325	4679.563242029972	240.3343750448304	758.0214319795742	486.7965064426599	635.1549880757531	1.9598648547081368	1485.1523134670645	8.489416214894956e-09
636.9421140335545	1	1	1	1	4	0	636.9421140335545	45.0	0	0.015828036407897608	0.9003244567095626	1.1504251785521582	5145.550708841658	297.8190258094122	791.4018203948807	539.6599945120054	673.5687427084132	1.9761335859420963	1628.8808407162985	8.976724985909216e-09
654.0027507785644	1	1	1	1	4	0	654.0027507785644	46.0	0	0.016516033450430474	0.9108558870466212	1.162416950732905	5633.484032727615	360.69292119149117	825.8016725215238	598.4568926302895	712.732557879552	1.9983071481806864	1784.9514863433044	1.119932962736652e-08
671.1826216938364	1	1	1	1	4	0	671.1826216938364	47.0	0	0.01725639112694183	0.960326305342184	1.152933093236307	6160.418941571823	428.702537597776	862.8195563470916	657.2664508030814	752.6233261999392	2.019716841391589	1948.788544747949	1.1839339016024932e-08
688.4808289632283	1	1	1	1	4	0	688.4808289632283	48.0	0	0.018003551108641404	0.8826010847427929	1.1394579858940628	6702.755310670906	501.57913451254234	900.1775554320703	709.916576233926	793.216532115389	2.029829266634317	2111.6732661785386	1.266899156820831e-08
705.8964397049822	1	1	1	1	4	0	705.8964397049822	49.0	0	0.018710045179245648	0.9187572467195816	1.1408856784542982	7285.798349206846	579.0386264282525	935.5022589622826	752.8416297505372	834.4862406195701	2.0232135732511267	2267.3825151410724	1.3546563615057156e-08
723.4284862481575	1	1	1	1	4	0	723.4284862481575	50.0	0	0.01946675858664616	0.8735318527376764	1.162279010605076	7879.2857025965395	660.7814717055172	973.337929332308	810.4757308638319	876.4050874700959	2.0353757476984136	2444.5951319016576	1.3991633317670438e-08
741.0759664193733	1	1	1	1	4	0	741.0759664193733	51.0	0	0.020201797533192	0.9187414510511568	1.153834699002131	8508.023485931646	746.4925788270981	1010.0898766596003	876.5594057224796	918.9442709489592	2.0530616948444638	2633.1418612091784	1.7472944599319865e-08
758.8378438397727	1	1	1	1	4	0	758.8378438397727	52.0	0	0.02100699853089373	0.9026461721850746	1.1533973538775908	9163.895377714949	835.8412304917856	1050.3499265446867	944.5756310611807	962.0735452067192	2.073568665872858	2830.7667880976533	1.7527259500704044e-08
776.7130482321257	1	1	1	1	4	0	776.7130482321257	53.0	0	0.02183224071508084	0.8910199368824413	1.1489718619871956	9843.031284711573	928.4810259740648	1091.6120357540422	1007.7495086544756	1005.7612152281007	2.087335952731479	3027.8425703825824	1.8507222992090158e-08
794.7004757379742	1	1	1	1	4	0	794.7004757379742	54.0	0	0.02262544909930931	0.9090599779378624	1.1520462821825908	10563.617095129432	1024.0498421545199	1131.2724549654656	1059.048258242922	1049.9741334548255	2.0860711168201598	3214.370555362908	1.934602686532772e-08
812.7989892447298	1	1	1	1	4	0	812.7989892447298	55.0	0	0.02348165879509237	0.891182109823208	1.1454912782799511	11307.140615800752	1122.1698136039506	1174.0829397546186	1118.4605119973603	1094.6776980995646	2.094263412630029	3414.713265355929	2.0002376375511593e-08
831.0074187226242	1	1	1	1	4	0	831.0074187226242	56.0	0	0.024320483697491787	0.9192984989605048	1.1475693902694304	12071.962230734767	1222.4473320812006	1216.0241848745893	1185.9135452722826	1139.8358531828846	2.107266343166593	3624.385062228073	2.2508937314076634e-08
849.3245615714155	1	1	1	1	4	0	849.3245615714155	57.0	0	0.025146863542999758	0.90581854167641	1.138747213736046	12878.277589994635	1324.473065780785	1257.343177149988	1254.223101530684	1185.411090322961	2.11873020185462	3836.0393444614574	2.535121640938633e-08
867.7491829767432	1	1	1	1	4	0	867.7491829767432	58.0	0	0.025983483725981884	0.8931620591637741	1.1455036883342404	13718.470439996277	1427.8219986415347	1299.174186299094	1315.9445103417586	1231.3644523056396	2.1237568550433905	4042.940695282387	2.6032450732680745e-08
886.2800162760308	1	1	1	1	4	0	886.2800162760308	59.0	0	0.026773174511328542	0.8986988365962082	1.1422758727488995	14598.49438880731	1532.0534900017474	1338.6587255664274	1363.3739103596945	1277.6555384601825	2.114836553819963	4234.086125927871	2.6621819688693608e-08
904.9157633338257	1	1	1	1	4	0	904.9157633338257	60.0	0	0.027614433029512844	0.91292825000295	1.157172076289248	15509.491392624834	1636.7113548597192	1380.7216514756424	1424.336668700407	1324.2425118636747	2.1182361199296844	4441.769675035769	2.815853453979522e-08
923.6550949264639	1	1	1	1	4	0	923.6550949264639	61.0	0	0.02841924221616568	0.8901288079852929	1.138055746779376	16435.376598070263	1741.3239649711154	1420.9621108082838	1492.8539497298148	1371.0821083946796	2.1251944305142425	4655.140025509214	3.2087713514279614e-08
942.4966511359496	1	1	1	1	4	0	942.4966511359496	62.0	0	0.029263451466813445	0.8873114643183826	1.1523105634179367	17398.227920526788	1845.4043709864493	1463.1725733406722	1561.0727140306158	1418.1296476542352	2.132559101612304	4869.649658357736	3.3856406807070686e-08
961.4390417529248	1	1	1	1	4	0	961.4390417529248	63.0	0	0.030107398653693936	0.9020704922465259	1.1373869693877017	18392.27653040071	1948.450445802989	1505.369932684697	1620.8811638310374	1465.3390457697494	2.13346604360324	5074.701542318723	3.424552219667172e-08
980.4808466886225	1	1	1	1	4	0	980.4808466886225	64.0	0	0.03051421927705633	0.8839560324251452	1.1387020713754588	19407.519339011178	2049.9450492757933	1525.7109638528168	1667.9043002172698	1512.6628300947489	2.111253876628969	5243.56031334588	3.321585605489495e-08
999.6206163956656	1	1	1	1	4	0	999.6206163956656	65.0	0	0.031169041299327176	0.8813220596200065	1.1444334978027608	20479.403463458177	2149.356214402313	1558.4520649663586	1730.189074725012	1560.052155814764	2.108032816360439	5437.997354093684	3.4493187520644365e-08
1018.856872297602	1	1	1	1	4	0	1018.856872297602	66.0	0	0.03167156654179825	0.905785509941688	1.1627868777263368	21565.795253150325	2246.137355064124	1583.5783270899124	1799.479492613658	1607.4568244669283	2.104602604692337	5629.195174767695	3.614898025986194e-08
1038.1881072270378	1	1	1	1	4	0	1038.1881072270378	67.0	0	0.03212225788296179	0.8875144099376122	1.137495939863393	22664.65086038382	2339.7274953779183	1606.1128941480897	1867.2633860767405	1654.8253043781065	2.0989383417303658	5813.103775602748	3.613248267369535e-08
1057.612785872243	1	1	1	1	4	0	1057.612785872243	68.0	0	0.03248732617082819	0.9136575380154096	1.1560714204487943	23805.340172899832	2429.5515206760087	1624.3663085414096	1924.775965904468	1702.104753023542	2.0851491473373427	5978.693795121885	3.7124627569631953e-08
1077.1293452320983	1	1	1	1	4	0	1077.1293452320983	69.0	0	0.031152837456010725	0.8533445974460353	1.1341630703595162	24812.253591895118	2515.020450104203	1557.6418728005365	1972.8452744361555	1749.241041305204	2.0182965433982747	6045.507597340895	3.4378468756850285e-08
1096.7361950792456	1	1	1	1	4	0	1096.7361950792456	70.0	0	0.0312416010743088	0.8925317288304023	1.1429781540592796	25930.59553769253	2595.5317307921805	1562.0800537154398	2017.5897615573083	1796.1787797460804	1.992936257591683	6175.201546064929	3.4732234110667526e-08
1116.4317184313063	1	1	1	1	4	0	1116.4317184313063	71.0	0	0.0312416010743088	0.9055252951645352	1.1461469105586777	27035.86634220236	2670.4695535183937	1562.0800537154398	2054.4051406138838	1842.861346593807	1.9624293498877368	6286.954747847719	3.4331071748674136e-08
1136.2142720300294	1	1	1	1	4	0	1136.2142720300294	72.0	0	0.0312416010743088	0.8911884011493559	1.14599168735913	28152.58207021312	2739.205189758182	1562.0800537154398	2078.5667561620735	1889.2309178240448	1.927052312943668	6379.8519996356945	3.489532945298639e-08
1156.0821868282233	1	1	1	1	4	0	1156.0821868282233	73.0	0	0.0312416010743088	0.9052771344215396	1.1592996538043432	29283.831619774213	2801.0973499701704	1562.0800537154398	2085.2321755533185	1935.22849903108	1.8846933223104536	6448.40957923893	3.538468265980323e-08
1176.03376848433	1	1	1	1	4	0	1176.03376848433	74.0	0	0.027828290798491803	0.7901143366869018	1.1398450188411655	30101.181368607216	2855.4925629422887	1391.4145399245901	2085.2321755533185	1980.793959190152	1.7551783714543117	6332.139278420198	3.1941154844444465e-08
1196.0672978644968	1	1	1	1	4	0	1196.0672978644968	75.0	0	0.027828290798491803	0.8944015034592684	1.1528897892979688	31073.432177179267	2901.725575984889	1391.4145399245901	2085.2321755533185	2025.8660662730172	1.7161286095649402	6378.372291462798	2.9219075361041798e-08
1216.1810315519913	1	1	1	1	4	0	1216.1810315519913	76.0	0	0.027828290798491803	0.9095549165481104	1.1476028491500696	32066.72222911764	2939.119775724533	1391.4145399245901	2085.2321755533185	2070.3825246953024	1.6792291636974503	6415.766491202441	2.999686007898282e-08
1236.373202363814	1	1	1	1	4	0	1236.373202363814	77.0	0	0.027828290798491803	0.9105878979015292	1.1616087403452278	33057.712222301714	2966.9876292181425	1391.4145399245901	2085.2321755533185	2114.2800145711735	1.6443643658917408	6443.634344696052	3.0066088716056376e-08
1256.6420198743526	1	1	1	1	4	0	1256.6420198743526	78.0	0	0.027828290798491803	0.9156224489326609	1.1515592706794304	34048.145489810624	2984.631145073409	1391.4145399245901	2085.2321755533185	2157.4942327479152	1.6114280458816532	6461.277860551319	3.015554592469684e-08
1276.985670945924	1	1	1	1	4	0	1276.985670945924	79.0	0	0.02385466798263824	0.7727473222583675	1.1526956248810551	34690.8433552253	2991.342354227649	1192.7333991319122	2085.2321755533185	2199.9599355900136	1.4900114868710568	6269.30792891288	2.7446474034037667e-08
1297.4023202660453	1	1	1	1	4	0	1297.4023202660453	80.0	0	0.02385466798263824	0.8918172542019436	1.144519497249064	35520.65408151256	2991.342354227649	1192.7333991319122	2085.2321755533185	2241.610983479411	1.4623257999910395	6269.30792891288	2.4734472124959005e-08
1317.890110891278	1	1	1	1	4	0	1317.890110891278	81.0	0	0.02385466798263824	0.915424457653386	1.165933286447939	36344.47060611664	2991.342354227649	1192.7333991319122	2085.2321755533185	2282.380386995653	1.436204759452953	6269.30792891288	2.4682547883705336e-08
1338.447164797479	1	1	1	1	4	0	1338.447164797479	82.0	0	0.02385466798263824	0.8920602653571713	1.1571887965847567	37164.78860777013	2991.342354227649	1192.7333991319122	2085.2321755533185	2322.200354736778	1.4115774153590588	6269.30792891288	2.48754836883301e-08
1359.0715834363004	1	1	1	1	4	0	1359.0715834363004	83.0	0	0.01987400582311552	0.7633572108175088	1.1448403724774499	37651.021660810016	2991.342354227649	993.7002911557761	2085.2321755533185	2361.002342738901	1.304078530958742	6070.274820936745	2.2803406968185485e-08
1379.7614482977701	1	1	1	1	4	0	1379.7614482977701	84.0	0	0.01987400582311552	0.9182750426519104	1.1627998062180047	38310.958426754034	2991.342354227649	993.7002911557761	2085.2321755533185	2398.717105449656	1.2835746490130304	6070.274820936745	1.9963949139640683e-08
1400.5148214787878	1	1	1	1	4	0	1400.5148214787878	85.0	0	0.01987400582311552	0.9211665650194936	1.1510311010677785	38967.98952922744	2991.342354227649	993.7002911557761	2085.2321755533185	2435.2747482078435	1.264305996263842	6070.274820936745	2.0033826627895227e-08
1421.3297462573673	1	1	1	1	4	0	1421.3297462573673	86.0	0	0.01987400582311552	0.92450281516028	1.1522553220719702	39613.86427045722	2991.342354227649	993.7002911557761	2085.2321755533185	2470.6047811789263	1.2462262237021515	6070.274820936745	1.9879305899270584e-08
1442.2042476724564	1	1	1	1	4	0	1442.2042476724564	87.0	0	0.01987400582311552	0.8984322797595415	1.1511239889392952	40233.62041877905	2991.342354227649	993.7002911557761	2085.2321755533185	2504.636174693319	1.2292932992897043	6070.274820936745	1.9398567787245826e-08
1463.1363331091584	1	1	1	1	4	0	1463.1363331091584	88.0	0	0.01591123531035129	0.7566016316129356	1.1780410404294657	40523.02478284105	2991.342354227649	795.5617655175643	2085.2321755533185	2537.2974159318187	1.1353788968460032	5872.136295298532	1.7507836049501764e-08
1484.1239928891891	1	1	1	1	4	0	1484.1239928891891	89.0	0	0.01591123531035129	0.94043806642255	1.1552097529643943	41012.01719242831	2991.342354227649	795.5617655175643	2085.2321755533185	2568.516566899956	1.121578882610762	5872.136295298532	1.57016251747565e-08
1505.1652008663875	1	1	1	1	4	0	1505.1652008663875	90.0	0	0.01591123531035129	0.9272362827578962	1.1723864557242627	41487.34826975637	2991.342354227649	795.5617655175643	2085.2321755533185	2598.221323630575	1.1087561767237983	5872.136295298532	1.5504453864532684e-08
1526.2579150271054	1	1	1	1	4	0	1526.2579150271054	91.0	0	0.01591123531035129	0.8958994850814506	1.1745311309135962	41949.20263915853	2991.342354227649	795.5617655175643	2085.2321755533185	2626.339076551541	1.09688576269194	5872.136295298532	1.5346349016631908e-08
1547.4000780953006	1	1	1	1	4	0	1547.4000780953006	92.0	0	0.01192914582044003	0.6800238288567855	1.1525179277551942	42075.547433147156	2991.342354227649	596.4572910220015	2085.2321755533185	2652.7969719531493	1.0108913327810751	5673.0318208029685	1.360814522561032e-08
1568.5896181421526	1	1	1	1	4	0	1568.5896181421526	93.0	0	0.01192914582044003	0.8744377929566043	1.1433886869802623	42387.79659994022	2991.342354227649	596.4572910220015	2085.2321755533185	2677.521974487562	1.001556473533165	5673.0318208029685	1.171712615787198e-08
