11.247441493196291	1	1	1	1	4	0	11.247441493196291	1.0	0	0.0			15.0	0.0	0.0	0.0	0.0		0.0	0.0
11.367595075476835	1	1	1	1	4	0	11.367595075476835	1.0	0	0.0			15.0	0.0	0.0	0.0	0.0		0.0	0.0
22.856168219862568	1	1	1	1	4	0	22.856168219862568	2.0	0	0.0			14.552750241652504	0.0	0.0	0.0	0.7285827694774977	0.0	0.0	0.0
34.4665080713728	1	1	1	1	4	0	34.4665080713728	3.0	0	0.0			13.791431040067982	0.0	0.0	0.0	2.1993864847666735	0.0	0.0	0.0
46.1993671861199	1	1	1	1	4	0	46.1993671861199	4.0	0	0.0			12.713098668736418	0.0	0.0	0.0	4.42587529936556	0.0	0.0	0.0
58.05546181511435	1	1	1	1	4	0	58.05546181511435	5.0	0	0.0			11.314922877436091	0.0	0.0	0.0	7.421310407022852	0.0	0.0	0.0
70.03547169202406	1	1	1	1	4	0	70.03547169202406	6.0	0	2.500826149469408e-05			10.075555122184273	0.0	1.2504130747347042	0.0	8.825142047449571	0.14168758621806754	1.2504130747347042	0.0
82.14003983175478	1	1	1	1	4	0	82.14003983175478	7.0	0	2.7918946579144274e-05	0.9294799779689	1.5975641541508605	10.32446441649935	0.0	1.395947328957214	0.0	8.928517087542136	0.15634705240190044	1.395947328957214	1.2307427134341034e-12
94.36977233991071	1	1	1	1	4	0	94.36977233991071	8.0	0	3.109569308864831e-05	0.6720714597261022	1.0033792590659707	10.576241268447045	0.0	1.5547846544324158	0.0	9.021456614014634	0.17234297308675106	1.5547846544324158	1.2681726676904274e-12
106.72523823319248	1	1	1	1	4	0	106.72523823319248	9.0	0	3.4354084593660835e-05	0.4661624876036555	1.2848614393955022	10.826139061915157	0.0	1.7177042296830425	0.0	9.108434832232113	0.1885839072597396	1.7177042296830425	1.2934000086826743e-12
119.20696927078512	1	1	1	1	4	0	119.20696927078512	10.0	0	3.46523828005994e-05	0.08840438443461768	1.1034981021458932	10.84872743012438	0.0	1.7326191400299706	0.0	9.11610829009441	0.19006127229890848	1.7326191400299706	6.249994785686656e-13
131.81545979678634	1	1	1	1	4	0	131.81545979678634	11.0	0	3.932353959550469e-05	0.8028921844765625	1.7160693971243492	11.202246731886563	0.0	1.9661769797752349	0.0	9.236069752111328	0.21288026536674592	1.9661769797752349	1.8372485959266606e-12
144.55116659372186	1	1	1	1	4	0	144.55116659372186	12.0	0	4.3325651600945566e-05	0.3631331115665253	1.1564550492659025	11.507706004506453	0.0	2.16628258004728	0.0	9.341423424459174	0.2319006945317541	2.16628258004728	1.7615234549284775e-12
157.41450874719058	1	1	1	1	4	0	157.41450874719058	13.0	0	4.9341506421076705e-05	0.8356029386029299	1.0360883801369258	11.974504266311767	0.0	2.467075321053836	0.0	9.507428945257931	0.2594892199835321	2.467075321053836	2.317553052299618e-12
170.4058675216809	1	1	1	1	4	0	170.4058675216809	14.0	0	5.722266256950804e-05	1.0364533876646111	1.08230767038709	12.559071194005421	0.0	2.861133128475404	0.0	9.697938065530016	0.29502489180096003	2.861133128475404	2.7701163956272844e-12
183.52558624759342	1	1	1	1	4	0	183.52558624759342	15.0	0	6.577889309919371e-05	0.8139648933814992	1.3033459378761945	13.180903407777928	0.0	3.2889446549596872	0.0	9.89195875281824	0.33248669319639657	3.2889446549596872	3.378798253393492e-12
196.77397021950497	1	1	1	1	4	0	196.77397021950497	16.0	0	7.712619952463751e-05	1.256509504144276	1.287922742820912	14.001271349021074	0.0	3.856309976231877	0.0	10.144961372789199	0.3801207155480421	3.856309976231877	4.281154817493912e-12
210.1512866057031	1	1	1	1	4	0	210.1512866057031	17.0	0	8.673921571174717e-05	0.5368804418118671	1.2703346671984534	14.700728137136169	0.0	4.33696078558736	0.0	10.363767351548807	0.4184733831312053	4.33696078558736	4.269699282887192e-12
223.65776436901845	1	1	1	1	4	0	223.65776436901845	18.0	0	0.00010012835919110855	0.7902630778375561	1.3977610263493525	15.69214848000478	0.0	5.00641795955543	0.0	10.685730520449347	0.4685143378802803	5.00641795955543	8.362289542788673e-12
237.29359419897813	1	1	1	1	4	0	237.29359419897813	19.0	0	0.0001166927979370418	1.0329202595114102	1.5128190429755433	16.956420170778557	0.0	5.8346398968520905	0.0	11.121780273926468	0.524613843570586	5.8346398968520905	1.0217865951570026e-11
251.0589284553002	1	1	1	1	4	0	251.0589284553002	20.0	0	0.0001364894090541317	1.240587750340999	1.5260634889596696	18.54111995127095	0.0	6.8244704527065885	0.0	11.716649498564358	0.5824592135783179	6.8244704527065885	1.2629643278918591e-11
264.95388112274634	1	1	1	1	4	0	264.95388112274634	21.0	0	0.00015645867553532733	0.8324349055413206	1.2778051692627859	20.14649653171071	0.0	7.822933776766367	0.0	12.323562754944346	0.6347948180511129	7.822933776766367	1.3766214812475e-11
278.9785277773454	1	1	1	1	4	0	278.9785277773454	22.0	0	0.00017866611559926298	0.776518238497647	1.0930268187290426	21.976495861936197	0.0	8.93330577996315	0.0	13.043190081973044	0.6849019084916846	8.93330577996315	1.6563859162786537e-11
293.1329055639992	1	1	1	1	4	0	293.1329055639992	23.0	0	0.00020934483907052897	1.2303963601307537	1.0679426400949628	24.46004875777177	0.0	10.467241953526448	0.0	13.992806804245324	0.7480444845669391	10.467241953526448	2.750917367937756e-11
307.41701318547484	1	1	1	1	4	0	307.41701318547484	24.0	0	0.00024261345111648716	0.9518781535733492	1.104094030588625	27.15193534320032	0.0	12.130672555824358	0.0	15.021262787375958	0.8075667623642878	12.130672555824358	3.0101137809991834e-11
321.83081090278995	1	1	1	1	4	0	321.83081090278995	25.0	0	0.00028111045838420906	0.9843454871606642	1.3540760012651272	30.314252227114782	0.0	14.055522919210455	0.0	16.25872930790432	0.8644908622949545	14.055522919210455	3.6444268749675095e-11
336.3742205469876	1	1	1	1	4	0	336.3742205469876	26.0	0	0.00031716379552869937	0.5611129360393888	1.2385135990631448	33.373437245186444	0.0	15.858189776434973	0.0	17.515247468751472	0.9053934182047492	15.858189776434973	3.7074026594407366e-11
351.0471255422998	1	1	1	1	4	0	351.0471255422998	27.0	0	0.00036911196734536335	1.0824709221459088	1.4066111711349842	37.724777915792274	0.0	18.45559836726817	0.0	19.269179548524107	0.9577781098978734	18.45559836726817	5.0489659953800964e-11
365.84937094069124	1	1	1	1	4	0	365.84937094069124	28.0	0	0.0004231980298188241	0.8389863160246994	1.3093110540535653	42.31683590328163	0.0	21.15990149094121	0.0	21.156934412340426	1.00014024142359	21.15990149094121	5.710077863787049e-11
380.78076346777357	1	1	1	1	4	0	380.78076346777357	29.0	0	0.00048417887233807286	0.8646088896028243	1.075169137061048	47.627952345004566	0.0	24.20894361690364	0.0	23.41900872810093	1.033730500636214	24.20894361690364	7.057744891510384e-11
395.84107158007737	1	1	1	1	4	0	395.84107158007737	30.0	0	0.000556301433018663	0.8533831456902419	1.0841260941969229	53.86409769562645	0.0	27.81507165093316	0.0	26.04902604469329	1.0677969918418366	27.81507165093316	9.161017394470643e-11
411.03002553366304	1	1	1	1	4	0	411.03002553366304	31.0	0	0.0006432430665703749	1.0029378077199036	1.1707155302429442	61.46875308542147	0.0	32.16215332851875	0.0	29.306599756902717	1.0974372187596906	32.16215332851875	1.1448193611450873e-10
426.3473174640513	1	1	1	1	4	0	426.3473174640513	32.0	0	0.0007386301561164812	0.9316738646971368	1.115609878824808	70.08084739220196	0.0	36.93150780582406	0.0	33.14933958637789	1.1140948286342447	36.93150780582406	1.3016212567915628e-10
441.79260147745117	1	1	1	1	4	0	441.79260147745117	33.0	0	0.0008279830548295693	0.7813494228878717	1.1434669555532826	79.47523687088278	0.0	41.399152741478474	1.46246575731908	36.61361837208523	1.17064689054267	42.86161849879755	1.443725344282366e-10
457.365493753255	1	1	1	1	4	0	457.365493753255	34.0	0	0.000921797008371676	0.947701336835023	1.2281972764747022	90.73595624965122	0.0	46.089850418583794	4.2786741820554175	40.367431649012005	1.2477515299607125	50.36852460063922	2.1046322555394118e-10
473.0655726577729	1	1	1	1	4	0	473.0655726577729	35.0	0	0.0010161009112103943	0.9348388827012404	1.2443182139069238	103.59899095927544	0.0	50.805045560519716	8.331098902401127	44.462846496354615	1.3300125638103093	59.136144462920846	2.457743508162289e-10
488.8923788691719	1	1	1	1	4	0	488.8923788691719	36.0	0	0.0011158811695160908	0.8676958009373653	1.241006152798373	117.77560315611412	0.0	55.79405847580454	13.234442920676074	48.74710175963352	1.4160534453279374	69.02850139648059	2.8736944141362866e-10
504.8454155135833	1	1	1	1	4	0	504.8454155135833	37.0	0	0.0012245330399389867	0.8357140077111407	1.1440790994190044	135.0362227311063	1.0711829222563136	61.22665199694935	19.14381671584261	53.59457109605803	1.499600931011151	81.44165163504826	3.6554617897461113e-10
520.9241483123367	1	1	1	1	4	0	520.9241483123367	38.0	0	0.0013336340855940967	0.9302246660095284	1.1659869364454587	154.59625301987168	3.3457040398024773	66.68170427970483	25.63662963122448	58.93221506913993	1.5665172911389875	95.6640379507318	4.42344483005698e-10
537.1280057402779	1	1	1	1	4	0	537.1280057402779	39.0	0	0.0014511303605193892	0.8783220430261955	1.214248773565896	178.06012626844037	6.795191132327473	72.55651802596948	34.181251165649535	64.52716594449386	1.6541524430723429	113.53296032394648	5.232362986542136e-10
553.4563791951257	1	1	1	1	4	0	553.4563791951257	40.0	0	0.001572490502325126	0.6979817231576668	1.1474363378244328	205.35543126018902	11.64332068535624	78.62452511625631	44.44801964622223	70.63956581235422	1.7422607761973852	134.71586544783477	7.475013824899855e-10
569.9086231778117	1	1	1	1	4	0	569.9086231778117	41.0	0	0.00170954438121325	0.7895817985509618	1.2145804892835523	236.6587206926421	18.078255969539423	85.47721906066249	55.73867044765597	77.3645752147842	1.8253301219100144	159.2941454778579	9.113742373627653e-10
586.4840554837581	1	1	1	1	4	0	586.4840554837581	42.0	0	0.001875860056679529	0.8375522645394495	1.196074882118178	274.58078483676616	27.099736212202238	93.79300283397644	68.18433250591738	85.50371328467007	1.8943894845901936	189.0770715520961	1.0649578816633451e-09
603.1819574050269	1	1	1	1	4	0	603.1819574050269	43.0	0	0.0020639713729955047	0.872667155553118	1.194511389836848	317.8058477703221	39.225332716838594	103.19856864977524	80.1658155422806	95.21613086142759	1.9257701666003888	222.58971690889442	1.1986087691309725e-09
620.0015739432909	1	1	1	1	4	0	620.0015739432909	44.0	0	0.0022534448257391787	0.8921317929678331	1.1528945478020691	365.53578745718687	54.39725202670598	112.67224128695894	92.23715421011498	106.22913993340694	1.9289377248608783	259.30664752377993	1.4173075944522338e-09
636.9421140335545	1	1	1	1	4	0	636.9421140335545	45.0	0	0.0024424305417648363	0.8541712555318876	1.2470039870864371	417.0964360807554	70.66994746401829	122.12152708824185	107.2016956949259	117.1032658335693	1.9582991230072853	299.993170247186	1.4922274052492012e-09
654.0027507785644	1	1	1	1	4	0	654.0027507785644	46.0	0	0.0026414951685117586	0.8140797873019637	1.1738078070915052	473.5854508065171	88.86184036850094	132.07475842558796	124.21395280391485	128.4348992085134	1.9954756285783308	345.15055159800374	2.0236960495007547e-09
671.1826216938364	1	1	1	1	4	0	671.1826216938364	47.0	0	0.002878833870489679	0.8230593542282211	1.1281537076455828	538.8950970568859	110.66388901604574	143.941693524484	143.06671092806366	141.22280358829246	2.032309210410981	397.67229346859335	2.2438679652964218e-09
688.4808289632283	1	1	1	1	4	0	688.4808289632283	48.0	0	0.003144910833625249	0.8688680915156548	1.1527854603192371	611.3572073136472	136.6165418155542	157.2455416812625	161.8163573578411	155.67876645898951	2.0494888692682056	455.67844085465777	2.4443484893098078e-09
705.8964397049822	1	1	1	1	4	0	705.8964397049822	49.0	0	0.0034262317775461807	0.8392086130533623	1.1623187893166318	689.7928355131918	167.46036384894538	171.3115888773091	178.9088101831303	172.11207260380718	2.034839240281697	517.6807629093847	2.6571401912668213e-09
723.4284862481575	1	1	1	1	4	0	723.4284862481575	50.0	0	0.0037196546880156156	0.8979251833660156	1.1808092465974014	774.7631706484956	199.15693924557075	185.98273440078083	201.25698787572117	188.36650912642276	2.055777983423821	586.3966615220728	2.8955885399541945e-09
741.0759664193733	1	1	1	1	4	0	741.0759664193733	51.0	0	0.00400450176348134	0.848285988769755	1.2013463697653028	864.3150872480928	232.3722651997161	200.22508817406708	226.86616356358346	204.85157031072612	2.0848815124522764	659.4635169373666	3.548980727142183e-09
758.8378438397727	1	1	1	1	4	0	758.8378438397727	52.0	0	0.00433404894975655	0.8447103067153681	1.1659652684734323	962.849328758146	268.94027348289626	216.7024474878276	254.70338153202502	222.50322625539712	2.1186471628000407	740.3461025027489	3.790964364447838e-09
776.7130482321257	1	1	1	1	4	0	776.7130482321257	53.0	0	0.004691044337524556	0.8196815911209877	1.1483798244978134	1067.0023200416929	309.01575719501636	234.55221687622785	282.03206559637886	241.40228037406976	2.1399312453557733	825.6000396676233	4.0114021019535536e-09
794.7004757379742	1	1	1	1	4	0	794.7004757379742	54.0	0	0.005084595140321184	0.8438049604159014	1.1632546507207584	1181.4845538414281	356.4322811223637	254.22975701605927	307.4839701455639	263.3385455574412	2.1330478831823667	918.1460082839868	4.414701419203382e-09
812.7989892447298	1	1	1	1	4	0	812.7989892447298	55.0	0	0.005504449454797681	0.8662621599580059	1.1864276776384663	1301.6463975577187	404.5467717106508	275.2224727398841	336.617593829608	285.25955927757576	2.1448538591274087	1016.3868382801428	4.683853753999066e-09
831.0074187226242	1	1	1	1	4	0	831.0074187226242	56.0	0	0.005924575308456346	0.7950641117340289	1.1500312960169938	1429.278100904679	454.7708148125171	296.22876542281745	370.40147781472956	307.87704285461484	2.16524829866039	1121.401058050064	5.525250881917166e-09
849.3245615714155	1	1	1	1	4	0	849.3245615714155	57.0	0	0.006375387914188653	0.8351420651469502	1.1784338056415484	1569.6037762346923	510.4286180743904	318.7693957094326	407.66619236538287	332.73957008548666	2.1831956682764893	1236.864206149206	6.055274490823175e-09
867.7491829767432	1	1	1	1	4	0	867.7491829767432	58.0	0	0.006867749249099989	0.8378795023112755	1.160710535585577	1718.4119050212146	571.2507445064849	343.3874624549995	443.9900055520391	359.7836925076909	2.188474587380603	1358.6282125135235	6.4458351073163156e-09
886.2800162760308	1	1	1	1	4	0	886.2800162760308	59.0	0	0.00739855333983971	0.858291566524705	1.1567122840574626	1878.0088975999213	641.3117139701411	369.92766699198563	475.87048335171295	390.8990332860815	2.163725356989299	1487.1098643138394	6.918222646038102e-09
904.9157633338257	1	1	1	1	4	0	904.9157633338257	60.0	0	0.00794686680900936	0.8401833203155303	1.1482138327546902	2043.7367319007403	709.5253673427313	397.34334045046796	515.604644484598	421.26337962294303	2.167166739611241	1622.4733522777976	7.061636087488307e-09
923.6550949264639	1	1	1	1	4	0	923.6550949264639	61.0	0	0.008495687401523386	0.8433142547174246	1.1644338524021078	2221.1807517521547	780.8634629036875	424.7843700761692	562.3283839692349	453.2045348030628	2.178073426547569	1767.9762169490914	8.28653143714633e-09
942.4966511359496	1	1	1	1	4	0	942.4966511359496	62.0	0	0.009119226723531996	0.8924249102770654	1.1559255636375585	2414.3688524956838	857.7380360635826	455.9613361765997	612.7152779860293	487.95420226947215	2.1901166322417565	1926.4146502262115	9.222192523737494e-09
961.4390417529248	1	1	1	1	4	0	961.4390417529248	63.0	0	0.009781897259394294	0.8647349864482409	1.157173841785622	2612.4453690948385	938.6502053067654	489.0948629697146	659.6770998801649	525.0232009381936	2.188040377638691	2087.422168156645	9.6164302280652e-09
980.4808466886225	1	1	1	1	4	0	980.4808466886225	64.0	0	0.010387452737995037	0.8357486290968897	1.1658200741787823	2818.5075707919013	1029.7502458484346	519.3726368997517	701.8843649425891	567.500323101126	2.151993491684265	2251.0072476907753	9.544239613433466e-09
999.6206163956656	1	1	1	1	4	0	999.6206163956656	65.0	0	0.010998821553280849	0.849377119222217	1.1661513709166522	3044.286628526696	1122.5646048384026	549.9410776640424	760.035996234843	611.7449497894078	2.141377831316537	2432.5416787372883	9.918393298911868e-09
1018.856872297602	1	1	1	1	4	0	1018.856872297602	66.0	0	0.011501346795751924	0.8805994673196226	1.1840295762017503	3285.8521545282106	1219.3457455002138	575.0673397875963	829.3264141234888	659.1496184415723	2.130614529113274	2623.739499411299	1.082831443878049e-08
1038.1881072270378	1	1	1	1	4	0	1038.1881072270378	67.0	0	0.01195203813691546	0.8936444382785852	1.1714853656963085	3541.2570576925073	1312.935885814008	597.601906845773	897.1103075865713	706.5180983527503	2.11560357465332	2807.6481002463524	1.1507924466875662e-08
1057.612785872243	1	1	1	1	4	0	1057.612785872243	68.0	0	0.012317106424781859	0.8677888963777945	1.16918735294465	3822.137934945999	1402.7599111120983	615.855321239093	954.6228874142987	753.7975469981861	2.0834217554931507	2973.23811976549	1.211925652082262e-08
1077.1293452320983	1	1	1	1	4	0	1077.1293452320983	69.0	0	0.012401309438375098	0.8327654956104893	1.1789624632170443	4113.26166965818	1488.228840540293	620.0654719187551	1002.692195945986	800.9338352798479	2.0260820512068216	3110.9865084050343	1.160661829857862e-08
1096.7361950792456	1	1	1	1	4	0	1096.7361950792456	70.0	0	0.012490073056673164	0.8918796389207437	1.1806612824190703	4434.706770356118	1568.7401212282705	624.5036528336582	1047.4366830671395	847.8715737207242	1.9719263951305777	3240.680457129069	1.2088020693291342e-08
1116.4317184313063	1	1	1	1	4	0	1116.4317184313063	71.0	0	0.012490073056673164	0.8883784699012343	1.1646281179152354	4763.906696892228	1643.6779439544837	624.5036528336582	1084.2520621237152	894.5541405684511	1.9101758490229912	3352.4336589118575	1.2285213914541558e-08
1136.2142720300294	1	1	1	1	4	0	1136.2142720300294	72.0	0	0.012490073056673164	0.8779353992179798	1.1759910492309709	5102.07100777644	1712.4135801942716	624.5036528336582	1108.4136776719045	940.9237117986887	1.8417192688160482	3445.330910699834	1.2462038899208992e-08
1156.0821868282233	1	1	1	1	4	0	1156.0821868282233	73.0	0	0.012490073056673164	0.8454538455507513	1.1695448022666304	5461.120981749821	1774.3057404062604	624.5036528336582	1115.0790970631494	986.921293005724	1.7626357463611015	3513.888490303068	1.2876235664776044e-08
1176.03376848433	1	1	1	1	4	0	1176.03376848433	74.0	0	0.012155255780569682	0.8318996481970883	1.1598092698255595	5802.040258587599	1828.7009533783792	607.7627890284841	1115.0790970631494	1032.4867531647956	1.6686334045553126	3551.542839470013	1.200299438479201e-08
1196.0672978644968	1	1	1	1	4	0	1196.0672978644968	75.0	0	0.012155255780569682	0.8523400080663839	1.1647793475545576	6159.461033602229	1874.9339664209797	607.7627890284841	1115.0790970631494	1077.5588602476614	1.598837845104501	3597.775852512613	1.1744480304954805e-08
1216.1810315519913	1	1	1	1	4	0	1216.1810315519913	76.0	0	0.012155255780569682	0.8629995075779744	1.1831448175801564	6522.2781539167245	1912.3281661606225	607.7627890284841	1115.0790970631494	1122.0753186699465	1.5354066321802768	3635.170052252256	1.1834903388166682e-08
1236.373202363814	1	1	1	1	4	0	1236.373202363814	77.0	0	0.012155255780569682	0.8683963159873446	1.1566119493417457	6883.343583850743	1940.1960196542325	607.7627890284841	1115.0790970631494	1165.9728085458175	1.4776003981090555	3663.0379057458663	1.1873561168736125e-08
1256.6420198743526	1	1	1	1	4	0	1256.6420198743526	78.0	0	0.012155255780569682	0.8732770511195677	1.1513536815204897	7252.167917521387	1957.8395355094985	607.7627890284841	1115.0790970631494	1209.1870267225588	1.4247935580001303	3680.681421601133	1.1968710671507569e-08
1276.985670945924	1	1	1	1	4	0	1276.985670945924	79.0	0	0.01164457499148597	0.8286677067898778	1.1650441945590932	7583.515944383266	1964.5507446637394	582.2287495742984	1115.0790970631494	1251.6527295646574	1.3560533257717542	3661.8585913011866	1.0982522055010425e-08
1297.4023202660453	1	1	1	1	4	0	1297.4023202660453	80.0	0	0.01164457499148597	0.8586080042866093	1.1681275650212701	7940.532534272967	1964.5507446637394	582.2287495742984	1115.0790970631494	1293.3037774540546	1.3123814189878105	3661.8585913011866	1.0796623042054026e-08
1317.890110891278	1	1	1	1	4	0	1317.890110891278	81.0	0	0.01164457499148597	0.8447668453923515	1.1727752385632653	8296.336476265322	1964.5507446637394	582.2287495742984	1115.0790970631494	1334.073180970297	1.2722749177844674	3661.8585913011866	1.0781418152063878e-08
1338.447164797479	1	1	1	1	4	0	1338.447164797479	82.0	0	0.01164457499148597	0.866560372639141	1.1770839796058887	8653.794443780207	1964.5507446637394	582.2287495742984	1115.0790970631494	1373.8931487114214	1.235400182488251	3661.8585913011866	1.0914288507103912e-08
1359.0715834363004	1	1	1	1	4	0	1359.0715834363004	83.0	0	0.010921720405990584	0.8229931714158047	1.1721410476610417	8953.932623267328	1964.5507446637394	546.0860202995292	1115.0790970631494	1412.6951367135446	1.1758836525955405	3625.7158620264177	9.900566763564742e-09
1379.7614482977701	1	1	1	1	4	0	1379.7614482977701	84.0	0	0.010921720405990584	0.8581405787708964	1.183557814738604	9277.999755663399	1964.5507446637394	546.0860202995292	1115.0790970631494	1450.409899424299	1.1453073493376136	3625.7158620264177	9.393168292863024e-09
1400.5148214787878	1	1	1	1	4	0	1400.5148214787878	85.0	0	0.010921720405990584	0.8862798509170511	1.1762854461274903	9612.979083609342	1964.5507446637394	546.0860202995292	1115.0790970631494	1486.9675421824868	1.117149547813609	3625.7158620264177	9.673960119565346e-09
1421.3297462573673	1	1	1	1	4	0	1421.3297462573673	86.0	0	0.010921720405990584	0.8546302799743348	1.1808473933326311	9933.051732348067	1964.5507446637394	546.0860202995292	1115.0790970631494	1522.2975751535696	1.0912223368647884	3625.7158620264177	9.37648207730027e-09
1442.2042476724564	1	1	1	1	4	0	1442.2042476724564	87.0	0	0.010921720405990584	0.8497159384946055	1.1552547350324955	10250.95486965676	1964.5507446637394	546.0860202995292	1115.0790970631494	1556.3289686679627	1.0673611754360932	3625.7158620264177	9.364384844533143e-09
1463.1363331091584	1	1	1	1	4	0	1463.1363331091584	88.0	0	0.009804868796610034	0.8029767986876049	1.1718148216213031	10487.06666004817	1964.5507446637394	490.2434398305017	1115.0790970631494	1588.9902099064618	1.0102784314751383	3569.873281557391	8.45897235493951e-09
1484.1239928891891	1	1	1	1	4	0	1484.1239928891891	89.0	0	0.009804868796610034	0.8962889258902608	1.152314307757836	10785.368732373789	1964.5507446637394	490.2434398305017	1115.0790970631494	1620.209360874599	0.9908117899202163	3569.873281557391	8.241888212560623e-09
1505.1652008663875	1	1	1	1	4	0	1505.1652008663875	90.0	0	0.009804868796610034	0.8818753914634713	1.1747403932227172	11081.131772809144	1964.5507446637394	490.2434398305017	1115.0790970631494	1649.9141176052185	0.9729733928355676	3569.873281557391	8.255575915174243e-09
1526.2579150271054	1	1	1	1	4	0	1526.2579150271054	91.0	0	0.009804868796610034	0.8543826874221677	1.1622968129437494	11360.816542283465	1964.5507446637394	490.2434398305017	1115.0790970631494	1678.031870526185	0.9566698732547112	3569.873281557391	7.989593081727354e-09
1547.4000780953006	1	1	1	1	4	0	1547.4000780953006	92.0	0	0.00823597369683208	0.7394899560450824	1.17127267926932	11538.524437355381	1964.5507446637394	411.79868484160403	1115.0790970631494	1704.4897659277935	0.8957975650112737	3491.428526568493	7.355369827193022e-09
1568.5896181421526	1	1	1	1	4	0	1568.5896181421526	93.0	0	0.00823597369683208	0.8227742061394713	1.195166495760113	11786.685405862305	1964.5507446637394	411.79868484160403	1115.0790970631494	1729.2147684622055	0.8829890940976691	3491.428526568493	6.696045115517056e-09
