11.247441493196291	1	1	1	1	4	0	11.247441493196291	1.0	0	0.0			15.0	0.0	0.0	0.0	0.0		0.0	0.0
11.367595075476835	1	1	1	1	4	0	11.367595075476835	1.0	0	0.0			15.0	0.0	0.0	0.0	0.0		0.0	0.0
22.856168219862568	1	1	1	1	4	0	22.856168219862568	2.0	0	0.0			14.552750241652504	0.0	0.0	0.0	0.7285827694774977	0.0	0.0	0.0
34.4665080713728	1	1	1	1	4	0	34.4665080713728	3.0	0	0.0			13.791431040067982	0.0	0.0	0.0	2.1993864847666735	0.0	0.0	8.857750184233394e-09
46.1993671861199	1	1	1	1	4	0	46.1993671861199	4.0	0	0.0			12.713098668736418	0.0	0.0	0.0	4.42587529936556	0.0	0.0	8.857776084473435e-09
58.05546181511435	1	1	1	1	4	0	58.05546181511435	5.0	0	0.0			11.314922877436091	0.0	0.0	0.0	7.421310407022852	0.0	0.0	8.857802115278931e-09
70.03547169202406	1	1	1	1	4	0	70.03547169202406	6.0	0	2.500826149469408e-05			10.075555122184273	0.0	1.2504130747347042	0.0	8.825142047449571	0.14168758621806754	1.2504130747347042	8.857828266435415e-09
82.14003983175478	1	1	1	1	4	0	82.14003983175478	7.0	0	2.5061530302713518e-05	0.2288455228730045	1.2597043458937762	10.080110441989897	0.0	1.2530765151356764	0.0	8.827033926854217	0.14195895535458175	1.2530765151356764	2.3488565183144848e-08
94.36977233991071	1	1	1	1	4	0	94.36977233991071	8.0	0	2.6732871387826324e-05	0.9323913725791856	1.1303443047204091	10.212574582796096	0.0	1.3366435693913166	0.0	8.875931013404779	0.15059192859573434	1.3366435693913166	3.929149390351586e-08
106.72523823319248	1	1	1	1	4	0	106.72523823319248	9.0	0	2.791571554182785e-05	0.6109975851360806	1.4483955541424418	10.30329116600806	0.0	1.3957857770913928	0.0	8.907505388916668	0.15669771907498656	1.3957857770913928	3.288520686068174e-08
119.20696927078512	1	1	1	1	4	0	119.20696927078512	10.0	0	3.0255203450624512e-05	1.0708952811180172	1.0207208423023182	10.480446821240712	0.0	1.512760172531226	0.0	8.967686648709485	0.16869012397404887	1.512760172531226	4.169220818542496e-08
131.81545979678634	1	1	1	1	4	0	131.81545979678634	11.0	0	3.289451842827361e-05	1.1053427286499362	1.4155590168050238	10.680193656766898	0.0	1.644725921413681	0.0	9.035467735353217	0.182029970067663	1.644725921413681	5.076718763347159e-08
144.55116659372186	1	1	1	1	4	0	144.55116659372186	12.0	0	3.4988823460829274e-05	0.7476032251164371	1.4518418792577368	10.840040480398748	0.0	1.7494411730414636	0.0	9.090599307357282	0.19244508683003886	1.7494411730414636	4.486286054091301e-08
157.41450874719058	1	1	1	1	4	0	157.41450874719058	13.0	0	3.800431832837593e-05	1.017856647057222	1.0578267437112678	11.074026805657669	0.0	1.9002159164187968	0.0	9.173810889238867	0.20713484716017008	1.9002159164187968	5.0060126748776755e-08
170.4058675216809	1	1	1	1	4	0	170.4058675216809	14.0	0	4.158322814836521e-05	1.0607353006558022	1.0075508044947843	11.339484344952862	0.0	2.079161407418261	0.0	9.2603229375346	0.2245236393420856	2.079161407418261	5.0485257121069904e-08
183.52558624759342	1	1	1	1	4	0	183.52558624759342	15.0	0	4.604219395182602e-05	1.4632457199872793	1.2858430493699895	11.663543937209287	0.0	2.3021096975913014	0.0	9.361434239617989	0.24591420915490445	2.3021096975913014	6.172922955679991e-08
196.77397021950497	1	1	1	1	4	0	196.77397021950497	16.0	0	4.8923408298407974e-05	0.6121401555809023	1.104212655857329	11.871844990619257	0.0	2.4461704149203998	0.0	9.425674575698856	0.2595220528010888	2.4461704149203998	5.1684267856646365e-08
210.1512866057031	1	1	1	1	4	0	210.1512866057031	17.0	0	5.284075577176012e-05	0.7868543010720545	0.9581949089260392	12.15687678795627	0.0	2.6420377885880058	0.0	9.514838999368264	0.2776755117730761	2.6420377885880058	5.590285350026732e-08
223.65776436901845	1	1	1	1	4	0	223.65776436901845	18.0	0	5.7820693371327366e-05	1.0594494058936097	1.5182003330280522	12.525624157796447	0.0	2.891034668566369	0.0	9.634589489230075	0.3000682770966092	2.891034668566369	6.886422107104332e-08
237.29359419897813	1	1	1	1	4	0	237.29359419897813	19.0	0	6.150950814413388e-05	0.6210240284302143	1.248253216739544	12.807170919585305	0.0	3.075475407206694	0.0	9.731695512378607	0.3160266783208253	3.075475407206694	6.232745372035049e-08
251.0589284553002	1	1	1	1	4	0	251.0589284553002	20.0	0	6.51134952735285e-05	0.5871572066997379	1.081519393832859	13.095666641356525	0.0	3.2556747636764256	0.0	9.8399918776801	0.33086152957719633	3.2556747636764256	6.204199479353961e-08
264.95388112274634	1	1	1	1	4	0	264.95388112274634	21.0	0	6.955102915188105e-05	0.6961843718605669	1.0903824535810973	13.452410489205096	0.0	3.477551457594053	0.0	9.974859031611043	0.34863163946211606	3.477551457594053	9.307520056965528e-08
278.9785277773454	1	1	1	1	4	0	278.9785277773454	22.0	0	7.546796905882399e-05	0.9815841416055746	1.2967495343010007	13.939994651788266	0.0	3.7733984529412004	0.0	10.166596198847069	0.3711565187736205	3.7733984529412004	1.001915236615376e-07
293.1329055639992	1	1	1	1	4	0	293.1329055639992	23.0	0	8.06076788665586e-05	0.6435235103849957	1.1934143472086631	14.356072628067475	0.0	4.03038394332793	0.0	10.325688684739543	0.3903259207576616	4.03038394332793	8.940792298026387e-08
307.41701318547484	1	1	1	1	4	0	307.41701318547484	24.0	0	8.585993997993314e-05	0.6054677151695056	1.0989984315082248	14.781052522471535	0.0	4.292996998996658	0.0	10.488055523474877	0.4093224897015336	4.292996998996658	8.865732530033882e-08
321.83081090278995	1	1	1	1	4	0	321.83081090278995	25.0	0	9.110931763878299e-05	0.5687732388917615	1.137032704276247	15.212259953355202	0.0	4.555465881939151	0.0	10.656794071416053	0.42747057430319946	4.555465881939151	9.673569902687636e-08
336.3742205469876	1	1	1	1	4	0	336.3742205469876	26.0	0	9.72293595994195e-05	0.6458442391242344	1.0117007901073616	15.73155559028656	0.0	4.861467979970977	0.0	10.870087610315585	0.4472335600457811	4.861467979970977	9.987885623797985e-08
351.0471255422998	1	1	1	1	4	0	351.0471255422998	27.0	0	0.00010468390827656968	0.7193162679504055	1.0892029563800922	16.355971805632358	0.0	5.234195413828483	0.0	11.121776391803873	0.4706258451379938	5.234195413828483	1.1773734178993526e-07
365.84937094069124	1	1	1	1	4	0	365.84937094069124	28.0	0	0.00011243939452452744	0.6862707941105627	1.4073290389118371	17.014434280863814	0.0	5.621969726226372	0.0	11.392464554637444	0.4934814323330838	5.621969726226372	1.2601241183896987e-07
380.78076346777357	1	1	1	1	4	0	380.78076346777357	29.0	0	0.00012150806184276682	0.7933804878095493	1.160655559244283	17.804268368236638	0.0	6.075403092138343	0.0	11.728865276098293	0.5179872859925436	6.075403092138343	1.2810481716305563e-07
395.84107158007737	1	1	1	1	4	0	395.84107158007737	30.0	0	0.0001326158216248117	0.9359998605821338	1.0806830111247472	18.764711312399406	0.0	6.630791081240586	0.0	12.13392023115882	0.5464673374243313	6.630791081240586	1.4142948330139372e-07
411.03002553366304	1	1	1	1	4	0	411.03002553366304	31.0	0	0.0001436743875730048	0.8207389579452706	1.1067655493136186	19.731987629922365	0.0	7.183719378650242	0.0	12.548268251272123	0.5724869149113041	7.183719378650242	1.5940498057100807e-07
426.3473174640513	1	1	1	1	4	0	426.3473174640513	32.0	0	0.00015687832292835533	1.0168552693628212	1.1682927508632452	20.92411475154868	0.0	7.843916146417764	0.0	13.080198605130914	0.5996786733299955	7.843916146417764	1.6970278625787803e-07
441.79260147745117	1	1	1	1	4	0	441.79260147745117	33.0	0	0.00016840509426898986	0.8778714485439931	1.2091394119491576	22.136017006150688	0.0	8.420254713449491	0.18866213207312196	13.52710016062808	0.636419982353623	8.608916845522613	1.6371974695146855e-07
457.365493753255	1	1	1	1	4	0	457.365493753255	34.0	0	0.00017855128521820983	0.7677083701609191	1.1327654234928497	23.353889238678303	0.0	8.927564260910492	0.4932414334597993	13.933083544308008	0.6761465015559253	9.420805694370292	1.6702448466148814e-07
473.0655726577729	1	1	1	1	4	0	473.0655726577729	35.0	0	0.0001874947205530356	0.7273960458655663	1.151124205547864	24.573772145665604	0.0	9.37473602765178	0.8775584908104838	14.321477627203336	0.7158684868514024	10.252294518462262	1.6840605024912062e-07
488.8923788691719	1	1	1	1	4	0	488.8923788691719	36.0	0	0.0001985384444440128	0.8679871228763825	1.0817300815393769	26.14284596317052	0.0	9.926922222200641	1.4202628132867852	14.795660927683096	0.7669265395408275	11.347185035487426	1.8226570040580154e-07
504.8454155135833	1	1	1	1	4	0	504.8454155135833	37.0	0	0.00021092447775281442	0.8901140709023408	1.126789255217074	28.11051212624979	0.12211209345265192	10.546223887640721	2.093916201638099	15.348259943518315	0.8235552522432255	12.762252182731473	2.1684640956764454e-07
520.9241483123367	1	1	1	1	4	0	520.9241483123367	38.0	0	0.00022294939839405	0.7550451357357479	1.2030102189290064	30.26638341556912	0.3728057121166644	11.147469919702498	2.8095423404806987	15.936565443269256	0.8757854576550488	14.329817972299864	1.969607519472189e-07
537.1280057402779	1	1	1	1	4	0	537.1280057402779	39.0	0	0.00023573192704915875	0.8284706450367971	1.1797856274612737	32.819039934683204	0.7480786102035557	11.786596352457941	3.7391196371251607	16.54524533489655	0.9383793153454728	16.273794599786658	2.0748604769016525e-07
553.4563791951257	1	1	1	1	4	0	553.4563791951257	40.0	0	0.00024795395502084634	0.7396047507127815	1.3027844434478315	35.56791593417653	1.2363276689623337	12.39769775104232	4.773073039629082	17.16081747454279	1.0005800024470501	18.407098459633733	1.9919194337381012e-07
569.9086231778117	1	1	1	1	4	0	569.9086231778117	41.0	0	0.0002644250078222004	0.8835763910735241	1.1051158370738692	39.32992644625317	2.0096743242992186	13.221250391110024	6.129976667755293	17.969025063088644	1.07692136835047	21.36090138316453	2.246301045944534e-07
586.4840554837581	1	1	1	1	4	0	586.4840554837581	42.0	0	0.00028202382646775096	0.7308995744624684	1.1795706894260798	43.34267826694785	2.9642890607630217	14.101191323387553	7.446923785777019	18.830274097020272	1.1443335873997913	24.512404169927603	2.2569517419013672e-07
603.1819574050269	1	1	1	1	4	0	603.1819574050269	43.0	0	0.00030341978060597713	0.7699086412172769	1.1645670982592422	48.2591366824257	4.343465560044152	15.170989030298855	8.80970868662452	19.934973405458184	1.2029460601315611	28.324163276967525	2.2893625255858985e-07
620.0015739432909	1	1	1	1	4	0	620.0015739432909	44.0	0	0.00032470110017449256	0.7104521268280971	1.106975531453824	53.6200782008995	6.047548420337093	16.23505500872463	10.165539870835307	21.171934901002466	1.2469618390102786	32.44814329989702	2.2092946034271547e-07
636.9421140335545	1	1	1	1	4	0	636.9421140335545	45.0	0	0.0003474479006754166	0.7286328900128355	1.1904815802354725	59.826048750437344	8.006171349673114	17.372395033770832	11.966710069839026	22.48077229715436	1.3050754981101624	37.34527645328298	2.243030701240698e-07
654.0027507785644	1	1	1	1	4	0	654.0027507785644	46.0	0	0.0003735262798795837	0.7926675120872446	1.1760571887261515	67.22636879203392	10.389392765539403	18.676313993979186	14.195393785560313	23.965268246955024	1.3716394676164787	43.2611005450789	2.393427921504562e-07
671.1826216938364	1	1	1	1	4	0	671.1826216938364	47.0	0	0.0004021720584140948	0.8102305410350646	1.1537817732651967	75.10896715068412	13.020807920132716	20.10860292070474	16.47084203520698	25.508714274639694	1.4339979883767942	49.600252876044436	2.474389833710157e-07
688.4808289632283	1	1	1	1	4	0	688.4808289632283	48.0	0	0.00043362486076735753	0.7579381276181762	1.1503808330303145	83.67467086718736	16.08865584438116	21.681243038367878	18.68722678494148	27.21754519949684	1.4831782046257291	56.457125667690505	2.4823582183378825e-07
705.8964397049822	1	1	1	1	4	0	705.8964397049822	49.0	0	0.00047014202757636496	0.8952226451104129	1.148177881858596	93.85609169853892	20.092371239766916	23.50710137881825	20.90593095355684	29.35068812639693	1.513185385675221	64.505403572142	2.671101703740664e-07
723.4284862481575	1	1	1	1	4	0	723.4284862481575	50.0	0	0.0005109420637338752	0.7182454940083997	1.1706826493244444	105.6710953064364	24.499734728127777	25.547103186693764	24.01341310773973	31.610844283875142	1.5678327301025166	74.06025102256126	2.4922151518572457e-07
741.0759664193733	1	1	1	1	4	0	741.0759664193733	51.0	0	0.0005520798863334288	0.8552545630268057	1.1767360578882606	118.60424848170058	29.29671635222873	27.603994316671447	27.711908957295485	33.99162885550492	1.6273389989373386	84.61261962619567	2.802812711244256e-07
758.8378438397727	1	1	1	1	4	0	758.8378438397727	52.0	0	0.0006023387457051299	0.8834701207774022	1.1746163449873597	133.6315914346922	34.873660906301545	30.116937285256505	31.95733080109455	36.68366244203961	1.6921502367553605	96.94792899265259	2.8850975966702014e-07
776.7130482321257	1	1	1	1	4	0	776.7130482321257	53.0	0	0.0006616886799052656	0.9095628416040468	1.1864502911308954	150.946866060713	41.53614844213099	33.08443399526327	36.50068249853924	39.8256011247795	1.7472458551418233	111.12126493593351	3.0029292838666035e-07
794.7004757379742	1	1	1	1	4	0	794.7004757379742	54.0	0	0.0007250116274538277	0.7955911981842158	1.1616387034579951	169.3672388172363	49.16554224910582	36.2505813726914	40.59593425593922	43.3551809394999	1.7724874850797254	126.01205787773641	2.737031764237251e-07
812.7989892447298	1	1	1	1	4	0	812.7989892447298	55.0	0	0.0007971068242661964	0.8497242598845912	1.1861636312016914	190.00080496949747	57.427512053595215	39.85534121330983	45.5986084239481	47.11934327864433	1.8135641053381957	142.88146169085311	2.9482947756168963e-07
831.0074187226242	1	1	1	1	4	0	831.0074187226242	56.0	0	0.0008686162911164401	0.7649214006522911	1.1708103525803413	211.7249501989524	65.97612793619703	43.43081455582202	51.34895087697246	50.9690568299609	1.859555018822332	160.7558933689915	2.9127174149608147e-07
849.3245615714155	1	1	1	1	4	0	849.3245615714155	57.0	0	0.0009435511191273645	0.7681189410905677	1.1569766976660771	235.0501194880636	75.22766141565552	47.17755595636822	57.543154278169155	55.101747837870725	1.9004970684897984	179.9483716501929	3.075535957881899e-07
867.7491829767432	1	1	1	1	4	0	867.7491829767432	58.0	0	0.0010341538689328732	0.7904200406239669	1.1869152120140791	262.43331289803973	86.41995356580664	51.70769344664366	64.22734559210589	60.07832029348354	1.9297316980968349	202.35499260455617	3.124635094364593e-07
886.2800162760308	1	1	1	1	4	0	886.2800162760308	59.0	0	0.0011282886898044769	0.7376560582657735	1.1661513715691931	290.7368519440679	98.84483296219791	56.414434490223854	69.88115105315872	65.59643343848745	1.9253422621187977	225.14041850558047	2.902968863509532e-07
904.9157633338257	1	1	1	1	4	0	904.9157633338257	60.0	0	0.0012287302663047403	0.7742830944672109	1.1702895877385378	321.095334606106	111.34039848963457	61.436513315237036	77.15976449146491	71.15865830976952	1.947707855920518	249.9366762963365	2.941307463560727e-07
923.6550949264639	1	1	1	1	4	0	923.6550949264639	61.0	0	0.0013341128710145224	0.8754018453223489	1.1679504866370674	355.167512759003	125.03848931893742	66.70564355072614	86.13149302321911	77.29188686612031	1.9774020634103453	277.8756258928827	3.5260464333778565e-07
942.4966511359496	1	1	1	1	4	0	942.4966511359496	62.0	0	0.0014507120777644187	0.8056346785186571	1.1452658884232805	391.2928676566747	139.41370822382777	72.53560388822095	95.5536283490618	83.78992719556416	2.0060792253102884	307.5029404611105	3.4262770841276184e-07
961.4390417529248	1	1	1	1	4	0	961.4390417529248	63.0	0	0.001586271242767025	0.8082368112530947	1.1535750899813737	431.81238036122915	155.9655020754781	79.31356213835123	105.16037109443869	91.37294505296109	2.018911978002528	340.439435308268	3.3919476811782175e-07
980.4808466886225	1	1	1	1	4	0	980.4808466886225	64.0	0	0.0016756326387145967	0.735697813531294	1.1918555567577724	472.0863750887223	174.52187395779617	83.78163193572983	113.75766371886587	100.02520547633043	1.97489517481012	372.0611696123919	3.129004739861782e-07
999.6206163956656	1	1	1	1	4	0	999.6206163956656	65.0	0	0.0018010370008795086	0.8220997131138557	1.174734041556715	518.3983197242861	193.5600145987132	90.05185004397543	125.6857634987754	109.100691582822	1.9774174701631213	409.29762814146414	3.2178322658743785e-07
1018.856872297602	1	1	1	1	4	0	1018.856872297602	66.0	0	0.0019024035087055878	0.8782694672038199	1.1639028960523885	566.5278444874042	213.08215084817127	95.12017543527936	139.66262892476632	118.66288927918728	1.9785697599832932	447.864955208217	3.2102962164058673e-07
1038.1881072270378	1	1	1	1	4	0	1038.1881072270378	67.0	0	0.002001827948582753	0.8228345283050854	1.183470544461904	617.5485589086212	233.72853658680458	100.09139742913764	154.61604609684161	129.1125787958375	1.9727546758146768	488.43598011278397	3.48019130103666e-07
1057.612785872243	1	1	1	1	4	0	1057.612785872243	68.0	0	0.002091003705443084	0.8753796295705443	1.1892158821200374	669.5464907119416	255.66998071226658	104.55018527215418	168.66472686586175	140.66159786165906	1.9423560964146256	528.8848928502825	3.3179546080772574e-07
1077.1293452320983	1	1	1	1	4	0	1077.1293452320983	69.0	0	0.002125853121544694	0.7734356515719496	1.1771711732432613	721.3427232298594	279.34814672959914	106.29265607723468	181.9817658806993	153.72015454232638	1.8753196210101293	567.6225686875331	3.0637768058031204e-07
1096.7361950792456	1	1	1	1	4	0	1096.7361950792456	70.0	0	0.0021534330357241547	0.8064728853799475	1.1793164041732858	776.2242937064391	304.36396125392923	107.67165178620769	195.88441133912892	168.30426932717313	1.8036147528452904	607.9200243792658	3.064247503707316e-07
1116.4317184313063	1	1	1	1	4	0	1116.4317184313063	71.0	0	0.0021534330357241547	0.8234550499835779	1.1640992177845657	831.4446911238051	330.48240905332733	107.67165178620769	208.7158564108292	184.57477387344096	1.714142737695982	646.8699172503642	3.080983197144938e-07
1136.2142720300294	1	1	1	1	4	0	1136.2142720300294	72.0	0	0.0021534330357241547	0.8082583856971794	1.1588992529504571	887.0806217641106	357.9417206644922	107.67165178620769	218.3682196777141	203.09902963569652	1.6053246145427045	683.981592128414	2.9699409120924237e-07
1156.0821868282233	1	1	1	1	4	0	1156.0821868282233	73.0	0	0.0021534330357241547	0.818897733163244	1.1675732865953337	944.027998270725	388.70939734941595	107.67165178620769	221.68171638063785	225.96523275446341	1.4575400124705242	718.0627655162615	3.029111475104354e-07
1176.03376848433	1	1	1	1	4	0	1176.03376848433	74.0	0	0.0021044108452492444	0.8018807523167222	1.1710265377699425	995.309792749126	417.94902394708015	105.2205422624622	221.68171638063785	250.4585101589457	1.3052152168262987	744.8512825901802	2.792202184541457e-07
1196.0672978644968	1	1	1	1	4	0	1196.0672978644968	75.0	0	0.0021044108452492444	0.8485207561134336	1.1710594183099399	1052.5952628406226	446.9559392465976	105.2205422624622	221.68171638063785	278.7370649509249	1.1727979510032338	773.8581978896977	2.83562522560225e-07
1216.1810315519913	1	1	1	1	4	0	1216.1810315519913	76.0	0	0.0021044108452492444	0.8463615869070173	1.1856063134873167	1110.175509215672	473.2427166004053	105.2205422624622	221.68171638063785	310.03053397216667	1.0544195581472888	800.1449752435052	2.8690309592754715e-07
1236.373202363814	1	1	1	1	4	0	1236.373202363814	77.0	0	0.0021044108452492444	0.8129522327850804	1.1827540049990486	1165.8369144755236	494.8571033531295	105.2205422624622	221.68171638063785	344.0775524792945	0.9500830736779088	821.7593619962296	2.779373255987441e-07
1256.6420198743526	1	1	1	1	4	0	1256.6420198743526	78.0	0	0.0021044108452492444	0.8252222119286694	1.1674842535628944	1222.110483431075	511.17160506588607	105.2205422624622	221.68171638063785	384.03661972208903	0.8512267889444121	838.0738637089862	2.7860790271539105e-07
1276.985670945924	1	1	1	1	4	0	1276.985670945924	79.0	0	0.002042412293137002	0.7700332852863465	1.1666503053244262	1276.3107126900522	517.8828142201266	102.1206146568501	221.68171638063785	426.50232256418764	0.7592041447529432	841.6851452576144	2.5208629411549504e-07
1297.4023202660453	1	1	1	1	4	0	1297.4023202660453	80.0	0	0.002042412293137002	0.8195383900958256	1.1885826341043229	1333.1587531958346	517.8828142201266	102.1206146568501	221.68171638063785	468.15337045358484	0.6916586560591501	841.6851452576144	2.4958056392041265e-07
1317.890110891278	1	1	1	1	4	0	1317.890110891278	81.0	0	0.002042412293137002	0.7996679196840579	1.1955572076213914	1390.9007221636277	517.8828142201266	102.1206146568501	221.68171638063785	508.9227739698272	0.6362504246207802	841.6851452576144	2.5159028726685823e-07
1338.447164797479	1	1	1	1	4	0	1338.447164797479	82.0	0	0.002042412293137002	0.8356150695583032	1.1851156115361603	1449.5701839516007	517.8828142201266	102.1206146568501	221.68171638063785	548.7427417109516	0.5900803899982148	841.6851452576144	2.592377265952325e-07
1359.0715834363004	1	1	1	1	4	0	1359.0715834363004	83.0	0	0.001962709985396186	0.7587048884303187	1.1825980839308294	1501.4532694972913	517.8828142201266	98.1354992698093	221.68171638063785	587.5447297130745	0.5443282859615282	837.7000298705739	2.3138623256591462e-07
1379.7614482977701	1	1	1	1	4	0	1379.7614482977701	84.0	0	0.001962709985396186	0.7405889731337683	1.1676655477519864	1557.4124064991965	517.8828142201266	98.1354992698093	221.68171638063785	625.2594924238292	0.5114951784429056	837.7000298705739	2.2665397102247571e-07
1400.5148214787878	1	1	1	1	4	0	1400.5148214787878	85.0	0	0.001962709985396186	0.8066431187408732	1.1815575353585708	1614.7353090126685	517.8828142201266	98.1354992698093	221.68171638063785	661.8171351820172	0.4832410625972823	837.7000298705739	2.296364149985086e-07
1421.3297462573673	1	1	1	1	4	0	1421.3297462573673	86.0	0	0.001962709985396186	0.8207162261582571	1.1889067304707759	1674.2784622983206	517.8828142201266	98.1354992698093	221.68171638063785	697.1471681530999	0.4587513659385796	837.7000298705739	2.318389925129404e-07
1442.2042476724564	1	1	1	1	4	0	1442.2042476724564	87.0	0	0.001962709985396186	0.8144328084450612	1.1787494756885977	1734.7779685830826	517.8828142201266	98.1354992698093	221.68171638063785	731.1785616674925	0.4373996071781516	837.7000298705739	2.3471781839723481e-07
1463.1363331091584	1	1	1	1	4	0	1463.1363331091584	88.0	0	0.001829246288968461	0.8115941941808953	1.1757448218644837	1786.6455854464712	517.8828142201266	91.46231444842304	221.68171638063785	763.8398029059921	0.4099603472321282	831.0268450491876	2.1130908102483125e-07
1484.1239928891891	1	1	1	1	4	0	1484.1239928891891	89.0	0	0.001829246288968461	0.8636188491756503	1.1778262665105337	1845.9752288758866	517.8828142201266	91.46231444842304	221.68171638063785	795.0589538741292	0.3938626554712529	831.0268450491876	2.1178973557047448e-07
1505.1652008663875	1	1	1	1	4	0	1505.1652008663875	90.0	0	0.001829246288968461	0.8410521024968864	1.1905775177231528	1903.2172661458346	517.8828142201266	91.46231444842304	221.68171638063785	824.7637106047482	0.3796772661098919	831.0268450491876	2.0896654521173398e-07
1526.2579150271054	1	1	1	1	4	0	1526.2579150271054	91.0	0	0.001829246288968461	0.7976419835594409	1.1654897437249137	1960.7666403189316	517.8828142201266	91.46231444842304	221.68171638063785	852.8814635257152	0.3671600852181252	831.0268450491876	2.0890119805542214e-07
1547.4000780953006	1	1	1	1	4	0	1547.4000780953006	92.0	0	0.0016026889023272168	0.7807334444708209	1.1840972967161059	2005.4463908513994	517.8828142201266	80.13444511636085	221.68171638063785	879.3393589273238	0.3432305837704956	819.6989757171254	1.876104683177352e-07
1568.5896181421526	1	1	1	1	4	0	1568.5896181421526	93.0	0	0.0016026889023272168	0.8319170020135671	1.184789738642876	2058.900917428771	517.8828142201266	80.13444511636085	221.68171638063785	904.064361461736	0.3338436668480189	819.6989757171254	1.8356927518422613e-07
