11.247441493196291	1	1	1	1	4	0	11.247441493196291	1.0	0	0.0			15.0	0.0	0.0	0.0	0.0		0.0	0.0
11.367595075476835	1	1	1	1	4	0	11.367595075476835	1.0	0	0.0			15.0	0.0	0.0	0.0	0.0		0.0	0.0
22.856168219862568	1	1	1	1	4	0	22.856168219862568	2.0	0	0.0			14.552750241652504	0.0	0.0	0.0	0.7285827694774977	0.0	0.0	0.0
34.4665080713728	1	1	1	1	4	0	34.4665080713728	3.0	0	0.0			13.791431040067982	0.0	0.0	0.0	2.1993864847666735	0.0	0.0	6.839422914988008e-09
46.1993671861199	1	1	1	1	4	0	46.1993671861199	4.0	0	0.0			12.713098668736418	0.0	0.0	0.0	4.42587529936556	0.0	0.0	6.83943203325517e-09
58.05546181511435	1	1	1	1	4	0	58.05546181511435	5.0	0	0.0			11.314922877436091	0.0	0.0	0.0	7.421310407022852	0.0	0.0	6.8394411999337e-09
70.03547169202406	1	1	1	1	4	0	70.03547169202406	6.0	0	2.500826149469408e-05			10.075555122184273	0.0	1.2504130747347042	0.0	8.825142047449571	0.14168758621806754	1.2504130747347042	6.8394504078712585e-09
82.14003983175478	1	1	1	1	4	0	82.14003983175478	7.0	0	2.759165968331812e-05	0.579078005479853	0.9849216195143708	10.296476246046328	0.0	1.3795829841659062	0.0	8.916893261880421	0.15471565529034664	1.3795829841659062	4.7591114331042944e-08
94.36977233991071	1	1	1	1	4	0	94.36977233991071	8.0	0	3.0139339274872137e-05	0.4744495702507441	1.5049060567665449	10.498395645473957	0.0	1.5069669637436072	0.0	8.99142868173035	0.1676003911153305	1.5069669637436072	4.206405616764044e-08
106.72523823319248	1	1	1	1	4	0	106.72523823319248	9.0	0	3.444311519345576e-05	0.6736365368015311	1.0434464281801688	10.828467739014812	0.0	1.7221557596727886	0.0	9.106311979342022	0.18911670977005368	1.7221557596727886	5.2778776706487993e-08
119.20696927078512	1	1	1	1	4	0	119.20696927078512	10.0	0	3.907218956948194e-05	0.6063526605699613	1.80608559323589	11.179000306899466	0.0	1.9536094784740972	0.0	9.225390828425367	0.21176441354165892	1.9536094784740972	4.950078964389301e-08
131.81545979678634	1	1	1	1	4	0	131.81545979678634	11.0	0	4.767434491351945e-05	1.0205764482208184	1.2733116998973202	11.830022759023262	0.0	2.3837172456759728	0.0	9.446305513347287	0.2523438652611718	2.3837172456759728	7.569024193578581e-08
144.55116659372186	1	1	1	1	4	0	144.55116659372186	12.0	0	5.9149750010742984e-05	1.2776150397308637	1.6349311596017733	12.70587753001694	0.0	2.957487500537149	0.0	9.748390029479788	0.30338214736931	2.957487500537149	7.994583653305559e-08
157.41450874719058	1	1	1	1	4	0	157.41450874719058	13.0	0	7.267305105203379e-05	1.0706790935272132	1.0956161944730018	13.755213594248447	0.0	3.63365255260169	0.0	10.121561041646755	0.3590011992864	3.63365255260169	7.706576392484013e-08
170.4058675216809	1	1	1	1	4	0	170.4058675216809	14.0	0	8.989207681587479e-05	1.0105332074781823	1.2363006295812855	15.032395875511815	0.0	4.49460384079374	0.0	10.537792034718075	0.426522351739881	4.49460384079374	7.578562599602995e-08
183.52558624759342	1	1	1	1	4	0	183.52558624759342	15.0	0	0.000110148363032599	0.9150597893130434	1.3408127513758463	16.50454079461533	0.0	5.50741815162995	0.0	10.99712264298538	0.500805377044959	5.50741815162995	8.01661726483618e-08
196.77397021950497	1	1	1	1	4	0	196.77397021950497	16.0	0	0.00013145062494215756	0.7487302360714422	1.2242108051081269	18.044614896023358	0.0	6.572531247107879	0.0	11.472083648915484	0.5729152129856737	6.572531247107879	7.448325716431882e-08
210.1512866057031	1	1	1	1	4	0	210.1512866057031	17.0	0	0.00015824590506181998	0.7733437202034428	1.0942212450704434	19.994277749423638	0.0	7.912295253091002	0.0	12.081982496332635	0.6548838533322408	7.912295253091002	1.2077096578477475e-07
223.65776436901845	1	1	1	1	4	0	223.65776436901845	18.0	0	0.00019102503125391885	0.7942285611936833	1.2338858860706443	22.42146008400671	0.0	9.551251562695946	0.0	12.870208521310769	0.7421209646200199	9.551251562695946	1.313187233944446e-07
237.29359419897813	1	1	1	1	4	0	237.29359419897813	19.0	0	0.0002315691509515076	0.879424010985688	1.2046358325971749	25.515967754759497	0.0	11.578457547575386	0.0	13.937510207184117	0.8307407403086415	11.578457547575386	1.1572012876332948e-07
251.0589284553002	1	1	1	1	4	0	251.0589284553002	20.0	0	0.00027886693728928813	0.8382227464275398	1.083694137436118	29.302110301276045	0.0	13.94334686446441	0.0	15.358763436811635	0.907843064438718	13.94334686446441	1.347160121489551e-07
264.95388112274634	1	1	1	1	4	0	264.95388112274634	21.0	0	0.0003421473212768814	0.9516674693234408	1.1315453050841042	34.38937009374666	0.0	17.107366063844072	0.0	17.282004029902595	0.9898948081625052	17.107366063844072	1.4814289964883384e-07
278.9785277773454	1	1	1	1	4	0	278.9785277773454	22.0	0	0.0004127703089588178	0.8623585193362191	1.1365399581633011	40.20904222994884	0.0	20.63851544794089	0.0	19.570526782007953	1.05457127842439	20.63851544794089	1.7896821770614073e-07
293.1329055639992	1	1	1	1	4	0	293.1329055639992	23.0	0	0.0004948194788559062	0.7952708828267135	1.2676314788116552	46.85121734162436	0.0	24.7409739427953	0.0	22.11024339882907	1.1189824325545663	24.7409739427953	1.6922854296566305e-07
307.41701318547484	1	1	1	1	4	0	307.41701318547484	24.0	0	0.000598627863920327	0.8393029503251562	1.152966169197571	55.250738151927145	0.0	29.93139319601635	0.0	25.3193449559108	1.1821551168932931	29.93139319601635	1.8932899263056474e-07
321.83081090278995	1	1	1	1	4	0	321.83081090278995	25.0	0	0.0007230584299110273	0.839266186647764	1.1563461900220111	65.47202306820549	0.0	36.152921495551354	0.0	29.319101572654127	1.2330842200591547	36.152921495551354	1.915047450997569e-07
336.3742205469876	1	1	1	1	4	0	336.3742205469876	26.0	0	0.0008854261852557649	0.9700497178601404	1.1169407680410974	79.24919444565325	0.0	44.271309262788236	0.0	34.977885182865016	1.265694281725068	44.271309262788236	2.1130759631823175e-07
351.0471255422998	1	1	1	1	4	0	351.0471255422998	27.0	0	0.0010836745152270604	0.9283001487046828	1.2204875724354438	95.85509203389259	0.0	54.183725761353024	0.0	41.67136627253959	1.3002627609322897	54.183725761353024	2.0717393680709747e-07
365.84937094069124	1	1	1	1	4	0	365.84937094069124	28.0	0	0.00131587424200548	0.8888284797031385	1.1773880477615375	115.56949832051949	0.0	65.79371210027399	0.0	49.77578622024549	1.3218015645027317	65.79371210027399	2.3326869711071402e-07
380.78076346777357	1	1	1	1	4	0	380.78076346777357	29.0	0	0.0015905220934978538	0.8832149795123191	1.2049592263303408	139.48990773901173	0.0	79.52610467489271	0.0	59.96380306411903	1.3262351720729888	79.52610467489271	2.464832658000408e-07
395.84107158007737	1	1	1	1	4	0	395.84107158007737	30.0	0	0.0019135304682272446	0.8288711073886267	1.206792912522124	167.41913203820826	0.0	95.67652341136223	0.0	71.74260862684602	1.3336080920754274	95.67652341136223	2.5255235090189434e-07
411.03002553366304	1	1	1	1	4	0	411.03002553366304	31.0	0	0.002308245462688445	0.8593082109272006	1.1613972145286104	201.94426559550357	0.0	115.41227313442222	0.0	86.53199246108132	1.3337526370530546	115.41227313442222	2.5836501604094385e-07
426.3473174640513	1	1	1	1	4	0	426.3473174640513	32.0	0	0.002782606347387184	0.8777602467746773	1.176617298806783	244.77229079170917	0.0	139.1303173693592	0.0	105.64197342235005	1.3169984700411157	139.1303173693592	2.679084263921774e-07
441.79260147745117	1	1	1	1	4	0	441.79260147745117	33.0	0	0.0032935091455059988	0.9186806753507408	1.1833307638343304	298.4876144174995	0.0	164.67545727529998	8.362099700497177	125.4500574417024	1.3793342187683653	173.03755697579712	2.7381866928295923e-07
457.365493753255	1	1	1	1	4	0	457.365493753255	34.0	0	0.0038035445096969048	0.8675487636571797	1.1658971338563997	359.7084125242967	0.0	190.17722548484528	23.67289127590192	145.85829576354953	1.466149838384366	213.8501167607472	3.106583396919791e-07
473.0655726577729	1	1	1	1	4	0	473.0655726577729	35.0	0	0.004321209363842777	0.8565734272868961	1.1649813204261286	430.3178018113863	0.0	216.0604681921389	45.917971157512035	168.33936246173528	1.5562518208372118	261.97843934965096	3.292631057748868e-07
488.8923788691719	1	1	1	1	4	0	488.8923788691719	36.0	0	0.004886568052508464	0.8544270852952951	1.1493693830718068	510.6430186170147	0.0	244.3284026254232	73.70050240488204	192.61411358670952	1.6511194278976733	318.02890503030517	3.1926141714595624e-07
504.8454155135833	1	1	1	1	4	0	504.8454155135833	37.0	0	0.0054750710812418325	0.8773149113701421	1.184416931604772	604.1336033456582	5.8019654113792365	273.75355406209167	105.70809107166914	218.86999280051828	1.73373078821092	385.26361054514007	3.319388463675393e-07
520.9241483123367	1	1	1	1	4	0	520.9241483123367	38.0	0	0.006052451080634082	0.8460821987660888	1.1677116501893945	707.6483791062956	17.839091119761058	302.6225540317041	140.06908453994384	247.11764941488659	1.791420562715096	460.530729691409	3.344513422297893e-07
537.1280057402779	1	1	1	1	4	0	537.1280057402779	39.0	0	0.006650469719893078	0.8745242320120274	1.1824717107839444	827.0720251816832	35.39588241825024	332.52348599465387	183.55848832103362	275.59416844774535	1.8726157277654465	551.4778567339379	3.4504732278260694e-07
553.4563791951257	1	1	1	1	4	0	553.4563791951257	40.0	0	0.007242370998619492	0.8820936221711314	1.1578978601320324	960.1974952697528	59.04132349282054	362.11854993097467	233.63187569204086	305.4057461539167	1.950685057912344	654.7917491158361	3.8383850855568523e-07
569.9086231778117	1	1	1	1	4	0	569.9086231778117	41.0	0	0.007888687302606103	0.9213241374664436	1.1609051038038547	1107.8170044200288	89.38707965096084	394.43436513030525	286.8761308330637	337.1194288056989	2.0209766561868703	770.6975756143298	3.986634834831238e-07
586.4840554837581	1	1	1	1	4	0	586.4840554837581	42.0	0	0.008606498084220683	0.9066468168989664	1.1801986351478804	1271.486883566514	128.32337213302023	430.32490421103415	340.59103404170867	372.2475731807511	2.070976397953336	899.2393103857629	4.131027107528287e-07
603.1819574050269	1	1	1	1	4	0	603.1819574050269	43.0	0	0.009320211139665337	0.8835878689740334	1.158597642120423	1455.2144339361291	174.32909204343903	466.0105569832669	386.04997311094087	409.0974520727698	2.0827813172071385	1026.3896221376467	3.9934290110190284e-07
620.0015739432909	1	1	1	1	4	0	620.0015739432909	44.0	0	0.009967823093325535	0.8850156078575645	1.1852323125526507	1660.7696035789093	226.18604700340612	498.39115466627686	427.30927938719276	446.73943419482833	2.0721260833440565	1151.8864810568755	3.9592707693340453e-07
636.9421140335545	1	1	1	1	4	0	636.9421140335545	45.0	0	0.010635430861631665	0.9139882096907463	1.1550487505547289	1887.8802574992294	283.67069776798786	531.7715430815832	480.17276745653817	485.15318882748863	2.085824300122141	1295.6150083061093	4.1607813820924866e-07
654.0027507785644	1	1	1	1	4	0	654.0027507785644	46.0	0	0.011323427904164523	0.9214400927243688	1.1759329085827956	2132.235652098886	346.54459315006693	566.1713952082263	538.9696655748223	524.3170039986273	2.107772687810716	1451.6856539331156	4.7272137388375576e-07
671.1826216938364	1	1	1	1	4	0	671.1826216938364	47.0	0	0.012063785580675885	0.9139153661872704	1.1625058686800005	2391.6878388560353	414.5542095563516	603.1892790337943	597.7792237476142	564.2077723190146	2.128592624389365	1615.52271233776	4.6904120313903256e-07
688.4808289632283	1	1	1	1	4	0	688.4808289632283	48.0	0	0.012810945562375456	0.8975986008724278	1.1730872743497682	2678.977710116645	487.430806471118	640.547278118773	650.4293491784588	604.8009782344643	2.134547849221164	1778.4074337683496	4.823458251208218e-07
705.8964397049822	1	1	1	1	4	0	705.8964397049822	49.0	0	0.0135174396329797	0.9147222146575292	1.1575091694168007	2999.325517172789	564.8902983868282	675.8719816489852	693.3544026950702	646.0706867386455	2.119313586653944	1934.1166827308841	4.808541808228993e-07
723.4284862481575	1	1	1	1	4	0	723.4284862481575	50.0	0	0.014274153040380213	0.9061348883871524	1.155248973280302	3324.7567839102476	646.6331436640928	713.7076520190108	750.9885038083647	687.9895335891713	2.1289512184672423	2111.3292994914686	4.7220406310728093e-07
741.0759664193733	1	1	1	1	4	0	741.0759664193733	51.0	0	0.015009191986926056	0.8821211060025683	1.1578109535225145	3666.94864793791	732.3442507856737	750.459599346303	817.0721786670123	730.5287170680347	2.1457497034539306	2299.876028798989	5.40646764039115e-07
758.8378438397727	1	1	1	1	4	0	758.8378438397727	52.0	0	0.015814392984627782	0.9162744615095626	1.1619314243717895	4039.336342160824	821.6929024503612	790.7196492313893	885.0884040057136	773.6579913257947	2.1660838148460417	2497.5009556874647	5.440303495761292e-07
776.7130482321257	1	1	1	1	4	0	776.7130482321257	53.0	0	0.01663963516881489	0.8985075903702499	1.1586681553081373	4438.02416962379	914.3326979326404	831.9817584407448	948.2622815990084	817.3456613471762	2.1780797577190243	2694.5767379723943	5.509425201268782e-07
794.7004757379742	1	1	1	1	4	0	794.7004757379742	54.0	0	0.01743284355304336	0.8934487576491436	1.150106466474511	4867.785171533651	1009.9015141130957	871.6421776521681	999.5610311874547	861.558579573901	2.171881579735483	2881.104722952719	5.5109285444815e-07
812.7989892447298	1	1	1	1	4	0	812.7989892447298	55.0	0	0.018289053248826414	0.9139482029615082	1.1542042929283909	5320.5029597525545	1108.0214855625263	914.4526624413213	1058.9732849418933	906.26214421864	2.177544278962088	3081.447432945741	5.495407340138385e-07
831.0074187226242	1	1	1	1	4	0	831.0074187226242	56.0	0	0.019127878151225842	0.9111801341182484	1.151778306242915	5802.307271212092	1208.2990040397765	956.3939075612919	1126.4263182168152	951.4202993019604	2.1891694210289967	3291.1192298178835	6.200062873904026e-07
849.3245615714155	1	1	1	1	4	0	849.3245615714155	57.0	0	0.01995425799673381	0.8877112744454942	1.1534794653998175	6298.017908724893	1310.324737739361	997.7128998366907	1194.7358744752166	996.9955364420364	2.1990557571963336	3502.7735120512675	6.040649091236947e-07
867.7491829767432	1	1	1	1	4	0	867.7491829767432	58.0	0	0.020790878179715932	0.8915703852082704	1.159533133245425	6830.4857855996215	1413.6736706001104	1039.5439089857969	1256.4572832862912	1042.9488984247153	2.201451284660256	3709.674862872199	6.209003781088692e-07
886.2800162760308	1	1	1	1	4	0	886.2800162760308	59.0	0	0.0215805689650626	0.8904580921982999	1.1555267927310355	7391.028153302022	1517.905161960323	1079.0284482531301	1303.8866833042273	1089.239984579258	2.1876860611922986	3900.8202935176814	6.181781883891898e-07
904.9157633338257	1	1	1	1	4	0	904.9157633338257	60.0	0	0.0224218274832469	0.9099222444639864	1.1572648828157155	7983.320906262122	1622.563026818295	1121.0913741623453	1364.84944164494	1135.8269579827506	2.188661572377505	4108.5038426255815	6.366939843883751e-07
923.6550949264639	1	1	1	1	4	0	923.6550949264639	61.0	0	0.023226636669899728	0.8851749392332767	1.169397856551252	8587.335221201798	1727.1756369296909	1161.3318334949868	1433.3667226743476	1182.6665545137555	2.193939235253106	4321.874193099025	6.658064941993527e-07
942.4966511359496	1	1	1	1	4	0	942.4966511359496	62.0	0	0.0240708459205475	0.9073076406828278	1.1423566975822572	9223.914857874564	1831.2560429450248	1203.5422960273752	1501.5854869751486	1229.7140937733107	2.199802211505917	4536.383825947549	6.888393186860529e-07
961.4390417529248	1	1	1	1	4	0	961.4390417529248	63.0	0	0.024914793107427998	0.9033530218708756	1.154838763341444	9887.21435576006	1934.302117761565	1245.7396553714	1561.39393677557	1276.923491888825	2.1983569179972235	4741.4357099085355	6.756535547293911e-07
980.4808466886225	1	1	1	1	4	0	980.4808466886225	64.0	0	0.025512214850613453	0.8911081526249361	1.1567089553234549	10569.812503734509	2035.7967212343685	1275.6107425306727	1608.4170731618026	1324.2472762138245	2.177861995637433	4919.824536926844	6.366389108849149e-07
999.6206163956656	1	1	1	1	4	0	999.6206163956656	65.0	0	0.026167036872884297	0.8931919734475908	1.1423710705601815	11289.861031595383	2135.207886360889	1308.3518436442148	1670.7018476695446	1371.6366019338395	2.1718971971976098	5114.261577674649	6.422649073679522e-07
1018.856872297602	1	1	1	1	4	0	1018.856872297602	66.0	0	0.02666956211535537	0.9112603772554294	1.1501814045540877	12033.918399912205	2231.9890270226997	1333.4781057677687	1739.9922655581906	1419.0412705860044	2.1658780720709743	5305.459398348659	6.458776276555298e-07
1038.1881072270378	1	1	1	1	4	0	1038.1881072270378	67.0	0	0.027120253456518903	0.8960411005378377	1.1585297297324082	12796.86031132603	2325.5791673364943	1356.0126728259454	1807.7761590212729	1466.409750497182	2.1575066796811364	5489.3679991837125	6.624857505586735e-07
1057.612785872243	1	1	1	1	4	0	1057.612785872243	68.0	0	0.027485321744385303	0.9115968227033256	1.1467052691608233	13577.305673267927	2415.4031926345842	1374.2660872192653	1865.2887388490005	1513.6891991426178	2.140171726073761	5654.9580187028505	6.52708880853764e-07
1077.1293452320983	1	1	1	1	4	0	1077.1293452320983	69.0	0	0.027229381974387797	0.8823966084045572	1.1443401161147695	14334.992212027268	2500.8721220627785	1361.4690987193899	1913.3580473806878	1560.8254874242796	2.0981379228399804	5775.699268162856	6.046742785799363e-07
1096.7361950792456	1	1	1	1	4	0	1096.7361950792456	70.0	0	0.027318145592685857	0.905758523469444	1.1427800978003106	15134.979882811247	2581.383402750756	1365.907279634293	1958.102534501841	1607.7632258651556	2.0674747131048767	5905.39321688689	6.067848034065829e-07
1116.4317184313063	1	1	1	1	4	0	1116.4317184313063	71.0	0	0.027318145592685857	0.8935997209173091	1.1438800896056869	15940.757412126832	2656.321225476969	1365.907279634293	1994.917913558417	1654.4457927128824	2.0313903350570257	6017.146418669679	6.056375065702596e-07
1136.2142720300294	1	1	1	1	4	0	1136.2142720300294	72.0	0	0.027318145592685857	0.8800789947313604	1.1400818294886903	16745.452289903962	2725.056861716757	1365.907279634293	2019.0795291066065	1700.81536394312	1.9902141528715065	6110.043670457658	6.006846041700645e-07
1156.0821868282233	1	1	1	1	4	0	1156.0821868282233	73.0	0	0.027318145592685857	0.8894457372602141	1.149324685924327	17565.41959369272	2786.949021928746	1365.907279634293	2025.7449484978515	1746.8129451501557	1.941623021256348	6178.6012500608895	6.069146413925131e-07
1176.03376848433	1	1	1	1	4	0	1176.03376848433	74.0	0	0.025862221007231297	0.8454939479859577	1.1569828307725385	18262.97624380921	2841.3442349008646	1293.1110503615648	2025.7449484978515	1792.3784053092272	1.851649176886192	6160.200233760281	5.466176300485499e-07
1196.0672978644968	1	1	1	1	4	0	1196.0672978644968	75.0	0	0.025862221007231297	0.9079011722909252	1.139798104443118	19044.357876126855	2887.577247943465	1293.1110503615648	2025.7449484978515	1837.4505123920928	1.806228780844143	6206.433246802882	5.54570527101171e-07
1216.1810315519913	1	1	1	1	4	0	1216.1810315519913	76.0	0	0.025862221007231297	0.907662740011056	1.1494343134233969	19827.854406632843	2924.9714476831077	1293.1110503615648	2025.7449484978515	1881.966970814378	1.7635038501357212	6243.827446542525	5.569579546185488e-07
1236.373202363814	1	1	1	1	4	0	1236.373202363814	77.0	0	0.025862221007231297	0.9078875235776735	1.1434606466756765	20602.80898177441	2952.839301176719	1293.1110503615648	2025.7449484978515	1925.8644606902487	1.7233071519840522	6271.695300036135	5.515135312697679e-07
1256.6420198743526	1	1	1	1	4	0	1256.6420198743526	78.0	0	0.025862221007231297	0.9120695484952234	1.1412505294325004	21381.04248132983	2970.4828170319843	1293.1110503615648	2025.7449484978515	1969.0786788669905	1.6854867377717424	6289.3388158914	5.549162642473493e-07
1276.985670945924	1	1	1	1	4	0	1276.985670945924	79.0	0	0.023226451305062564	0.8178898706311661	1.1520738387334744	21944.53437346387	2977.194026186225	1161.3225652531282	2025.7449484978515	2011.544381709089	1.5843883648458796	6164.261539937204	4.999721756362343e-07
1297.4023202660453	1	1	1	1	4	0	1297.4023202660453	80.0	0	0.023226451305062564	0.8879373778842721	1.1494090334062486	22625.673298952912	2977.194026186225	1161.3225652531282	2025.7449484978515	2053.1954295984865	1.5522475200396428	6164.261539937204	4.916540699042139e-07
1317.890110891278	1	1	1	1	4	0	1317.890110891278	81.0	0	0.023226451305062564	0.914513373282249	1.1609310586908337	23318.13507235711	2977.194026186225	1161.3225652531282	2025.7449484978515	2093.964833114729	1.5220253288639445	6164.261539937204	5.02655068034927e-07
1338.447164797479	1	1	1	1	4	0	1338.447164797479	82.0	0	0.023226451305062564	0.8995654554415241	1.1504947435018915	23999.022659873175	2977.194026186225	1161.3225652531282	2025.7449484978515	2133.784800855853	1.4936218087562805	6164.261539937204	4.993840607296675e-07
1359.0715834363004	1	1	1	1	4	0	1359.0715834363004	83.0	0	0.019785756553463027	0.7733214625154208	1.1517721752297263	24390.1625904232	2977.194026186225	989.2878276731516	2025.7449484978515	2172.5867888579764	1.3877617187186613	5992.226802357228	4.394055915170965e-07
1379.7614482977701	1	1	1	1	4	0	1379.7614482977701	84.0	0	0.019785756553463027	0.8984302329432325	1.1571910364489009	24950.733073582553	2977.194026186225	989.2878276731516	2025.7449484978515	2210.301551568731	1.3640820973188592	5992.226802357228	4.4056345969762393e-07
1400.5148214787878	1	1	1	1	4	0	1400.5148214787878	85.0	0	0.019785756553463027	0.9106109727969566	1.1485720248770803	25507.30048888322	2977.194026186225	989.2878276731516	2025.7449484978515	2246.859194326919	1.3418877265578728	5992.226802357228	4.399953189342123e-07
1421.3297462573673	1	1	1	1	4	0	1421.3297462573673	86.0	0	0.019785756553463027	0.9071103246933396	1.1591784938471883	26062.369749514877	2977.194026186225	989.2878276731516	2025.7449484978515	2282.1892272980012	1.3211142792662514	5992.226802357228	4.4305398454268807e-07
1442.2042476724564	1	1	1	1	4	0	1442.2042476724564	87.0	0	0.019785756553463027	0.9162935085603024	1.1445956630147558	26617.26013466151	2977.194026186225	989.2878276731516	2025.7449484978515	2316.2206208123944	1.301703624032803	5992.226802357228	4.460730430053819e-07
1463.1363331091584	1	1	1	1	4	0	1463.1363331091584	88.0	0	0.01591123531035129	0.7228107246814556	1.1578045369687515	26844.454580345737	2977.194026186225	795.5617655175643	2025.7449484978515	2348.8818620508937	1.2011275490679765	5798.500740201639	3.8514463626450674e-07
1484.1239928891891	1	1	1	1	4	0	1484.1239928891891	89.0	0	0.01591123531035129	0.9067152879343572	1.156869894216199	27267.78070556665	2977.194026186225	795.5617655175643	2025.7449484978515	2380.101013019031	1.18537267896741	5798.500740201639	3.880107333477008e-07
1505.1652008663875	1	1	1	1	4	0	1505.1652008663875	90.0	0	0.01591123531035129	0.9004701586874241	1.15793445929454	27681.040592496112	2977.194026186225	795.5617655175643	2025.7449484978515	2409.80576974965	1.1707610420023664	5798.500740201639	3.838967714873655e-07
1526.2579150271054	1	1	1	1	4	0	1526.2579150271054	91.0	0	0.01591123531035129	0.9059899080270604	1.156301985423159	28095.943001001626	2977.194026186225	795.5617655175643	2025.7449484978515	2437.923522670617	1.157258087786455	5798.500740201639	3.8746407622538643e-07
1547.4000780953006	1	1	1	1	4	0	1547.4000780953006	92.0	0	0.01192914582044003	0.6746889866026622	1.1567755255651604	28183.868625292973	2977.194026186225	596.4572910220015	2025.7449484978515	2464.381418072225	1.0640407447849871	5599.3962657060765	3.318903603832053e-07
1568.5896181421526	1	1	1	1	4	0	1568.5896181421526	93.0	0	0.01192914582044003	0.9136639914110828	1.140386438730998	28472.939758633263	2977.194026186225	596.4572910220015	2025.7449484978515	2489.1064206066376	1.0534713252158892	5599.3962657060765	3.3292095510862214e-07
