11.247441493196291	1	1	1	1	4	0	11.247441493196291	1.0	0	0.0			15.0	0.0	0.0	0.0	0.0		0.0	0.0
11.367595075476835	1	1	1	1	4	0	11.367595075476835	1.0	0	0.0			15.0	0.0	0.0	0.0	0.0		0.0	0.0
22.856168219862568	1	1	1	1	4	0	22.856168219862568	2.0	0	0.0			14.552750241652504	0.0	0.0	0.0	0.7285827694774977	0.0	0.0	0.0
34.4665080713728	1	1	1	1	4	0	34.4665080713728	3.0	0	0.0			13.791431040067982	0.0	0.0	0.0	2.1993864847666735	0.0	0.0	0.0
46.1993671861199	1	1	1	1	4	0	46.1993671861199	4.0	0	0.0			12.713098668736418	0.0	0.0	0.0	4.42587529936556	0.0	0.0	0.0
58.05546181511435	1	1	1	1	4	0	58.05546181511435	5.0	0	0.0			11.314922877436091	0.0	0.0	0.0	7.421310407022852	0.0	0.0	0.0
70.03547169202406	1	1	1	1	4	0	70.03547169202406	6.0	0	2.500826149469408e-05			10.075555122184273	0.0	1.2504130747347042	0.0	8.825142047449571	0.14168758621806754	1.2504130747347042	0.0
82.14003983175478	1	1	1	1	4	0	82.14003983175478	7.0	0	3.078086766776869e-05	0.8751485508607918	1.4813371645408082	10.569203623210717	0.0	1.539043383388435	0.0	9.03016023982228	0.17043367365745932	1.539043383388435	2.0043388614404657e-12
94.36977233991071	1	1	1	1	4	0	94.36977233991071	8.0	0	3.346894483472373e-05	0.3135381369136688	0.9431029618026372	10.78225040074352	0.0	1.6734472417361872	0.0	9.108803159007334	0.18371757656014132	1.6734472417361872	1.1794802976735122e-12
106.72523823319248	1	1	1	1	4	0	106.72523823319248	9.0	0	4.328738082958328e-05	0.9698264052600662	1.119688907187658	11.53526166002552	0.0	2.1643690414791648	0.0	9.370892618546351	0.23096722260967595	2.1643690414791648	2.894784873614077e-12
119.20696927078512	1	1	1	1	4	0	119.20696927078512	10.0	0	5.947441385603252e-05	1.9724968089206507	1.0995309657075665	12.761010436623454	0.0	2.973720692801627	0.0	9.787289743821828	0.3038349502913993	2.973720692801627	4.4649468015922646e-12
131.81545979678634	1	1	1	1	4	0	131.81545979678634	11.0	0	7.844602358465227e-05	1.0739070549125205	1.2134843222239815	14.196806861158226	0.0	3.9223011792326155	0.0	10.274505681925607	0.3817508404450571	3.9223011792326155	5.6079781601980834e-12
144.55116659372186	1	1	1	1	4	0	144.55116659372186	12.0	0	0.00010190907092222697	0.9102947179997759	1.070064044187351	15.987612656557758	0.0	5.095453546111349	0.0	10.892159110446407	0.4678093199377176	5.095453546111349	6.997625712168118e-12
157.41450874719058	1	1	1	1	4	0	157.41450874719058	13.0	0	0.00013540666016228603	1.190058045587319	1.0050216812596062	18.586846996389635	0.0	6.770333008114302	0.0	11.816513988275332	0.5729551892234894	6.770333008114302	9.844182304754683e-12
170.4058675216809	1	1	1	1	4	0	170.4058675216809	14.0	0	0.00017046118816316862	0.7128353542354184	1.2982905671059624	21.186937306655306	0.0	8.523059408158431	0.0	12.663877898496873	0.6730212875133667	8.523059408158431	1.0368172070287589e-11
183.52558624759342	1	1	1	1	4	0	183.52558624759342	15.0	0	0.00021183053609002777	0.6413295498799289	1.0324470377078123	24.1934941209478	0.0	10.591526804501393	0.0	13.601967316446405	0.7786760957508676	10.591526804501393	1.3469062732875886e-11
196.77397021950497	1	1	1	1	4	0	196.77397021950497	16.0	0	0.00026796931585937306	0.6932337343110099	1.0830422007603466	28.252118560666236	0.0	13.398465792968654	0.0	14.853652767697588	0.9020317091366546	13.398465792968654	2.5422969023102953e-11
210.1512866057031	1	1	1	1	4	0	210.1512866057031	17.0	0	0.0003612029086393335	1.0368187641313416	1.2036514087912682	35.035927937555364	0.0	18.060145431966678	0.0	16.975782505588686	1.0638770510885731	18.060145431966678	4.732340078675973e-11
223.65776436901845	1	1	1	1	4	0	223.65776436901845	18.0	0	0.00047658682762152967	0.8793916370655879	1.3116428575654475	43.579713034427684	0.0	23.82934138107649	0.0	19.750371653351195	1.2065262264081589	23.82934138107649	5.895017020134244e-11
237.29359419897813	1	1	1	1	4	0	237.29359419897813	19.0	0	0.0006131944825375704	0.781153464280883	1.3287074778252863	54.00621727657993	0.0	30.659724126878523	0.0	23.346493149701413	1.313247515602601	30.659724126878523	7.413767559024537e-11
251.0589284553002	1	1	1	1	4	0	251.0589284553002	20.0	0	0.0008011164354978979	0.9524297842721592	1.1502157689901689	69.04918982600017	0.0	40.0558217748949	0.0	28.99336805110529	1.3815511776448437	40.0558217748949	1.0497939185529104e-10
264.95388112274634	1	1	1	1	4	0	264.95388112274634	21.0	0	0.0010376093422698482	0.8463255570222532	1.1921315379656023	88.06141415228313	0.0	51.88046711349242	0.0	36.18094703879072	1.4339167810579905	51.88046711349242	1.3982166647861134e-10
278.9785277773454	1	1	1	1	4	0	278.9785277773454	22.0	0	0.001334408175310272	0.8312081989042016	1.2015653867757	112.51905826218348	0.0	66.72040876551361	0.0	45.79864949666988	1.4568204411871355	66.72040876551361	2.3656104860637317e-10
293.1329055639992	1	1	1	1	4	0	293.1329055639992	23.0	0	0.0017304607895871642	0.8564598037985935	1.1358935902217788	144.580940433125	0.0	86.52303947935823	0.0	58.057900953766776	1.4902887989054083	86.52303947935823	3.0250886851764287e-10
307.41701318547484	1	1	1	1	4	0	307.41701318547484	24.0	0	0.0022288975031310343	0.8370457571354576	1.250675659486301	184.9113005040628	0.0	111.44487515655172	0.0	73.46642534751108	1.5169497444498607	111.44487515655172	3.8175760257778936e-10
321.83081090278995	1	1	1	1	4	0	321.83081090278995	25.0	0	0.0028689097847283012	0.9064831404442336	1.207832503895768	241.65258433984096	0.0	143.4454892364151	0.0	94.03929132890495	1.52537824572402	143.4454892364151	5.622193711770746e-10
336.3742205469876	1	1	1	1	4	0	336.3742205469876	26.0	0	0.0034863290983976787	0.8344055922749024	1.1773601571568808	316.66297677273144	0.0	174.3164549198839	0.0	115.55737098334028	1.5084840840227738	174.3164549198839	7.163770867210642e-10
351.0471255422998	1	1	1	1	4	0	351.0471255422998	27.0	0	0.0041516729400648995	0.8584302882253064	1.1567300136260632	415.34347975663184	0.0	207.5836470032449	0.0	138.0214513767327	1.503995537886648	207.5836470032449	8.561449799792998e-10
365.84937094069124	1	1	1	1	4	0	365.84937094069124	28.0	0	0.004822390754230989	0.9277806790971158	1.1500174204044775	542.7884323429871	0.0	241.1195377115494	0.0	161.43137914807988	1.4936348743596632	241.1195377115494	1.307461956723355e-09
380.78076346777357	1	1	1	1	4	0	380.78076346777357	29.0	0	0.005478941728002835	0.8757187586831521	1.1634225872261712	690.6173287115778	0.0	273.9470864001418	0.0	185.78602945137882	1.4745300667068468	273.9470864001418	1.5269580978061918e-09
395.84107158007737	1	1	1	1	4	0	395.84107158007737	30.0	0	0.006172664215452476	0.8729582038702599	1.1895425877549808	862.227509274661	0.0	308.63321077262384	0.0	211.08327538503707	1.4621395760021532	308.63321077262384	1.793845671011285e-09
411.03002553366304	1	1	1	1	4	0	411.03002553366304	31.0	0	0.006872897040169096	0.9150236668855202	1.1909076234743348	1063.3638490797207	0.0	343.64485200845473	0.0	237.3199579620473	1.4480233982824615	343.64485200845473	2.133921341003964e-09
426.3473174640513	1	1	1	1	4	0	426.3473174640513	32.0	0	0.0075473763051309185	0.8658418141523501	1.1740130180907795	1284.6327805300282	0.0	377.36881525654593	0.0	264.4918566745156	1.4267691262832982	377.36881525654593	2.27693241106602e-09
441.79260147745117	1	1	1	1	4	0	441.79260147745117	33.0	0	0.008272196045294925	0.9250606583522444	1.2010320959687262	1529.6217342180362	0.0	413.6098022647462	11.86334260539778	292.5936607063559	1.4541434146009904	425.473144870144	2.535871915380629e-09
457.365493753255	1	1	1	1	4	0	457.365493753255	34.0	0	0.008997585424543314	0.8973892703610039	1.156905365923941	1794.1509688448457	0.0	449.8792712271657	33.638863238761594	321.61894084810064	1.5033882432138566	483.5181344659273	3.5036228895029234e-09
473.0655726577729	1	1	1	1	4	0	473.0655726577729	35.0	0	0.00968703212513408	0.8834195767751073	1.185097941163003	2081.595579859622	0.0	484.35160625670403	63.26574790347243	351.5601221678151	1.557677676248999	547.6173541601764	3.8520178063779854e-09
488.8923788691719	1	1	1	1	4	0	488.8923788691719	36.0	0	0.010405489518029257	0.9354884033445876	1.160682690339912	2395.712720012797	0.0	520.2744759014628	98.57176754760937	382.408457492049	1.6182859749171192	618.8462434490723	4.138421914136532e-09
504.8454155135833	1	1	1	1	4	0	504.8454155135833	37.0	0	0.01111703868356332	0.9033099103824921	1.1496590054188178	2730.0392239640923	7.015059303619688	555.851934178166	137.2716074713363	414.1540017506039	1.6735889034506757	700.1386009531219	4.556167175391781e-09
520.9241483123367	1	1	1	1	4	0	520.9241483123367	38.0	0	0.01178402586294122	0.9073422616490954	1.1500267479366653	3086.711013096953	20.920301141753512	589.2012931470608	176.96529644246598	446.7855872386445	1.7148417752793117	787.0868907312802	4.900451494172606e-09
537.1280057402779	1	1	1	1	4	0	537.1280057402779	39.0	0	0.012487649140435405	0.9377002718227374	1.1479433758997497	3470.2473815278886	41.57746167947757	624.3824570217703	228.13453234226182	480.2907998493301	1.7750017065316912	894.0944510435095	5.4996971827390905e-09
553.4563791951257	1	1	1	1	4	0	553.4563791951257	40.0	0	0.01316996056537379	0.9202437700688544	1.1401252162169424	3874.8716187748655	68.8346330571118	658.4980282686895	285.8563949510358	514.6559563296914	1.8349237225475081	1013.189056276837	7.049709218988509e-09
569.9086231778117	1	1	1	1	4	0	569.9086231778117	41.0	0	0.013887533448078866	0.8853897367369904	1.162398359537569	4299.004632207576	102.52601851334668	694.3766724039432	344.97084620866616	549.8660826119223	1.8901829945131337	1141.8735371259559	7.474447160819075e-09
586.4840554837581	1	1	1	1	4	0	586.4840554837581	42.0	0	0.014623952843646424	0.9243660815881828	1.1487568184327932	4759.520488341496	142.47170017444452	731.1976421823214	400.0782610971759	585.9048932716038	1.930818322684804	1273.7476034539418	8.425536099657638e-09
603.1819574050269	1	1	1	1	4	0	603.1819574050269	43.0	0	0.015337665899091074	0.9119132109478488	1.1549368559561861	5253.981268908665	188.47742008486333	766.8832949545537	445.5372001664082	622.7547721636225	1.946866646896462	1400.8979152058253	9.011067909951817e-09
620.0015739432909	1	1	1	1	4	0	620.0015739432909	44.0	0	0.015985277852751275	0.9169963591680108	1.1362254315642517	5781.505380067656	240.3343750448304	799.2638926375638	486.7965064426599	660.3967542856811	1.9474056932204225	1526.394774125054	9.700848672139025e-09
636.9421140335545	1	1	1	1	4	0	636.9421140335545	45.0	0	0.016652885621057403	0.9092094766220858	1.1287457282740148	6317.382566374016	297.8190258094122	832.6442810528702	539.6599945120054	698.8105089183414	1.9637716634928772	1670.1233013742876	9.78771957289798e-09
654.0027507785644	1	1	1	1	4	0	654.0027507785644	46.0	0	0.01734088266359026	0.9195219856041412	1.1521431582877382	6884.502686538864	360.69292119149117	867.0441331795132	598.4568926302895	737.9743240894803	1.9858428375783292	1826.193947001294	1.1679878999335682e-08
671.1826216938364	1	1	1	1	4	0	671.1826216938364	47.0	0	0.018081240340101626	0.8887744894259831	1.1477006543935369	7476.23211106803	428.702537597776	904.0620170050812	657.2664508030814	777.8650924098674	2.007196984468199	1990.0310054059385	1.286603748888791e-08
688.4808289632283	1	1	1	1	4	0	688.4808289632283	48.0	0	0.018828400321801195	0.8958458567462022	1.1440933707636978	8099.296980718218	501.57913451254234	941.4200160900598	709.916576233926	818.4582983253173	2.0176184855146038	2152.915726836528	1.3885086891630447e-08
705.8964397049822	1	1	1	1	4	0	705.8964397049822	49.0	0	0.01953489439240544	0.8965783482306316	1.1408986057212136	8757.381486443199	579.0386264282525	976.744719620272	752.8416297505372	859.7280068294983	2.011783186811805	2308.6249757990618	1.4616325007461685e-08
723.4284862481575	1	1	1	1	4	0	723.4284862481575	50.0	0	0.02029160779980595	0.9325079309978012	1.1558026661173575	9442.381176414206	660.7814717055172	1014.5803899902977	810.4757308638319	901.6468536800239	2.024136293943976	2485.8375925596474	1.5658572888673733e-08
741.0759664193733	1	1	1	1	4	0	741.0759664193733	51.0	0	0.02102664674635179	0.9244538749331797	1.1501530912037123	10145.312465121639	746.4925788270981	1051.33233731759	876.5594057224796	944.1860371588873	2.041855807189452	2674.3843218671673	1.8069897616411792e-08
758.8378438397727	1	1	1	1	4	0	758.8378438397727	52.0	0	0.021831847744053518	0.9064696424075128	1.1434162593830963	10879.26332547985	835.8412304917856	1091.5923872026765	944.5756310611807	987.3153114166473	2.062328006786672	2872.0092487556426	1.9193863554806745e-08
776.7130482321257	1	1	1	1	4	0	776.7130482321257	53.0	0	0.022657089928240632	0.9070988378554702	1.1372932184113862	11650.306577566376	928.4810259740648	1132.8544964120315	1007.7495086544756	1031.002981438029	2.0762345440367413	3069.0850310405717	2.0170270983461333e-08
794.7004757379742	1	1	1	1	4	0	794.7004757379742	54.0	0	0.023450298312469097	0.8675897165744099	1.1466368282828876	12456.005031036491	1024.0498421545199	1172.514915623455	1059.048258242922	1075.215899664754	2.0754558917536143	3255.6130160208972	2.101663100628641e-08
812.7989892447298	1	1	1	1	4	0	812.7989892447298	55.0	0	0.02430650800825216	0.9096682843123106	1.1270537057519765	13301.518953646253	1122.1698136039506	1215.3254004126081	1118.4605119973603	1119.919464309493	2.0838872675982176	3455.955726013919	2.2683970484483447e-08
831.0074187226242	1	1	1	1	4	0	831.0074187226242	56.0	0	0.025145332910651574	0.9014293271981528	1.1554047410431347	14167.665804975424	1222.4473320812006	1257.2666455325787	1185.9135452722826	1165.0776193928132	2.09701066275579	3665.627522886061	2.460518225791481e-08
849.3245615714155	1	1	1	1	4	0	849.3245615714155	57.0	0	0.02597171275615955	0.9096283816620356	1.1593044043833285	15089.680356058929	1324.473065780785	1298.5856378079775	1254.223101530684	1210.6528565328892	2.1086215801360977	3877.2818051194463	2.699355698954463e-08
867.7491829767432	1	1	1	1	4	0	867.7491829767432	58.0	0	0.026808332939141675	0.9040764277895328	1.1515280401891521	16035.369075615732	1427.8219986415347	1340.4166469570835	1315.9445103417586	1256.606218515568	2.1139169281183467	4084.183155940377	2.8860075281464584e-08
886.2800162760308	1	1	1	1	4	0	886.2800162760308	59.0	0	0.02759802372448833	0.8821959252556435	1.140554272823275	17013.757924492005	1532.0534900017474	1379.9011862244172	1363.3739103596945	1302.8973046701108	2.105519051080315	4275.328586585859	2.90896446083162e-08
904.9157633338257	1	1	1	1	4	0	904.9157633338257	60.0	0	0.028439282242672632	0.9023325319694864	1.1579552714587324	18027.09817232625	1636.7113548597192	1421.964112133632	1424.336668700407	1349.484278073603	2.109176688517743	4483.012135693758	3.0196964314084863e-08
923.6550949264639	1	1	1	1	4	0	923.6550949264639	61.0	0	0.029244091429325467	0.9013110890513789	1.129325954979604	19072.04402167632	1741.3239649711154	1462.2045714662736	1492.8539497298148	1396.323874604608	2.116313109688009	4696.382486167204	3.5504555009829016e-08
942.4966511359496	1	1	1	1	4	0	942.4966511359496	62.0	0	0.030088300679973232	0.9060460836396568	1.142726297441246	20157.92643056577	1845.4043709864493	1504.4150339986618	1561.0727140306158	1443.3714138641635	2.1238384788447613	4910.892119015727	3.5954648962778855e-08
961.4390417529248	1	1	1	1	4	0	961.4390417529248	63.0	0	0.030932247866853724	0.8897197879066758	1.1402007195298745	21272.520423584687	1948.450445802989	1546.6123933426866	1620.8811638310374	1490.5808119796775	2.1250062604568862	5115.944002976713	3.8643683470090084e-08
980.4808466886225	1	1	1	1	4	0	980.4808466886225	64.0	0	0.03123407356789455	0.8766951413297509	1.125622638073989	22396.633578312125	2049.9450492757933	1561.7036783947278	1667.9043002172698	1537.9045963046772	2.1000054141018865	5279.5530278877895	3.621823216909185e-08
999.6206163956656	1	1	1	1	4	0	999.6206163956656	65.0	0	0.0318888955901654	0.9227943906248224	1.1484080875261942	23571.908492822608	2149.356214402313	1594.44477950827	1730.189074725012	1585.2939220246924	2.0971718922552567	5473.990068635595	3.6896187711851e-08
1018.856872297602	1	1	1	1	4	0	1018.856872297602	66.0	0	0.03239142083263647	0.907158694706306	1.1555264744416214	24758.818277655933	2246.137355064124	1619.5710416318234	1799.479492613658	1632.6985906768566	2.0941100542189286	5665.187889309605	3.752110652267752e-08
1038.1881072270378	1	1	1	1	4	0	1038.1881072270378	67.0	0	0.032842112173800016	0.906166681923809	1.1365556974058604	25985.788724240007	2339.7274953779183	1642.1056086900005	1867.2633860767405	1680.0670705880343	2.088826723767902	5849.09649014466	3.95911971612938e-08
1057.612785872243	1	1	1	1	4	0	1057.612785872243	68.0	0	0.03320718046166641	0.9042148264433292	1.14941577178567	27235.973238967086	2429.5515206760087	1660.3590230833206	1924.775965904468	1727.3465192334704	2.0755157978254024	6014.686509663798	4.087357149810728e-08
1077.1293452320983	1	1	1	1	4	0	1077.1293452320983	69.0	0	0.03143564082373088	0.8570226536921325	1.152156961523351	28322.723873337487	2515.020450104203	1571.7820411865437	1972.8452744361555	1774.4828075151322	1.9975551752943488	6059.6477657269015	3.7781503386920763e-08
1096.7361950792456	1	1	1	1	4	0	1096.7361950792456	70.0	0	0.03152440444202894	0.9026601316891064	1.13581546071997	29524.765137148286	2595.5317307921805	1576.2202221014472	2017.5897615573083	1821.4205459560087	1.9730808415650507	6189.341714450937	3.659388486532737e-08
1116.4317184313063	1	1	1	1	4	0	1116.4317184313063	71.0	0	0.03152440444202894	0.8919634432247916	1.1372608295622633	30734.175058746983	2670.4695535183937	1576.2202221014472	2054.4051406138838	1868.1031128037353	1.9434823152059957	6301.094916233726	3.744576801363056e-08
1136.2142720300294	1	1	1	1	4	0	1136.2142720300294	72.0	0	0.03152440444202894	0.8920745553434807	1.1464108816632697	31948.662799347603	2739.205189758182	1576.2202221014472	2078.5667561620735	1914.4726840339729	1.909030621718009	6393.992168021703	3.767387805606529e-08
1156.0821868282233	1	1	1	1	4	0	1156.0821868282233	73.0	0	0.03152440444202894	0.9082906505473306	1.1517686907334816	33175.18809179454	2801.0973499701704	1576.2202221014472	2085.2321755533185	1960.4702652410085	1.8676398528312532	6462.549747624937	3.812049897331415e-08
1176.03376848433	1	1	1	1	4	0	1176.03376848433	74.0	0	0.027828290798491803	0.8012350284425472	1.1515434185730842	34044.600512662284	2855.4925629422887	1391.4145399245901	2085.2321755533185	2006.0357254000799	1.733093120654435	6332.139278420198	3.4144051604584904e-08
1196.0672978644968	1	1	1	1	4	0	1196.0672978644968	75.0	0	0.027828290798491803	0.896196199456928	1.1473102777924529	35107.917709852074	2901.725575984889	1391.4145399245901	2085.2321755533185	2051.1078324829455	1.6950092337511544	6378.372291462798	3.1988883343323016e-08
1216.1810315519913	1	1	1	1	4	0	1216.1810315519913	76.0	0	0.027828290798491803	0.8838551045473613	1.1542160578791665	36157.63407050747	2939.119775724533	1391.4145399245901	2085.2321755533185	2095.6242909052303	1.6590028711568947	6415.766491202441	3.177045266094615e-08
1236.373202363814	1	1	1	1	4	0	1236.373202363814	77.0	0	0.027828290798491803	0.8866955736602702	1.1518306624957575	37199.72695564151	2966.9876292181425	1391.4145399245901	2085.2321755533185	2139.5217807811014	1.6249643947109744	6443.634344696052	3.166543533149413e-08
1256.6420198743526	1	1	1	1	4	0	1256.6420198743526	78.0	0	0.027828290798491803	0.9098227729441992	1.1521889642681369	38253.880123727344	2984.631145073409	1391.4145399245901	2085.2321755533185	2182.735998957842	1.5927930437477775	6461.277860551319	3.209477667980189e-08
1276.985670945924	1	1	1	1	4	0	1276.985670945924	79.0	0	0.02385466798263824	0.7700509240810687	1.1515573718683354	38938.69668297844	2991.342354227649	1192.7333991319122	2085.2321755533185	2225.201701799941	1.473109413871884	6269.30792891288	2.8882358925796567e-08
1297.4023202660453	1	1	1	1	4	0	1297.4023202660453	80.0	0	0.02385466798263824	0.8797361136982259	1.1526218922089395	39807.775747155516	2991.342354227649	1192.7333991319122	2085.2321755533185	2266.852749689339	1.446042569432205	6269.30792891288	2.6006003125248944e-08
1317.890110891278	1	1	1	1	4	0	1317.890110891278	81.0	0	0.02385466798263824	0.9015584558541582	1.1611683419372745	40676.80115934569	2991.342354227649	1192.7333991319122	2085.2321755533185	2307.622153205581	1.4204949324705165	6269.30792891288	2.6142084071668467e-08
1338.447164797479	1	1	1	1	4	0	1338.447164797479	82.0	0	0.02385466798263824	0.9119573013516179	1.1479668676485466	41561.04974993387	2991.342354227649	1192.7333991319122	2085.2321755533185	2347.442120946706	1.3963988911314462	6269.30792891288	2.678730544836072e-08
1359.0715834363004	1	1	1	1	4	0	1359.0715834363004	83.0	0	0.01987400582311552	0.7482136715273309	1.1516653048787102	42061.21364099888	2991.342354227649	993.7002911557761	2085.2321755533185	2386.244108948829	1.2902839467104659	6070.274820936745	2.3540981001044752e-08
1379.7614482977701	1	1	1	1	4	0	1379.7614482977701	84.0	0	0.01987400582311552	0.9145322802882748	1.1460606730539245	42758.98032552177	2991.342354227649	993.7002911557761	2085.2321755533185	2423.958871659584	1.27020821298056	6070.274820936745	2.1240352897265402e-08
1400.5148214787878	1	1	1	1	4	0	1400.5148214787878	85.0	0	0.01987400582311552	0.8896661065886738	1.1620593441285056	43440.641354071755	2991.342354227649	993.7002911557761	2085.2321755533185	2460.5165144177718	1.2513358267126518	6070.274820936745	2.1043507466112792e-08
1421.3297462573673	1	1	1	1	4	0	1421.3297462573673	86.0	0	0.01987400582311552	0.9109259927939029	1.1568422924466693	44121.270103871204	2991.342354227649	993.7002911557761	2085.2321755533185	2495.846547388854	1.2336225037273476	6070.274820936745	2.1117325347121312e-08
1442.2042476724564	1	1	1	1	4	0	1442.2042476724564	87.0	0	0.01987400582311552	0.8878455970137853	1.1647890293733718	44788.879168549036	2991.342354227649	993.7002911557761	2085.2321755533185	2529.8779409032472	1.2170280695873483	6070.274820936745	2.0999055785669426e-08
1463.1363331091584	1	1	1	1	4	0	1463.1363331091584	88.0	0	0.01591123531035129	0.7231497443061033	1.1567482631133668	45085.64266887762	2991.342354227649	795.5617655175643	2085.2321755533185	2562.5391821417466	1.1241950800780114	5872.136295298532	1.8243834028041884e-08
1484.1239928891891	1	1	1	1	4	0	1484.1239928891891	89.0	0	0.01591123531035129	0.9125529067314544	1.1551137208760998	45593.31758556756	2991.342354227649	795.5617655175643	2085.2321755533185	2593.758333109884	1.1106639752427694	5872.136295298532	1.6606980322053386e-08
1505.1652008663875	1	1	1	1	4	0	1505.1652008663875	90.0	0	0.01591123531035129	0.8790368007207583	1.1473056534205714	46069.98474206539	2991.342354227649	795.5617655175643	2085.2321755533185	2623.4630898405026	1.098088230105812	5872.136295298532	1.6040269298216785e-08
1526.2579150271054	1	1	1	1	4	0	1526.2579150271054	91.0	0	0.01591123531035129	0.9101996130220558	1.1541229311721648	46566.60110445652	2991.342354227649	795.5617655175643	2085.2321755533185	2651.5808427614693	1.086443941143692	5872.136295298532	1.656707602116516e-08
1547.4000780953006	1	1	1	1	4	0	1547.4000780953006	92.0	0	0.01192914582044003	0.7052712130979303	1.1656770969379986	46696.58174985857	2991.342354227649	596.4572910220015	2085.2321755533185	2678.0387381630776	1.0013632097102323	5673.0318208029685	1.4206654851812643e-08
1568.5896181421526	1	1	1	1	4	0	1568.5896181421526	93.0	0	0.01192914582044003	0.8909770731932845	1.1666501603350374	47012.044033782084	2991.342354227649	596.4572910220015	2085.2321755533185	2702.76374069749	0.9922026946695934	5673.0318208029685	1.2260190083083241e-08
