11.247441493196291	1	1	1	1	4	0	11.247441493196291	1.0	0	0.0			15.0	0.0	0.0	0.0	0.0		0.0	0.0
11.367595075476835	1	1	1	1	4	0	11.367595075476835	1.0	0	0.0			15.0	0.0	0.0	0.0	0.0		0.0	0.0
22.856168219862568	1	1	1	1	4	0	22.856168219862568	2.0	0	0.0			14.552750241652504	0.0	0.0	0.0	0.7285827694774977	0.0	0.0	0.0
34.4665080713728	1	1	1	1	4	0	34.4665080713728	3.0	0	0.0			13.791431040067982	0.0	0.0	0.0	2.1993864847666735	0.0	0.0	0.0
46.1993671861199	1	1	1	1	4	0	46.1993671861199	4.0	0	0.0			12.713098668736418	0.0	0.0	0.0	4.42587529936556	0.0	0.0	0.0
58.05546181511435	1	1	1	1	4	0	58.05546181511435	5.0	0	0.0			11.314922877436091	0.0	0.0	0.0	7.421310407022852	0.0	0.0	0.0
70.03547169202406	1	1	1	1	4	0	70.03547169202406	6.0	0	2.500826149469408e-05			10.075555122184273	0.0	1.2504130747347042	0.0	8.825142047449571	0.14168758621806754	1.2504130747347042	0.0
82.14003983175478	1	1	1	1	4	0	82.14003983175478	7.0	0	2.771326187056943e-05	1.0883829643230218	1.633824557995042	10.306875143123033	0.0	1.3856630935284715	0.0	8.92121204959456	0.15532229094268032	1.3856630935284715	1.1751987403840538e-12
94.36977233991071	1	1	1	1	4	0	94.36977233991071	8.0	0	3.0295189653027336e-05	0.5805376836649239	0.7965687555691917	10.511508923967273	0.0	1.5147594826513668	0.0	8.996749441315904	0.16836741898080598	1.5147594826513668	1.1177916607654662e-12
106.72523823319248	1	1	1	1	4	0	106.72523823319248	9.0	0	3.443904328464917e-05	1.3283663413829785	1.2318850808826267	10.829316000681068	0.0	1.7219521642324591	0.0	9.10736383644861	0.18907251265630007	1.7219521642324591	1.4965319443161153e-12
119.20696927078512	1	1	1	1	4	0	119.20696927078512	10.0	0	3.846321273908698e-05	0.7921213764357282	1.2241410121145042	11.134042677740423	0.0	1.9231606369543492	0.0	9.210882040786075	0.2087922338423762	1.9231606369543492	1.4966464490895832e-12
131.81545979678634	1	1	1	1	4	0	131.81545979678634	11.0	0	4.325895523840644e-05	0.8828894773966275	1.3950760367601656	11.496990789788336	0.0	2.1629477619203223	0.0	9.334043027868011	0.23172678285953446	2.1629477619203223	1.9304584985127533e-12
144.55116659372186	1	1	1	1	4	0	144.55116659372186	12.0	0	4.5314178010246795e-05	0.21552710233578196	0.8443020080060365	11.653854678681178	0.0	2.2657089005123403	0.0	9.388145778168838	0.2413372090771121	2.2657089005123403	1.3721607046318591e-12
157.41450874719058	1	1	1	1	4	0	157.41450874719058	13.0	0	5.16059120489945e-05	1.1615872543297074	1.221757396705348	12.142059697060384	0.0	2.580295602449725	0.0	9.56176409461066	0.26985560163569283	2.580295602449725	2.4164893643442315e-12
170.4058675216809	1	1	1	1	4	0	170.4058675216809	14.0	0	5.8774554220381424e-05	0.9746364025293044	0.9502505904530776	12.67377751243407	0.0	2.9387277110190717	0.0	9.735049801414998	0.3018708451385554	2.9387277110190717	2.6468263246325547e-12
183.52558624759342	1	1	1	1	4	0	183.52558624759342	15.0	0	6.778838652992551e-05	1.2169337148748938	1.4236128153022631	13.328866371969957	0.0	3.3894193264962755	0.0	9.939447045473685	0.34100682975516033	3.3894193264962755	3.51034044164687e-12
196.77397021950497	1	1	1	1	4	0	196.77397021950497	16.0	0	7.607034473852177e-05	0.6545113453780509	1.0950242849322844	13.927621067605331	0.0	3.803517236926088	0.0	10.124103830679244	0.37568927586461787	3.803517236926088	3.6092845695148898e-12
210.1512866057031	1	1	1	1	4	0	210.1512866057031	17.0	0	8.677110265388249e-05	1.0376710453315159	1.2468878264482586	14.7062234974974	0.0	4.3385551326941245	0.0	10.367668364803274	0.4184697060163391	4.3385551326941245	4.467923455724423e-12
223.65776436901845	1	1	1	1	4	0	223.65776436901845	18.0	0	9.925717391477748e-05	0.9515785487077612	1.3707131688637533	15.630774427109875	0.0	4.962858695738875	0.0	10.667915731371002	0.4652135263071737	4.962858695738875	9.025874404178756e-12
237.29359419897813	1	1	1	1	4	0	237.29359419897813	19.0	0	0.00011235326939406166	0.7581545863954591	1.127224591497186	16.63032672272837	0.0	5.617663469703084	0.0	11.012663253025286	0.5101094386192057	5.617663469703084	9.47481076152168e-12
251.0589284553002	1	1	1	1	4	0	251.0589284553002	20.0	0	0.0001284468592769415	1.0842044203972483	1.0027462996111929	17.918603196105046	0.0	6.422342963847076	0.0	11.496260232257972	0.558646275753769	6.422342963847076	1.1586881324422992e-11
264.95388112274634	1	1	1	1	4	0	264.95388112274634	21.0	0	0.0001458066543011559	0.8744324887539798	1.0245388877828725	19.31419819201298	0.0	7.2903327150577955	0.0	12.023865476955185	0.6063218795178948	7.2903327150577955	1.266381845344915e-11
278.9785277773454	1	1	1	1	4	0	278.9785277773454	22.0	0	0.000165161094314316	0.915520473246904	1.3859645542693322	20.909096665632696	0.0	8.258054715715799	0.0	12.651041949916895	0.6527568834573383	8.258054715715799	1.452735155656072e-11
293.1329055639992	1	1	1	1	4	0	293.1329055639992	23.0	0	0.00018637214873110336	0.8163857794507394	1.2043090784800576	22.626207733499573	0.0	9.318607436555167	0.0	13.307600296944408	0.7002470188930184	9.318607436555167	1.6480981970416195e-11
307.41701318547484	1	1	1	1	4	0	307.41701318547484	24.0	0	0.00020999840018859857	0.6858617762701356	1.1886129889308292	24.537895220628144	0.0	10.49992000942993	0.0	14.037975211198214	0.7479654189055737	10.49992000942993	2.368605845561544e-11
321.83081090278995	1	1	1	1	4	0	321.83081090278995	25.0	0	0.00024157749903448456	1.159576683794464	1.2593347889476805	27.131944071352173	0.0	12.078874951724227	0.0	15.053069119627947	0.8024194173116751	12.078874951724227	3.146168763578764e-11
336.3742205469876	1	1	1	1	4	0	336.3742205469876	26.0	0	0.00027303660700399025	0.8154018788620182	1.2627531870502866	29.80130117958641	0.0	13.65183035019951	0.0	16.1494708293869	0.8453422712376139	13.65183035019951	3.273523387139148e-11
351.0471255422998	1	1	1	1	4	0	351.0471255422998	27.0	0	0.0003117909905053012	1.0063957133159092	1.0532616822578262	33.04748904715283	0.0	15.589549525265065	0.0	17.457939521887766	0.8929776337992108	15.589549525265065	3.915211651270261e-11
365.84937094069124	1	1	1	1	4	0	365.84937094069124	28.0	0	0.00035420273835649034	0.9333780327517891	1.136732270248455	36.64836506912248	0.0	17.710136917824517	0.0	18.938228151297967	0.9351527912927124	17.710136917824517	4.602779849133596e-11
380.78076346777357	1	1	1	1	4	0	380.78076346777357	29.0	0	0.0004016790825342065	0.9120162207572442	1.0836022211619418	40.783309450639905	0.0	20.083954126710328	0.0	20.699355323929574	0.9702695476458726	20.083954126710328	6.414897784537625e-11
395.84107158007737	1	1	1	1	4	0	395.84107158007737	30.0	0	0.0004547613919842808	0.8439784394396633	1.0194330952228867	45.373121489391316	0.0	22.738069599214047	0.0	22.635051890177273	1.0045512468686444	22.738069599214047	6.994002645425942e-11
411.03002553366304	1	1	1	1	4	0	411.03002553366304	31.0	0	0.0005150670349699215	0.8763233232929591	1.2707072385416125	50.64796639661329	0.0	25.75335174849608	0.0	24.894614648117212	1.0344948942780203	25.75335174849608	8.217456606116982e-11
426.3473174640513	1	1	1	1	4	0	426.3473174640513	32.0	0	0.0005789346720775202	0.7659232937684995	1.1040141722937846	56.41430350302022	0.0	28.946733603876012	0.0	27.467569899144213	1.0538512766205026	28.946733603876012	9.238750513736098e-11
441.79260147745117	1	1	1	1	4	0	441.79260147745117	33.0	0	0.0006421912833252881	0.815676823374332	1.1754112995397397	63.06498022108834	0.0	32.10956416626441	1.0353399744865202	29.92007608033741	1.1077814124454308	33.14490414075093	1.0380275068105805e-10
457.365493753255	1	1	1	1	4	0	457.365493753255	34.0	0	0.0007019945740245702	0.7705091686846328	1.1867975815023677	70.24331616222608	0.0	35.09972870122852	2.8305796455092724	32.31300781548829	1.1738402244484656	37.930308346737796	1.2185029789754872e-10
473.0655726577729	1	1	1	1	4	0	473.0655726577729	35.0	0	0.0007664104806461488	0.9310230178542248	1.1404547016442226	79.02963377775839	0.0	38.32052403230745	5.598658214041115	35.11045153140983	1.2508862840188324	43.91918224634856	1.7837213183613768e-10
488.8923788691719	1	1	1	1	4	0	488.8923788691719	36.0	0	0.0008349821071078475	0.8027667252508467	1.0548209656315737	88.7721757651295	0.0	41.74910535539239	8.968365610510732	38.054704799226386	1.3327516593147806	50.71747096590311	2.113002689642537e-10
504.8454155135833	1	1	1	1	4	0	504.8454155135833	37.0	0	0.000908327078950774	0.9028852261086816	1.2225793453254648	100.42388182220705	0.7230973656110821	45.4163539475387	12.957462649787109	41.32696785927015	1.4124872842378595	59.09691396293689	2.6054881947438706e-10
520.9241483123367	1	1	1	1	4	0	520.9241483123367	38.0	0	0.000977269318653391	0.6917071361605381	1.1283914748302224	112.78409604986382	2.1603941316773034	48.86346593266956	17.060347839096394	44.69988814642056	1.4748093676615819	68.08420790344326	3.0121178150769125e-10
537.1280057402779	1	1	1	1	4	0	537.1280057402779	39.0	0	0.0010575065477315226	0.8218751238545615	1.1309264209527556	128.80737997186648	4.516020182128432	52.875327386576146	22.89539883011311	48.52063357304881	1.561618648334731	80.2867463988177	3.820989425235327e-10
553.4563791951257	1	1	1	1	4	0	553.4563791951257	40.0	0	0.0011409487267764287	0.78991843874071	1.1326979297002389	147.5744948772904	7.849392145752843	57.04743633882144	29.95440124245248	52.72326515026365	1.6501602723828803	94.85122972702676	5.728155950910372e-10
569.9086231778117	1	1	1	1	4	0	569.9086231778117	41.0	0	0.001231616745820362	0.824995474282787	1.1777403213631408	168.2831918176829	12.106424778656715	61.580837291018106	37.42373337801673	57.17219636999135	1.7316908734505176	111.11099544769155	6.892593592280911e-10
586.4840554837581	1	1	1	1	4	0	586.4840554837581	42.0	0	0.0013461499983279373	0.8668990283306637	1.215954179675999	194.39821276234463	18.319065118950448	67.30749991639688	45.99443575556755	62.77721197142976	1.80482586138946	131.62100079091488	7.986916282704425e-10
603.1819574050269	1	1	1	1	4	0	603.1819574050269	43.0	0	0.0014815213437561862	0.8990070988296355	1.116014777790978	225.5044483686457	27.045059626348845	74.07606718780931	54.61672127577404	69.76660027871347	1.84461888567686	155.73784808993219	9.689807569982393e-10
620.0015739432909	1	1	1	1	4	0	620.0015739432909	44.0	0	0.001622761771110857	0.7647713247811666	1.1666415084193678	261.0840875284675	38.35476204685219	81.13808855554284	63.615137716173344	77.97609920989909	1.856379425727156	183.10798831856843	1.0925583226346707e-09
636.9421140335545	1	1	1	1	4	0	636.9421140335545	45.0	0	0.0017579270875872875	0.7856179711417024	1.1900457517021206	297.9610088931937	49.993229095918856	87.89635437936441	74.31799414498688	85.75343127292359	1.8916368256808167	212.2075776202701	1.1819955000786093e-09
654.0027507785644	1	1	1	1	4	0	654.0027507785644	46.0	0	0.0019082437145797066	0.7958845243454119	1.1517412633820092	340.61669460925407	63.73019494814766	95.4121857289853	87.16419966095785	94.31011427116323	1.9359152175873109	246.3065803380908	1.4895036851813515e-09
671.1826216938364	1	1	1	1	4	0	671.1826216938364	47.0	0	0.0020732892322284395	0.7965530170043393	1.1865290137248805	386.03307332464163	78.89135650692134	103.66446161142198	100.27442229964056	103.20283290665778	1.9760977307233016	282.8302404179839	1.7601621024598241e-09
688.4808289632283	1	1	1	1	4	0	688.4808289632283	48.0	0	0.002258469858957645	0.8327555292520932	1.1445864969143953	436.4642674924393	96.953530902116	112.92349294788224	113.32354626700979	113.26369737543128	1.9975247538049088	323.20057011700806	1.948175073445068e-09
705.8964397049822	1	1	1	1	4	0	705.8964397049822	49.0	0	0.0024518104498929072	0.7876307034425004	1.185350126255749	490.36992590207655	118.15125153934652	122.59052249464537	125.07050290562864	124.55764896245606	1.9883245024552736	365.8122769396205	2.03700754150634e-09
723.4284862481575	1	1	1	1	4	0	723.4284862481575	50.0	0	0.002659078258937475	0.836491337075979	1.1926904003708791	550.391194074698	140.54104968484222	132.95391294687374	140.85678837008462	136.03944307289743	2.0127302430239697	414.3517510018006	2.256505218373233e-09
741.0759664193733	1	1	1	1	4	0	741.0759664193733	51.0	0	0.00287367911308866	0.8982252060585095	1.1475986271021137	617.8586861025798	165.56513430644233	143.68395565443305	160.15047768649217	148.45911845521232	2.046586538452248	469.39956764736763	2.774599049378267e-09
758.8378438397727	1	1	1	1	4	0	758.8378438397727	52.0	0	0.003118508439689346	0.8556672538358796	1.1532475742580277	691.0623819638133	192.73247548235088	155.9254219844673	180.83148366527922	161.5730008317158	2.0842399653175425	529.4893811320975	3.1100163942558813e-09
776.7130482321257	1	1	1	1	4	0	776.7130482321257	53.0	0	0.0033858259598852536	0.8807332628076766	1.1814453807113263	769.0519591540848	222.74092739416452	169.29129799426272	201.2951543585487	175.7245794071088	2.1089050467678603	593.3273797469759	3.3817350582667918e-09
794.7004757379742	1	1	1	1	4	0	794.7004757379742	54.0	0	0.003672250129150521	0.8573074783785108	1.1561156366767844	852.371516575153	257.25041988872147	183.61250645752608	219.8189143532308	191.68967587567482	2.1046069328867376	660.6818406994784	3.437151096384973e-09
812.7989892447298	1	1	1	1	4	0	812.7989892447298	55.0	0	0.003985946880977815	0.8543103221419464	1.1802511928283888	942.1511824442042	293.19945957452313	199.2973440488908	241.58628175551326	208.06809706527702	2.118939097453686	734.0830853789273	3.796628702046859e-09
831.0074187226242	1	1	1	1	4	0	831.0074187226242	56.0	0	0.004299742205620721	0.8689612123329364	1.2002292046017182	1037.4803116508665	330.7121948008433	214.98711028103597	266.81973204306075	224.96127452592614	2.1417323641121606	812.5190371249399	4.579136104223045e-09
849.3245615714155	1	1	1	1	4	0	849.3245615714155	57.0	0	0.0046162630606622675	0.8240184594930259	1.1987632905068908	1136.0046256894873	369.7901958464561	230.8131530331134	292.98372826337953	242.41754854653828	2.160721797728833	893.5870771429489	4.686286511987718e-09
867.7491829767432	1	1	1	1	4	0	867.7491829767432	58.0	0	0.0049806893212831285	0.8019230515853034	1.1494726987651631	1246.1464789961149	414.80831267857684	249.0344660641565	319.8691688382118	262.43453141516966	2.1677925989181914	983.7119475809453	5.037782518615654e-09
886.2800162760308	1	1	1	1	4	0	886.2800162760308	59.0	0	0.005363093985017197	0.8547514649960981	1.1442601233119232	1361.1241804583956	465.28200332270103	268.15469925086	342.83666966450755	284.85080822032694	2.144952204042113	1076.2733722380683	5.391235095119218e-09
904.9157633338257	1	1	1	1	4	0	904.9157633338257	60.0	0	0.005767058740726265	0.8634223400241361	1.1535049134396196	1483.2225928846085	515.5377664401224	288.35293703631334	372.11043658410966	307.2214528240629	2.149795750099039	1176.0011400605456	5.74683637697248e-09
923.6550949264639	1	1	1	1	4	0	923.6550949264639	61.0	0	0.006157594863620307	0.8403473674292037	1.1834787799025543	1609.4902666722562	566.3013559173312	307.87974318101544	405.35865706697166	329.95051050693786	2.161652664674358	1279.5397561653185	6.702344364984297e-09
942.4966511359496	1	1	1	1	4	0	942.4966511359496	62.0	0	0.0065921797262117705	0.8453499641574261	1.142383679067031	1744.1355428442273	619.8802155566104	329.6089863105886	440.47654079908517	354.169800177943	2.174339897763066	1389.9657426662845	6.758541926761132e-09
961.4390417529248	1	1	1	1	4	0	961.4390417529248	63.0	0	0.007061948140006181	0.8442604471454925	1.1824853126463608	1884.5523653480768	677.2390075128192	353.0974070003092	473.7678664069104	380.4480844280381	2.1733984405528566	1504.1042809200387	7.4150828223838735e-09
980.4808466886225	1	1	1	1	4	0	980.4808466886225	64.0	0	0.007478707079051669	0.8197673645217786	1.1528449143775614	2033.2046165883146	743.4785968231465	373.93535395258345	504.4571162362593	411.33354957632497	2.135474898883376	1621.8710670119892	7.30812542010505e-09
999.6206163956656	1	1	1	1	4	0	999.6206163956656	65.0	0	0.007905407611858187	0.8071631828157703	1.158466591559584	2190.785510188444	808.2577210488404	395.2703805929094	545.0436352663031	442.2137732803904	2.126378852661824	1748.571736908053	7.49756503768034e-09
1018.856872297602	1	1	1	1	4	0	1018.856872297602	66.0	0	0.008261417712962585	0.8579402840467832	1.1393064707976557	2359.8215887167003	876.8215677176836	413.07088564812926	594.1318931154051	475.79724223548254	2.1168739314908587	1884.024346481218	8.377527399683472e-09
1038.1881072270378	1	1	1	1	4	0	1038.1881072270378	67.0	0	0.008595237074542383	0.814377779274981	1.1478466284555964	2531.1245634830434	946.142182595834	429.76185372711916	644.3382626960196	510.88226446407066	2.1024415822105293	2020.2422990189725	8.419961401048565e-09
1057.612785872243	1	1	1	1	4	0	1057.612785872243	68.0	0	0.008901877890396528	0.8564779917198784	1.156289685069607	2709.9252688795937	1021.5902927608827	445.0938945198265	692.6462231143868	550.5948584844976	2.0663834761658006	2159.3304103950964	8.788143172942098e-09
1077.1293452320983	1	1	1	1	4	0	1077.1293452320983	69.0	0	0.009006759946489931	0.8740780900409181	1.164439701606098	2888.8246607410633	1103.7387392186079	450.3379973244967	738.8480305383664	595.8998936595916	1.995613760827732	2292.924767081471	8.715126726070152e-09
1096.7361950792456	1	1	1	1	4	0	1096.7361950792456	70.0	0	0.009095523564788	0.8819601838971199	1.1777172711553574	3087.341090725215	1184.2500199065853	454.7761782394	783.59251765952	642.837632100468	1.92640977139524	2422.618715805505	8.782415551815067e-09
1116.4317184313063	1	1	1	1	4	0	1116.4317184313063	71.0	0	0.009095523564788	0.8621279289645116	1.1681735061263323	3297.56812037935	1259.1878426327985	454.7761782394	820.4078967160955	689.5201989481948	1.8493788534413955	2534.371917588293	9.106415409950308e-09
1136.2142720300294	1	1	1	1	4	0	1136.2142720300294	72.0	0	0.009095523564788	0.846668217040759	1.1813216650030254	3522.8720707997404	1327.9234788725864	454.7761782394	844.5695122642846	735.8897701784323	1.7656797840641683	2627.269169376271	9.311035867540592e-09
1156.0821868282233	1	1	1	1	4	0	1156.0821868282233	73.0	0	0.009095523564788	0.8162360687069	1.160210529928587	3754.5395605848735	1389.815639084575	454.7761782394	851.2349316555297	781.8873513854677	1.6703315478639464	2695.826748979505	9.30380202219946e-09
1176.03376848433	1	1	1	1	4	0	1176.03376848433	74.0	0	0.008846709527135687	0.8226486014708798	1.1697095885898134	3978.142335861481	1444.210852056694	442.3354763567845	851.2349316555297	827.4528115445391	1.5633162277830814	2737.7812600690077	8.741151388704552e-09
1196.0672978644968	1	1	1	1	4	0	1196.0672978644968	75.0	0	0.008846709527135687	0.8225793948060358	1.158383587942583	4206.094880612893	1490.4438650992945	442.3354763567845	851.2349316555297	872.5249186274051	1.4825598448778612	2784.0142731116084	8.455628612471548e-09
1216.1810315519913	1	1	1	1	4	0	1216.1810315519913	76.0	0	0.008846709527135687	0.8632535069203335	1.1704871296431394	4444.653907346419	1527.8380648389373	442.3354763567845	851.2349316555297	917.0413770496899	1.4105911035050511	2821.4084728512516	8.663748327870896e-09
1236.373202363814	1	1	1	1	4	0	1236.373202363814	77.0	0	0.008846709527135687	0.8752721943543528	1.166419345826583	4687.081844305439	1555.7059183325473	442.3354763567845	851.2349316555297	960.9388669255612	1.3461526560487431	2849.276326344861	8.688037204021582e-09
1256.6420198743526	1	1	1	1	4	0	1256.6420198743526	78.0	0	0.008846709527135687	0.8706086687071289	1.1540326875406788	4938.153038501739	1573.3494341878134	442.3354763567845	851.2349316555297	1004.1530851023024	1.28822031939535	2866.919842200128	8.775717192388628e-09
1276.985670945924	1	1	1	1	4	0	1276.985670945924	79.0	0	0.008495366749432104	0.8326658439609881	1.1652923838584184	5161.428589989002	1580.0606433420542	424.7683374716052	851.2349316555297	1046.6187879444012	1.2191671732104614	2856.063912469189	7.917731449365145e-09
1297.4023202660453	1	1	1	1	4	0	1297.4023202660453	80.0	0	0.008495366749432104	0.8831503727034845	1.1714655769383224	5409.798842554131	1580.0606433420542	424.7683374716052	851.2349316555297	1088.2698358337984	1.1725063280372012	2856.063912469189	7.961591168988222e-09
1317.890110891278	1	1	1	1	4	0	1317.890110891278	81.0	0	0.008495366749432104	0.8925383568363625	1.178397045506579	5657.366401766462	1580.0606433420542	424.7683374716052	851.2349316555297	1129.0392393500408	1.130167335779842	2856.063912469189	8.002878111968595e-09
1338.447164797479	1	1	1	1	4	0	1338.447164797479	82.0	0	0.008495366749432104	0.8802347242970118	1.1700428258461495	5902.652598430623	1580.0606433420542	424.7683374716052	851.2349316555297	1168.8592070911652	1.091665498621181	2856.063912469189	8.009415812522933e-09
1359.0715834363004	1	1	1	1	4	0	1359.0715834363004	83.0	0	0.008000268306017758	0.8509861127839654	1.1571133969526437	6109.825753982529	1580.0606433420542	400.01341530088797	851.2349316555297	1207.661195093288	1.036092202051555	2831.3089902984725	7.183543288338415e-09
1379.7614482977701	1	1	1	1	4	0	1379.7614482977701	84.0	0	0.008000268306017758	0.8608005466864682	1.1766028857724622	6338.501011287049	1580.0606433420542	400.01341530088797	851.2349316555297	1245.3759578040429	1.0047153545205172	2831.3089902984725	6.946560532331002e-09
1400.5148214787878	1	1	1	1	4	0	1400.5148214787878	85.0	0	0.008000268306017758	0.8696546752129143	1.1838253688975249	6567.728383612479	1580.0606433420542	400.01341530088797	851.2349316555297	1281.9336005622306	0.9760633050008556	2831.3089902984725	7.017730473542706e-09
1421.3297462573673	1	1	1	1	4	0	1421.3297462573673	86.0	0	0.008000268306017758	0.8630971291754032	1.1673626531529022	6794.75719503551	1580.0606433420542	400.01341530088797	851.2349316555297	1317.2636335333134	0.9498845296443644	2831.3089902984725	6.9990741521191705e-09
1442.2042476724564	1	1	1	1	4	0	1442.2042476724564	87.0	0	0.008000268306017758	0.8662739658041329	1.1633077144069135	7019.6713219363255	1580.0606433420542	400.01341530088797	851.2349316555297	1351.295027047706	0.9259623708451964	2831.3089902984725	7.001757221402289e-09
1463.1363331091584	1	1	1	1	4	0	1463.1363331091584	88.0	0	0.0072072769751574655	0.8123677282570935	1.1844900091557151	7187.681458268718	1580.0606433420542	360.36384875787337	851.2349316555297	1383.9562682862054	0.8754603076539131	2791.6594237554573	6.278561346688812e-09
1484.1239928891891	1	1	1	1	4	0	1484.1239928891891	89.0	0	0.0072072769751574655	0.8690231747554144	1.169300984207939	7395.808839893303	1580.0606433420542	360.36384875787337	851.2349316555297	1415.1754192543426	0.8561474174359215	2791.6594237554573	6.045736501053714e-09
1505.1652008663875	1	1	1	1	4	0	1505.1652008663875	90.0	0	0.0072072769751574655	0.8546374274560522	1.1907435575636491	7600.411406823652	1580.0606433420542	360.36384875787337	851.2349316555297	1444.8801759849619	0.8385461995749696	2791.6594237554573	6.020851848464319e-09
1526.2579150271054	1	1	1	1	4	0	1526.2579150271054	91.0	0	0.0072072769751574655	0.8648034858089181	1.159097215483058	7801.869739567788	1580.0606433420542	360.36384875787337	851.2349316555297	1472.9979289059286	0.8225393645416187	2791.6594237554573	5.9923887142423915e-09
1547.4000780953006	1	1	1	1	4	0	1547.4000780953006	92.0	0	0.006069376529168134	0.7393072940588221	1.1611257764086251	7921.93914888355	1580.0606433420542	303.46882645840674	851.2349316555297	1499.4558243075373	0.7700818786356641	2734.7644014559905	5.266229791452895e-09
1568.5896181421526	1	1	1	1	4	0	1568.5896181421526	93.0	0	0.006069376529168134	0.9482276552633626	1.1806849366580894	8103.930315061413	1580.0606433420542	303.46882645840674	851.2349316555297	1524.1808268419495	0.7575897411768676	2734.7644014559905	5.052983070895521e-09
