11.247441493196291	1	1	1	1	4	0	11.247441493196291	1.0	0	0.0			15.0	0.0	0.0	0.0	0.0		0.0	0.0
11.367595075476835	1	1	1	1	4	0	11.367595075476835	1.0	0	0.0			15.0	0.0	0.0	0.0	0.0		0.0	0.0
22.856168219862568	1	1	1	1	4	0	22.856168219862568	2.0	0	0.0			14.552750241652504	0.0	0.0	0.0	0.7285827694774977	0.0	0.0	0.0
34.4665080713728	1	1	1	1	4	0	34.4665080713728	3.0	0	0.0			13.791431040067982	0.0	0.0	0.0	2.1993864847666735	0.0	0.0	0.0
46.1993671861199	1	1	1	1	4	0	46.1993671861199	4.0	0	0.0			12.713098668736418	0.0	0.0	0.0	4.42587529936556	0.0	0.0	0.0
58.05546181511435	1	1	1	1	4	0	58.05546181511435	5.0	0	0.0			11.314922877436091	0.0	0.0	0.0	7.421310407022852	0.0	0.0	0.0
70.03547169202406	1	1	1	1	4	0	70.03547169202406	6.0	0	2.500826149469408e-05			10.075555122184273	0.0	1.2504130747347042	0.0	8.825142047449571	0.14168758621806754	1.2504130747347042	0.0
82.14003983175478	1	1	1	1	4	0	82.14003983175478	7.0	0	2.500826149469408e-05	0.0227917733277657	0.7641908766619293	10.075555122184273	0.0	1.2504130747347042	0.0	8.825142047449571	0.14168758621806754	1.2504130747347042	3.132834128458803e-13
94.36977233991071	1	1	1	1	4	0	94.36977233991071	8.0	0	2.747213279661615e-05	0.4116571394028955	0.994212297403896	10.270832195172721	0.0	1.3736066398308078	0.0	8.897225555341912	0.15438595225970098	1.3736066398308078	1.0573336634328469e-12
106.72523823319248	1	1	1	1	4	0	106.72523823319248	9.0	0	2.949985557523636e-05	0.30078808186572364	2.094919770014838	10.426345566528706	0.0	1.4749927787618184	0.0	8.95135278776689	0.16477875620962845	1.4749927787618184	9.5721714679096e-13
119.20696927078512	1	1	1	1	4	0	119.20696927078512	10.0	0	3.1654232964333173e-05	0.2865456835049809	2.433072348036792	10.589483891180347	0.0	1.5827116482166586	0.0	9.006772242963688	0.17572462204238726	1.5827116482166586	1.0004917337748207e-12
131.81545979678634	1	1	1	1	4	0	131.81545979678634	11.0	0	3.734240103265317e-05	0.6934828343577946	2.9761254669596973	11.01997194630443	0.0	1.8671200516326587	0.0	9.152851894671773	0.20399325512079805	1.8671200516326587	2.0246257062010543e-12
144.55116659372186	1	1	1	1	4	0	144.55116659372186	12.0	0	4.50020591607205e-05	0.8818898966826036	1.1146652369954408	11.604591666376136	0.0	2.250102958036025	0.0	9.354488708340114	0.2405372466835004	2.250102958036025	2.5876894802459665e-12
157.41450874719058	1	1	1	1	4	0	157.41450874719058	13.0	0	5.451127613312569e-05	0.9539306037510736	0.9782927030739385	12.342456207088507	0.0	2.725563806656284	0.0	9.61689240043222	0.28341419381314764	2.725563806656284	3.176573718408792e-12
170.4058675216809	1	1	1	1	4	0	170.4058675216809	14.0	0	6.68563553242019e-05	0.974466805864836	1.4248938157041553	13.258124527693806	0.0	3.342817766210094	0.0	9.915306761483711	0.33713709990248264	3.342817766210094	3.867166247486786e-12
183.52558624759342	1	1	1	1	4	0	183.52558624759342	15.0	0	7.911486599638161e-05	0.6054827649210883	1.0362212645309932	14.149023481665235	0.0	3.9557432998190802	0.0	10.193280181846156	0.38807363569423975	3.9557432998190802	4.4587517852195135e-12
196.77397021950497	1	1	1	1	4	0	196.77397021950497	16.0	0	8.870265359566813e-05	0.3641169989146075	1.299172190199252	14.842184772900538	0.0	4.435132679783406	0.0	10.407052093117137	0.4261660881583027	4.435132679783406	4.2084708472880975e-12
210.1512866057031	1	1	1	1	4	0	210.1512866057031	17.0	0	0.00010636384434853048	0.7148453648547153	0.9008556909954708	16.12723823768611	0.0	5.318192217426524	0.0	10.809046020259588	0.4920130978680765	5.318192217426524	6.5050063381876935e-12
223.65776436901845	1	1	1	1	4	0	223.65776436901845	18.0	0	0.00013002003925250774	0.8283432477013191	1.2650790353649524	17.878898670544988	0.0	6.501001962625387	0.0	11.377896707919605	0.5713711531675579	6.501001962625387	1.4641885450866257e-11
237.29359419897813	1	1	1	1	4	0	237.29359419897813	19.0	0	0.00015880169289614224	0.8339085956824601	1.119018256470269	20.075642579193076	0.0	7.94008464480711	0.0	12.135557934385965	0.6542826203572372	7.94008464480711	1.741602609195736e-11
251.0589284553002	1	1	1	1	4	0	251.0589284553002	20.0	0	0.0001941076418959648	0.9505566762553048	1.1564334343845288	22.90185001940462	0.0	9.705382094798235	0.0	13.196467924606385	0.7354530129006259	9.705382094798235	2.1681845270980755e-11
264.95388112274634	1	1	1	1	4	0	264.95388112274634	21.0	0	0.00022722085022765958	0.5567971185919683	1.202515762770569	25.56389918425421	0.0	11.361042511382976	0.0	14.202856672871235	0.7999124945817142	11.361042511382976	2.2301421693233782e-11
278.9785277773454	1	1	1	1	4	0	278.9785277773454	22.0	0	0.0002674684952633094	0.6049892610551985	1.2813976474936908	28.880497731693424	0.0	13.373424763165472	0.0	15.507072968527956	0.8624080631017353	13.373424763165472	2.7670976741128636e-11
293.1329055639992	1	1	1	1	4	0	293.1329055639992	23.0	0	0.0003189642871541115	0.7305441313657947	1.1806024326027675	33.049267113298676	0.0	15.948214357705574	0.0	17.101052755593095	0.9325867001076602	15.948214357705574	4.749736655794466e-11
307.41701318547484	1	1	1	1	4	0	307.41701318547484	24.0	0	0.0003893969010345025	0.8883678323507375	1.1290992088097267	38.74823069552983	0.0	19.469845051725127	0.0	19.278385643804707	1.0099312987849656	19.469845051725127	6.210350679635625e-11
321.83081090278995	1	1	1	1	4	0	321.83081090278995	25.0	0	0.00047035978970995585	0.8150646456559368	1.188720910375268	45.39888559055446	0.0	23.5179894854978	0.0	21.880896105056657	1.0748183882680566	23.5179894854978	7.075084220785917e-11
336.3742205469876	1	1	1	1	4	0	336.3742205469876	26.0	0	0.0005582393176239075	0.6756636574376286	1.0764384829453808	52.855608226579726	0.0	27.91196588119538	0.0	24.94364234538435	1.1190012065884316	27.91196588119538	8.151210269843478e-11
351.0471255422998	1	1	1	1	4	0	351.0471255422998	27.0	0	0.0006795195921032063	0.8876489546902131	1.2242321269279517	63.01442175993153	0.0	33.975979605160305	0.0	29.038442154771207	1.1700345157661227	33.975979605160305	1.102910873443027e-10
365.84937094069124	1	1	1	1	4	0	365.84937094069124	28.0	0	0.0008218436271097313	0.8504120495059614	1.1857154033932116	75.09813042487862	0.0	41.09218135548657	0.0	34.00594906939208	1.2083821354797188	41.09218135548657	1.4367008311213044e-10
380.78076346777357	1	1	1	1	4	0	380.78076346777357	29.0	0	0.000985294486936568	0.7827747248413987	1.1239460115600444	89.3338561573666	0.0	49.264724346828395	0.0	40.0691318105382	1.2294931814287964	49.264724346828395	1.8549481525825583e-10
395.84107158007737	1	1	1	1	4	0	395.84107158007737	30.0	0	0.00118720839330918	0.8546971291699623	1.1669466720223234	106.7925328400753	0.0	59.360419665459006	0.0	47.432113174616305	1.2514816585744324	59.360419665459006	2.2981366383751058e-10
411.03002553366304	1	1	1	1	4	0	411.03002553366304	31.0	0	0.0014447878180932155	0.9577250897975358	1.1434422221844427	129.322622061589	0.0	72.23939090466077	0.0	57.083231156928214	1.2655098430932643	72.23939090466077	3.133472907987466e-10
426.3473174640513	1	1	1	1	4	0	426.3473174640513	32.0	0	0.001745114227612831	0.9089827557937924	1.1808543535282492	156.43781525919172	0.0	87.25571138064154	0.0	69.18210387855021	1.26124686138224	87.25571138064154	3.783472495363707e-10
441.79260147745117	1	1	1	1	4	0	441.79260147745117	33.0	0	0.0020562318493816713	0.8932168171268624	1.1987742671116084	189.14811514506744	0.0	102.81159246908352	5.092155653466562	81.24436702251735	1.3281382091713996	107.90374812255008	4.5867678665796723e-10
457.365493753255	1	1	1	1	4	0	457.365493753255	34.0	0	0.0023754968969744274	0.8780996711028124	1.1913937551725935	227.47028335832331	0.0	118.77484484872136	14.676198141890394	94.01924036771156	1.4194014168661802	133.45104299061177	6.94901694344685e-10
473.0655726577729	1	1	1	1	4	0	473.0655726577729	35.0	0	0.0027094251920172672	0.9336818014335644	1.1293940915662544	273.0180403478481	0.0	135.4712596008633	29.02575565669251	108.52102509029218	1.5158077904322251	164.49701525755586	8.016836928676041e-10
488.8923788691719	1	1	1	1	4	0	488.8923788691719	36.0	0	0.0030609262127802355	0.8092241370641903	1.1931089951119858	322.95871741928687	0.0	153.04631063901175	46.29901648846211	123.613390291813	1.6126515635311118	199.34532712747387	9.034792667480276e-10
504.8454155135833	1	1	1	1	4	0	504.8454155135833	37.0	0	0.00343153942827947	0.8820007360066392	1.2075345963712998	381.83495854885354	3.653821564783849	171.57697141397344	66.45598217427384	140.1481833958224	1.69843766662296	241.68677515303116	1.0996601436108077e-09
520.9241483123367	1	1	1	1	4	0	520.9241483123367	38.0	0	0.0038030871602865923	0.8994879460456042	1.1618919290022152	448.44738053017335	11.399789145132164	190.15435801432957	88.567501807942	158.3257315627696	1.7604331088264693	290.1216489674037	1.238346095868797e-09
537.1280057402779	1	1	1	1	4	0	537.1280057402779	39.0	0	0.004176968208616687	0.8611090640611418	1.1443000159698864	523.1110031312919	22.376289048421906	208.84841043083438	115.75706214852308	176.12924150351256	1.8429959148656399	346.9817616277793	1.4210766755712222e-09
553.4563791951257	1	1	1	1	4	0	553.4563791951257	40.0	0	0.004547784085892648	0.8903103049446509	1.1747185404279934	606.5117994341829	37.18974745910495	227.3892042946324	147.12717019443173	194.8056774860137	1.9225126255160243	411.7061219481691	2.045899175038448e-09
569.9086231778117	1	1	1	1	4	0	569.9086231778117	41.0	0	0.004960746034471008	0.9354311590616028	1.1719479462405384	700.832861383042	56.57908131445043	248.03730172355043	181.14743429424564	215.06904405079555	1.9955672277802567	485.7638173322465	2.161517992304888e-09
586.4840554837581	1	1	1	1	4	0	586.4840554837581	42.0	0	0.005424519445268746	0.9124966638378303	1.2146355944200913	806.579027421233	81.73559558079481	271.2259722634373	215.8523238136114	237.76513576338962	2.0485690406761794	568.8138916578437	2.566941030358025e-09
603.1819574050269	1	1	1	1	4	0	603.1819574050269	43.0	0	0.005921535515132225	0.8546697493188213	1.171573711033709	920.7856116904699	113.77309570312464	296.07677575661137	247.50905625530257	263.4266839754311	2.0635184857074402	657.3589277150386	2.755374523102706e-09
620.0015739432909	1	1	1	1	4	0	620.0015739432909	44.0	0	0.0064213332327747435	0.8467022602821822	1.1768494465061443	1046.6888164575378	153.7939563225096	321.0666616387373	279.3511292618862	292.47706923440467	2.052871332690429	754.211747223133	3.0324710185066395e-09
636.9421140335545	1	1	1	1	4	0	636.9421140335545	45.0	0	0.006922801080957421	0.841297496580965	1.1692360548491083	1183.5034290108665	196.97305862023632	346.140054047871	319.0590848430882	321.33123149967105	2.070135342233735	862.1721975111956	3.3865166458894895e-09
654.0027507785644	1	1	1	1	4	0	654.0027507785644	46.0	0	0.007452154526637516	0.8587256538051393	1.1863967486383564	1333.7192412162765	245.34901244890958	372.6077263318758	364.298146481538	351.46435595395315	2.0966731343589187	982.2548852623233	4.1985119817887156e-09
671.1826216938364	1	1	1	1	4	0	671.1826216938364	47.0	0	0.008041217352420402	0.8552708196221143	1.153199408280969	1495.8145271958124	299.4606102504912	402.0608676210202	411.089752240996	383.20329708330496	2.1219823160478817	1112.6112301125074	4.731893005838116e-09
688.4808289632283	1	1	1	1	4	0	688.4808289632283	48.0	0	0.008695046676483019	0.8561315699192854	1.1721843818591633	1673.8752356878485	363.2339081623761	434.75233382415087	457.1631458453426	418.7258478559787	2.130070269691755	1255.1493878318695	5.170241869362433e-09
705.8964397049822	1	1	1	1	4	0	705.8964397049822	49.0	0	0.00939809941322979	0.899787635806008	1.1836910398783946	1869.8947083071398	440.3160947570607	469.9049706614895	499.87911135096175	459.7945315376275	2.109168368682716	1410.100176769512	5.7305648650339725e-09
723.4284862481575	1	1	1	1	4	0	723.4284862481575	50.0	0	0.010137703538191422	0.8811565565261483	1.1475331055088975	2084.0716117565007	520.2107351346514	506.885176909571	556.2101060247313	500.76559368754687	2.12293994702364	1583.3060180689536	6.265432693132534e-09
741.0759664193733	1	1	1	1	4	0	741.0759664193733	51.0	0	0.010860243663860191	0.8554903671839924	1.1565793857205289	2311.228070947663	604.4643850968222	543.0121831930094	621.1700744201521	542.5814282376796	2.1456360225864346	1768.6466427099836	7.664871751739745e-09
758.8378438397727	1	1	1	1	4	0	758.8378438397727	52.0	0	0.011658168364889622	0.8248674864688826	1.1898327106505322	2549.806667496237	693.0056268121463	582.908418244481	688.5716628725273	585.3209595670826	2.172278406119995	1964.4857079291544	8.314362676124291e-09
776.7130482321257	1	1	1	1	4	0	776.7130482321257	53.0	0	0.01248341054907673	0.8504480658976862	1.1734713959237344	2821.868337892884	785.6454222944253	624.1705274538365	751.7455404658223	629.0086295884643	2.187435916133403	2161.5614902140837	8.841453730391885e-09
794.7004757379742	1	1	1	1	4	0	794.7004757379742	54.0	0	0.0132766189333052	0.8899449829925461	1.1522515048527184	3138.482614976815	881.2142384748806	663.8309466652598	803.0442900542685	673.2215478151892	2.178889314342343	2348.089475194409	9.775328252136392e-09
812.7989892447298	1	1	1	1	4	0	812.7989892447298	55.0	0	0.014132828629088256	0.8914633926547559	1.1635269395996544	3471.8132883104167	979.3342099243113	706.6414314544127	862.456543808707	717.9251124599282	2.185601183230237	2548.432185187431	1.0547185932715233e-08
831.0074187226242	1	1	1	1	4	0	831.0074187226242	56.0	0	0.014971653531487682	0.8846525160048034	1.166216921799886	3822.6582737175645	1079.6117284015609	748.5826765743838	929.9095770836287	763.0832675432484	2.1996187376273224	2758.103982059574	1.23919469992017e-08
849.3245615714155	1	1	1	1	4	0	849.3245615714155	57.0	0	0.015798033376995646	0.8759126415559195	1.169459076310972	4203.447715570884	1181.6374621011455	789.9016688497824	998.2191333420303	808.6585046833246	2.2112186934731506	2969.7582642929583	1.3211156938381621e-08
867.7491829767432	1	1	1	1	4	0	867.7491829767432	58.0	0	0.016634653559977768	0.8889808374767537	1.1509835947401652	4616.852573657514	1284.9863949618953	831.7326779988886	1059.9405421531046	854.6118666660034	2.213488127109392	3176.659615113889	1.4337310987462964e-08
886.2800162760308	1	1	1	1	4	0	886.2800162760308	59.0	0	0.017424344345324434	0.8801784939815789	1.1584942689461537	5068.315779963462	1389.217886322108	871.2172172662216	1107.369942171041	900.9029528205464	2.19622674478167	3367.805045759371	1.5330767167457066e-08
904.9157633338257	1	1	1	1	4	0	904.9157633338257	60.0	0	0.01826560286350874	0.8795647364717517	1.1549670807661716	5540.609782833107	1493.8757511800798	913.2801431754366	1168.3327005117535	947.4899262240384	2.196976227475988	3575.4885948672704	1.61774601239893e-08
923.6550949264639	1	1	1	1	4	0	923.6550949264639	61.0	0	0.01907041205016156	0.8983540386058129	1.1460602841041614	6031.052498528678	1598.4883612914762	953.5206025080784	1236.8499815411612	994.3295227550436	2.2028618621121283	3788.8589453407158	1.758326876227384e-08
942.4966511359496	1	1	1	1	4	0	942.4966511359496	62.0	0	0.019914621300809333	0.8765178267575162	1.161066635726497	6553.054337231148	1702.56876730681	995.7310650404668	1305.068745841962	1041.377062014599	2.2093820718802943	4003.368578189239	1.968662867309064e-08
961.4390417529248	1	1	1	1	4	0	961.4390417529248	63.0	0	0.020758568487689824	0.8965422202695383	1.1388609945182542	7114.130538614021	1805.6148421233497	1037.9284243844916	1364.8771956423836	1088.5864601301132	2.2072712715347205	4208.420462150225	2.112954270322903e-08
980.4808466886225	1	1	1	1	4	0	980.4808466886225	64.0	0	0.021413077041958897	0.8881221978589213	1.156503154711086	7700.25892130039	1907.1094455961527	1070.653852097945	1411.9003320286167	1135.9102444551127	2.185519671334088	4389.663629722714	2.0272475625184666e-08
999.6206163956656	1	1	1	1	4	0	999.6206163956656	65.0	0	0.02206789906422974	0.8431402366842818	1.1475944323475988	8297.672081450695	2006.5206107226736	1103.3949532114873	1474.1851065363587	1183.2995701751277	2.178298821968105	4584.10067047052	2.0531677557816275e-08
1018.856872297602	1	1	1	1	4	0	1018.856872297602	66.0	0	0.022570424306700816	0.9049782126022209	1.1320455946567876	8931.845109462005	2103.3017513844848	1128.521215335041	1543.4755244250046	1230.7042388272926	2.1711119986928176	4775.298491144529	2.1431797302345202e-08
1038.1881072270378	1	1	1	1	4	0	1038.1881072270378	67.0	0	0.023021115647864358	0.8794965712880639	1.1518689794334684	9582.987410829803	2196.8918916982784	1151.0557823932174	1611.2594178880865	1278.0727187384698	2.1613130143391723	4959.2070919795815	2.2290281276189843e-08
1057.612785872243	1	1	1	1	4	0	1057.612785872243	68.0	0	0.023386183935730755	0.8634529884340012	1.1577586251855585	10250.666439112465	2286.7159169963684	1169.3091967865378	1668.7719977158142	1325.352167383906	2.141378921275242	5124.79711149872	2.3614252744073042e-08
1077.1293452320983	1	1	1	1	4	0	1077.1293452320983	69.0	0	0.02331992557427849	0.9005077049286676	1.1477553576893498	10936.802788491732	2372.184846424563	1165.9962787139248	1716.8413062475015	1372.4884556655675	2.1004457801165533	5255.02243138599	2.2692239488302545e-08
1096.7361950792456	1	1	1	1	4	0	1096.7361950792456	70.0	0	0.02340868919257656	0.8876899470946369	1.170385170240734	11622.804797841089	2452.696127112541	1170.4344596288279	1761.585793368655	1419.4261941064442	2.065637695831904	5384.716380110023	2.2028436537923633e-08
1116.4317184313063	1	1	1	1	4	0	1116.4317184313063	71.0	0	0.02340868919257656	0.8724509451665404	1.1621052670584144	12337.964379838715	2527.633949838754	1170.4344596288279	1798.4011724252307	1466.1087609541707	2.0249763940581635	5496.469581892812	2.282650755163016e-08
1136.2142720300294	1	1	1	1	4	0	1136.2142720300294	72.0	0	0.02340868919257656	0.8925521915187555	1.1371073797205848	13070.004260095748	2596.369586078542	1170.4344596288279	1822.5627879734197	1512.4783321844086	1.9788695043846276	5589.366833680791	2.334601611235499e-08
1156.0821868282233	1	1	1	1	4	0	1156.0821868282233	73.0	0	0.02340868919257656	0.8898173156785582	1.1511577258099248	13794.509045281291	2658.2617462905305	1170.4344596288279	1829.228207364665	1558.4759133914438	1.9247411148407432	5657.924413284023	2.303925557180445e-08
1176.03376848433	1	1	1	1	4	0	1176.03376848433	74.0	0	0.022508518688668197	0.8677515099309843	1.136809168680005	14457.976014921716	2712.656959262649	1125.4259344334098	1829.228207364665	1604.0413735505151	1.8420061916844472	5667.311101060724	2.138975970304225e-08
1196.0672978644968	1	1	1	1	4	0	1196.0672978644968	75.0	0	0.022508518688668197	0.8802676809427596	1.1588218798018184	15164.107746532472	2758.8899723052496	1125.4259344334098	1829.228207364665	1649.1134806333814	1.791662112096294	5713.544114103324	2.090551977726778e-08
1216.1810315519913	1	1	1	1	4	0	1216.1810315519913	76.0	0	0.022508518688668197	0.8695309184284682	1.1348177788882374	15867.33606687579	2796.2841720448932	1125.4259344334098	1829.228207364665	1693.6299390556662	1.744568912997328	5750.938313842968	2.0934562666594757e-08
1236.373202363814	1	1	1	1	4	0	1236.373202363814	77.0	0	0.022508518688668197	0.881311196673427	1.1562915698888725	16580.80460475851	2824.1520255385026	1125.4259344334098	1829.228207364665	1737.527428931537	1.7004935246489827	5778.806167336577	2.134727569177992e-08
1256.6420198743526	1	1	1	1	4	0	1256.6420198743526	78.0	0	0.022508518688668197	0.8823868676319322	1.1646485310654917	17285.189126256068	2841.795541393769	1125.4259344334098	1829.228207364665	1780.7416471082786	1.6592267309500492	5796.449683191843	2.1093247988173347e-08
1276.985670945924	1	1	1	1	4	0	1276.985670945924	79.0	0	0.02085178464795543	0.826956417144288	1.1564580422585462	17851.69710760352	2848.506750548009	1042.5892323977716	1829.228207364665	1823.207349950377	1.575145821916854	5720.324190310445	1.8918539058179365e-08
1297.4023202660453	1	1	1	1	4	0	1297.4023202660453	80.0	0	0.02085178464795543	0.8949109753925856	1.1535755307578448	18512.799483844537	2848.506750548009	1042.5892323977716	1829.228207364665	1864.8583978397744	1.5399654167249959	5720.324190310445	1.844598489842437e-08
1317.890110891278	1	1	1	1	4	0	1317.890110891278	81.0	0	0.02085178464795543	0.8882742792342209	1.1616056972512872	19164.24131189915	2848.506750548009	1042.5892323977716	1829.228207364665	1905.6278013560168	1.5070190714676253	5720.324190310445	1.8376553160408647e-08
1338.447164797479	1	1	1	1	4	0	1338.447164797479	82.0	0	0.02085178464795543	0.8898145668625909	1.1600970745453378	19814.8005223742	2848.506750548009	1042.5892323977716	1829.228207364665	1945.4477690971407	1.4761729846364433	5720.324190310445	1.8543918571661425e-08
1359.0715834363004	1	1	1	1	4	0	1359.0715834363004	83.0	0	0.01861904291231761	0.8185633021903647	1.157520100746263	20277.137883672407	2848.506750548009	930.9521456158806	1829.228207364665	1984.249757099264	1.391044823417592	5608.687103528555	1.643474227912553e-08
1379.7614482977701	1	1	1	1	4	0	1379.7614482977701	84.0	0	0.01861904291231761	0.9097035002538372	1.1657243100961865	20860.42737501313	2848.506750548009	930.9521456158806	1829.228207364665	2021.9645198100186	1.3650983120316516	5608.687103528555	1.577910333703815e-08
1400.5148214787878	1	1	1	1	4	0	1400.5148214787878	85.0	0	0.01861904291231761	0.8978136739077787	1.1574726360775172	21425.183872206788	2848.506750548009	930.9521456158806	1829.228207364665	2058.5221625682066	1.3408553005506398	5608.687103528555	1.543403781972745e-08
1421.3297462573673	1	1	1	1	4	0	1421.3297462573673	86.0	0	0.01861904291231761	0.9222758941177872	1.1518049390226999	21988.694006872865	2848.506750548009	930.9521456158806	1829.228207364665	2093.8521955392894	1.3182307513685978	5608.687103528555	1.5491530555581427e-08
1442.2042476724564	1	1	1	1	4	0	1442.2042476724564	87.0	0	0.01861904291231761	0.8895875631766512	1.161516938511178	22540.224713753814	2848.506750548009	930.9521456158806	1829.228207364665	2127.883589053682	1.2971481932468214	5608.687103528555	1.5357850630917298e-08
1463.1363331091584	1	1	1	1	4	0	1463.1363331091584	88.0	0	0.015667644899859782	0.7528675133053128	1.1708194188227985	22853.734598284896	2848.506750548009	783.3822449929892	1829.228207364665	2160.544830292182	1.2092368627242682	5461.117202905662	1.3629981888286543e-08
1484.1239928891891	1	1	1	1	4	0	1484.1239928891891	89.0	0	0.015667644899859782	0.8921324906756236	1.1554420696646908	23314.20169808636	2848.506750548009	783.3822449929892	1829.228207364665	2191.763981260319	1.1920126777771656	5461.117202905662	1.2460810289638174e-08
1505.1652008663875	1	1	1	1	4	0	1505.1652008663875	90.0	0	0.015667644899859782	0.8952610594269215	1.1607619489076435	23752.932754997943	2848.506750548009	783.3822449929892	1829.228207364665	2221.4687379909383	1.1760734723282484	5461.117202905662	1.2025793794301576e-08
1526.2579150271054	1	1	1	1	4	0	1526.2579150271054	91.0	0	0.015667644899859782	0.9010100498390742	1.1595449241618507	24195.860302154248	2848.506750548009	783.3822449929892	1829.228207364665	2249.5864909119045	1.161373640405616	5461.117202905662	1.2275051659997983e-08
1547.4000780953006	1	1	1	1	4	0	1547.4000780953006	92.0	0	0.011918376977401423	0.7068107354188267	1.185149973031561	24343.942950734374	2848.506750548009	595.9188488700713	1829.228207364665	2276.044386313513	1.0655095615963464	5273.653806782745	1.0771647021989042e-08
1568.5896181421526	1	1	1	1	4	0	1568.5896181421526	93.0	0	0.011918376977401423	0.9105352623323744	1.1493802591479287	24684.641797292723	2848.506750548009	595.9188488700713	1829.228207364665	2300.7693888479253	1.0540591629868177	5273.653806782745	9.594689135611875e-09
