1	0	0.0	1.0	0.0	0.0	0.1	0.0		0.0	
2	0	0.0	1.0	0.0	0.0	0.1	0.0		0.0	
3	0	0.0	1.0	0.0	0.0	0.09701833494435001	0.0		0.0	
4	0	0.00011257771665567784	1.0	0.0	0.0	0.08855707761080875	0.0	0.0	0.00011257771665567784	
5	0	0.00033581469321961526	1.0	6.688230799431263e-05	49.74832714739242	0.0759984275938277	0.0	0.0	0.00033581469321961526	0.8029701783037165
6	0	0.0004768743753173402	1.0	0.00020445865896337	152.64453909901084	0.07146315502533312	0.0	0.0	0.0004768743753173402	0.9546292484253178
7	0	0.0005053188072269816	1.0	0.0002946450281203224	220.89234735436713	0.07509595547564113	0.0	0.0	0.0005053188072269816	1.0175878195602617
8	0	0.000536548921517224	1.0	0.00031730288766320536	239.3877782291185	0.07904774252648726	0.0	0.0	0.000536548921517224	1.123567727157158
9	0	0.0005738945430459881	1.0	0.0003834069808584265	281.79309495649505	0.08375846167436524	0.0	0.0	0.0005738945430459881	1.1565778480423643
10	0	0.0006168382259298528	1.0	0.0004338518555595237	316.62330568193704	0.0890833118727028	0.0	0.0	0.0006168382259298528	1.2007083119227395
11	0	0.0006652033085173584	1.0	0.00048304552452899666	351.92211251203315	0.0950270857199997	0.0	0.0	0.0006652033085173584	1.1771374479351446
12	0	0.0007192608738918048	1.0	0.0005403378758232975	390.3435484947081	0.10164360329904958	0.0	0.0	0.0007192608738918048	1.0830919064622029
13	0	0.0007749258100998655	1.0	0.0005367767100987822	402.9489090764384	0.10845143682341626	0.0	0.0	0.0007749258100998655	1.0857814751821897
14	0	0.000842623637034583	1.0	0.0006722489938763537	485.5896070151828	0.1167439281854188	0.0	0.0	0.000842623637034583	1.1569489678494322
15	0	0.0009123427125214537	1.0	0.0006803517266727666	503.40230857588165	0.12531343039002898	0.0	0.0	0.0009123427125214537	1.1770045048843891
16	0	0.0009904999940560644	1.0	0.0007476819011080713	560.555398897326	0.13488537388286975	0.0	0.0	0.0009904999940560644	1.1548206939699273
17	0	0.0010784887989909273	1.0	0.0008636370309470827	628.4984599379959	0.14565288726059356	0.0	0.0	0.0010784887989909273	1.2074227373266415
18	0	0.0011794469358940196	1.0	0.0010003030878591528	718.9713076018414	0.15802488351482574	0.0	0.0	0.0011794469358940196	1.1531011289140372
19	0	0.0012857055388374732	1.0	0.0010139123219679717	760.6028192820489	0.17108846138085562	0.0	0.0	0.0012857055388374732	1.1525188984595147
20	0	0.0014065133795629742	1.0	0.0011347391916370474	865.7071514746702	0.18601250820344434	0.0	0.0	0.0014065133795629742	1.1410616390670816
21	0	0.0015409968120687774	1.0	0.0012637363378341026	962.0602511318283	0.2026235434957336	0.0	0.0	0.0015409968120687774	1.1835591637397669
22	0	0.0016835195104958705	1.0	0.0013109514148068155	1023.3398711091929	0.22026263401726706	0.0	0.0	0.0016835195104958705	1.1106232561956009
23	0	0.001843619237204616	1.0	0.0014648407014160494	1151.1725564981452	0.24015348319178126	0.0	0.0	0.001843619237204616	1.1420870635822262
24	0	0.0020144924384894085	1.0	0.0015433354339233114	1236.7614334347008	0.2615010619355667	0.0	0.0	0.0020144924384894085	1.1240851963792158
25	0	0.0022085939084862134	1.0	0.0017831321176653887	1410.5196884255686	0.2859259332701685	0.0	0.0	0.0022085939084862134	1.1289728140974988
26	0	0.002417069812050741	1.0	0.0018160811976849559	1521.170903548767	0.31224222710594257	0.0	0.0	0.002417069812050741	1.1068667927003657
27	0	0.002655280847314177	1.0	0.0021381736335389593	1741.6868791731442	0.3424687896871874	0.0	0.0	0.002655280847314177	1.128979719234681
28	0	0.0029139233833177197	1.0	0.0022642528639993586	1905.0427635554372	0.3755244277622695	0.0	0.0	0.0029139233833177197	1.1055768428718498
29	0	0.0031897625391419816	1.0	0.002436023905559144	2052.814804373525	0.4111032632743683	0.0	0.0	0.0031897625391419816	1.0776437777531984
30	0	0.0034942441208515194	1.0	0.002661711840018989	2288.973421569429	0.4508231552347134	0.0	0.0	0.0034942441208515194	1.1237282121362246
31	0	0.003831553925281393	1.0	0.0029301699012794172	2552.45828398423	0.4951631187695559	0.0	0.0	0.003831553925281393	1.1042240131734793
32	0	0.004200554649825085	1.0	0.003262323719820445	2819.874012647709	0.5441667063458906	0.0	0.0	0.004200554649825085	1.1282174229523505
33	0	0.004603006907531532	1.0	0.003563431450962193	3114.605650630063	0.5983094498632877	0.0	0.0	0.004603006907531532	1.1170026081819382
34	0	0.005038328896496801	1.0	0.003796871124593904	3423.4235287488377	0.6578193455192483	0.0	0.0	0.005038328896496801	1.1104607159366788
35	0	0.005506367843289164	1.0	0.004217526803372925	3753.993743909496	0.7230646548036489	0.0	0.0	0.005506367843289164	1.1173353550462175
36	0	0.006017887322956249	1.0	0.004623344990321273	4167.095104375311	0.7955347668066801	0.0	0.0	0.006017887322956249	1.1143889643599332
37	0	0.006560789468373829	1.0	0.004947360559817137	4518.974303619881	0.8740525225987685	0.0	0.0	0.006560789468373829	1.1203163826004494
38	0	0.007148041790349302	1.0	0.005524756172139963	5013.263003417701	0.9612121477141696	0.0	0.0	0.007148041790349302	1.1136406138579935
39	0	0.007752448136738627	1.0	0.005734119359254547	5340.891332618993	1.0538786147539665	0.0	0.0	0.007752448136738627	1.1077962081171733
40	0	0.008426263003980387	1.0	0.006404880225803199	5957.420820614791	1.1573573374134245	0.0	0.0	0.008426263003980387	1.1100580893132233
41	0	0.009151935849198208	1.0	0.006920232246315313	6437.431385584545	1.2690567554051415	0.0	0.0	0.009151935849198208	1.1287181201490868
42	0	0.009931549757874272	1.0	0.007472733167660673	6967.847543273309	1.3898567854054618	0.0	0.0	0.009931549757874272	1.1054724703088958
43	0	0.010779395326784572	1.0	0.008183225831268482	7661.324208053459	1.5227141365839094	0.0	0.0	0.010779395326784572	1.1117092727855211
44	0	0.011688303778450908	1.0	0.008797717620591271	8305.176244159078	1.6666355762557157	0.0	0.0	0.011688303778450908	1.1194096617104876
45	0	0.012663728136587758	1.0	0.009457531005772523	8914.446129821948	1.82091217727816	0.0	0.0	0.012663728136587758	1.112141487364029
46	0	0.013723442919526627	1.0	0.010354852191680293	9722.355699080828	1.9891503977742568	0.0	0.0	0.013723442919526627	1.1034386164247958
47	0	0.014858134649695782	1.0	0.011209412906377234	10509.899664726221	2.1708858376510114	0.0	0.0	0.014858134649695782	1.1054814464617972
48	0	0.016076596248473133	1.0	0.012095621522163091	11444.852853987793	2.3687582059974908	0.0	0.0	0.016076596248473133	1.1026576067915137
49	0	0.017384461772498753	1.0	0.012916205663788686	12252.813885375559	2.5803184917197663	0.0	0.0	0.017384461772498753	1.1035528513252824
50	0	0.018800525179092663	1.0	0.013960464023546608	13291.281568340466	2.80974119198745	0.0	0.0	0.018800525179092663	1.1038127408498988
51	0	0.02031481780730153	1.0	0.015140713677720385	14325.336981132185	3.0568322163045734	0.0	0.0	0.02031481780730153	1.100036520365593
52	0	0.021930931954596687	1.0	0.016198039950823563	15457.583308825037	3.3232952347388385	0.0	0.0	0.021930931954596687	1.0962338186081435
53	0	0.023700608630941547	1.0	0.017638394806489172	16820.840882435215	3.6132782617990915	0.0	0.0	0.023700608630941547	1.1016137301635638
54	0	0.025587946684345476	1.0	0.01892418207965813	17958.756860031546	3.9224678623019535	0.0	0.0	0.025587946684345476	1.0971903221474923
55	0	0.02762601810069979	1.0	0.02029236036173931	19503.09967001881	4.258255509690012	0.0	0.0	0.02762601810069979	1.0946600614598896
56	0	0.029792903429100494	1.0	0.021837705886257937	20922.94116605594	4.6181723290805765	0.0	0.0	0.029792903429100494	1.0959398413587775
57	0	0.0321576654804802	1.0	0.0235294894942096	22658.063901981302	5.0078940281843725	0.0	0.0	0.0321576654804802	1.0967706983105787
58	0	0.03470449521535357	1.0	0.025474299232998942	24379.286131404897	5.4269758965169235	0.0	0.0	0.03470449521535357	1.0862146495083929
59	0	0.03744379048018553	1.0	0.02758663020661059	26349.92017100998	5.8798431427938525	0.0	0.0	0.03744379048018553	1.0868872870317925
60	0	0.040359316196565895	1.0	0.029437143620883944	28271.71736058313	6.36538020903074	0.0	0.0	0.040359316196565895	1.0825859786142726
