1	0	0.0	1.0	0.0	0.0	0.1	0.0		0.0	
2	0	0.0	1.0	0.0	0.0	0.1	0.0		0.0	
3	0	0.0	1.0	0.0	0.0	0.09701833494435001	0.0		0.0	
4	0	0.00011257771665567784	1.0	0.0	0.0	0.08855707761080875	0.0	0.0	0.00011257771665567784	
5	0	0.00033581469321961526	1.0	5.38977166827123e-05	7.527654415266823	0.0748835485096632	0.0	0.0	0.00033581469321961526	0.8791162967671621
6	0	0.0004525330948857696	1.0	0.00016201954818932633	22.7916320990516	0.06828953630107956	0.0	0.0	0.0004525330948857696	0.9704636466310096
7	0	0.00045409523511148416	1.0	0.00024692206767794664	34.06876719638249	0.06848904612899412	0.0	0.0	0.00045409523511148416	0.9703104130586974
8	0	0.00045673680502833535	1.0	0.00031890613711530434	41.42668823667965	0.0688233043290859	0.0	0.0	0.00045673680502833535	1.1386532874577022
9	0	0.00045981560306485936	1.0	0.0003469524201426603	44.46725619690055	0.06921165916880742	0.0	0.0	0.00045981560306485936	1.087467521659288
10	0	0.00046233765781842755	1.0	0.00030160154501013736	40.5080265841333	0.06952438418103038	0.0	0.0	0.00046233765781842755	1.1589400171598183
11	0	0.0004654950114622587	1.0	0.00034115405149915903	44.688065372185214	0.06991240369864242	0.0	0.0	0.0004654950114622587	1.2328302228079808
12	0	0.0004696483904418272	1.0	0.0004105870787050644	51.33096716950964	0.07042076741869563	0.0	0.0	0.0004696483904418272	1.1864952677900351
13	0	0.0004735400608639997	1.0	0.000385122408492456	49.75075762879573	0.07089671953812003	0.0	0.0	0.0004735400608639997	1.1335765995379727
14	0	0.0004777227486369714	1.0	0.0004048856220130085	51.882048462559254	0.07140906836522151	0.0	0.0	0.0004777227486369714	1.1667881418374195
15	0	0.00048155095565560285	1.0	0.0003733880518233836	49.794971396783886	0.07187961144481304	0.0	0.0	0.00048155095565560285	1.154354562334571
16	0	0.00048531315575812175	1.0	0.0003653504072254663	49.42595407256969	0.07234036911297892	0.0	0.0	0.00048531315575812175	1.1357032783780774
17	0	0.0004897801828217227	1.0	0.0004231150402350906	54.22960373870095	0.07288701562899405	0.0	0.0	0.0004897801828217227	1.1217259746695514
18	0	0.0004942306507063521	1.0	0.0004078595959558706	54.34773332085752	0.07343240180278078	0.0	0.0	0.0004942306507063521	1.1082246786206391
19	0	0.0004989124037332722	1.0	0.00043177606537213303	56.167172335616215	0.07400798291830925	0.0	0.0	0.0004989124037332722	1.2294061536000374
20	0	0.0005036937882675936	1.0	0.00043733797932501734	57.17967877455449	0.07459865324432853	0.0	0.0	0.0005036937882675936	1.1207295237092576
21	0	0.000508666355789063	1.0	0.0004494723623481149	58.65386696607353	0.07521285153666356	0.0	0.0	0.000508666355789063	1.1586187490479218
22	0	0.0005138724866666003	1.0	0.0004628086251413833	60.493248588790024	0.07585717987754749	0.0	0.0	0.0005138724866666003	1.1767954206109
23	0	0.0005191247036495658	1.0	0.000460253276434737	61.15696708254345	0.0765097172552661	0.0	0.0	0.0005191247036495658	1.161860097435573
24	0	0.0005244384256585345	1.0	0.00046554013889491756	61.991680905522145	0.07717357266475178	0.0	0.0	0.0005244384256585345	1.1195137311876158
25	0	0.0005298239638910879	1.0	0.0004731290049664042	62.9665250660747	0.07785126499959018	0.0	0.0	0.0005298239638910879	1.1586700593816817
26	0	0.0005353200689430515	1.0	0.00047352722172848085	64.0680333575801	0.07854504837228095	0.0	0.0	0.0005353200689430515	1.2041622174329003
27	0	0.0005409417712066954	1.0	0.0004846924090340251	65.3623507029901	0.07925838533039978	0.0	0.0	0.0005409417712066954	1.1972465176880418
28	0	0.0005465340254781705	1.0	0.000468211589237718	65.6799960126409	0.07997309968511511	0.0	0.0	0.0005465340254781705	1.1707009810298878
29	0	0.0005522087524528486	1.0	0.0005011613146142218	66.85598877013793	0.08070504862472387	0.0	0.0	0.0005522087524528486	1.1351112254494575
30	0	0.0005575991495316272	1.0	0.00043959356129830114	65.54916515720407	0.0814082306969869	0.0	0.0	0.0005575991495316272	1.1243054264190777
31	0	0.0005636736245488501	1.0	0.0005336520289021667	70.94557594260813	0.08220673105843425	0.0	0.0	0.0005636736245488501	1.080112958121754
32	0	0.0005696300926554509	1.0	0.00047717964217825105	70.8132390557578	0.08299775472612055	0.0	0.0	0.0005696300926554509	1.1009246620678494
33	0	0.000575022898883475	1.0	0.0004339776327842133	67.53829485608837	0.08372326022112489	0.0	0.0	0.000575022898883475	1.1146241219065691
34	0	0.0005805988919733262	1.0	0.0004843593184673405	69.77377803915893	0.08448551614976323	0.0	0.0	0.0005805988919733262	1.1210519835966757
35	0	0.0005866589768994026	1.0	0.0005000175378215842	74.49840384069738	0.08533030079429195	0.0	0.0	0.0005866589768994026	1.0819932987844214
36	0	0.0005927074703556744	1.0	0.0005080077160702042	75.44325308186443	0.0861872280779037	0.0	0.0	0.0005927074703556744	1.1236166963512146
37	0	0.000598194542698143	1.0	0.00046393436067477595	72.30785002998773	0.0869808013025372	0.0	0.0	0.000598194542698143	1.0791942292496044
38	0	0.0006037380016686997	1.0	0.00047887920534035115	74.15716058833169	0.08780355804207808	0.0	0.0	0.0006037380016686997	1.1132212433868072
39	0	0.0006092176063903015	1.0	0.00048034935177440526	75.37709568472698	0.08864368093846861	0.0	0.0	0.0006092176063903015	1.1244454187781687
40	0	0.0006150488303719427	1.0	0.0005264114647826561	78.65986526118522	0.08953919043001705	0.0	0.0	0.0006150488303719427	1.0952322983370764
41	0	0.0006210883441768629	1.0	0.0005315461246512737	80.81122997760245	0.09046882446745994	0.0	0.0	0.0006210883441768629	1.1272284969220627
42	0	0.0006267523818930543	1.0	0.00048597529765565233	78.31488073876834	0.09134645879186648	0.0	0.0	0.0006267523818930543	1.099648260410505
43	0	0.0006323879897206813	1.0	0.0004887934790822416	78.90966923931866	0.09222955820963114	0.0	0.0	0.0006323879897206813	1.0883516765417776
44	0	0.0006381260605766907	1.0	0.0004999361266476776	80.59007884512795	0.0931381551282996	0.0	0.0	0.0006381260605766907	1.1079138800949362
45	0	0.0006441524407797934	1.0	0.0005307317196000566	83.31029735996378	0.09409130894945232	0.0	0.0	0.0006441524407797934	1.1217283509369331
46	0	0.0006500929799457293	1.0	0.0004873611470530256	83.09169349671346	0.09503441718400274	0.0	0.0	0.0006500929799457293	1.094049033622623
47	0	0.0006558244214656851	1.0	0.0005053216192591898	82.05281960335041	0.09595238108385576	0.0	0.0	0.0006558244214656851	1.0488109460952493
48	0	0.0006615834981887623	1.0	0.0004817453301390329	83.30069297610311	0.09688762775213636	0.0	0.0	0.0006615834981887623	1.0609910594654557
49	0	0.0006675591631038177	1.0	0.0005053293563439803	85.31694215269425	0.09785425111943673	0.0	0.0	0.0006675591631038177	1.1101649925796149
50	0	0.0006736779076786298	1.0	0.0005164749625425929	86.98275680540878	0.0988455760107268	0.0	0.0	0.0006736779076786298	1.076651198628206
51	0	0.0006799843492974512	1.0	0.0005323588814101616	89.36093711696846	0.09987461431571673	0.0	0.0	0.0006799843492974512	1.0683458930964436
52	0	0.0006863570753540142	1.0	0.0005409174315597893	90.88506511182754	0.10092534196606773	0.0	0.0	0.0006863570753540142	1.0764897665924529
53	0	0.0006930320501501497	1.0	0.0005464585035391053	93.5720985210482	0.10201911769516428	0.0	0.0	0.0006930320501501497	1.0685147780838475
54	0	0.0006992440487142312	1.0	0.0005097356731250328	89.8274960062747	0.1030367866553639	0.0	0.0	0.0006992440487142312	1.0301264694260197
55	0	0.0007053624904634784	1.0	0.00048822132147346834	89.65447304474655	0.1040448461100888	0.0	0.0	0.0007053624904634784	1.0466672111004025
56	0	0.000712385671746504	1.0	0.0005377016524466943	98.57195644509196	0.10521138733691762	0.0	0.0	0.000712385671746504	1.09332690451472
57	0	0.0007189956468237554	1.0	0.0005445418861838123	94.7934206859688	0.10630073614333864	0.0	0.0	0.0007189956468237554	1.0645099860094958
58	0	0.000725721351837428	1.0	0.0005443237328702224	96.10435572859151	0.10740745363779404	0.0	0.0	0.000725721351837428	0.998607274263816
59	0	0.0007325511797732192	1.0	0.0005248129235424355	97.6937843276992	0.10853657812814596	0.0	0.0	0.0007325511797732192	1.0227627974758564
60	0	0.0007394295645347074	1.0	0.0005745349892704059	98.96410054906744	0.10968206991330773	0.0	0.0	0.0007394295645347074	1.0982462039863747
