1	0	0.0	1.0	0.0	0.0	0.1	0.0		0.0	
2	0	0.0	1.0	0.0	0.0	0.1	0.0		0.0	
3	0	0.0	1.0	0.0	0.0	0.09701833494435001	0.0		0.0	
4	0	0.00011257771665567784	1.0	0.0	0.0	0.08855707761080875	0.0	0.0	0.00011257771665567784	
5	0	0.00033581469321961526	1.0	6.34029030860802e-05	68.89250005614619	0.07650394862365628	0.0	0.0	0.00033581469321961526	0.9143369777021028
6	0	0.000488648693609775	1.0	0.00019875131849770065	216.7239652757017	0.07299829189306037	0.0	0.0	0.000488648693609775	0.9821279700965928
7	0	0.000533364789908607	1.0	0.0003078068085595838	333.8438585321449	0.07870923930401401	0.0	0.0	0.000533364789908607	1.0784245256283702
8	0	0.0005868955694592426	1.0	0.00036801179609059434	393.28346936966057	0.08548290140092138	0.0	0.0	0.0005868955694592426	1.1486164799695704
9	0	0.0006499193333751233	1.0	0.0004309400396658608	459.2172090711937	0.09343262185800932	0.0	0.0	0.0006499193333751233	1.168809108296184
10	0	0.0007278852214860422	1.0	0.000533142921398825	554.8573048351409	0.10310008973433757	0.0	0.0	0.0007278852214860422	1.0803423116480793
11	0	0.0008148403856407393	1.0	0.0005805804926129879	613.2691821500296	0.11378634938570885	0.0	0.0	0.0008148403856407393	1.1824468166512716
12	0	0.0009140468352902376	1.0	0.000652340457947088	695.7016130925281	0.12592898314130374	0.0	0.0	0.0009140468352902376	1.1045550592992983
13	0	0.00102901841661685	1.0	0.0007546042472180933	803.6269579405404	0.1399900319634781	0.0	0.0	0.00102901841661685	1.133400934626685
14	0	0.0011600720267794292	1.0	0.0008547025706737077	916.1906469057907	0.15604314591764418	0.0	0.0	0.0011600720267794292	1.1211454999575992
15	0	0.0013109068454910517	1.0	0.0009810959983971583	1056.1936523002491	0.1745829688062113	0.0	0.0	0.0013109068454910517	1.124529259609276
16	0	0.0014815295969470546	1.0	0.0010909545148218526	1189.9940168479627	0.19547918350895327	0.0	0.0	0.0014815295969470546	1.1353334220044904
17	0	0.001677527089442049	1.0	0.0012436161117863702	1364.216585632329	0.21946411686499195	0.0	0.0	0.001677527089442049	1.1342935323619645
18	0	0.0018995070797126067	1.0	0.0013968232864752929	1546.4743266811054	0.2466668336779813	0.0	0.0	0.0018995070797126067	1.1794888989118348
19	0	0.002170389626548965	1.0	0.0017674119254735602	1885.7549456596146	0.2799695041923715	0.0	0.0	0.002170389626548965	1.127271648686443
20	0	0.0024725665046185057	1.0	0.0019266061816606054	2114.9605674316776	0.3172990504364801	0.0	0.0	0.0024725665046185057	1.1479365869027132
21	0	0.0028144771298628285	1.0	0.002170408964492235	2392.9016960145073	0.3595309399482017	0.0	0.0	0.0028144771298628285	1.1307206958592195
22	0	0.0032093872860530816	1.0	0.002430587412192038	2766.7120916027757	0.408406354670132	0.0	0.0	0.0032093872860530816	1.1612392698016918
23	0	0.003670386712084591	1.0	0.0029013615274832982	3237.7759914644794	0.4656810936171379	0.0	0.0	0.003670386712084591	1.1462016149265226
24	0	0.004186857433873036	1.0	0.003180575846547565	3649.476637767348	0.5302049587951693	0.0	0.0	0.004186857433873036	1.1238926957307849
25	0	0.004769681047995948	1.0	0.003564485194128979	4148.420791709222	0.6035449071528712	0.0	0.0	0.004769681047995948	1.1330749933096926
26	0	0.0054484967576218825	1.0	0.004103120184251732	4841.458054779559	0.6892330532139643	0.0	0.0	0.0054484967576218825	1.0991968813798036
27	0	0.0062299998434960655	1.0	0.004769393212774278	5599.7542622831	0.7883978627136097	0.0	0.0	0.0062299998434960655	1.113497424748576
28	0	0.007112201246080984	1.0	0.005398005416309	6368.46997519342	0.901147028893984	0.0	0.0	0.007112201246080984	1.109988790240363
29	0	0.008113617405856557	1.0	0.006120278756529228	7295.088799236378	1.0303136829947972	0.0	0.0	0.008113617405856557	1.1125441514623216
30	0	0.0092459413239774	1.0	0.00687694625758542	8342.456477636151	1.1780263408158522	0.0	0.0	0.0092459413239774	1.1298586524559588
31	0	0.010518100601991277	1.0	0.007699508578378154	9448.562948242745	1.3452539021166203	0.0	0.0	0.010518100601991277	1.1175552420466546
32	0	0.011974725851992402	1.0	0.009009985204422023	10923.712300826635	1.5386948854442255	0.0	0.0	0.011974725851992402	1.1038853747240578
33	0	0.013563712780195676	1.0	0.009716754140472956	12089.433724773347	1.7524646185213826	0.0	0.0	0.013563712780195676	1.1082106043695985
34	0	0.015361008911551273	1.0	0.011209861315462416	13889.516713193001	1.9981606962547	0.0	0.0	0.015361008911551273	1.0860653754507572
35	0	0.017359665935806408	1.0	0.012584070510606496	15754.217428458827	2.276776389659414	0.0	0.0	0.017359665935806408	1.1110220682965342
36	0	0.019584741183936258	1.0	0.014233523262253744	17830.568392524274	2.5920164906856566	0.0	0.0	0.019584741183936258	1.0964994141618216
37	0	0.02203053248573705	1.0	0.01589479219694626	20020.053458951774	2.9457414589402933	0.0	0.0	0.02203053248573705	1.1030909582009198
38	0	0.02471282975574961	1.0	0.017662455818148487	22541.579677956724	3.343846354832257	0.0	0.0	0.02471282975574961	1.0976395953547569
39	0	0.027610086539628383	1.0	0.019705277382000598	25171.135465471747	3.788048424967687	0.0	0.0	0.027610086539628383	1.089126784516312
40	0	0.03087796858599593	1.0	0.02221937523945774	28441.483657698936	4.289901792116028	0.0	0.0	0.03087796858599593	1.0966318323368336
41	0	0.034513224037919885	1.0	0.024763059116385742	31734.35719830909	4.849459616150684	0.0	0.0	0.034513224037919885	1.092759326617183
42	0	0.03856800601569195	1.0	0.027676353394833517	35643.09556825032	5.477742127671587	0.0	0.0	0.03856800601569195	1.085350824345191
43	0	0.042678201916059484	1.0	0.03105663448739797	40109.634713168365	6.211548552286757	0.0	0.0	0.042678201916059484	1.0803150128379648
44	0	0.04676583720902787	1.0	0.03441632553645691	44510.53934841573	7.053593589383602	0.0	0.0	0.04676583720902787	1.0840796983814671
45	0	0.05095400640927703	1.0	0.037670239175646256	48977.438292412	7.999516995953559	0.0	0.0	0.05095400640927703	1.0834380574003142
46	0	0.0551860592304829	1.0	0.04148329767879725	53636.90177651102	9.0559120889008	0.0	0.0	0.0551860592304829	1.0800159971956609
47	0	0.059402852453986035	1.0	0.04460879366333373	58131.12192534751	10.219973482528706	0.0	0.0	0.059402852453986035	1.090083955678029
48	0	0.0635484485643115	1.0	0.04776147484065768	62754.41604499953	11.496561792326073	0.0	0.0	0.0635484485643115	1.0919206020761436
49	0	0.06780923930763423	1.0	0.051374062249774206	67460.42825030586	12.879070500734533	0.0	0.0	0.06780923930763423	1.0862351695563277
50	0	0.07212375263682044	1.0	0.05512977677959442	72273.6653468812	14.372040101384952	0.0	0.0	0.07212375263682044	1.0880433324702885
51	0	0.07642795822030242	1.0	0.058474262393683224	77200.2008621158	15.980242401800682	0.0	0.0	0.07642795822030242	1.080869022982602
52	0	0.0806840117448914	1.0	0.06185171928323891	81927.5075129231	17.699055205678498	0.0	0.0	0.0806840117448914	1.0790059410603208
53	0	0.08506596342367333	1.0	0.06519475170561483	86378.62997016084	19.512948085359852	0.0	0.0	0.08506596342367333	1.0837309036031526
54	0	0.08950729048822109	1.0	0.06862864411790913	91405.41106997908	21.439157678135608	0.0	0.0	0.08950729048822109	1.083139349496413
55	0	0.09393886801970112	1.0	0.07195604384656214	96066.162030735	23.47001297194347	0.0	0.0	0.09393886801970112	1.0865389313657157
56	0	0.09833106026744227	1.0	0.07564402380729614	101090.89436420164	25.615530130932342	0.0	0.0	0.09833106026744227	1.082249520025721
57	0	0.10285423803440424	1.0	0.0786586056434551	105617.44726099783	27.854451781701925	0.0	0.0	0.10285423803440424	1.0820702956950758
58	0	0.10743663551520406	1.0	0.08208618374400192	110572.3436935199	30.200377008157183	0.0	0.0	0.10743663551520406	1.0799280399655378
59	0	0.11200386560223696	1.0	0.08588580341837602	116027.97443772136	32.66880856341855	0.0	0.0	0.11200386560223696	1.0805191137083243
60	0	0.11652297571763308	1.0	0.08950756145865922	121157.71573235164	35.25154136117217	0.0	0.0	0.11652297571763308	1.0780296345931433
