1	0	0.0	1.0	0.0	0.0	0.1	0.0		0.0	
2	0	0.0	1.0	0.0	0.0	0.1	0.0		0.0	
3	0	0.0	1.0	0.0	0.0	0.09701833494435001	0.0		0.0	
4	0	0.00011257771665567784	1.0	0.0	0.0	0.08855707761080875	0.0	0.0	0.00011257771665567784	
5	0	0.00033581469321961526	1.0	4.603525167652962e-05	45.36501434655686	0.07588268183600885	0.0	0.0	0.00033581469321961526	0.9592773486097904
6	0	0.0004794011912100369	1.0	0.00018421723274966804	174.81154423191074	0.07179260154941175	0.0	0.0	0.0004794011912100369	0.9997952478767624
7	0	0.0005156173891452283	1.0	0.00029324107226721914	274.7032793313968	0.07641797851546785	0.0	0.0	0.0005156173891452283	1.059888884881823
8	0	0.0005558185324269424	1.0	0.0003221061101566713	301.2515420347254	0.08150493900409868	0.0	0.0	0.0005558185324269424	1.046149135365766
9	0	0.0006070792400752202	1.0	0.00041675631850496584	377.5888479224236	0.0879708856711405	0.0	0.0	0.0006070792400752202	1.1628172229808975
10	0	0.0006616887824298201	1.0	0.00042642508413299313	396.3162120913543	0.09474225721895134	0.0	0.0	0.0006616887824298201	1.1309962046098792
11	0	0.0007235397865105517	1.0	0.00047862467131110206	443.51325011169337	0.1023433686161865	0.0	0.0	0.0007235397865105517	1.2201555408711922
12	0	0.0007954795243254483	1.0	0.0005578351337922	511.24832159105006	0.1111486216198578	0.0	0.0	0.0007954795243254483	1.1106342454509162
13	0	0.0008743943630344134	1.0	0.0005997352895582056	560.0208749049522	0.12079992315957082	0.0	0.0	0.0008743943630344134	1.1445462582274006
14	0	0.0009656818986104316	1.0	0.0007020698676710751	646.1247223955792	0.1319819822373699	0.0	0.0	0.0009656818986104316	1.1635491285167199
15	0	0.001068775846934749	1.0	0.0008099678668095721	730.5294570781696	0.14465374833979874	0.0	0.0	0.001068775846934749	1.1331821702970877
16	0	0.0011862246130557852	1.0	0.0008836793718570685	827.4797337253643	0.1590377306193844	0.0	0.0	0.0011862246130557852	1.1501613849100407
17	0	0.0013179861503930072	1.0	0.0009910520788028849	926.525421121325	0.17516187410557307	0.0	0.0	0.0013179861503930072	1.154575351378581
18	0	0.0014682856263284762	1.0	0.0011532939443875995	1056.1501292772016	0.1935804445182936	0.0	0.0	0.0014682856263284762	1.1812300067202082
19	0	0.0016392948248242474	1.0	0.0013356443225486256	1203.3878326473869	0.2146045490940492	0.0	0.0	0.0016392948248242474	1.1208789391732867
20	0	0.001833245771964305	1.0	0.0014635765715150654	1369.3759826031264	0.2385643599723894	0.0	0.0	0.001833245771964305	1.1488568576723976
21	0	0.002052690950508161	1.0	0.0016592308143702757	1547.7131428793061	0.26566964378017305	0.0	0.0	0.002052690950508161	1.1381380784081343
22	0	0.002295027740264564	1.0	0.0017548090675721033	1713.1462729251416	0.29566206336236084	0.0	0.0	0.002295027740264564	1.0952485520216586
23	0	0.0025682520194023517	1.0	0.001966919039259245	1937.2305183223668	0.32960754870995224	0.0	0.0	0.0025682520194023517	1.1330588861246058
24	0	0.0028712644989356863	1.0	0.0021533555853586427	2160.3622390906708	0.3674635888528793	0.0	0.0	0.0028712644989356863	1.1246114106674054
25	0	0.003219336238720625	1.0	0.002511572892845205	2494.8242481145985	0.411263398610106	0.0	0.0	0.003219336238720625	1.1390866787680507
26	0	0.003605311037131425	1.0	0.002707475814285053	2776.0607832790092	0.4599857019291482	0.0	0.0	0.003605311037131425	1.113383307491728
27	0	0.0040518742966150585	1.0	0.00321246551519437	3222.333399559157	0.5166500470311259	0.0	0.0	0.0040518742966150585	1.1325746709213207
28	0	0.004547975477255157	1.0	0.0035697823242462064	3606.257140448136	0.5800539299703013	0.0	0.0	0.004547975477255157	1.1194535021986969
29	0	0.005101735344303825	1.0	0.003951920543559558	4061.874363425084	0.6514800883199103	0.0	0.0	0.005101735344303825	1.1282506738964562
30	0	0.005712152980867206	1.0	0.004341332425908369	4530.022710571942	0.7311096095502487	0.0	0.0	0.005712152980867206	1.0973922422630988
31	0	0.006383962219697549	1.0	0.004711384709569077	5026.806113108406	0.8194201085660006	0.0	0.0	0.006383962219697549	1.1077744010828117
32	0	0.007132181884712088	1.0	0.0052458488337607505	5654.911166287816	0.9187842708619322	0.0	0.0	0.007132181884712088	1.0967047490092456
33	0	0.007968831551120667	1.0	0.0059079962503269575	6402.471811865862	1.031340499420393	0.0	0.0	0.007968831551120667	1.1325360867704322
34	0	0.008897168842298662	1.0	0.0066110534336079	7217.196050662697	1.158247149513704	0.0	0.0	0.008897168842298662	1.1197871073560703
35	0	0.009910916660331068	1.0	0.0073384302366475045	8040.1032200441805	1.2995650684117084	0.0	0.0	0.009910916660331068	1.1123356574949708
36	0	0.011016936681328178	1.0	0.008048645025388275	8920.262792842557	1.4562617299961749	0.0	0.0	0.011016936681328178	1.1062878593909544
37	0	0.012235161959109014	1.0	0.009054453181958242	10028.103771252956	1.6324487568257926	0.0	0.0	0.012235161959109014	1.117314622041433
38	0	0.013552070766965022	1.0	0.009984453500620516	11130.544736271782	1.8279035446719851	0.0	0.0	0.013552070766965022	1.100720392322073
39	0	0.014973420809245809	1.0	0.011179878231324335	12412.469087466403	2.0458223134470983	0.0	0.0	0.014973420809245809	1.106819499462054
40	0	0.016536587149481658	1.0	0.012248071390515371	13684.465318300234	2.2858800267089068	0.0	0.0	0.016536587149481658	1.1011155164744573
41	0	0.018257161931627932	1.0	0.01358383424908449	15107.013107292469	2.550720034218456	0.0	0.0	0.018257161931627932	1.1028339665234093
42	0	0.020148418604449853	1.0	0.01487405290935014	16723.308537295572	2.8437674776679582	0.0	0.0	0.020148418604449853	1.085719411209651
43	0	0.022214127808626645	1.0	0.01636082345816367	18481.3108965783	3.167463989433182	0.0	0.0	0.022214127808626645	1.0905128561021713
44	0	0.024446031611740388	1.0	0.01776043130903723	20199.23195882417	3.520875609673052	0.0	0.0	0.024446031611740388	1.0889892061713409
45	0	0.026895965118578016	1.0	0.01951290877544417	22163.347710905626	3.908365845090034	0.0	0.0	0.026895965118578016	1.0889957748685224
46	0	0.02958980753960024	1.0	0.02158960428700419	24469.102977072183	4.336034933514764	0.0	0.0	0.02958980753960024	1.0928521883904527
47	0	0.03252188748831433	1.0	0.023661877499134145	26883.892488831232	4.805645158975675	0.0	0.0	0.03252188748831433	1.079211233220102
48	0	0.03570350058595024	1.0	0.02614988674340947	29590.374430287142	5.322323993518442	0.0	0.0	0.03570350058595024	1.0803957502934107
49	0	0.039197220826774105	1.0	0.02835358308372788	32388.45698513217	5.887468068963855	0.0	0.0	0.039197220826774105	1.0859261289129831
50	0	0.04306146507505131	1.0	0.03152148995025742	35876.82254987147	6.513531383505717	0.0	0.0	0.04306146507505131	1.0853199971610166
51	0	0.047259138496888314	1.0	0.034247308297868526	39275.728475475764	7.19847655607602	0.0	0.0	0.047259138496888314	1.0860254291833242
52	0	0.05151519202147729	1.0	0.03741256916539934	43002.68885209017	7.968476491007402	0.0	0.0	0.05151519202147729	1.0824432067874192
53	0	0.05589714370025922	1.0	0.041005159590433764	47032.27640125647	8.830964766780307	0.0	0.0	0.05589714370025922	1.0805668439792435
54	0	0.06033847076480697	1.0	0.04459265341340038	51100.61912785268	9.789023873399492	0.0	0.0	0.06033847076480697	1.0821030040151138
55	0	0.06477004829628702	1.0	0.04829933775269157	55505.726022798204	10.8536914982244	0.0	0.0	0.06477004829628702	1.0775379408558432
56	0	0.06916224054402816	1.0	0.051570672058162494	59520.90711212419	12.015058467098385	0.0	0.0	0.06916224054402816	1.0809377162279838
57	0	0.07368541831099013	1.0	0.05492632999228343	63692.93925470372	13.269325804428275	0.0	0.0	0.07368541831099013	1.081114461372121
58	0	0.07826781579178996	1.0	0.058565045607143276	68027.82604301443	14.623086631599751	0.0	0.0	0.07826781579178996	1.0813642266522046
59	0	0.08283504587882287	1.0	0.061922680395523226	72214.12754683808	16.07476535924947	0.0	0.0	0.08283504587882287	1.0801617361482183
60	0	0.08735415599421897	1.0	0.06598320320557025	76804.67057635517	17.635658035451364	0.0	0.0	0.08735415599421897	1.0856963583513586
