1	0	0.0	1.0	0.0	0.0	0.1	0.0		0.0	
2	0	0.0	1.0	0.0	0.0	0.1	0.0		0.0	
3	0	0.0	1.0	0.0	0.0	0.09701833494435001	0.0		0.0	
4	0	0.00011257771665567784	1.0	0.0	0.0	0.08855707761080875	0.0	0.0	0.00011257771665567784	
5	0	0.00033581469321961526	1.0	6.241227569648421e-05	43.075815576526736	0.07582223325328744	0.0	0.0	0.00033581469321961526	0.8452679118496289
6	0	0.00047418780698588495	1.0	0.0002052594535914432	140.3070265231795	0.07111287996134616	0.0	0.0	0.00047418780698588495	0.9519002871167246
7	0	0.0004996313451159812	1.0	0.00028975350365790717	200.03843028366833	0.07436241917063906	0.0	0.0	0.0004996313451159812	0.9925020494863256
8	0	0.0005282501371613939	1.0	0.00032224249754692687	221.26137796541332	0.07798377549245232	0.0	0.0	0.0005282501371613939	1.043221636287737
9	0	0.0005607617352320097	1.0	0.0003650158444114706	248.44248947636711	0.08208473837082894	0.0	0.0	0.0005607617352320097	1.0332492399465112
10	0	0.0005970378758823058	1.0	0.0003985387548074109	271.3254921009544	0.08658283918018518	0.0	0.0	0.0005970378758823058	1.1398622672173642
11	0	0.0006393627711647905	1.0	0.0004654443208527144	310.91113120804783	0.0917843108248258	0.0	0.0	0.0006393627711647905	1.195613019461394
12	0	0.0006849120787632153	1.0	0.0004943214692831274	332.8988107816287	0.0973594378648792	0.0	0.0	0.0006849120787632153	1.1472105066301193
13	0	0.0007355409066302804	1.0	0.0005519172884485076	368.16745452229117	0.10355135426921136	0.0	0.0	0.0007355409066302804	1.1389358379807175
14	0	0.0007927500947475128	1.0	0.0006191800901800447	414.4124676025337	0.1105590636709741	0.0	0.0	0.0007927500947475128	1.1800031241175142
15	0	0.0008537799435289112	1.0	0.0006537063495214401	443.5133921664097	0.1180605318133293	0.0	0.0	0.0008537799435289112	1.1412994991057543
16	0	0.0009209183613229727	1.0	0.00070603295402405	485.0759897010051	0.12628299207173665	0.0	0.0	0.0009209183613229727	1.1383843765168582
17	0	0.0009939610859986123	1.0	0.0007642879519052905	526.6167573698839	0.13522149868826108	0.0	0.0	0.0009939610859986123	1.1267113257581247
18	0	0.0010739479058696172	1.0	0.0008443708586926852	576.3811659898626	0.1450235479949149	0.0	0.0	0.0010739479058696172	1.137697531311625
19	0	0.0011638510729799132	1.0	0.0009646288859624006	647.3889367475748	0.15607636622717644	0.0	0.0	0.0011638510729799132	1.1492297382238086
20	0	0.0012564890317662961	1.0	0.0009454817302313463	672.3228408339986	0.16752043497448904	0.0	0.0	0.0012564890317662961	1.0695635353001187
21	0	0.0013627757782004415	1.0	0.0010816528532054108	767.3382938229622	0.1806486907248321	0.0	0.0	0.0013627757782004415	1.1524743782487354
22	0	0.001479639812941986	1.0	0.0011827110370088282	844.0492092900481	0.1951121783676248	0.0	0.0	0.001479639812941986	1.1327372542988448
23	0	0.0016001007351608928	1.0	0.00121378740744717	876.1707939192808	0.21007828783287155	0.0	0.0	0.0016001007351608928	1.117735812940977
24	0	0.0017378760657671556	1.0	0.001352823719789589	1002.8066936938859	0.227290874107101	0.0	0.0	0.0017378760657671556	1.1038531386387922
25	0	0.001883610101530909	1.0	0.0014099034266768242	1069.5869787277854	0.2456294012324264	0.0	0.0	0.001883610101530909	1.0947812330651028
26	0	0.0020433605750194003	1.0	0.001531577000285254	1174.6821115891962	0.2657949950916991	0.0	0.0	0.0020433605750194003	1.12362930151862
27	0	0.0022230441316530964	1.0	0.0017534486987842365	1324.078296828856	0.2885950146768653	0.0	0.0	0.0022230441316530964	1.1263981249820831
28	0	0.002418067773763317	1.0	0.0019025151648617128	1446.8040842189896	0.31351988213792176	0.0	0.0	0.002418067773763317	1.1325219930800443
29	0	0.0026353017104212995	1.0	0.002172294684418247	1622.7305287825754	0.34153958252057565	0.0	0.0	0.0026353017104212995	1.12857237504224
30	0	0.0028616799281270013	1.0	0.00219238145536196	1714.0551570189841	0.3710708214840664	0.0	0.0	0.0028616799281270013	1.112588082007437
31	0	0.003109022429339809	1.0	0.002337831277845097	1885.4670695038733	0.4035844257148402	0.0	0.0	0.003109022429339809	1.1296684015804688
32	0	0.0033747579853759023	1.0	0.0025064255445139986	2046.746602181439	0.4388743173768789	0.0	0.0	0.0033747579853759023	1.1098447185151141
33	0	0.003662617730655147	1.0	0.002725654650251225	2244.689057427253	0.4776006906527014	0.0	0.0	0.003662617730655147	1.0882019281723287
34	0	0.003982637682410488	1.0	0.003048402859322746	2529.545561488108	0.5213484323692478	0.0	0.0	0.003982637682410488	1.1123034248871981
35	0	0.004319849227407925	1.0	0.003281280840926653	2720.825055693584	0.5683562117397729	0.0	0.0	0.004319849227407925	1.1046056316861417
36	0	0.0046869466127532795	1.0	0.0036461390081975282	3007.411163179462	0.6203651570282541	0.0	0.0	0.0046869466127532795	1.1256095848392258
37	0	0.005084830060026868	1.0	0.004026343706556754	3324.60072308637	0.6779094412246494	0.0	0.0	0.005084830060026868	1.111471102887439
38	0	0.005504129071688967	1.0	0.004225496769387046	3597.825630991042	0.7401415402732987	0.0	0.0	0.005504129071688967	1.1142684350839371
39	0	0.005944977349537847	1.0	0.004526439174278568	3908.9025833275387	0.8077315857003197	0.0	0.0	0.005944977349537847	1.1108533510368177
40	0	0.006416860790147731	1.0	0.004901554953365657	4195.828368019807	0.8801994074305595	0.0	0.0	0.006416860790147731	1.137431710056755
41	0	0.006925943314671235	1.0	0.005311554765339168	4539.3331549795375	0.9585600930670196	0.0	0.0	0.006925943314671235	1.1140318563272904
42	0	0.007479941899227962	1.0	0.005729106286841885	4970.742337413837	1.044401359993922	0.0	0.0	0.007479941899227962	1.0949230729593038
43	0	0.008080452561354128	1.0	0.006259539697629085	5446.798578501941	1.138501345710706	0.0	0.0	0.008080452561354128	1.100769358337096
44	0	0.008719876675174059	1.0	0.006612172058609677	5865.680016790779	1.2397511897990925	0.0	0.0	0.008719876675174059	1.1207792109779071
45	0	0.009403721619875748	1.0	0.007141645715546921	6273.99572991216	1.3479105491742007	0.0	0.0	0.009403721619875748	1.1026277070539026
46	0	0.010126323392371222	1.0	0.0075815918182736705	6665.7287287430845	1.4626293756822362	0.0	0.0	0.010126323392371222	1.113939487687046
47	0	0.010904539734319313	1.0	0.00830082764307385	7241.638673310876	1.5872707081806507	0.0	0.0	0.010904539734319313	1.1196881476698346
48	0	0.011744812237944355	1.0	0.008875637174134969	7923.310909486282	1.723726966232239	0.0	0.0	0.011744812237944355	1.117514154747696
49	0	0.012621822243921828	1.0	0.009163078244049824	8262.43984934014	1.8655920770081489	0.0	0.0	0.012621822243921828	1.1056744812869743
50	0	0.0135830357026294	1.0	0.0101117366347672	9060.910239208102	2.0213225239665684	0.0	0.0	0.0135830357026294	1.1093036836149803
51	0	0.014609272619233888	1.0	0.010884459713776695	9748.22010264782	2.188776242086941	0.0	0.0	0.014609272619233888	1.113364202365953
52	0	0.01570020269946215	1.0	0.011662726345113544	10477.086994594565	2.3686475231872794	0.0	0.0	0.01570020269946215	1.1206618024802026
53	0	0.016884169036096717	1.0	0.012571650398395787	11303.153516474693	2.5626547940204207	0.0	0.0	0.016884169036096717	1.10954589277896
54	0	0.018146380399616472	1.0	0.013312627341871457	12060.252734222007	2.7694341924079984	0.0	0.0	0.018146380399616472	1.0954995999069426
55	0	0.019503965044312357	1.0	0.014490956111677597	13044.640907521743	2.993106508458641	0.0	0.0	0.019503965044312357	1.1010690806731616
56	0	0.020942438958741063	1.0	0.015444018355435732	13946.246366286885	3.232035144539072	0.0	0.0	0.020942438958741063	1.101815981127847
57	0	0.0224955646859503	1.0	0.016641967201621997	14949.134674402332	3.4879961182770627	0.0	0.0	0.0224955646859503	1.1040999436552013
58	0	0.0241740268578971	1.0	0.017970527209976116	16130.858157116929	3.764187751079698	0.0	0.0	0.0241740268578971	1.094211742328536
59	0	0.025953623126692485	1.0	0.018947248901018596	17199.649165255374	4.058395123348308	0.0	0.0	0.025953623126692485	1.099370311017862
60	0	0.027840801868589126	1.0	0.02041346687997421	18385.92934894561	4.372676429342996	0.0	0.0	0.027840801868589126	1.0853235442493638
