1	0	0.0	1.0	0.0	0.0	0.1	0.0		0.0	
2	0	0.0	1.0	0.0	0.0	0.1	0.0		0.0	
3	0	0.0	1.0	0.0	0.0	0.09701833494435001	0.0		0.0	
4	0	0.00011257771665567784	1.0	0.0	0.0	0.08855707761080875	0.0	0.0	0.00011257771665567784	
5	0	0.00033581469321961526	1.0	6.996438008542843e-05	68.27316759797289	0.07648759453076574	0.0	0.0	0.00033581469321961526	0.8531849638270579
6	0	0.0004850282504806988	1.0	0.00019104853619698157	191.80057530440448	0.07252625813391478	0.0	0.0	0.0004850282504806988	0.9858952028586688
7	0	0.0005254035553389343	1.0	0.0003065899218877076	303.69048335019335	0.07768281834001277	0.0	0.0	0.0005254035553389343	0.9643037751588674
8	0	0.0005712086474350546	1.0	0.0003429476521365493	340.0457188924405	0.08347888966162234	0.0	0.0	0.0005712086474350546	1.1246725023378357
9	0	0.0006220746072023685	1.0	0.00037613598166614685	375.5678245493203	0.08989504343928867	0.0	0.0	0.0006220746072023685	1.1519565107923644
10	0	0.0006898547474750452	1.0	0.0005117141230145439	485.32332505710417	0.09829951807064168	0.0	0.0	0.0006898547474750452	1.1562732487023195
11	0	0.0007646154365503585	1.0	0.0005527339755305807	530.5569057738663	0.10748715106450192	0.0	0.0	0.0007646154365503585	1.1434663767844198
12	0	0.0008542406904068235	1.0	0.0006643194070546763	630.1104296624229	0.11845706921676173	0.0	0.0	0.0008542406904068235	1.1278637032618573
13	0	0.0009514375269521696	1.0	0.0007037237649994006	683.4741722775652	0.1303442629759091	0.0	0.0	0.0009514375269521696	1.18294525412327
14	0	0.0010591411298221088	1.0	0.0007710235819863982	758.1651771095671	0.14353717088588955	0.0	0.0	0.0010591411298221088	1.1184512301003482
15	0	0.001183061382458554	1.0	0.0008928128855118672	872.9569096261017	0.15876879681821918	0.0	0.0	0.001183061382458554	1.155299207458752
16	0	0.0013249352898678465	1.0	0.0010040393997023164	994.1235966751352	0.17614413278392696	0.0	0.0	0.0013249352898678465	1.1210389541458432
17	0	0.0014855048976750336	1.0	0.001123993773352902	1123.0781403776166	0.19579362570975614	0.0	0.0	0.0014855048976750336	1.1195637628055193
18	0	0.0016668357224776866	1.0	0.001264200657878815	1268.9124718087915	0.2180149577791928	0.0	0.0	0.0016668357224776866	1.1242392406142354
19	0	0.0018736056270403523	1.0	0.0014489850726812125	1449.5660556917462	0.2434355324318012	0.0	0.0	0.0018736056270403523	1.0938173541051126
20	0	0.0021144240536894467	1.0	0.0017180817601239627	1692.4318226449375	0.2731851368736144	0.0	0.0	0.0021144240536894467	1.1027650002101208
21	0	0.0023881254699352427	1.0	0.0019345662457694555	1922.0705305902127	0.30699200661284626	0.0	0.0	0.0023881254699352427	1.1073956888089929
22	0	0.0026849976567666434	1.0	0.002027258983207415	2092.3791214537346	0.3437339111279604	0.0	0.0	0.0026849976567666434	1.1087643298154672
23	0	0.003020849126199661	1.0	0.0022506566717527053	2374.559582753087	0.3854602217273789	0.0	0.0	0.003020849126199661	1.1457912055697972
24	0	0.003398805088453536	1.0	0.0025182370972933626	2685.931755676158	0.4326791220887656	0.0	0.0	0.003398805088453536	1.1086669137187295
25	0	0.003835143470104568	1.0	0.002943188229585909	3117.947892091418	0.4875860160466026	0.0	0.0	0.003835143470104568	1.1225217389101143
26	0	0.004327575676247709	1.0	0.00327882830842241	3529.090148004785	0.549746632259259	0.0	0.0	0.004327575676247709	1.1170495314951612
27	0	0.004892000198765525	1.0	0.003793156126465853	4062.017663536316	0.6213663753723637	0.0	0.0	0.004892000198765525	1.1278460573297544
28	0	0.005533361208874396	1.0	0.004307438094832797	4646.310223728735	0.7033350946449645	0.0	0.0	0.005533361208874396	1.129375385450965
29	0	0.00624242437468454	1.0	0.0046899025855257435	5187.6093591096915	0.7947928924643566	0.0	0.0	0.00624242437468454	1.1286560327434048
30	0	0.007036380698533804	1.0	0.005262822564157105	5874.179068478709	0.8983651979794054	0.0	0.0	0.007036380698533804	1.1071449161529685
31	0	0.007933584291974079	1.0	0.006026938838839012	6686.720645164753	1.0163041789814893	0.0	0.0	0.007933584291974079	1.1119061958614231
32	0	0.008930223682759388	1.0	0.006589528060232766	7506.801179062257	1.1486586770079283	0.0	0.0	0.008930223682759388	1.10083413190712
33	0	0.010026179975583062	1.0	0.007351544578610657	8368.111183121868	1.2960999680738396	0.0	0.0	0.010026179975583062	1.1105329913858824
34	0	0.011251340771995485	1.0	0.008308476439830277	9502.645169797464	1.4635833321225449	0.0	0.0	0.011251340771995485	1.1137751714464743
35	0	0.01260562513255954	1.0	0.009291662545010735	10712.380451882336	1.6523725398788565	0.0	0.0	0.01260562513255954	1.103772781175925
36	0	0.014103645430458053	1.0	0.010455224219216859	12045.08173172025	1.8646062926230824	0.0	0.0	0.014103645430458053	1.1088744243575568
37	0	0.015732813395382534	1.0	0.011457794843316249	13382.620619613534	2.1002263090366178	0.0	0.0	0.015732813395382534	1.0970806589353663
38	0	0.017506129548190964	1.0	0.012651201275762709	14954.713129877631	2.3634207917249705	0.0	0.0	0.017506129548190964	1.097814128636198
39	0	0.019407032164992784	1.0	0.014091068543966809	16572.66403844479	2.654863677356525	0.0	0.0	0.019407032164992784	1.0879688206249978
40	0	0.021523566317213826	1.0	0.015574990377661604	18489.566700015235	2.9799028849856004	0.0	0.0	0.021523566317213826	1.0958083843571993
41	0	0.02386639261024339	1.0	0.017368761615151114	20525.294720959737	3.340523149491355	0.0	0.0	0.02386639261024339	1.0992100299780103
42	0	0.02644912459619364	1.0	0.01918951374996596	22788.96697586909	3.74071367702492	0.0	0.0	0.02644912459619364	1.0957846214028708
43	0	0.029290251380241824	1.0	0.021275880415835068	25360.62677597816	4.185918078312199	0.0	0.0	0.029290251380241824	1.08651940570649
44	0	0.03238516482024036	1.0	0.023458055248571027	27939.347078519102	4.675983273687594	0.0	0.0	0.03238516482024036	1.083228627389306
45	0	0.03583101764443311	1.0	0.02611390470730126	31078.817964987127	5.220991666091777	0.0	0.0	0.03583101764443311	1.0813326533159278
46	0	0.039622260082381705	1.0	0.028641794455177998	34341.89142840377	5.822881808136301	0.0	0.0	0.039622260082381705	1.0910971663293991
47	0	0.04379940552219869	1.0	0.031993089749430555	38178.96337164072	6.491905247499123	0.0	0.0	0.04379940552219869	1.0783429487122635
48	0	0.04794500163252414	1.0	0.03505862542359807	42227.446020548894	7.260011000946112	0.0	0.0	0.04794500163252414	1.0891937217284526
49	0	0.05220579237584686	1.0	0.03859055931278954	46338.037717664025	8.122890822072051	0.0	0.0	0.05220579237584686	1.0801425272417429
50	0	0.05652030570503309	1.0	0.04186747421836757	50517.26674912917	9.084166578458188	0.0	0.0	0.05652030570503309	1.0811772259940964
51	0	0.06082451128851505	1.0	0.045569020698940144	54958.61708802545	10.15264847944163	0.0	0.0	0.06082451128851505	1.0846953318284616
52	0	0.06508056481310404	1.0	0.048803431963576345	59028.914169492324	11.319249372794044	0.0	0.0	0.06508056481310404	1.0902181503539992
53	0	0.06946251649188596	1.0	0.05213815822679732	63349.723653915986	12.582459204784591	0.0	0.0	0.06946251649188596	1.0853964523647863
54	0	0.07390384355643373	1.0	0.055633284135314216	67604.75622657871	13.942563105690704	0.0	0.0	0.07390384355643373	1.08558455901754
55	0	0.07833542108791375	1.0	0.05919752033100694	72072.87389527782	15.407320984145686	0.0	0.0	0.07833542108791375	1.0824530731511417
56	0	0.0827276133356549	1.0	0.06268571814727128	76448.81520750189	16.97470362881292	0.0	0.0	0.0827276133356549	1.0853092095513823
57	0	0.08725079110261685	1.0	0.0663053388955468	80916.93782468555	18.63915106592632	0.0	0.0	0.08725079110261685	1.0823075447448094
58	0	0.09183318858341667	1.0	0.06961718319348002	85416.29131202746	20.403743279637872	0.0	0.0	0.09183318858341667	1.085315363162804
59	0	0.0964004186704496	1.0	0.0736561404460115	90381.8274253384	22.283132380446922	0.0	0.0	0.0964004186704496	1.0795199180333268
60	0	0.1009195287858457	1.0	0.07717678203595882	94855.95092300176	24.264811862291587	0.0	0.0	0.1009195287858457	1.0858624946001785
