1	0	0.0	1.0	0.0	0.0	0.1	0.0		0.0	
2	0	0.0	1.0	0.0	0.0	0.1	0.0		0.0	
3	0	0.0	1.0	0.0	0.0	0.09701833494435001	0.0		0.0	
4	0	0.00011257771665567784	1.0	0.0	0.0	0.08855707761080875	0.0	0.0	0.00011257771665567784	
5	0	0.00033581469321961526	1.0	6.14972485175079e-05	5.832027610977688	0.07483877378826916	0.0	0.0	0.00033581469321961526	0.8648392110688966
6	0	0.0004515591670633361	1.0	0.00018341152536074644	17.602303453475567	0.06816255548829796	0.0	0.0	0.0004515591670633361	0.9386390485721686
7	0	0.0004519893796698929	1.0	0.0002798726204363063	26.204488294285337	0.06821750039125091	0.0	0.0	0.0004519893796698929	0.9878542597340088
8	0	0.00045262535116995917	1.0	0.00029601558010357033	27.604366312015266	0.06829797476657057	0.0	0.0	0.00045262535116995917	1.0900757636767036
9	0	0.0004538195891243169	1.0	0.00035096019522869534	31.42773699713273	0.06844861410174358	0.0	0.0	0.0004538195891243169	1.1988566004478582
10	0	0.00045524285208929297	1.0	0.0003702365664849143	32.87701707141826	0.0686250931918541	0.0	0.0	0.00045524285208929297	1.1709117837330059
11	0	0.0004566669288158532	1.0	0.00036474243790388463	32.85770747660971	0.06880010354128459	0.0	0.0	0.0004566669288158532	1.1161434559977328
12	0	0.00045792587095471946	1.0	0.0003438000656502206	31.78564283441197	0.06895419506825433	0.0	0.0	0.00045792587095471946	1.2581372834218327
13	0	0.00045978787588996084	1.0	0.00041124645188267585	35.821676247632745	0.06918191866742082	0.0	0.0	0.00045978787588996084	1.2521746033258074
14	0	0.00046163485890439806	1.0	0.0004035956511358633	35.81913590110344	0.06940816065163924	0.0	0.0	0.00046163485890439806	1.1563522426053137
15	0	0.00046341401296829754	1.0	0.0003889816801233404	35.48737167847288	0.06962684491511315	0.0	0.0	0.00046341401296829754	1.1591550017748962
16	0	0.0004652930998268423	1.0	0.00040889738459530387	36.181246729082396	0.06985697719293764	0.0	0.0	0.0004652930998268423	1.1785275244161741
17	0	0.00046747933691937627	1.0	0.0004383913591725076	38.28333510409751	0.07012451505935327	0.0	0.0	0.00046747933691937627	1.1561771834478918
18	0	0.00046968763183724316	1.0	0.0004379748241549061	38.54111756874913	0.07039513233984362	0.0	0.0	0.00046968763183724316	1.2072342551801598
19	0	0.00047192127613559403	1.0	0.00044613379009900936	38.849212648044464	0.0706697396225316	0.0	0.0	0.00047192127613559403	1.1512225855017195
20	0	0.0004741717507348025	1.0	0.0004393583369284916	39.127074730531156	0.07094775293764374	0.0	0.0	0.0004741717507348025	1.1430926052663393
21	0	0.0004765160171277125	1.0	0.00045775958176858065	39.84637597319337	0.0712373104769003	0.0	0.0	0.0004765160171277125	1.2364828429594654
22	0	0.0004785962033024241	1.0	0.0003982788647768224	38.20808705407027	0.07149476134362066	0.0	0.0	0.0004785962033024241	1.209849637318341
23	0	0.0004805746543771822	1.0	0.0003851561691262351	37.66570847949236	0.0717405648358325	0.0	0.0	0.0004805746543771822	1.1945071155138078
24	0	0.00048290524842412345	1.0	0.0004261655702009192	40.20363272913333	0.07203173126545859	0.0	0.0	0.00048290524842412345	1.1579198078624948
25	0	0.0004851308486122467	1.0	0.0004218644621520899	39.70199417278671	0.07231179095917482	0.0	0.0	0.0004851308486122467	1.1219036785812035
26	0	0.00048751442984659406	1.0	0.00043982472207638437	40.924037447097604	0.07261267476911168	0.0	0.0	0.00048751442984659406	1.2179993695979603
27	0	0.0004896246719465469	1.0	0.00037869552806028703	39.2350307289582	0.07288044307306646	0.0	0.0	0.0004896246719465469	1.1352614940767354
28	0	0.0004921259402899112	1.0	0.00045250958188207586	42.13434911844576	0.07320011601768132	0.0	0.0	0.0004921259402899112	1.086685372431141
29	0	0.0004945706764115568	1.0	0.0004272199192089464	42.00844806145836	0.07351544784242756	0.0	0.0	0.0004945706764115568	1.1675102317005206
30	0	0.0004875288997007882	1.0	0.00040242126438638055	41.17016206038645	0.07343456676118815	0.0	0.0	0.0004875288997007882	1.1515131991786471
31	0	0.0004896084762801985	1.0	0.0004337187355794396	42.18200246109771	0.07375162956048409	0.0	0.0	0.0004896084762801985	1.1712984522518008
32	0	0.0004918004028662858	1.0	0.0004587993050492295	43.27547638301508	0.07408690685481198	0.0	0.0	0.0004918004028662858	1.1730854931556904
33	0	0.0004939580236741618	1.0	0.0004059333956129348	43.22436558008231	0.07441912715988201	0.0	0.0	0.0004939580236741618	1.1820117304386493
34	0	0.0004960422570738203	1.0	0.0004155476378522447	42.90191143023681	0.07474329417003353	0.0	0.0	0.0004960422570738203	1.1918108957147595
35	0	0.0004905094202323472	1.0	0.00044688678432902736	43.814004975872834	0.07477514237538524	0.0	0.0	0.0004905094202323472	1.173692671354593
36	0	0.0004923197888921264	1.0	0.00046216582370353437	44.321884934626226	0.07512331356392894	0.0	0.0	0.0004923197888921264	1.1575599584262242
37	0	0.0004940719426496255	1.0	0.0004155394261036728	43.93465717414919	0.0754621336786146	0.0	0.0	0.0004940719426496255	1.166748022386384
38	0	0.0004957950988314597	1.0	0.00042182588407385104	43.95765410633357	0.0757992443064716	0.0	0.0	0.0004957950988314597	1.14810797333734
39	0	0.0004904576991671175	1.0	0.00043302914232095887	43.629847194814246	0.07585167403532188	0.0	0.0	0.0004904576991671175	1.166435575625575
40	0	0.0004919758300904707	1.0	0.0004821734831019566	46.2844057434059	0.0762293387015416	0.0	0.0	0.0004919758300904707	1.1914319264875104
41	0	0.0004934384219433263	1.0	0.0004111589869398635	44.3844457437369	0.07656950483973828	0.0	0.0	0.0004934384219433263	1.1338677191276632
42	0	0.0004948699615023019	1.0	0.00039808068059624856	43.12382726039829	0.07688422640709458	0.0	0.0	0.0004948699615023019	1.1411918458292292
43	0	0.0004965272157875704	1.0	0.00043459004733023977	44.98642054814269	0.07723139377542586	0.0	0.0	0.0004965272157875704	1.1657902683103558
44	0	0.0004910402370806335	1.0	0.0004246663778508826	44.611288507639344	0.07728517287174777	0.0	0.0	0.0004910402370806335	1.1357132980786695
45	0	0.0004924040969906354	1.0	0.0004157776182753583	44.55359713082688	0.07762181388274139	0.0	0.0	0.0004924040969906354	1.172978174590604
46	0	0.000493856751300778	1.0	0.00041022096798681276	44.62223212035884	0.07795760271823926	0.0	0.0	0.000493856751300778	1.1939268162729006
47	0	0.0004952975449922029	1.0	0.00039084152457999246	43.61661144377487	0.07827268799036337	0.0	0.0	0.0004952975449922029	1.1486407973769217
48	0	0.000490231695192416	1.0	0.00041048218456169215	45.45520036328333	0.0783541530531017	0.0	0.0	0.000490231695192416	1.1168245599116295
49	0	0.0004915252241296745	1.0	0.00039503892985456	44.582387157689936	0.07868459164956733	0.0	0.0	0.0004915252241296745	1.165972811357142
50	0	0.0004929184485795416	1.0	0.0004051174104886901	44.72661469595198	0.07901561441353798	0.0	0.0	0.0004929184485795416	1.1249273054135591
51	0	0.0004944949572686581	1.0	0.00042771429498009373	46.001393938075246	0.07936811500856282	0.0	0.0	0.0004944949572686581	1.0823155015317856
52	0	0.0004960081905488337	1.0	0.0004031624186894121	44.466479447097434	0.07969002318340493	0.0	0.0	0.0004960081905488337	1.0837425889672574
53	0	0.000491028566660496	1.0	0.00040066135414299885	45.614097170700404	0.07976637443932626	0.0	0.0	0.000491028566660496	1.2073384092120851
54	0	0.0004923626666346106	1.0	0.00037971856813845785	44.6250616888488	0.08008870484562752	0.0	0.0	0.0004923626666346106	1.1385061763229027
55	0	0.0004939305336601245	1.0	0.0004405199716396999	46.526494741655426	0.08044415103920376	0.0	0.0	0.0004939305336601245	1.1701982685309067
56	0	0.0004893976989032539	1.0	0.0004119598406292132	46.558149049925355	0.08055560604282637	0.0	0.0	0.0004893976989032539	1.1091209009645793
57	0	0.0004907233529307573	1.0	0.00041761900936431487	46.25482357557961	0.08090308913469231	0.0	0.0	0.0004907233529307573	1.1419709214378475
58	0	0.0004920950563481237	1.0	0.0003841389864951579	45.53904394109763	0.08123515246915979	0.0	0.0	0.0004920950563481237	1.1368400336441318
59	0	0.000493619436239088	1.0	0.0004115789979979037	46.37134547541688	0.08158050823264078	0.0	0.0	0.000493619436239088	1.1158736742255468
60	0	0.000495159095013589	1.0	0.00040176241846188586	45.69485391761909	0.0819111838495592	0.0	0.0	0.000495159095013589	1.176528616673587
