1	0	0.0	1.0	0.0	0.0	0.1	0.0		0.0	
2	0	0.0	1.0	0.0	0.0	0.1	0.0		0.0	
3	0	0.0	1.0	0.0	0.0	0.09701833494435001	0.0		0.0	
4	0	0.00011257771665567784	1.0	0.0	0.0	0.08855707761080875	0.0	0.0	0.00011257771665567784	
5	0	0.00033581469321961526	1.0	5.964510439087743e-05	62.03511630529746	0.07632287254833138	0.0	0.0	0.00033581469321961526	0.8542565289035154
6	0	0.0004834185442080046	1.0	0.00017729546226632166	186.62826406879725	0.07231638445935884	0.0	0.0	0.0004834185442080046	1.0001467094945684
7	0	0.0005215975581337931	1.0	0.00027472446589091245	288.443784458764	0.07719244383795756	0.0	0.0	0.0005215975581337931	1.0430255772004713
8	0	0.0005690111365920926	1.0	0.00034171686577116195	350.8898353057735	0.08319204933553741	0.0	0.0	0.0005690111365920926	1.1627437881382234
9	0	0.0006229902830808785	1.0	0.00038638994154923225	396.7148301752904	0.09000089568864962	0.0	0.0	0.0006229902830808785	1.0839599762225374
10	0	0.0006862620242359986	1.0	0.00044496973178746794	455.11605918954467	0.09784634630708253	0.0	0.0	0.0006862620242359986	1.1100500477632949
11	0	0.0007662598691813054	1.0	0.0005737771248327067	565.2221632342194	0.10767759383500186	0.0	0.0	0.0007662598691813054	1.2265074478346576
12	0	0.0008566371978193711	1.0	0.0006385892110759501	635.1553845992169	0.11873956415385023	0.0	0.0	0.0008566371978193711	1.1784920066328453
13	0	0.0009597820853990943	1.0	0.0007258592451798563	722.9255752748646	0.13135420581817658	0.0	0.0	0.0009597820853990943	1.160456573237972
14	0	0.0010736887553701169	1.0	0.0007874330535690915	799.6164294416959	0.1453069443266083	0.0	0.0	0.0010736887553701169	1.1283461784832978
15	0	0.0012096254684832307	1.0	0.0009494292347180649	953.4661941425876	0.1620155704031211	0.0	0.0	0.0012096254684832307	1.1731468367566549
16	0	0.0013555684082800046	1.0	0.0009820655043106987	1022.1902793018761	0.17988924187025312	0.0	0.0	0.0013555684082800046	1.11283841154558
17	0	0.0015273196276529425	1.0	0.0011787488731808866	1198.3818636523747	0.20090706969059371	0.0	0.0	0.0015273196276529425	1.1555802261180843
18	0	0.001723397570076643	1.0	0.0013605000722024785	1368.4251427073946	0.22493559917437506	0.0	0.0	0.001723397570076643	1.1223821541414205
19	0	0.0019461341235394011	1.0	0.0015098139506517815	1558.1215613487154	0.2523191354638584	0.0	0.0	0.0019461341235394011	1.1591080814657846
20	0	0.0022065037843970623	1.0	0.0017775143665535382	1826.126358751566	0.2844840097508718	0.0	0.0	0.0022065037843970623	1.1477464663548835
21	0	0.002494848846437941	1.0	0.001881524722844518	2023.7750682021729	0.3200996236051039	0.0	0.0	0.002494848846437941	1.1447810005611423
22	0	0.0028201929472526288	1.0	0.0021190621336631284	2287.484033988236	0.360365308357437	0.0	0.0	0.0028201929472526288	1.1429000127123148
23	0	0.003194225090406738	1.0	0.0024848264706810283	2636.857047971246	0.40683519996089534	0.0	0.0	0.003194225090406738	1.1366063560536108
24	0	0.003609036901341553	1.0	0.002635675492948819	2942.3208661065614	0.4586585855544286	0.0	0.0	0.003609036901341553	1.1085591445366456
25	0	0.0040805838623325175	1.0	0.003033407992856682	3366.4932807262653	0.5179959715650362	0.0	0.0	0.0040805838623325175	1.1084763402145978
26	0	0.004615598545301073	1.0	0.0034179700052669	3830.257982954372	0.5855318515527016	0.0	0.0	0.004615598545301073	1.1153033387076488
27	0	0.005236346299966954	1.0	0.0039689977735506005	4460.860641417829	0.6642984411560149	0.0	0.0	0.005236346299966954	1.1007827152856828
28	0	0.00593219598638799	1.0	0.004480886222831738	5037.691036278076	0.7532310496295034	0.0	0.0	0.00593219598638799	1.1306485952381893
29	0	0.006727748465011622	1.0	0.0050781913244230285	5808.143726959594	0.855844584294704	0.0	0.0	0.006727748465011622	1.1099672629238695
30	0	0.007599342254594925	1.0	0.005549971551362231	6442.908135115404	0.9695447659647476	0.0	0.0	0.007599342254594925	1.093211720469615
31	0	0.008591059766956052	1.0	0.006398443407141356	7383.123582041	1.0999077668543318	0.0	0.0	0.008591059766956052	1.106816774810761
32	0	0.0097026012011366	1.0	0.007119474677752892	8360.816213051241	1.2475213469684312	0.0	0.0	0.0097026012011366	1.1043835460945082
33	0	0.010947272329224076	1.0	0.00804847364149547	9484.186127290546	1.4149695556965942	0.0	0.0	0.010947272329224076	1.1196917959473334
34	0	0.01233661223005376	1.0	0.009121309109072929	10757.375282316309	1.6048967236890963	0.0	0.0	0.01233661223005376	1.1023356585316952
35	0	0.013861923302561006	1.0	0.010087737144104462	12050.368924660595	1.8175273036070667	0.0	0.0	0.013861923302561006	1.111212727244423
36	0	0.015546189452974275	1.0	0.011236215626765071	13528.893359264855	2.0561476522256656	0.0	0.0	0.015546189452974275	1.1040811781873343
37	0	0.017399802376486816	1.0	0.01263286340348203	15204.02933933712	2.3242282411308186	0.0	0.0	0.017399802376486816	1.092808336169722
38	0	0.01942820143288738	1.0	0.014203123584281538	17079.255084160006	2.625281970038325	0.0	0.0	0.01942820143288738	1.0938937719345676
39	0	0.02161314876727307	1.0	0.015713822385600932	19017.938272498384	2.9602740682435984	0.0	0.0	0.02161314876727307	1.090415599807939
40	0	0.02404496443697932	1.0	0.01751899039504317	21213.099425652243	3.3337315140173054	0.0	0.0	0.02404496443697932	1.0976187824829164
41	0	0.026719631742977527	1.0	0.01913690503494064	23409.263262042492	3.7454305094672415	0.0	0.0	0.026719631742977527	1.0846991898713194
42	0	0.029685453042095838	1.0	0.021451618021922133	26138.316297778685	4.204980163368998	0.0	0.0	0.029685453042095838	1.0890044545985085
43	0	0.03293779824872933	1.0	0.023457098625000297	29004.970685341603	4.714622467481765	0.0	0.0	0.03293779824872933	1.0849408119978952
44	0	0.03651982282172656	1.0	0.026294991888203445	32292.396025279508	5.281819452547102	0.0	0.0	0.03651982282172656	1.0889490947346152
45	0	0.04051098744845138	1.0	0.029257802998493974	35951.370233952985	5.913076307674488	0.0	0.0	0.04051098744845138	1.08895352246464
46	0	0.04474304026965725	1.0	0.032234982080714035	39899.41042013214	6.625497170059699	0.0	0.0	0.04474304026965725	1.0862676189875555
47	0	0.0489598334931604	1.0	0.03586378644405038	44304.844677974776	7.446335620963055	0.0	0.0	0.0489598334931604	1.0887975594695112
48	0	0.05310542960348584	1.0	0.03933884012827785	48772.16113819448	8.378671248445416	0.0	0.0	0.05310542960348584	1.0914219616308742
49	0	0.057366220346808564	1.0	0.04298476322125325	53127.939190138255	9.410777265626015	0.0	0.0	0.057366220346808564	1.0881650392401268
50	0	0.061680733675994776	1.0	0.04632657899176451	57442.912198517166	10.543340637756707	0.0	0.0	0.061680733675994776	1.0835417904516171
51	0	0.06598493925947675	1.0	0.0498903088728123	62098.20543273045	11.787217942036744	0.0	0.0	0.06598493925947675	1.0881098735325914
52	0	0.07024099278406573	1.0	0.0532581508189475	66533.34113367871	13.137269608642109	0.0	0.0	0.07024099278406573	1.082451289503242
53	0	0.07462294446284767	1.0	0.056681411239310725	71143.01939929242	14.589907025962438	0.0	0.0	0.07462294446284767	1.0949992801348059
54	0	0.07906427152739542	1.0	0.06036394155717643	75619.61435195751	16.1435842401367	0.0	0.0	0.07906427152739542	1.0832933524101156
55	0	0.08349584905887546	1.0	0.06353724825247298	80265.34426912006	17.80486330107334	0.0	0.0	0.08349584905887546	1.08707983817046
56	0	0.08788804130661661	1.0	0.0674588972729295	85093.02825433674	19.57892715460295	0.0	0.0	0.08788804130661661	1.0814575763917615
57	0	0.09241121907357856	1.0	0.07109594347838022	89985.38753420305	21.45939806301376	0.0	0.0	0.09241121907357856	1.0822961155537534
58	0	0.0969936165543784	1.0	0.07401511408584334	94548.06311898844	23.43974162008613	0.0	0.0	0.0969936165543784	1.0799456489075094
59	0	0.10156084664141132	1.0	0.07770213901249669	99110.7271648775	25.522302062353425	0.0	0.0	0.10156084664141132	1.0844131514572983
60	0	0.1060799567568074	1.0	0.0809370709574001	103780.68819148824	27.71049562937259	0.0	0.0	0.1060799567568074	1.082169635009503
