1	0	0.0	1.0	0.0	0.0	0.1	0.0		0.0	
2	0	0.0	1.0	0.0	0.0	0.1	0.0		0.0	
3	0	0.0	1.0	0.0	0.0	0.09701833494435001	0.0		0.0	
4	0	0.00011257771665567784	1.0	0.0	0.0	0.08855707761080875	0.0	0.0	0.00011257771665567784	
5	0	0.00033581469321961526	1.0	5.4569053731418e-05	55.02126959002262	0.0761376649119678	0.0	0.0	0.00033581469321961526	0.8478524974398094
6	0	0.00048293649043568533	1.0	0.00019272216594586723	190.17877290254745	0.07225353423739825	0.0	0.0	0.00048293649043568533	0.96986121440126
7	0	0.0005215653993336894	1.0	0.00029585295907869926	291.5308909391918	0.07718705226600085	0.0	0.0	0.0005215653993336894	1.0140577803644306
8	0	0.0005658833498467539	1.0	0.00033778578073520625	329.6961872852885	0.08279494410174376	0.0	0.0	0.0005658833498467539	1.1060914222009608
9	0	0.0006233790491050783	1.0	0.00044808762783168465	420.5768736592231	0.0900473630019946	0.0	0.0	0.0006233790491050783	1.1483844060862367
10	0	0.0006833786042137102	1.0	0.0004460960602756697	433.1813451934863	0.09748707523590748	0.0	0.0	0.0006833786042137102	1.1374151841058875
11	0	0.000756501188492103	1.0	0.0005481170833674316	519.3889090762597	0.10647339513506866	0.0	0.0	0.000756501188492103	1.1313940870018568
12	0	0.0008443355078125829	1.0	0.0006606232722162527	617.9058011204418	0.1172241071547882	0.0	0.0	0.0008443355078125829	1.1758756461440316
13	0	0.0009327048073626199	1.0	0.0006361115148109937	624.6467785605737	0.12803169126398234	0.0	0.0	0.0009327048073626199	1.1139540744304557
14	0	0.0010417379145197623	1.0	0.0008076571087348572	766.1874557320771	0.14138745377826215	0.0	0.0	0.0010417379145197623	1.134896695691543
15	0	0.0011581907680808445	1.0	0.0008395332852312031	822.5681099156799	0.1557012262767625	0.0	0.0	0.0011581907680808445	1.0929237478821712
16	0	0.0012929081912129029	1.0	0.0009546780654965613	945.6615443732413	0.17220010566972274	0.0	0.0	0.0012929081912129029	1.154273448026459
17	0	0.0014421509751457626	1.0	0.0010538978248232423	1046.7452490910598	0.19046349353725248	0.0	0.0	0.0014421509751457626	1.1233713915364456
18	0	0.001616754978906859	1.0	0.001239917737367152	1222.4985865055992	0.21186048190065454	0.0	0.0	0.001616754978906859	1.1568300677637549
19	0	0.001820099186223736	1.0	0.001464706408377446	1424.6835560855611	0.2368598966520772	0.0	0.0	0.001820099186223736	1.1330632886130891
20	0	0.002041010970554129	1.0	0.0015605979161850516	1557.1486164884734	0.26415032576006536	0.0	0.0	0.002041010970554129	1.1229321065255706
21	0	0.0022968710802538225	1.0	0.0017900219043392833	1799.7698650611585	0.2957534848475404	0.0	0.0	0.0022968710802538225	1.149689915929895
22	0	0.002584426754322295	1.0	0.0019999698753806056	2026.1687486609228	0.3313423462769991	0.0	0.0	0.002584426754322295	1.1220399170626218
23	0	0.002899024612575552	1.0	0.0021099985524943373	2227.4813558921346	0.3704281003740354	0.0	0.0	0.002899024612575552	1.143285003350626
24	0	0.003255321046410216	1.0	0.002381211886759773	2534.414424744087	0.4149410264515336	0.0	0.0	0.003255321046410216	1.0989015345735316
25	0	0.003661616745556315	1.0	0.002774316202890764	2907.379491867677	0.4660674819884695	0.0	0.0	0.003661616745556315	1.1185090304347372
26	0	0.004117026373652583	1.0	0.003005017851273225	3268.9223090755245	0.5235546705973559	0.0	0.0	0.004117026373652583	1.118241649583414
27	0	0.004645296673194736	1.0	0.003614246625992249	3804.900055197701	0.5905868097728778	0.0	0.0	0.004645296673194736	1.1260491733067235
28	0	0.005226354180312268	1.0	0.003836308674991268	4218.866215435839	0.6648484797706679	0.0	0.0	0.005226354180312268	1.1160135235650852
29	0	0.005880284149746865	1.0	0.004329376949716796	4789.768746979561	0.7491949778210322	0.0	0.0	0.005880284149746865	1.0955646110669692
30	0	0.006622064686133254	1.0	0.004971030904742988	5490.411064464596	0.8459609056585363	0.0	0.0	0.006622064686133254	1.1219694729758116
31	0	0.007446042313427995	1.0	0.00559066008066612	6148.10775861428	0.9542742053846656	0.0	0.0	0.007446042313427995	1.1032428671179075
32	0	0.00838123577024887	1.0	0.006335712041661677	7044.197583513597	1.0784686348639243	0.0	0.0	0.00838123577024887	1.1071816122323366
33	0	0.009407259748666156	1.0	0.00691241391659208	7835.205365750943	1.216501785485895	0.0	0.0	0.009407259748666156	1.1129750792716
34	0	0.010559552920175791	1.0	0.007859328954309984	8936.610186928108	1.3740239142545507	0.0	0.0	0.010559552920175791	1.1024593500212276
35	0	0.011796633625041663	1.0	0.008518151373206256	9797.946273283163	1.5464747620993673	0.0	0.0	0.011796633625041663	1.1004778673040403
36	0	0.013175319890040515	1.0	0.009697059518551543	11094.326887635345	1.7418017281545708	0.0	0.0	0.013175319890040515	1.1130360660277978
37	0	0.014683289839672044	1.0	0.010786714318006959	12392.474943424291	1.95989336261644	0.0	0.0	0.014683289839672044	1.1036393685857708
38	0	0.016320805453042375	1.0	0.011932431692819122	13816.469152136004	2.2029324135338686	0.0	0.0	0.016320805453042375	1.0998217015950764
39	0	0.01808221110220383	1.0	0.013125554861468209	15360.8996800909	2.4729878811953414	0.0	0.0	0.01808221110220383	1.1053853373030071
40	0	0.02004688106497877	1.0	0.01467722524346001	17165.851283846765	2.774705085844691	0.0	0.0	0.02004688106497877	1.1020083976057944
41	0	0.0222147793979284	1.0	0.016309756617310642	18998.66188330229	3.108399509787206	0.0	0.0	0.0222147793979284	1.1013337398005028
42	0	0.02459979040855473	1.0	0.018062859429589437	21052.40528367856	3.4779534626201176	0.0	0.0	0.02459979040855473	1.0918398522156605
43	0	0.027202198920273316	1.0	0.01969961800247473	23247.3338719764	3.885750724561997	0.0	0.0	0.027202198920273316	1.0937443334160972
44	0	0.03005112485494176	1.0	0.021702959573032813	25729.782400950724	4.33686493885291	0.0	0.0	0.03005112485494176	1.0909540321081457
45	0	0.03320433262899593	1.0	0.02402028016888469	28459.162688339315	4.835587544701939	0.0	0.0	0.03320433262899593	1.0913767501910114
46	0	0.03667128525860674	1.0	0.026475639984678112	31425.25701744804	5.385994078932228	0.0	0.0	0.03667128525860674	1.0869838336550768
47	0	0.04049547790599449	1.0	0.029653430725923437	34971.775007651464	5.998487599831388	0.0	0.0	0.04049547790599449	1.0871315418444736
48	0	0.044641074016319934	1.0	0.03228560444257286	38478.6203199774	6.672042620658098	0.0	0.0	0.044641074016319934	1.0908761505842322
49	0	0.04890186475964265	1.0	0.03553341601678345	42533.40427767412	7.4397490065902545	0.0	0.0	0.04890186475964265	1.0857523352906815
50	0	0.05321637808882888	1.0	0.03918775688067452	46713.559987697714	8.306732358573367	0.0	0.0	0.05321637808882888	1.0887791756444856
51	0	0.05752058367231085	1.0	0.04242467164450365	50880.64686120823	9.27452828572644	0.0	0.0	0.05752058367231085	1.0870406646567934
52	0	0.061776637196899825	1.0	0.04594564491490749	55250.96546801716	10.349271747411134	0.0	0.0	0.061776637196899825	1.0855036678913037
53	0	0.06615858887568178	1.0	0.04962047863627268	59438.78343004087	11.517939090478489	0.0	0.0	0.06615858887568178	1.0857836665953362
54	0	0.07059991594022952	1.0	0.05302783552432766	63633.153620711026	12.782749534002805	0.0	0.0	0.07059991594022952	1.0826812174536695
55	0	0.07503149347170958	1.0	0.05669923412325545	68170.07840950933	14.154888517005775	0.0	0.0	0.07503149347170958	1.0811241738506272
56	0	0.07942368571945073	1.0	0.05978768655721425	72423.24699657713	15.627243899699588	0.0	0.0	0.07942368571945073	1.0865883579676388
57	0	0.08394686348641267	1.0	0.06349510609079809	76912.43438352854	17.198075556507813	0.0	0.0	0.08394686348641267	1.082341622338154
58	0	0.08852926096721253	1.0	0.06684692495162868	81279.52635129621	18.866402034251067	0.0	0.0	0.08852926096721253	1.085544571846412
59	0	0.09309649105424543	1.0	0.07085806713051726	85875.4933534027	20.640632948765067	0.0	0.0	0.09309649105424543	1.0825090044164574
60	0	0.09761560116964152	1.0	0.07459258104564044	90709.24937695297	22.52759712446991	0.0	0.0	0.09761560116964152	1.0842034526651791
