11.247441493196291	1	1	1	1	0	0	11.247441493196291	1.0	0	0.0			100.0	0.0	0.0	0.0	0.0		0.0	0.0
11.367595075476835	1	1	1	1	0	0	11.367595075476835	1.0	0	0.0			100.0	0.0	0.0	0.0	0.0		0.0	0.0
22.856168219862568	1	1	1	1	0	0	22.856168219862568	2.0	0	0.0			97.01833494434999	0.0	0.0	0.0	4.857218463183318	0.0	0.0	0.0
34.4665080713728	1	1	1	1	0	0	34.4665080713728	3.0	0	0.00011257771665567784			88.55707761080875	0.0	4.740114385502225	3.1600762570014824	14.662576565111165	0.5387996173402292	7.900190642503707	0.0
46.1993671861199	1	1	1	1	0	0	46.1993671861199	4.0	0	0.00033581469321961526	0.5528549654194621	0.8993827209712439	76.00570013569603	0.0	14.139566030299589	9.426377353533061	29.505835329103736	0.7986875518344624	23.56594338383265	6.7083410954702046e-12
58.05546181511435	1	1	1	1	0	0	58.05546181511435	5.0	0	0.0004756577847085397	0.520962894607799	1.0677695109229084	71.30453581272863	0.0	20.027696198254297	13.351797465502866	37.925042148971464	0.8801438778272371	33.37949366375716	1.9279596093703847e-11
70.03547169202406	1	1	1	1	0	0	70.03547169202406	6.0	0	0.0005037817870708934	0.562110981085152	1.077868418828226	74.89641238002935	0.0	21.211864718774454	14.141243145849641	39.54330451540526	0.8940352430801843	35.35310786462409	2.8945758203218865e-11
82.14003983175478	1	1	1	1	0	0	82.14003983175478	7.0	0	0.00053929417664007	0.6747768992960158	1.0505654275413017	79.39006872530643	0.0	22.707123226950326	15.138082151300216	41.544863347055895	0.9109478845098298	37.84520537825054	3.4868961305648263e-11
94.36977233991071	1	1	1	1	0	0	94.36977233991071	8.0	0	0.0005785325189682289	0.6901735468735235	1.0812646247461015	84.33953275802799	0.0	24.35926395655701	16.239509304371342	43.74075949709963	0.9281680000005574	40.59877326092835	3.801940403520349e-11
106.72523823319248	1	1	1	1	0	0	106.72523823319248	9.0	0	0.0006244035898327197	0.7421303776306587	1.1356269497716012	90.02736771739319	0.0	26.29067746664084	17.629430588705993	46.10725966204637	0.9525638343564384	43.92010805534683	4.6814640624163595e-11
119.20696927078512	1	1	1	1	0	0	119.20696927078512	10.0	0	0.0006799140454398179	0.8423228137510083	1.1536765469381374	96.84926435515976	0.0	28.62795980799234	19.392889498250607	48.82841504891682	0.9834611518341352	48.02084930624295	5.486153384794203e-11
131.81545979678634	1	1	1	1	0	0	131.81545979678634	11.0	0	0.0007408376052935809	0.8541234100351351	1.1467145597652184	104.30616334716045	0.0	31.193162328150787	21.391906081193962	51.72109493781572	1.0167044698602723	52.58506840934475	7.646450258727421e-11
144.55116659372186	1	1	1	1	0	0	144.55116659372186	12.0	0	0.0008054002469605124	0.7935611237602544	1.1000258522907023	112.20218813948135	0.0	33.91158934570579	23.561002717569266	54.72959607620631	1.050119061416959	57.47259206327506	8.966856271675785e-11
157.41450874719058	1	1	1	1	0	0	157.41450874719058	13.0	0	0.0008787014498855187	0.8361927233900324	1.1628887402755947	121.181052301047	0.0	36.99795578465342	26.068812383825847	58.11428413256773	1.085219737450678	63.066768168479264	9.276426211187031e-11
170.4058675216809	1	1	1	1	0	0	170.4058675216809	14.0	0	0.0009615389694022854	0.865873463959943	1.1467760780459924	131.36300467442658	0.0	40.48585134325413	28.944252721889075	61.93290060928336	1.1210536464803664	69.43010406514321	1.1348521844055575e-10
183.52558624759342	1	1	1	1	0	0	183.52558624759342	15.0	0	0.0010515820940791669	0.8336816833251449	1.1266356128889778	142.3906106044544	0.0	44.27714080333336	32.186815590598876	65.92665421052213	1.15983371687211	76.46395639393224	1.530523358417436e-10
196.77397021950497	1	1	1	1	0	0	196.77397021950497	16.0	0	0.0011498098240130374	0.8234433949325833	1.1380136230438442	154.4110988575835	0.0	48.41304522160159	35.824484238467434	70.17356939751447	1.2004167692095862	84.23752946006903	1.5420559872904363e-10
210.1512866057031	1	1	1	1	0	0	210.1512866057031	17.0	0	0.0012621086622756686	0.8720501970852497	1.1858452922679388	168.17285049998475	0.0	53.141417358975524	40.07666038176278	74.95477275924644	1.2436576659388097	93.2180777407383	1.8794027412605482e-10
223.65776436901845	1	1	1	1	0	0	223.65776436901845	18.0	0	0.0013856206652222867	0.8544821470922829	1.138439976689065	183.35758494206183	0.0	58.34192274620156	44.83953708723516	80.17612510862514	1.2869349783821955	103.18145983343672	2.3623860097295493e-10
237.29359419897813	1	1	1	1	0	0	237.29359419897813	19.0	0	0.0015212322900127096	0.8603627980709331	1.1126049836735006	200.11042338288985	0.0	64.051885895272	50.15030828269546	85.90822920492239	1.3293510439559133	114.20219417796748	2.5436077335884283e-10
251.0589284553002	1	1	1	1	0	0	251.0589284553002	20.0	0	0.001673074981468101	0.8670709185954504	1.144240330160588	218.86562809208598	0.0	70.44526237760428	56.25341018676268	92.16695552771904	1.3746648333877378	126.69867256436693	3.23606049707999e-10
264.95388112274634	1	1	1	1	0	0	264.95388112274634	21.0	0	0.0018355615420482985	0.8383741656472671	1.132847865392688	238.97551362076112	0.0	77.28680177045469	62.925410428451634	98.7633014218548	1.419679275402184	140.21221219890631	3.408092562318567e-10
278.9785277773454	1	1	1	1	0	0	278.9785277773454	22.0	0	0.0020155102898522692	0.8256651842169015	1.1217444184856429	261.33241250681	0.0	84.8635911516745	70.44959452326637	106.01922683186905	1.4649530119781464	155.31318567494088	4.4391051543872573e-10
293.1329055639992	1	1	1	1	0	0	293.1329055639992	23.0	0	0.0022196488360266505	0.8484930085657882	1.105139987499847	286.83590665529437	0.0	93.45889835901687	79.12126115704277	114.2557471392347	1.5104724605734672	172.5801595160597	5.162768535056713e-10
307.41701318547484	1	1	1	1	0	0	307.41701318547484	24.0	0	0.0024449434112535826	0.8541723609253609	1.0937618393365869	315.185980523319	0.0	102.944985736993	88.82806308605561	123.41293170027036	1.553913728334423	191.77304882304858	5.759840514825653e-10
321.83081090278995	1	1	1	1	0	0	321.83081090278995	25.0	0	0.0026904843023357683	0.8313230703965782	1.109131435121604	346.18105538776985	0.0	113.28354957203236	99.6229677263147	133.27453808942283	1.597503321718465	212.9065172983471	6.520381827054224e-10
336.3742205469876	1	1	1	1	0	0	336.3742205469876	26.0	0	0.002963391134087577	0.8250161800063038	1.1271991078285306	380.8101623880931	0.0	124.77436354052958	111.83562025230236	144.20017859526118	1.6408439025373551	236.60998379283197	8.055019909406638e-10
351.0471255422998	1	1	1	1	0	0	351.0471255422998	27.0	0	0.0032638043874245945	0.8315838292486486	1.1065531345092663	419.20427933694015	0.0	137.42334262840401	125.49647617832085	156.28446053021543	1.6823158099963045	262.91981880672483	9.725675626042187e-10
365.84937094069124	1	1	1	1	0	0	365.84937094069124	28.0	0	0.0036006071255387326	0.8401931679116439	1.0942790114361105	462.6464410691268	0.0	151.60451054899931	141.04213794749623	169.99979257263124	1.7214529739585671	292.64664849649563	1.1316529380368793e-09
380.78076346777357	1	1	1	1	0	0	380.78076346777357	29.0	0	0.003970276897473325	0.8534072063779393	1.1264089285279693	510.8701901701632	0.0	167.16955357782425	158.34961381796137	185.35102277437747	1.756230758931559	325.51916739578564	1.2265215600732935e-09
395.84107158007737	1	1	1	1	0	0	395.84107158007737	30.0	0	0.004378206481940138	0.8470296101615069	1.1211792880953872	564.4932472604063	0.0	184.34553608169003	177.79931547551212	202.34839570320443	1.7897095269704046	362.14485155720223	1.3872307876957854e-09
411.03002553366304	1	1	1	1	0	0	411.03002553366304	31.0	0	0.0048262994543633725	0.8482421119128144	1.1087130413044228	624.0003478050887	0.0	203.2126086047736	199.5349593704913	221.2527798298238	1.8203051201663436	402.7475679752649	1.6375870967799625e-09
426.3473174640513	1	1	1	1	0	0	426.3473174640513	32.0	0	0.005312271676359702	0.8438595535124973	1.1121058577529774	689.3792067089413	0.0	223.67459689935586	223.5073221613352	242.19728764825032	1.8463539513710219	447.1819190606911	1.903791678358338e-09
441.79260147745117	1	1	1	1	0	0	441.79260147745117	33.0	0	0.005838586498038444	0.8240564185325263	1.1174305716809416	761.3281110009923	0.0	245.83522097003967	249.9123359317471	265.58055409920553	1.8666560832484904	495.7475569017868	2.0849466698834025e-09
457.365493753255	1	1	1	1	0	0	457.365493753255	34.0	0	0.0064078294743912315	0.8182276693193011	1.1307228034301104	840.6814090644267	0.0	269.8033462901571	278.9764436794836	291.9016190947862	1.8800162591473708	548.7797899696407	2.604577927061104e-09
473.0655726577729	1	1	1	1	0	0	473.0655726577729	35.0	0	0.007036889948537206	0.8390023461772411	1.0985824702750553	929.8042769710593	0.0	296.2901030963035	311.766205788295	321.7479680864606	1.8898528326407356	608.0563088845985	2.871826934336865e-09
488.8923788691719	1	1	1	1	0	0	488.8923788691719	36.0	0	0.00772267131781982	0.8450859101865452	1.1141804549896333	1028.9860807907507	0.0	325.16510811872934	348.29099302648103	355.5299796455405	1.894231540801816	673.4561011452104	3.452039444610812e-09
504.8454155135833	1	1	1	1	0	0	504.8454155135833	37.0	0	0.008445587431051328	0.8320161565824978	1.1192642575034644	1136.2808415967759	0.0	355.6036813074243	387.6995422347241	392.97761805462756	1.8914645246763708	743.3032235421484	3.7124529412398546e-09
520.9241483123367	1	1	1	1	0	0	520.9241483123367	38.0	0	0.009205426932227673	0.8190350717222896	1.1114263799737958	1252.7780334477995	0.0	387.5969234622179	430.2138514720943	434.9672585134874	1.880166285915871	817.8107749343121	4.0392353183910485e-09
537.1280057402779	1	1	1	1	0	0	537.1280057402779	39.0	0	0.010045160404733593	0.8322280673738426	1.1041848914988932	1381.7371160293453	0.0	422.95412230457237	477.3567832619003	481.426210462873	1.8700911707753884	900.3109055664728	4.67229669051004e-09
553.4563791951257	1	1	1	1	0	0	553.4563791951257	40.0	0	0.010965753733487836	0.8323307013638811	1.0953826085615643	1523.4397299641973	0.0	461.71594667317214	529.0392157533664	532.6845675376588	1.859928413181401	990.7551624265387	5.3948219714683065e-09
569.9086231778117	1	1	1	1	0	0	569.9086231778117	41.0	0	0.011963505958098529	0.8242619104592491	1.1070554443164606	1678.0399716024451	0.0	503.7265666567801	585.0533757315106	589.2600292141541	1.8477071045193811	1088.7799423882907	5.873278897194392e-09
586.4840554837581	1	1	1	1	0	0	586.4840554837581	42.0	0	0.013029510340247592	0.8110330367189137	1.1128586815532329	1845.0827960863526	0.0	548.6109616946354	644.8992357819844	651.5725986097323	1.8317378600991288	1193.51019747662	6.4617522908926065e-09
603.1819574050269	1	1	1	1	0	0	603.1819574050269	43.0	0	0.01416508669666011	0.8013142201203918	1.0996295206459956	2024.8960476547848	0.0	596.4247030172676	708.6508908788272	719.8204537586897	1.813057113175064	1305.075593896095	6.950429644623724e-09
620.0015739432909	1	1	1	1	0	0	620.0015739432909	44.0	0	0.015429616531817462	0.8162623830592309	1.094526266721739	2224.898603703501	0.0	649.6680644975772	779.6420395192404	795.5884996866832	1.7965444505290171	1429.3101040168176	8.030978417113838e-09
636.9421140335545	1	1	1	1	0	0	636.9421140335545	45.0	0	0.016786829914886083	0.8059492082511499	1.101138169577172	2440.367112850575	0.0	706.8138911530983	855.836475059935	877.7167466375415	1.7803583812196981	1562.650366213033	8.824715070942819e-09
654.0027507785644	1	1	1	1	0	0	654.0027507785644	46.0	0	0.018252351470575325	0.8100324352588726	1.0947872906857692	2675.089194179523	0.0	768.5200619189609	938.1113694144184	968.4577628461436	1.7622156554539463	1706.6314313333796	9.865938119954117e-09
671.1826216938364	1	1	1	1	0	0	671.1826216938364	47.0	0	0.019814365243561383	0.7971825247241331	1.0968361085273477	2928.752801601139	0.0	834.2890628867948	1025.8033707048635	1068.6603680094802	1.7405833408572304	1860.0924335916586	1.0719352447496064e-08
688.4808289632283	1	1	1	1	0	0	688.4808289632283	48.0	0	0.02152710813390338	0.8092442210664667	1.104019952403187	3205.806037268852	0.0	906.404553006458	1121.9573575310812	1177.4441267313127	1.7226820912245306	2028.3619105375394	1.2156818676259342e-08
705.8964397049822	1	1	1	1	0	0	705.8964397049822	49.0	0	0.023376183756916732	0.7998555312856036	1.0968900233643837	3505.382963312905	0.0	984.2603687122834	1225.765111805515	1295.3574827951068	1.7061124128831464	2210.0254805177983	1.3366936964919675e-08
723.4284862481575	1	1	1	1	0	0	723.4284862481575	50.0	0	0.025364571843105418	0.7990998160867727	1.097885514545227	3829.833363324069	0.0	1067.9819723412809	1337.3939166441785	1424.4574743386106	1.6886259732690851	2405.3758889854594	1.4463891000971958e-08
741.0759664193733	1	1	1	1	0	0	741.0759664193733	51.0	0	0.027489668038604927	0.7857784309649182	1.1009310729412358	4180.216749091531	0.0	1157.459706888628	1456.6975627073084	1566.059479495595	1.66925797124763	2614.1572695959358	1.5911305766457622e-08
758.8378438397727	1	1	1	1	0	0	758.8378438397727	52.0	0	0.029817057322561975	0.7969131994870932	1.0866076394818658	4561.5877637694375	0.0	1255.455045160504	1587.358013736476	1718.7747048724575	1.6539765513409344	2842.81305889698	1.739262453809085e-08
776.7130482321257	1	1	1	1	0	0	776.7130482321257	53.0	0	0.0323374567336009	0.7973571821921241	1.0864068030017688	4974.487448381472	0.0	1361.5771256253004	1728.854121022872	1884.0562017332998	1.6403073559085064	3090.4312466481724	2.0252267562883133e-08
794.7004757379742	1	1	1	1	0	0	794.7004757379742	54.0	0	0.035044360705445775	0.7916443928303081	1.0885044662785572	5420.470307037669	0.0	1475.552029702979	1880.8206597931103	2064.0976175415794	1.6260726532370402	3356.3726894960896	2.1598736162164867e-08
812.7989892447298	1	1	1	1	0	0	812.7989892447298	55.0	0	0.03794730657172636	0.7895282098136204	1.0896730828583072	5902.645819216634	0.0	1597.7813293358458	2043.7930593035992	2261.071430577188	1.610552563441065	3641.5743886394453	2.301378265557717e-08
831.0074187226242	1	1	1	1	0	0	831.0074187226242	56.0	0	0.041123486288219734	0.7919405255909717	1.081397710188345	6426.092207849521	0.0	1731.5152121355668	2222.1049030365602	2472.4720926773944	1.5990555067866608	3953.620115172127	2.5259235316311057e-08
849.3245615714155	1	1	1	1	0	0	849.3245615714155	57.0	0	0.0445522029203023	0.7860903676437905	1.0883272649069686	6990.288923664724	0.0	1875.882228223254	2414.5942578201425	2699.8124376213277	1.5891757613441941	4290.476486043397	2.9180584588759302e-08
867.7491829767432	1	1	1	1	0	0	867.7491829767432	58.0	0	0.04825543714156892	0.7841725188005423	1.0845935525098975	7602.51700496518	0.0	2031.8078796450063	2622.495126382479	2948.213998937693	1.5786856068469024	4654.303006027485	3.159818005071774e-08
886.2800162760308	1	1	1	1	0	0	886.2800162760308	59.0	0	0.05223559622734243	0.7844719355281505	1.0869636997709289	8265.352786109237	0.0	2199.3935253617865	2845.942654004852	3220.0166067425985	1.5668665089496396	5045.336179366639	3.349637807585814e-08
