11.247441493196291	1	1	1	1	0	0	11.247441493196291	1.0	0	0.0			100.0	0.0	0.0	0.0	0.0		0.0	0.0
11.367595075476835	1	1	1	1	0	0	11.367595075476835	1.0	0	0.0			100.0	0.0	0.0	0.0	0.0		0.0	0.0
22.856168219862568	1	1	1	1	0	0	22.856168219862568	2.0	0	0.0			97.01833494434999	0.0	0.0	0.0	4.857218463183318	0.0	0.0	0.0
34.4665080713728	1	1	1	1	0	0	34.4665080713728	3.0	0	0.00011257771665567784			88.55707761080875	0.0	4.740114385502225	3.1600762570014824	14.662576565111165	0.5387996173402292	7.900190642503707	0.0
46.1993671861199	1	1	1	1	0	0	46.1993671861199	4.0	0	0.00033581469321961526	0.5298127032839339	0.8542565289035154	76.32287254833136	0.0	14.139566030299589	9.426377353533061	29.505835329103736	0.7986875518344624	23.56594338383265	8.068681430708431e-12
58.05546181511435	1	1	1	1	0	0	58.05546181511435	5.0	0	0.0004834185442080046	0.5279562385031629	1.0001467094945684	72.31638445935884	0.0	20.354465019284405	13.569643346189606	38.39227609388483	0.8836180559473911	33.92410836547401	2.4143423122724715e-11
70.03547169202406	1	1	1	1	0	0	70.03547169202406	6.0	0	0.0005215975581337931	0.5682952571482329	1.0430255772004713	77.19244383795757	0.0	21.962002447738662	14.641334965159107	40.589106425059796	0.9018020014921736	36.60333741289777	3.692094799293939e-11
82.14003983175478	1	1	1	1	0	0	82.14003983175478	7.0	0	0.0005690111365920926	0.6551350949451903	1.1627437881382234	83.1920493355374	0.0	23.958363645982853	15.972242430655234	43.26144325889933	0.9230067947033629	39.93060607663808	4.4303719018211777e-11
94.36977233991071	1	1	1	1	0	0	94.36977233991071	8.0	0	0.0006229902830808785	0.6790551479596503	1.0839599762225374	90.00089568864962	0.0	26.231169813931732	17.487446542621154	46.28227933209674	0.9446081089233228	43.718616356552886	4.974958966387394e-11
106.72523823319248	1	1	1	1	0	0	106.72523823319248	9.0	0	0.0006862620242359986	0.7142482697915541	1.1100500477632949	97.84634630708251	0.0	28.89524312572626	19.40461869646532	49.54648448489094	0.9748393316769122	48.29986182219158	6.053859871832612e-11
119.20696927078512	1	1	1	1	0	0	119.20696927078512	10.0	0	0.0007662598691813054	0.8360904502496419	1.2265074478346576	107.67759383500184	0.0	32.26357343921286	21.94599420618337	53.46802618960562	1.013868876572346	54.20956764539624	7.431522369596945e-11
131.81545979678634	1	1	1	1	0	0	131.81545979678634	11.0	0	0.0008566371978193711	0.8333846476368879	1.1784920066328453	118.73956415385021	0.0	36.068934645026154	24.91144433915774	57.7591851696663	1.0557693777198451	60.9803789841839	1.0933575984602231e-10
144.55116659372186	1	1	1	1	0	0	144.55116659372186	12.0	0	0.0009597820853990943	0.8473356597490523	1.160456573237972	131.35420581817658	0.0	40.411877279961864	28.376780064772586	62.56554847344214	1.0994654250323388	68.78865734473445	1.1857521865962736e-10
157.41450874719058	1	1	1	1	0	0	157.41450874719058	13.0	0	0.0010736887553701169	0.8204289969026279	1.1283461784832978	145.30694432660832	0.0	45.20794759453125	32.273799985396266	67.82519674668076	1.1423740924676244	77.48174757992751	1.4379205088641689e-10
170.4058675216809	1	1	1	1	0	0	170.4058675216809	14.0	0	0.0012096254684832307	0.8842685833948051	1.1731468367566549	162.0155704031211	0.0	50.93159867297815	36.99240950665386	74.09156222348906	1.1866939438315378	87.92400817963201	1.9194554341869842e-10
183.52558624759342	1	1	1	1	0	0	183.52558624759342	15.0	0	0.0013555684082800046	0.8118756837536885	1.11283841154558	179.88924187025313	0.0	57.07656455915811	42.247992975503294	80.56468433559174	1.2328547967857173	99.32455753466141	2.212876624298981e-10
196.77397021950497	1	1	1	1	0	0	196.77397021950497	16.0	0	0.0015273196276529425	0.86956059611667	1.1555802261180843	200.90706969059372	0.0	64.30819484854496	48.60845785000206	87.99041699204676	1.2832835274408725	112.916652698547	2.413420096117275e-10
210.1512866057031	1	1	1	1	0	0	210.1512866057031	17.0	0	0.001723397570076643	0.8907762642277972	1.1223821541414205	224.93559917437503	0.0	72.5641082137534	56.03291532346768	96.33857563715395	1.3348445592715024	128.59702353722108	3.1538227072528487e-10
223.65776436901845	1	1	1	1	0	0	223.65776436901845	18.0	0	0.0019461341235394011	0.8760682832949783	1.1591080814657846	252.31913546385846	0.0	81.94248941218534	64.62209464722521	105.75455140444784	1.3858938656823263	146.56458405941055	4.067146170470303e-10
237.29359419897813	1	1	1	1	0	0	237.29359419897813	19.0	0	0.0022065037843970623	0.9133565590642864	1.1477464663548835	284.4840097508718	0.0	92.90542250092895	74.81859289869588	116.75999435124695	1.4364852990234285	167.72401539962482	4.802994408698733e-10
251.0589284553002	1	1	1	1	0	0	251.0589284553002	20.0	0	0.002494848846437941	0.8527176504973245	1.1447810005611423	320.0996236051039	0.0	105.04626721843964	86.40821423840357	128.64514214826067	1.4882371635626643	191.45448145684318	6.225533414904943e-10
264.95388112274634	1	1	1	1	0	0	264.95388112274634	21.0	0	0.0028201929472526288	0.8493749578010114	1.1429000127123148	360.36530835743696	0.0	118.74496620011072	99.76744783604192	141.8528943212844	1.5404156191641822	218.51241403615262	6.389231909732446e-10
278.9785277773454	1	1	1	1	0	0	278.9785277773454	22.0	0	0.003194225090406738	0.8810838538908098	1.1366063560536108	406.8351999608954	0.0	134.49368801712583	115.40682703047459	156.93468491329492	1.5923854894516685	249.90051504760044	8.498902923591038e-10
293.1329055639992	1	1	1	1	0	0	293.1329055639992	23.0	0	0.003609036901341553	0.8251376838985397	1.1085591445366456	458.65858555442856	0.0	151.9594484775391	133.02775070016227	173.67138637672718	1.640956550893815	284.98719917770137	9.786129498109645e-10
307.41701318547484	1	1	1	1	0	0	307.41701318547484	24.0	0	0.0040805838623325175	0.8405034572323442	1.1084763402145978	517.9959715650361	0.0	171.81405736136918	153.34432044427058	192.83759375939636	1.6861773239679614	325.15837780563976	1.1210798898745967e-09
321.83081090278995	1	1	1	1	0	0	321.83081090278995	25.0	0	0.004615598545301073	0.837617880327827	1.1153033387076488	585.5318515527016	0.0	194.34099138109787	176.86558591793425	214.32527425366942	1.7319776148270891	371.2065772990321	1.391214020200589e-09
336.3742205469876	1	1	1	1	0	0	336.3742205469876	26.0	0	0.005236346299966954	0.8599096595156123	1.1007827152856828	664.2984411560149	0.0	220.4777389459771	204.6442112654883	239.17649094454958	1.7774403685436844	425.1219502114654	1.7915869315048814e-09
351.0471255422998	1	1	1	1	0	0	351.0471255422998	27.0	0	0.00593219598638799	0.8557276326166617	1.1306485952381893	753.2310496295032	0.0	249.7766731110733	236.28696406274503	267.167412455685	1.819322321933412	486.06363717381834	2.020627501663043e-09
365.84937094069124	1	1	1	1	0	0	365.84937094069124	28.0	0	0.006727748465011622	0.8560390344613429	1.1099672629238695	855.844584294704	0.0	283.27361957943674	273.00694389889753	299.5640208163697	1.856967208419631	556.2805634783342	2.4910946794867767e-09
380.78076346777357	1	1	1	1	0	0	380.78076346777357	29.0	0	0.007599342254594925	0.8249374334111114	1.093211720469615	969.5447659647476	0.0	319.9723054566285	313.81387383291815	335.75858667520083	1.8876246340131448	633.7861792895468	2.6303151045196393e-09
395.84107158007737	1	1	1	1	0	0	395.84107158007737	30.0	0	0.008591059766956052	0.8419733172660504	1.106816774810761	1099.9077668543318	0.0	361.7288322928865	361.0980387438883	377.08089581755706	1.9169013308658835	722.8268710367747	3.315178028111339e-09
411.03002553366304	1	1	1	1	0	0	411.03002553366304	31.0	0	0.0097026012011366	0.8287073854539642	1.1043835460945082	1247.5213469684309	0.0	408.5305768899621	415.01557433300496	423.975195745464	1.942439462230681	823.5461512229671	3.8877795865002055e-09
426.3473174640513	1	1	1	1	0	0	426.3473174640513	32.0	0	0.010947272329224076	0.8295171031612267	1.1196917959473334	1414.969555696594	0.0	460.93778228311913	476.41354419068807	477.61822922278674	1.9625534980085035	937.3513264738073	4.617286413964648e-09
441.79260147745117	1	1	1	1	0	0	441.79260147745117	33.0	0	0.01233661223005376	0.8332038187013321	1.1023356585316952	1604.8967236890965	0.0	519.4363044233162	546.116196865712	539.3442224000681	1.9756446014149305	1065.5525012890282	5.338587304211501e-09
457.365493753255	1	1	1	1	0	0	457.365493753255	34.0	0	0.013861923302561006	0.8177072405282614	1.111212727244423	1817.5273036070666	0.0	583.6599285288845	623.9947253707202	609.8726497074617	1.9801751307898152	1207.6546538996045	6.050432594009033e-09
473.0655726577729	1	1	1	1	0	0	473.0655726577729	35.0	0	0.015546189452974275	0.8105812867027745	1.1040811781873343	2056.1476522256658	0.0	654.5763980199698	711.7870580156084	689.7841961900873	1.9808564237662565	1366.363456035578	7.014512946418111e-09
488.8923788691719	1	1	1	1	0	0	488.8923788691719	36.0	0	0.017399802376486816	0.8126019203416518	1.092808336169722	2324.2282411308192	0.0	732.6232579573398	810.5106756082972	781.0943075651819	1.97560514603656	1543.1339335656369	8.0573355174942e-09
504.8454155135833	1	1	1	1	0	0	504.8454155135833	37.0	0	0.01942820143288738	0.816280741410885	1.0938937719345676	2625.2819700383247	0.0	818.0295340163109	921.0854194340956	886.1670165879185	1.9625137484203183	1739.1149534504066	9.358585586217096e-09
520.9241483123367	1	1	1	1	0	0	520.9241483123367	38.0	0	0.02161314876727307	0.8088150846017645	1.090415599807939	2960.274068243599	0.0	910.0273165167611	1043.3369297828349	1006.9098219440024	1.9399594717710769	1953.3642462995958	1.019712516268345e-08
537.1280057402779	1	1	1	1	0	0	537.1280057402779	39.0	0	0.02404496443697932	0.8105709438122533	1.0976187824829164	3333.7315140173055	0.0	1012.4195552412344	1179.8599147487994	1141.4520440272704	1.9206058471411855	2192.2794699900337	1.1575729023753329e-08
553.4563791951257	1	1	1	1	0	0	553.4563791951257	40.0	0	0.026719631742977527	0.7958799475498307	1.0846991898713194	3745.430509467242	0.0	1125.0371260201066	1330.0166757872958	1290.376707659839	1.9025868858558068	2455.053801807402	1.4207689823257383e-08
569.9086231778117	1	1	1	1	0	0	569.9086231778117	41.0	0	0.029685453042095838	0.8028410806058381	1.0890044545985085	4204.9801633689995	0.0	1249.9138122987724	1496.51892415885	1458.5474269113768	1.8829917257291215	2746.4327364576225	1.5649678956184112e-08
586.4840554837581	1	1	1	1	0	0	586.4840554837581	42.0	0	0.03293779824872933	0.7901883320337627	1.0849408119978952	4714.622467481765	0.0	1386.8546631043928	1679.1067252330108	1648.6610791443613	1.8596674763066567	3065.961388337404	1.7944145369654342e-08
603.1819574050269	1	1	1	1	0	0	603.1819574050269	43.0	0	0.03651982282172656	0.7983226956956009	1.0889490947346152	5281.819452547101	0.0	1537.6767503884867	1880.2028416118023	1863.9398605468125	1.8336855519563848	3417.8795920002885	1.9666894044228794e-08
620.0015739432909	1	1	1	1	0	0	620.0015739432909	44.0	0	0.04051098744845138	0.8011485472237226	1.08895352246464	5913.076307674489	0.0	1705.7257873032158	2104.268224164775	2103.0822962064967	1.8116238334279129	3809.9940114679907	2.196197561175353e-08
636.9421140335545	1	1	1	1	0	0	636.9421140335545	45.0	0	0.04474304026965725	0.7957096114166994	1.0862676189875555	6625.497170059699	0.0	1883.9174850382	2341.857154478087	2359.173993757565	1.7912094024000749	4225.774639516288	2.6297225930840094e-08
654.0027507785644	1	1	1	1	0	0	654.0027507785644	46.0	0	0.0489598334931604	0.8015500562301219	1.0887975594695112	7446.335620963056	0.0	2061.4666733962267	2578.589405622123	2620.266094898491	1.770833919521485	4640.05607901835	2.9293794814290112e-08
671.1826216938364	1	1	1	1	0	0	671.1826216938364	47.0	0	0.05310542960348584	0.803492114281259	1.0914219616308742	8378.671248445416	0.0	2236.0180885678246	2811.32462585092	2886.204550367739	1.7487820514230874	5047.3427144187435	3.260842225628265e-08
688.4808289632283	1	1	1	1	0	0	688.4808289632283	48.0	0	0.057366220346808564	0.8094231332314037	1.0881650392401268	9410.777265626015	0.0	2415.41980407615	3050.526913195353	3156.825923137405	1.7314691561577091	5465.946717271503	3.647536029478036e-08
705.8964397049822	1	1	1	1	0	0	705.8964397049822	49.0	0	0.061680733675994776	0.8075585024025691	1.0835417904516171	10543.340637756708	0.0	2597.0835231997808	3292.745205360194	3431.9573131652787	1.7161719074902515	5889.828728559975	4.072237928482191e-08
723.4284862481575	1	1	1	1	0	0	723.4284862481575	50.0	0	0.06598493925947675	0.8088475266017933	1.0881098735325914	11787.217942036743	0.0	2778.313231977969	3534.384817064445	3711.4162921687844	1.7008865489873568	6312.698049042415	4.3994429082582177e-08
741.0759664193733	1	1	1	1	0	0	741.0759664193733	51.0	0	0.07024099278406573	0.8071258595770938	1.082451289503242	13137.269608642107	0.0	2957.515485644873	3773.321155286985	3995.0108486945396	1.6848106039890511	6730.836640931859	4.650296081388485e-08
758.8378438397727	1	1	1	1	0	0	758.8378438397727	52.0	0	0.07462294446284767	0.8069562942192493	1.0949992801348059	14589.907025962439	0.0	3142.0187142251652	4019.325460060707	4282.5393437462735	1.6722191203551868	7161.344174285871	5.3786166913990474e-08
776.7130482321257	1	1	1	1	0	0	776.7130482321257	53.0	0	0.07906427152739542	0.8089193208829981	1.0832933524101156	16143.584240136699	0.0	3329.021959048229	4268.6631198247915	4573.790477222152	1.6611353573606202	7597.685078873022	5.6280617642577636e-08
794.7004757379742	1	1	1	1	0	0	794.7004757379742	54.0	0	0.08349584905887546	0.8036151731374341	1.08707983817046	17804.86330107334	0.0	3515.6146972158085	4517.453437381565	4868.543265400318	1.649994196762438	8033.068134597374	6.062940050005133e-08
812.7989892447298	1	1	1	1	0	0	812.7989892447298	55.0	0	0.08788804130661661	0.8079311490725987	1.0814575763917615	19578.927154602952	0.0	3700.549107647015	4764.03265128984	5166.567029698578	1.6383377415371858	8464.581758936856	6.623113176877779e-08
831.0074187226242	1	1	1	1	0	0	831.0074187226242	56.0	0	0.09241121907357856	0.8089376258863993	1.0822961155537534	21459.39806301376	0.0	3890.998697834887	5017.965438207003	5467.621396920714	1.6294039929427615	8908.96413604189	7.166843900743038e-08
849.3245615714155	1	1	1	1	0	0	849.3245615714155	57.0	0	0.0969936165543784	0.8009321252099478	1.0799456489075094	23439.741620086133	0.0	4083.941749658039	5275.222840637871	5771.456311187888	1.621629634820816	9359.164590295908	7.68824342670185e-08
867.7491829767432	1	1	1	1	0	0	867.7491829767432	58.0	0	0.10156084664141132	0.8011056992491238	1.0844131514572983	25522.30206235342	0.0	4276.246174375213	5531.62874026077	6077.812057739079	1.6137180323217284	9807.874914635982	7.97616659519882e-08
886.2800162760308	1	1	1	1	0	0	886.2800162760308	59.0	0	0.1060799567568074	0.7969318259345636	1.082169635009503	27710.49562937259	0.0	4466.52449502347	5785.333167791779	6386.419298769365	1.605259094840631	10251.857662815248	8.384102622035664e-08
