11.247441493196291	1	1	1	1	0	0	11.247441493196291	1.0	0	0.0			100.0	0.0	0.0	0.0	0.0		0.0	0.0
11.367595075476835	1	1	1	1	0	0	11.367595075476835	1.0	0	0.0			100.0	0.0	0.0	0.0	0.0		0.0	0.0
22.856168219862568	1	1	1	1	0	0	22.856168219862568	2.0	0	0.0			97.01833494434999	0.0	0.0	0.0	4.857218463183318	0.0	0.0	0.0
34.4665080713728	1	1	1	1	0	0	34.4665080713728	3.0	0	0.00011257771665567784			88.55707761080875	0.0	4.740114385502225	3.1600762570014824	14.662576565111165	0.5387996173402292	7.900190642503707	0.0
46.1993671861199	1	1	1	1	0	0	46.1993671861199	4.0	0	0.00033581469321961526	0.5136832058186113	0.8860556481143439	75.03971205603611	0.0	14.139566030299589	9.426377353533061	29.505835329103736	0.7986875518344624	23.56594338383265	2.443396768543954e-12
58.05546181511435	1	1	1	1	0	0	58.05546181511435	5.0	0	0.0004565473033081556	0.5945118368081139	1.0116990732336917	68.81290922092882	0.0	19.223044349817076	12.815362899878053	36.77450197123369	0.8712125394589083	32.038407249695126	7.864432622861668e-12
70.03547169202406	1	1	1	1	0	0	70.03547169202406	6.0	0	0.0004619910781187629	0.5817707918268924	1.028368044434501	69.50816471578884	0.0	19.45225592079002	12.96817061386001	37.087738181138796	0.8741548588459797	32.42042653465003	1.0604864279876015e-11
82.14003983175478	1	1	1	1	0	0	82.14003983175478	7.0	0	0.00046863662607904953	0.6699231468777197	1.0819586287486158	70.34907711627412	0.0	19.7320684664863	13.154712310990865	37.46229633879695	0.8778634518306005	32.886780777477156	1.1551236001055226e-11
94.36977233991071	1	1	1	1	0	0	94.36977233991071	8.0	0	0.00047498245311143866	0.6256383556073494	1.145486570468073	71.14952995885359	0.0	19.999261183639526	13.332840789093016	37.81742798612107	0.8813952652984588	33.33210197273254	1.1345686744494274e-11
106.72523823319248	1	1	1	1	0	0	106.72523823319248	9.0	0	0.0004838465689562334	0.824167688901803	1.1346239835716778	72.24864596019631	0.0	20.37248711394668	13.601428878433339	38.27472996781629	0.887633068109098	33.973915992380014	1.6225189599470275e-11
119.20696927078512	1	1	1	1	0	0	119.20696927078512	10.0	0	0.0004930809653483093	0.8281226838083281	1.1664465311717882	73.38349698978959	0.0	20.761303804139352	13.894787641458715	38.727405544191534	0.8948725317024473	34.656091445598065	1.658663548373824e-11
131.81545979678634	1	1	1	1	0	0	131.81545979678634	11.0	0	0.0005027093904407705	0.8317344063197676	1.1175310630946973	74.5619933471736	0.0	21.166711176453497	14.210714377743619	39.184567792976495	0.9028407749986268	35.37742555419712	1.7013961229891448e-11
144.55116659372186	1	1	1	1	0	0	144.55116659372186	12.0	0	0.0005128301810702229	0.849331082011323	1.2202596202785867	75.79976819133672	0.0	21.592849729272547	14.550740317590627	39.65617814447355	0.911423937909158	36.14359004686317	1.7556789240587255e-11
157.41450874719058	1	1	1	1	0	0	157.41450874719058	13.0	0	0.0005225609236908198	0.7892804693066423	1.125473728996737	76.99171338043391	0.0	22.002565208034525	14.883652322169244	40.105495850230135	0.9197297464654614	36.88621753020377	1.746883886580765e-11
170.4058675216809	1	1	1	1	0	0	170.4058675216809	14.0	0	0.0005328903963169578	0.8183571752238153	1.115437770922136	78.26135784751841	0.0	22.437490371240344	15.242207025803337	40.58166045047472	0.9284907758524926	37.67969739704368	1.814822630654901e-11
183.52558624759342	1	1	1	1	0	0	183.52558624759342	15.0	0	0.0005441553085031922	0.8628255285073382	1.1546988244953642	79.64097470190833	0.0	22.911802463292318	15.647870268893106	41.08130196972292	0.9386185657067064	38.55967273218542	2.4978784361291075e-11
196.77397021950497	1	1	1	1	0	0	196.77397021950497	16.0	0	0.0005563674346572226	0.938542435085166	1.1377731670873323	81.13541745324831	0.0	23.42599724872517	16.10012207664881	41.609298127874325	0.9499347766910586	39.526119325373976	2.692262935227066e-11
210.1512866057031	1	1	1	1	0	0	210.1512866057031	17.0	0	0.0005692314053131089	0.9900183619878802	1.1844704953063785	82.71184310502066	0.0	23.96763811844671	16.5872141069607	42.156990879613254	0.9619958962730276	40.5548522254074	2.947611497669909e-11
223.65776436901845	1	1	1	1	0	0	223.65776436901845	18.0	0	0.0005820368113069571	0.9290974701862252	1.1196807644086493	84.28615721863443	0.0	24.506813107661362	17.08101688286237	42.698327228110685	0.973992020070148	41.587829990523744	2.980772914296206e-11
237.29359419897813	1	1	1	1	0	0	237.29359419897813	19.0	0	0.000594904565702558	0.8826995389366765	1.1840369854747483	85.87578060688674	0.0	25.04861329273929	17.584939017119115	43.24222829702834	0.9859240374249684	42.6335523098584	2.996985581330005e-11
251.0589284553002	1	1	1	1	0	0	251.0589284553002	20.0	0	0.0006081711325615902	0.8830179356384743	1.1722823830692464	87.5144316005204	0.0	25.607205581540647	18.118169880466798	43.78905613851296	0.9985457399149212	43.725375462007435	3.7409805985040304e-11
264.95388112274634	1	1	1	1	0	0	264.95388112274634	21.0	0	0.0006214868162308188	0.8499524958263609	1.157395004578721	89.16242558456486	0.0	26.167865946560806	18.664936605924677	44.329623032079375	1.0113508639593434	44.832802552485475	3.688560084536588e-11
278.9785277773454	1	1	1	1	0	0	278.9785277773454	22.0	0	0.0006350182979449902	0.8254500382333635	1.1522206043272472	90.84358187019629	0.0	26.737612545052233	19.230727481024047	44.87524184412	1.0243586025843223	45.96834002607628	4.358319971204546e-11
293.1329055639992	1	1	1	1	0	0	293.1329055639992	23.0	0	0.0006496992718227834	0.9001002882839342	1.1718764983474883	92.67770941936827	0.0	27.35575881359089	19.854365268757924	45.467585337019436	1.0383248578611148	47.21012408234881	4.641024141150325e-11
307.41701318547484	1	1	1	1	0	0	307.41701318547484	24.0	0	0.0006648820875744031	0.8909417501382462	1.1540692534424657	94.5882478673067	0.0	27.995035266290664	20.508515885022078	46.08469671599399	1.0524871509999385	48.50355115131274	5.0063606701716365e-11
321.83081090278995	1	1	1	1	0	0	321.83081090278995	25.0	0	0.0006805818107599459	0.9035127861573474	1.1485000984544065	96.57005258155365	0.0	28.65607624252405	21.198734992395412	46.715241346634166	1.0672065432561766	49.854811234919474	5.826925646519087e-11
336.3742205469876	1	1	1	1	0	0	336.3742205469876	26.0	0	0.0006962210850834103	0.8709531231651237	1.1535973744224592	98.55451775773943	0.0	29.314572003512026	21.89859663325302	47.34134912097437	1.081785153733088	51.21316863676505	5.980027153085303e-11
351.0471255422998	1	1	1	1	0	0	351.0471255422998	27.0	0	0.0007127443514603633	0.9184194453361636	1.173854917418565	100.6662628775261	0.0	30.010288482541622	22.649968148642035	48.00600624634243	1.0969514181404298	52.66025663118365	6.173487240507164e-11
365.84937094069124	1	1	1	1	0	0	365.84937094069124	28.0	0	0.0007297890310873847	0.887140958804138	1.1401025298217258	102.86475370089771	0.0	30.72795920367936	23.43669222912096	48.70010226809738	1.1122081661065149	54.16465143280033	7.29802081162452e-11
380.78076346777357	1	1	1	1	0	0	380.78076346777357	29.0	0	0.0007465857348686819	0.8240129459747376	1.0555066314644086	105.05589858308468	0.0	31.43518883657609	24.223092869554144	49.39761687695445	1.126740219973984	55.658281706130225	7.385782321734426e-11
395.84107158007737	1	1	1	1	0	0	395.84107158007737	30.0	0	0.0007639860445124165	0.8505910203518735	1.0509769963215032	107.34319970794293	0.0	32.167833453154394	25.052723384737266	50.12264287005125	1.1416109279441342	57.22055683789164	8.318746134142732e-11
411.03002553366304	1	1	1	1	0	0	411.03002553366304	31.0	0	0.0007811470545635128	0.8459205664572413	1.0471696350866255	109.62219539278112	0.0	32.89040229741107	25.88515242581688	50.846640669553175	1.1559378151489677	58.77555472322795	8.713435586791366e-11
426.3473174640513	1	1	1	1	0	0	426.3473174640513	32.0	0	0.0007983778975390978	0.8153911971692278	1.146055368125514	111.9402967177242	0.0	33.615911475330435	26.735126972316586	51.58925827007715	1.1698372969756743	60.35103844764703	8.489113757807686e-11
441.79260147745117	1	1	1	1	0	0	441.79260147745117	33.0	0	0.0008167912036545693	0.8457128770153965	1.1295502455990265	114.4574540251636	0.0	34.391208574929244	27.65891551391045	52.40732993632389	1.1839970508749829	62.0501240888397	9.696058576651682e-11
457.365493753255	1	1	1	1	0	0	457.365493753255	34.0	0	0.0008351659145978479	0.8192244971336728	1.0490819347629283	117.01891543071945	0.0	35.164880614646236	28.59708181700768	53.25695299906554	1.1972514167825687	63.76196243165391	1.0805886745790956e-10
473.0655726577729	1	1	1	1	0	0	473.0655726577729	35.0	0	0.0008544099544906404	0.8651813870864568	1.1091275927462636	119.74533696862284	0.0	35.97515597855328	29.600176934299558	54.17000405577001	1.2105469448615995	65.57533291285284	1.179310431700085e-10
488.8923788691719	1	1	1	1	0	0	488.8923788691719	36.0	0	0.00087323783502169	0.8083264508006175	1.063222523419184	122.46833767528338	0.0	36.76790884301854	30.60295181466989	55.097477017594926	1.22275763436816	67.37086065768844	1.2137627726052326e-10
504.8454155135833	1	1	1	1	0	0	504.8454155135833	37.0	0	0.0008913426033784957	0.7677060828975374	1.0429853263897186	125.15543615702637	0.0	37.530214879094565	31.58990264013105	56.03531863780076	1.233509850564105	69.1201175192256	1.3156108074759662e-10
520.9241483123367	1	1	1	1	0	0	520.9241483123367	38.0	0	0.0009102039989501461	0.8147007046050593	1.0795513362679556	128.04723056240653	0.0	38.324378903164046	32.64522972267951	57.077621936562956	1.2433876222930311	70.96960862584356	1.3694274771574996e-10
537.1280057402779	1	1	1	1	0	0	537.1280057402779	39.0	0	0.000928509070833305	0.7621133903213656	1.0454371703833618	130.85836689784037	0.0	39.09511877192863	33.672882881032294	58.090365244879436	1.2526690329146326	72.76800165296092	1.5037662353484986e-10
553.4563791951257	1	1	1	1	0	0	553.4563791951257	40.0	0	0.0009475098489671324	0.798945647145501	1.0522010505312889	133.7830675710497	0.0	39.89515153545822	34.73959323240507	59.14832280318641	1.2618235180768742	74.63474476786328	1.5567361762174905e-10
569.9086231778117	1	1	1	1	0	0	569.9086231778117	41.0	0	0.0009668699475415232	0.7812538785019532	1.0394903469698629	136.78288640774423	0.0	40.7103135806957	35.8264759593884	60.24609686766015	1.27040245790875	76.5367895400841	1.5853577945907912e-10
586.4840554837581	1	1	1	1	0	0	586.4840554837581	42.0	0	0.000987086837356443	0.7745893553381321	1.0191027504083547	139.95087186213422	0.0	41.56155104658708	36.961459247243546	61.42786156830356	1.2782963347424754	78.52301029383062	1.796638018588871e-10
603.1819574050269	1	1	1	1	0	0	603.1819574050269	43.0	0	0.0010081471973406434	0.8070780011369856	1.0726791135271392	143.28568223096255	0.0	42.448303045921826	38.14379524635656	62.69358393868417	1.2854919631185768	80.59209829227841	1.8455524110725296e-10
620.0015739432909	1	1	1	1	0	0	620.0015739432909	44.0	0	0.0010298548117768707	0.7897683787237343	1.0675263905384846	146.71903607699912	0.0	43.36230786428929	39.36246833751319	63.99425987519664	1.2926905688593728	82.72477620180248	2.0565475311728918e-10
636.9421140335545	1	1	1	1	0	0	636.9421140335545	45.0	0	0.0010514417302187953	0.7648889305411036	1.0584480215361285	150.14613250250332	0.0	44.271230746054535	40.57436551320018	65.30053624324862	1.2993093340489503	84.84559625925472	2.130317960555084e-10
654.0027507785644	1	1	1	1	0	0	654.0027507785644	46.0	0	0.0010732030956758466	0.7628089930608363	1.0944478527794954	153.631494401692	0.0	45.18749876529883	41.796056205525865	66.64793943086732	1.3051199438964067	86.98355497082468	2.1895532447515387e-10
671.1826216938364	1	1	1	1	0	0	671.1826216938364	47.0	0	0.0010949450067963436	0.7541979047212553	1.0520481420302674	157.1622773579282	0.0	46.10294765458289	43.016654724571296	68.042674978774	1.3097604173697637	89.1196023791542	2.1659297617804795e-10
688.4808289632283	1	1	1	1	0	0	688.4808289632283	48.0	0	0.0011176791898245778	0.7604632963040161	1.0417540288236706	160.83975808416648	0.0	47.06017641366645	44.29295973668271	69.48662193381733	1.3146866779242576	91.35313615034916	2.383238194292057e-10
705.8964397049822	1	1	1	1	0	0	705.8964397049822	49.0	0	0.0011396453960748696	0.7070198649218878	1.040829801400229	164.39860038537424	0.0	47.98506930841557	45.52615026301487	70.88738081394382	1.3191518504099733	93.51121957143043	2.473956605739074e-10
723.4284862481575	1	1	1	1	0	0	723.4284862481575	50.0	0	0.001162875528845022	0.7374660447315948	1.0761422984485298	168.1891209190369	0.0	48.96318016189566	46.830298067654994	72.39564268948622	1.323193975090747	95.79347822955064	2.69242132059802e-10
741.0759664193733	1	1	1	1	0	0	741.0759664193733	51.0	0	0.0011873349124583705	0.7856560051094138	1.0274337084988878	172.22195560312323	0.0	49.993048945615605	48.203456445948255	74.02545021155936	1.3265235822399648	98.19650539156387	2.852666375754476e-10
758.8378438397727	1	1	1	1	0	0	758.8378438397727	52.0	0	0.0012110149052768238	0.7023142441866841	1.0109452322363428	176.10221016603182	0.0	50.99010127481363	49.53285955154563	75.5792493396726	1.33003386120684	100.52296082635927	3.0061848652984083e-10
776.7130482321257	1	1	1	1	0	0	776.7130482321257	53.0	0	0.0012360219798791215	0.729120731584248	1.0597918321714137	180.1989470447721	0.0	52.04303073175249	50.936765494130775	77.21915081888885	1.3336043602371883	102.97979622588328	3.089799848982476e-10
794.7004757379742	1	1	1	1	0	0	794.7004757379742	54.0	0	0.0012621343995480193	0.7110244305208824	1.0084686874220965	184.5011652584564	0.0	53.142501033600816	52.4027258965952	78.95593832826039	1.3367610994804506	105.545226930196	3.3460440607789134e-10
812.7989892447298	1	1	1	1	0	0	812.7989892447298	55.0	0	0.0012892855704151461	0.7159576031134166	1.006074757254668	189.01093923363877	0.0	54.28570822800614	53.92700215580231	80.7982288498303	1.3392955752152695	108.21271038380846	3.5787031679864456e-10
831.0074187226242	1	1	1	1	0	0	831.0074187226242	56.0	0	0.0013171119451877624	0.7558139420467129	1.022777533865995	193.59683067669368	0.0	55.457345060537364	55.489184599177285	82.65030101697901	1.3423608661379551	110.94652965971466	3.645832720561108e-10
849.3245615714155	1	1	1	1	0	0	849.3245615714155	57.0	0	0.001343975887452057	0.7074150063364041	1.015765550395408	198.0173032982991	0.0	56.58845841903398	56.99733574383943	84.43150913542569	1.345301005821003	113.5857941628734	3.821184935489317e-10
867.7491829767432	1	1	1	1	0	0	867.7491829767432	58.0	0	0.001371983751146111	0.7279937491904432	1.0294438747491157	202.6476344159648	0.0	57.767736890362556	58.569707038944216	86.31019048665802	1.3478992836574777	116.33744392930677	3.950990800081668e-10
886.2800162760308	1	1	1	1	0	0	886.2800162760308	59.0	0	0.0014011799217685554	0.7325851113678178	1.0298164007258226	207.5098186010429	0.0	58.99704933762339	60.208790301958636	88.30397896146093	1.349948677755595	119.20583963958202	4.149084595388381e-10
