11.247441493196291	1	1	1	1	0	0	11.247441493196291	1.0	0	0.0			100.0	0.0	0.0	0.0	0.0		0.0	0.0
11.367595075476835	1	1	1	1	0	0	11.367595075476835	1.0	0	0.0			100.0	0.0	0.0	0.0	0.0		0.0	0.0
22.856168219862568	1	1	1	1	0	0	22.856168219862568	2.0	0	0.0			97.01833494434999	0.0	0.0	0.0	4.857218463183318	0.0	0.0	0.0
34.4665080713728	1	1	1	1	0	0	34.4665080713728	3.0	0	0.00011257771665567784			88.55707761080875	0.0	4.740114385502225	3.1600762570014824	14.662576565111165	0.5387996173402292	7.900190642503707	0.0
46.1993671861199	1	1	1	1	0	0	46.1993671861199	4.0	0	0.00033581469321961526	0.5299455603195963	0.7989840229738079	76.04269560626216	0.0	14.139566030299589	9.426377353533061	29.505835329103736	0.7986875518344624	23.56594338383265	6.8622979856301695e-12
58.05546181511435	1	1	1	1	0	0	58.05546181511435	5.0	0	0.00047908178680244813	0.5836904411709963	0.9006704650748621	71.75095756887495	0.0	20.17186470747151	13.447909804981006	38.13118305642245	0.8816871604194803	33.61977451245251	2.193253806069853e-11
70.03547169202406	1	1	1	1	0	0	70.03547169202406	6.0	0	0.0005095137767298542	0.5660597979875971	1.0000622877457788	75.63760037697324	0.0	21.45321165178334	14.302141101188896	39.88224762400101	0.8965230116934226	35.75535275297224	3.0809498536470606e-11
82.14003983175478	1	1	1	1	0	0	82.14003983175478	7.0	0	0.0005486631276232478	0.6912895220289828	1.0711463977538243	80.59146946857253	0.0	23.101605373610443	15.401070249073626	42.08879384588845	0.9147963651242836	38.502675622684066	3.779514442141656e-11
94.36977233991071	1	1	1	1	0	0	94.36977233991071	8.0	0	0.0005925186316428324	0.7137131598032951	1.1725208704728571	86.1233351617376	0.0	24.94815291127716	16.632101940851438	44.543080309608996	0.9334840465256004	41.580254852128604	4.174115584650371e-11
106.72523823319248	1	1	1	1	0	0	106.72523823319248	9.0	0	0.0006433687483546619	0.7564640189647879	1.1576157132644824	92.42855250396534	0.0	27.08921045703841	18.172891335924948	47.16645071100198	0.959624926418421	45.262101792963364	5.0844880436490474e-11
119.20696927078512	1	1	1	1	0	0	119.20696927078512	10.0	0	0.0007052046126481575	0.8666172521540823	1.2151637248233378	100.02780331363165	0.0	29.692825795711908	20.13729614264416	50.19768137527559	0.9926777606684324	49.830121938356065	6.001014645648756e-11
131.81545979678634	1	1	1	1	0	0	131.81545979678634	11.0	0	0.0007737685816469091	0.8665520980390224	1.1452673757009926	108.41987023390993	0.0	32.579729753554076	22.387008919604483	53.45313156075136	1.0283165282970734	54.96673867315856	8.825752031358403e-11
144.55116659372186	1	1	1	1	0	0	144.55116659372186	12.0	0	0.0008433298122421991	0.7608601413664023	1.1356470697064172	116.92722351412876	0.0	35.508623673355764	24.724042030559936	56.69455781021306	1.062406481862802	60.2326657039157	8.412231608750066e-11
157.41450874719058	1	1	1	1	0	0	157.41450874719058	13.0	0	0.0009281053085716137	0.8754962948242858	1.1124812079096849	127.3116051531297	0.0	39.0781182556469	27.624414748509942	60.60907214897289	1.1005371083755686	66.70253300415683	1.1633766198661731e-10
170.4058675216809	1	1	1	1	0	0	170.4058675216809	14.0	0	0.001023449881975188	0.8916801373586193	1.1422396420945338	139.03085883332824	0.0	43.0926266094816	30.93399757980871	65.00423464403792	1.1387969506088156	74.02662418929032	1.2680699830121072e-10
183.52558624759342	1	1	1	1	0	0	183.52558624759342	15.0	0	0.0011267012069764164	0.8436439811151709	1.1387297679120172	151.67607664371275	0.0	47.44005082005965	34.65220387035552	69.5838219532976	1.179760645305066	82.09225469041517	1.6503358070520892e-10
196.77397021950497	1	1	1	1	0	0	196.77397021950497	16.0	0	0.0012433267068406176	0.8630209830492094	1.0941209379956751	165.94796760644536	0.0	52.35059818276285	38.971197342805894	74.62617208087661	1.223723433470474	91.32179552556877	1.8215669223794003e-10
210.1512866057031	1	1	1	1	0	0	210.1512866057031	17.0	0	0.0013722343596802565	0.8637375387320482	1.1146669878055084	181.7450598170984	0.0	57.77828882864239	43.85226338563521	80.11450760282075	1.2685661468223175	101.63055221427759	2.3400134942031393e-10
223.65776436901845	1	1	1	1	0	0	223.65776436901845	18.0	0	0.0015123923608782186	0.8283449346893258	1.1641538079347595	198.9762760337377	0.0	63.679678352767105	49.257043998575796	86.03955368239481	1.3126139957470713	112.93672235134291	2.640581809274097e-10
237.29359419897813	1	1	1	1	0	0	237.29359419897813	19.0	0	0.001668301267218148	0.8312330106688142	1.1137116601048738	218.23654758815303	0.0	70.24426388286939	55.3626896626951	92.62959404258854	1.356013214176604	125.6069535455645	2.9572615447230623e-10
251.0589284553002	1	1	1	1	0	0	251.0589284553002	20.0	0	0.001843911361521495	0.84460732722523	1.1412574138544371	239.92743857600212	0.0	77.63837311669455	62.421088658678634	99.86797680062898	1.4024461720595411	140.05946177537317	3.585305348865465e-10
264.95388112274634	1	1	1	1	0	0	264.95388112274634	21.0	0	0.0020378417060852192	0.8464807837823092	1.1197545740438837	263.92891301048735	0.0	85.80386130885138	70.38422912506428	107.74082257657163	1.4496649152916243	156.18809043391565	4.0930100174689925e-10
278.9785277773454	1	1	1	1	0	0	278.9785277773454	22.0	0	0.002249312403478428	0.8221041802142341	1.1308112823208123	290.2021105552266	0.0	94.70789067277596	79.22643823884319	116.2677816436075	1.4959804552285632	173.9343289116191	5.347408751603385e-10
293.1329055639992	1	1	1	1	0	0	293.1329055639992	23.0	0	0.0024897251053221893	0.8310966814326549	1.1222072646195245	320.23741770126685	0.0	104.830530750408	89.43900634018397	125.967880610675	1.5422148578574153	194.269537090592	6.039318368592518e-10
307.41701318547484	1	1	1	1	0	0	307.41701318547484	24.0	0	0.0027548310920882764	0.8410045804201964	1.0961316071183085	353.5971836881032	0.0	115.99288808792744	100.86108031219091	136.74321528798478	1.585848101811986	216.85396840011842	6.75238473911852e-10
321.83081090278995	1	1	1	1	0	0	321.83081090278995	25.0	0	0.003049828127561116	0.8276766190818287	1.096210121007438	390.83519793075465	0.0	128.41381589731014	113.83026378730729	148.59111824613709	1.6302729432545675	242.24407968461742	8.195623548858124e-10
336.3742205469876	1	1	1	1	0	0	336.3742205469876	26.0	0	0.003384868396284325	0.8712420501884179	1.1165565326248272	433.34840744096743	0.0	142.52077458039264	128.82340396582526	162.00422889474953	1.674920342496146	271.3441785462179	9.019927896878091e-10
351.0471255422998	1	1	1	1	0	0	351.0471255422998	27.0	0	0.003757298302110885	0.8396076257461129	1.1097931453057104	480.9465649813461	0.0	158.20203377308988	145.75911245911743	176.98541874913883	1.717436093778128	303.9611462322073	1.167879838141389e-09
365.84937094069124	1	1	1	1	0	0	365.84937094069124	28.0	0	0.004172619278961493	0.8535330050670492	1.1054379279514377	534.5163226030892	0.0	175.6892327983786	164.92890741955827	193.8981823851523	1.7566855760480795	340.6181402179368	1.3512187933534735e-09
380.78076346777357	1	1	1	1	0	0	380.78076346777357	29.0	0	0.004625214250533711	0.8314206336360405	1.131548411516597	593.5577374292683	0.0	194.74586318036683	186.11883730910844	212.69303693979322	1.7906778048276508	380.8647004894752	1.4989822666931262e-09
395.84107158007737	1	1	1	1	0	0	395.84107158007737	30.0	0	0.0051297343266440655	0.8480168460925178	1.1070332496829398	659.8777835220286	0.0	215.98881375343439	210.1738834107954	233.71508635779875	1.8234282767343883	426.16269716422966	1.7287460417272511e-09
411.03002553366304	1	1	1	1	0	0	411.03002553366304	31.0	0	0.005688590653025537	0.8563962402553105	1.11946351648798	734.0943449292959	0.0	239.5196064431805	237.282324842032	257.2924136440834	1.8531519236504967	476.8019312852125	2.2656461851554787e-09
426.3473174640513	1	1	1	1	0	0	426.3473174640513	32.0	0	0.006297262339922491	0.832793757939765	1.0901929651269964	815.9802193377855	0.0	265.1478879967365	267.3072889004076	283.52504244064136	1.877982884029084	532.455176897144	2.399798842034767e-09
441.79260147745117	1	1	1	1	0	0	441.79260147745117	33.0	0	0.006961513343478811	0.8320391061893962	1.1160086619083152	906.7854368848308	0.0	293.11635130437105	300.6325082814048	313.03657729905467	1.8967395590277842	593.7488595857759	2.672936095535514e-09
457.365493753255	1	1	1	1	0	0	457.365493753255	34.0	0	0.007690620290259933	0.8288600359764157	1.1194189039711122	1008.4240047223128	0.0	323.8155911688393	337.8588663414413	346.7495472120321	1.9082201053479009	661.6744575102807	3.268609480809057e-09
473.0655726577729	1	1	1	1	0	0	473.0655726577729	35.0	0	0.008483281114961189	0.8265135918593974	1.1195154144175503	1120.7251409056346	0.0	357.1907837878397	379.1762927943027	384.3580643234923	1.9158361562628332	736.3670765821422	3.5413843747965315e-09
488.8923788691719	1	1	1	1	0	0	488.8923788691719	36.0	0	0.009339286113983564	0.8248923370283305	1.1157254437139397	1244.5257042987828	0.0	393.23309953614995	424.76720830258193	426.5253964600509	1.9178232166893896	818.0003078387318	4.1063503433289775e-09
504.8454155135833	1	1	1	1	0	0	504.8454155135833	37.0	0	0.010270415476181328	0.8433457229888687	1.1085296498478787	1382.723346276757	0.0	432.43854636552976	475.52615061662567	474.7586492946015	1.91247636737364	907.9646969821556	4.585044352135029e-09
520.9241483123367	1	1	1	1	0	0	520.9241483123367	38.0	0	0.011245411487103963	0.8154480434573959	1.1077478635007811	1532.2079376445276	0.0	473.49100998332483	530.0788316096439	528.638096051559	1.8984062047149333	1003.5698415929687	4.9475332536421085e-09
537.1280057402779	1	1	1	1	0	0	537.1280057402779	39.0	0	0.01232086728287862	0.8140640343913876	1.111575177953457	1697.3672379713685	0.0	518.7733592790999	590.4552973373437	588.1385813549249	1.8859987965099263	1109.2286566164437	5.924165069214546e-09
553.4563791951257	1	1	1	1	0	0	553.4563791951257	40.0	0	0.013503665960306705	0.813739533701902	1.1091802454862951	1879.4298916048153	0.0	568.5754088550192	656.8580301052364	653.9964526445598	1.8737615991722605	1225.4334389602554	6.745541037396403e-09
569.9086231778117	1	1	1	1	0	0	569.9086231778117	41.0	0	0.014789341857422126	0.8165131195615422	1.1066288952919099	2078.643483376129	0.0	622.7091308388265	729.0363260836459	726.8980264536567	1.8596080987002828	1351.7454569224726	7.36323672406703e-09
586.4840554837581	1	1	1	1	0	0	586.4840554837581	42.0	0	0.016177475502108924	0.8050948884225955	1.1194740843292337	2296.1639445042138	0.0	681.1568632466917	806.9666359607995	808.0404452967225	1.8416448184855816	1488.1234992074912	8.428701297704256e-09
603.1819574050269	1	1	1	1	0	0	603.1819574050269	43.0	0	0.017677471342807567	0.8014479836067949	1.0971150069461575	2533.681331980684	0.0	744.3145828550557	891.1769287719518	898.1898203536757	1.8208751363748563	1635.4915116270074	8.916801809565751e-09
620.0015739432909	1	1	1	1	0	0	620.0015739432909	44.0	0	0.019322476799746705	0.8084037703099698	1.1091786178343417	2793.8612715555932	0.0	813.5779705156508	983.5281123194118	996.7551887205316	1.802956335890148	1797.1060828350626	9.814749028808353e-09
636.9421140335545	1	1	1	1	0	0	636.9421140335545	45.0	0	0.02110760877274047	0.8063278360131022	1.1048546264918562	3077.2652886763817	0.0	888.7414220101255	1083.746047645378	1104.7778190208787	1.7854155249094716	1972.4874696555034	1.1598727974975438e-08
654.0027507785644	1	1	1	1	0	0	654.0027507785644	46.0	0	0.023029302801214357	0.7988773644651859	1.0956244878131285	3385.049244695141	0.0	969.6548547879727	1191.630624682508	1223.7637652246606	1.7660969713984862	2161.285479470481	1.2500945793188047e-08
671.1826216938364	1	1	1	1	0	0	671.1826216938364	47.0	0	0.02510019466993	0.7977772871166098	1.0952836980833165	3721.3522345172355	0.0	1056.8503018917895	1307.8912208209301	1356.610711804516	1.7431246135210174	2364.7415227127194	1.3798838657467228e-08
688.4808289632283	1	1	1	1	0	0	688.4808289632283	48.0	0	0.02736347217062549	0.7939313292243881	1.095386953160946	4087.459931310193	0.0	1152.1461966579154	1434.9524138424317	1500.361320809846	1.7243170525776526	2587.098610500347	1.5325061083192594e-08
705.8964397049822	1	1	1	1	0	0	705.8964397049822	49.0	0	0.029823705959019824	0.7966288574529404	1.0950663117583541	4486.053296829656	0.0	1255.7349877482034	1573.0708019628153	1657.2475071186375	1.7069301824621856	2828.805789711019	1.7147561631713908e-08
723.4284862481575	1	1	1	1	0	0	723.4284862481575	50.0	0	0.03248256001405155	0.7918750247547128	1.0953586210821398	4919.9053540404275	0.0	1367.68673743375	1722.3398015435434	1829.8788150631337	1.6886509169574069	3090.0265389772935	1.905565630177488e-08
741.0759664193733	1	1	1	1	0	0	741.0759664193733	51.0	0	0.03535373439218157	0.7922004258260931	1.0949081040103477	5393.30124165648	0.0	1488.578290197119	1883.5285385613693	2021.194412897992	1.6683733178955091	3372.106828758489	2.069549922471664e-08
758.8378438397727	1	1	1	1	0	0	758.8378438397727	52.0	0	0.0384828690637323	0.7870641641276179	1.0919027313464027	5906.047980235664	0.0	1620.3313289992554	2059.199256964217	2226.5173942721913	1.6525945835542173	3679.5305859634727	2.2413850006099792e-08
776.7130482321257	1	1	1	1	0	0	776.7130482321257	53.0	0	0.0419094123529226	0.7957757062903346	1.081906833414324	6467.394978342189	0.0	1764.6068359125309	2251.5665995152513	2451.221542914407	1.6384375565876874	4016.173435427783	2.6255815991234908e-08
794.7004757379742	1	1	1	1	0	0	794.7004757379742	54.0	0	0.045613501867512535	0.7947839641512845	1.0907245976568516	7077.671681031934	0.0	1920.5684996847385	2459.515484544861	2697.5876968023344	1.6237040187504053	4380.0839842296	2.874033036135118e-08
812.7989892447298	1	1	1	1	0	0	812.7989892447298	55.0	0	0.049601386750393744	0.7933495044886962	1.0827794167569855	7740.054145083072	0.0	2088.4794421218426	2683.396741127667	2968.177961833564	1.6076785976477392	4771.876183249509	3.090835028465224e-08
831.0074187226242	1	1	1	1	0	0	831.0074187226242	56.0	0	0.053983796779366766	0.7940275640318429	1.085426723862033	8462.291835621283	0.0	2273.001969657549	2929.4267778419407	3259.863088121793	1.5959040631049712	5202.428747499489	3.461615955999087e-08
849.3245615714155	1	1	1	1	0	0	849.3245615714155	57.0	0	0.0585661942601666	0.7882168322907934	1.084654413754372	9257.373912264607	0.0	2465.9450214807002	3186.684180272809	3563.6980023889673	1.5861695345576987	5652.62920175351	3.8064128242518434e-08
867.7491829767432	1	1	1	1	0	0	867.7491829767432	58.0	0	0.0631334243471995	0.7933228662255387	1.0786743988069727	10151.870446215033	0.0	2658.249446197875	3443.090079895709	3870.0537489401595	1.5765516248358251	6101.339526093584	4.173160934721424e-08
886.2800162760308	1	1	1	1	0	0	886.2800162760308	59.0	0	0.06765253446259563	0.7937436273313391	1.0759920307773572	11145.730851671327	0.0	2848.527766846132	3696.7945074267186	4178.660989970445	1.5663683390403838	6545.32227427285	4.582863035333708e-08
