11.247441493196291	1	1	1	1	0	0	11.247441493196291	1.0	0	0.0			100.0	0.0	0.0	0.0	0.0		0.0	0.0
11.367595075476835	1	1	1	1	0	0	11.367595075476835	1.0	0	0.0			100.0	0.0	0.0	0.0	0.0		0.0	0.0
22.856168219862568	1	1	1	1	0	0	22.856168219862568	2.0	0	0.0			97.01833494434999	0.0	0.0	0.0	4.857218463183318	0.0	0.0	0.0
34.4665080713728	1	1	1	1	0	0	34.4665080713728	3.0	0	0.00011257771665567784			88.55707761080875	0.0	4.740114385502225	3.1600762570014824	14.662576565111165	0.5387996173402292	7.900190642503707	0.0
46.1993671861199	1	1	1	1	0	0	46.1993671861199	4.0	0	0.00033581469321961526	0.5693837555173645	0.8484725991568629	76.60928343886332	0.0	14.139566030299589	9.426377353533061	29.505835329103736	0.7986875518344624	23.56594338383265	9.318284530598157e-12
58.05546181511435	1	1	1	1	0	0	58.05546181511435	5.0	0	0.0004910346662360842	0.6044029585281312	1.0291210307523009	73.30937525712986	0.0	20.675143841519336	13.783429227679555	38.85080218793096	0.8869462437999152	34.45857306919889	2.910587442899765e-11
70.03547169202406	1	1	1	1	0	0	70.03547169202406	6.0	0	0.0005365511568746285	0.6052790654182206	1.019173249936541	79.12254558914469	0.0	22.591627657879094	15.061085105252733	41.46983282601285	0.9079542934524044	37.65271276313183	4.2801902241878025e-11
82.14003983175478	1	1	1	1	0	0	82.14003983175478	7.0	0	0.0005906990050798339	0.6528512904675748	1.0112526773958552	85.9742901386473	0.0	24.871537055993013	16.581024703995336	44.52172837865897	0.931063623753165	41.45256175998835	4.9684714976372275e-11
94.36977233991071	1	1	1	1	0	0	94.36977233991071	8.0	0	0.0006593258927542637	0.7659075702763091	1.1650263635284408	94.63077999190128	0.0	27.761090221232166	18.50739348082144	48.36229628984767	0.9567056829716002	46.2684837020536	6.143334464127554e-11
106.72523823319248	1	1	1	1	0	0	106.72523823319248	9.0	0	0.0007360246297045692	0.7412247363334642	1.1292073817971509	104.1411260366632	0.0	30.990510724402924	20.83141175551444	52.319203556745826	0.9904952475759858	51.82192247991736	7.120031942736013e-11
119.20696927078512	1	1	1	1	0	0	119.20696927078512	10.0	0	0.0008258984629497959	0.7733487444039278	1.1350489462406037	115.18607232891459	0.0	34.77467212420194	23.68652815183809	56.72487205287457	1.0306096454752158	58.46120027604003	8.242246397313307e-11
131.81545979678634	1	1	1	1	0	0	131.81545979678634	11.0	0	0.0009314018499953184	0.8033420573558181	1.1187026514155254	128.09943626235554	0.0	39.21691999980288	27.14829271003081	61.73422355252186	1.0750149413213548	66.36521270983368	1.2662196916832584e-10
144.55116659372186	1	1	1	1	0	0	144.55116659372186	12.0	0	0.0010497772367168343	0.7880895196103767	1.1588206933037886	142.57677120747152	0.0	44.20114680912989	31.12532410989035	67.25030028845129	1.1200912203503701	75.32647091902024	1.4137783709243148e-10
157.41450874719058	1	1	1	1	0	0	157.41450874719058	13.0	0	0.0011890258449361525	0.8273134314002993	1.1220187468107972	159.63371281274766	0.0	50.06424610257484	35.88935241734465	73.68011429282816	1.1665779748700251	85.9535985199195	1.6613436224278425e-10
170.4058675216809	1	1	1	1	0	0	170.4058675216809	14.0	0	0.001345596418274727	0.8114443622860295	1.114115078624833	178.87854450382002	0.0	56.65669129577799	41.32420059915557	80.89765260888647	1.2111710134364329	97.98089189493356	1.9717344776858739e-10
183.52558624759342	1	1	1	1	0	0	183.52558624759342	15.0	0	0.0015260357074368784	0.8150598908217883	1.0871689743281732	200.97699324507545	0.0	64.25413504997383	47.82203973116204	88.90081846393957	1.2606877722570893	112.07617478113589	2.5232698274705336e-10
196.77397021950497	1	1	1	1	0	0	196.77397021950497	16.0	0	0.0017402494058803464	0.8565682423868136	1.0916132553371505	227.1911106590947	0.0	73.27365919496194	55.75501807949994	98.16243338463283	1.3144404924120503	129.02867727446187	3.0896855593984514e-10
210.1512866057031	1	1	1	1	0	0	210.1512866057031	17.0	0	0.001988992263024914	0.8764132425955535	1.1282638585979892	257.6735045627539	0.0	83.74704265368058	65.17362346606355	108.75283844300976	1.3693496947004624	148.92066611974408	3.9351689062382483e-10
223.65776436901845	1	1	1	1	0	0	223.65776436901845	18.0	0	0.002275276938099769	0.8709695061718438	1.094723091442619	292.86973377237035	0.0	95.80113423577974	76.21334897870925	120.85525055788136	1.4233099713951267	172.014483214489	4.894389621676632e-10
237.29359419897813	1	1	1	1	0	0	237.29359419897813	19.0	0	0.002598259258428647	0.8510921331148794	1.1003664444163923	332.7694889745924	0.0	109.40038982857462	88.86186053585921	134.50723861015857	1.4739894478025526	198.2622503644338	5.621730705927559e-10
251.0589284553002	1	1	1	1	0	0	251.0589284553002	20.0	0	0.0029772137591261897	0.8871976724909892	1.135098996244241	379.5769392899843	0.0	125.35636880531328	104.09339991779557	150.12717056687546	1.5283693674949959	229.44976872310883	7.039316844298513e-10
264.95388112274634	1	1	1	1	0	0	264.95388112274634	21.0	0	0.0034066434847958905	0.8535453188210742	1.1191566036855825	432.72461251903104	0.0	143.43762041245856	121.72658276827828	167.56040933829416	1.5824991370448769	265.16420318073693	9.636825703472523e-10
278.9785277773454	1	1	1	1	0	0	278.9785277773454	22.0	0	0.0038993960016827423	0.8525540883043862	1.1246235488007827	493.9443672009935	0.0	164.18509480769438	142.33000844078634	187.42926395251283	1.6353641730468491	306.51510324848067	1.143274309070115e-09
293.1329055639992	1	1	1	1	0	0	293.1329055639992	23.0	0	0.004461463111863164	0.8424948701483724	1.110547917370887	564.1646931716548	0.0	187.85107839423856	166.2062370935127	210.10737768390342	1.6851255743166411	354.05731548775117	1.2987117101579898e-09
307.41701318547484	1	1	1	1	0	0	307.41701318547484	24.0	0	0.005103000691051585	0.8323690716745993	1.125804010994267	644.8929474617793	0.0	214.86318699164562	193.84684142199168	236.18291904814186	1.7304808919324468	408.7100284136374	1.5383513224758776e-09
321.83081090278995	1	1	1	1	0	0	321.83081090278995	25.0	0	0.0058511637422564424	0.8448489152879722	1.1206381432147994	739.3349350293363	0.0	246.3647891476397	226.7389139298596	266.23123195183706	1.7770405808852914	473.1037030774993	1.8629848713455913e-09
336.3742205469876	1	1	1	1	0	0	336.3742205469876	26.0	0	0.006685942295750654	0.8165269363529442	1.1187017236881025	845.2598606347743	0.0	281.51335982108026	264.095473839078	299.65102697461623	1.8208141622901144	545.6088336601582	2.2298412830911158e-09
351.0471255422998	1	1	1	1	0	0	351.0471255422998	27.0	0	0.007657518396266451	0.8335118043406924	1.1207411575633914	969.4315009121104	0.0	322.42182721121907	308.27648443989654	338.7331892609949	1.86193243427694	630.6983116511155	2.875453260369658e-09
365.84937094069124	1	1	1	1	0	0	365.84937094069124	28.0	0	0.00876406442454114	0.8244951043509837	1.1038432991272735	1112.1582251471343	0.0	369.0132389280481	359.3508622311876	383.79412398789907	1.8977989907479689	728.3641011592357	3.4478243331627063e-09
380.78076346777357	1	1	1	1	0	0	380.78076346777357	29.0	0	0.010013747887440123	0.8237411737854287	1.0924704170634747	1275.180539509418	0.0	421.63148999747887	417.85947727605065	435.68957223588853	1.9268098682403565	839.4909672735295	3.803262394866413e-09
395.84107158007737	1	1	1	1	0	0	395.84107158007737	30.0	0	0.01145892862750748	0.8438521346157709	1.0918609637633656	1465.1520745027494	0.0	482.48120536873597	486.7643454343325	495.90652369968046	1.9544924385589264	969.2455508030687	4.80415765619965e-09
411.03002553366304	1	1	1	1	0	0	411.03002553366304	31.0	0	0.013089904162059407	0.8328114227702534	1.093017005351194	1681.7469132828314	0.0	551.153859455133	565.8780687063867	564.7149851213113	1.9780454877101592	1117.0319281615198	5.5237270655492495e-09
426.3473174640513	1	1	1	1	0	0	426.3473174640513	32.0	0	0.014912348966603891	0.819709877026093	1.0826362308610116	1926.924222485647	0.0	627.8883775412165	655.7768448984938	643.2590000459363	1.9955651181686398	1283.6652224397105	6.461816788420729e-09
441.79260147745117	1	1	1	1	0	0	441.79260147745117	33.0	0	0.016974649938942325	0.8266076250689698	1.086964317408636	2208.84730192108	0.0	714.7221026923085	759.2416977400675	734.8835014887034	2.0057108336851592	1473.9638004323758	7.524975048831262e-09
457.365493753255	1	1	1	1	0	0	457.365493753255	34.0	0	0.019264943402066068	0.8118245027122121	1.1034353803075865	2528.117538677342	0.0	811.1555116659398	876.1782938007827	840.7837332106196	2.0068582904470142	1687.3338054667224	8.79207070654032e-09
473.0655726577729	1	1	1	1	0	0	473.0655726577729	35.0	0	0.021827965748933958	0.8116564287647254	1.0890143936341927	2891.2366845301567	0.0	919.0722420603772	1009.7757720837112	962.3886703860686	2.0042297602800314	1928.8480141440884	1.0264781175180771e-08
488.8923788691719	1	1	1	1	0	0	488.8923788691719	36.0	0	0.024678687184474545	0.807660294719503	1.0863778296180298	3303.5250709296665	0.0	1039.102618293665	1161.6054930010002	1102.816959635002	1.9955334310627852	2200.7081112946653	1.3029126455883516e-08
504.8454155135833	1	1	1	1	0	0	504.8454155135833	37.0	0	0.027806588940705743	0.7995083877763136	1.0864440551487111	3767.7663080759453	0.0	1170.803744871821	1332.1177668635596	1264.8447963405647	1.9788368651844133	2502.921511735381	1.3592142691326336e-08
520.9241483123367	1	1	1	1	0	0	520.9241483123367	38.0	0	0.031239753791086625	0.803888240810978	1.0905334545453478	4294.132815228867	0.0	1315.3580543615421	1524.2091649627587	1454.5655959045666	1.9521754311523007	2839.5672193243013	1.5818323137441995e-08
537.1280057402779	1	1	1	1	0	0	537.1280057402779	39.0	0	0.03510129350721753	0.8076143155502554	1.089100103529467	4887.155048412426	0.0	1477.9492003038965	1740.9973595525641	1668.208488555967	1.9295828920297853	3218.9465598564598	1.8271693860467844e-08
553.4563791951257	1	1	1	1	0	0	553.4563791951257	40.0	0	0.039215918009814436	0.8091172853328914	1.0852002771826916	5573.60921114518	0.0	1651.1965477816611	1971.9938228562505	1897.3095317583768	1.9096464282662584	3623.1903706379107	2.2074543446103127e-08
569.9086231778117	1	1	1	1	0	0	569.9086231778117	41.0	0	0.04335563757325368	0.8196803557104222	1.0863040954087462	6374.745961129376	0.0	1825.5005294001546	2204.3991316809092	2132.0437069732484	1.8901580900525263	4029.8996610810636	2.507522568152954e-08
586.4840554837581	1	1	1	1	0	0	586.4840554837581	42.0	0	0.04746583347362121	0.8197437529004937	1.0848653869669298	7288.550363627393	0.0	1998.56140941563	2435.1469717015425	2372.302444704459	1.868947355770028	4433.708381117172	2.8098952842381615e-08
603.1819574050269	1	1	1	1	0	0	603.1819574050269	43.0	0	0.0515534687665896	0.8107891183646316	1.0841578430779013	8312.569367791202	0.0	2170.6723691195625	2664.628251306785	2617.968303984584	1.8469668303726037	4835.300620426347	3.070185908793239e-08
620.0015739432909	1	1	1	1	0	0	620.0015739432909	44.0	0	0.055741637966838765	0.8133768665775823	1.0897182547097306	9441.919676053209	0.0	2347.0163354458427	2899.753539741826	2868.914851464974	1.8288342968800464	5246.769875187669	3.4811544609268563e-08
636.9421140335545	1	1	1	1	0	0	636.9421140335545	45.0	0	0.05997369078804464	0.8152384484195628	1.0851393569458627	10688.471022481192	0.0	2525.208033180827	3137.342470055137	3125.006549016043	1.812012363628136	5662.550503235964	3.962171682061298e-08
654.0027507785644	1	1	1	1	0	0	654.0027507785644	46.0	0	0.06419048401154777	0.8139364083911445	1.0919315844467734	12049.714547380801	0.0	2702.7572215388536	3374.074721199173	3386.098650156969	1.7946411403153668	6076.8319427380275	4.159897718562144e-08
671.1826216938364	1	1	1	1	0	0	671.1826216938364	47.0	0	0.06833608012187321	0.8164288901345861	1.0865700288906337	13530.915890868742	0.0	2877.308636710451	3606.8099414279695	3652.037105626217	1.775479928215731	6484.11857813842	4.77538791591633e-08
688.4808289632283	1	1	1	1	0	0	688.4808289632283	48.0	0	0.07259687086519592	0.8144117008690995	1.0859606694753992	15118.982866964718	0.0	3056.7103522187763	3846.012228772403	3922.658478395882	1.7597052149729728	6902.722580991179	5.057665346778749e-08
705.8964397049822	1	1	1	1	0	0	705.8964397049822	49.0	0	0.07691138419438216	0.8148343178164315	1.08403596351047	16820.815678487546	0.0	3238.374071342407	4088.230520937245	4197.789868423756	1.745348105056708	7326.604592279651	5.664280744035922e-08
723.4284862481575	1	1	1	1	0	0	723.4284862481575	50.0	0	0.08121558977786413	0.8110419589482716	1.0793366009696277	18632.451454829632	0.0	3419.6037801205953	4329.870132641496	4477.24884742726	1.7308561969288645	7749.4739127620915	5.997799308516004e-08
741.0759664193733	1	1	1	1	0	0	741.0759664193733	51.0	0	0.08547164330245313	0.8130874746633192	1.0816047407659466	20559.84540884557	0.0	3598.8060337874995	4568.806470864035	4760.843403953018	1.7155810035402157	8167.612504651534	6.407467794860038e-08
758.8378438397727	1	1	1	1	0	0	758.8378438397727	52.0	0	0.08985359498123502	0.8115232949246449	1.082715801303815	22598.590772790267	0.0	3783.3092623677912	4814.8107756377585	5048.371899004751	1.7031471155484017	8598.120038005549	6.977890761037771e-08
776.7130482321257	1	1	1	1	0	0	776.7130482321257	53.0	0	0.0942949220457828	0.8113642157278144	1.0826247933597986	24739.105719368185	0.0	3970.3125071908544	5064.148435401843	5339.623032480629	1.6919660597080683	9034.460942592697	7.35414093877576e-08
794.7004757379742	1	1	1	1	0	0	794.7004757379742	54.0	0	0.09872649957726284	0.8089127531813382	1.0836136748495675	26992.461086016065	0.0	4156.905245358435	5312.9387529586165	5634.375820658795	1.680726366103459	9469.843998317052	8.001895889672807e-08
812.7989892447298	1	1	1	1	0	0	812.7989892447298	55.0	0	0.10311869182500398	0.8019568353601617	1.082339172150061	29354.72184429834	0.0	4341.839655789641	5559.517966866891	5932.399584957056	1.6690307995711666	9901.357622656533	8.382124319794546e-08
831.0074187226242	1	1	1	1	0	0	831.0074187226242	56.0	0	0.10764186959196594	0.8046010663624238	1.0775479183294752	31831.923134200333	0.0	4532.289245977513	5813.450753784054	6233.45395217919	1.6597122685320769	10345.739999761568	9.179160381417242e-08
849.3245615714155	1	1	1	1	0	0	849.3245615714155	57.0	0	0.11222426707276577	0.8030376953618269	1.0737165197197371	34414.0727941995	0.0	4725.232297800664	6070.7081562149215	6537.288866446364	1.6514400196429138	10795.940454015588	9.761699208913344e-08
867.7491829767432	1	1	1	1	0	0	867.7491829767432	58.0	0	0.11679149715979867	0.8008297599027991	1.0764660558336687	37125.55876837368	0.0	4917.536722517839	6327.114055837822	6843.6446129975575	1.6430792968120589	11244.650778355659	1.0245613092292948e-07
886.2800162760308	1	1	1	1	0	0	886.2800162760308	59.0	0	0.12131060727519477	0.7994740460529749	1.0771277735972846	39951.708197405904	0.0	5107.815043166096	6580.81848336883	7152.251854027842	1.634259218647675	11688.633526534926	1.0675380576111683e-07
