11.247441493196291	1	1	1	1	0	0	11.247441493196291	1.0	0	0.0			100.0	0.0	0.0	0.0	0.0		0.0	0.0
11.367595075476835	1	1	1	1	0	0	11.367595075476835	1.0	0	0.0			100.0	0.0	0.0	0.0	0.0		0.0	0.0
22.856168219862568	1	1	1	1	0	0	22.856168219862568	2.0	0	0.0			97.01833494434999	0.0	0.0	0.0	4.857218463183318	0.0	0.0	0.0
34.4665080713728	1	1	1	1	0	0	34.4665080713728	3.0	0	0.00011257771665567784			88.55707761080875	0.0	4.740114385502225	3.1600762570014824	14.662576565111165	0.5387996173402292	7.900190642503707	0.0
46.1993671861199	1	1	1	1	0	0	46.1993671861199	4.0	0	0.00033581469321961526	0.5899381527066284	0.9382124728217692	75.34961477030942	0.0	14.139566030299589	9.426377353533061	29.505835329103736	0.7986875518344624	23.56594338383265	3.823027800581216e-12
58.05546181511435	1	1	1	1	0	0	58.05546181511435	5.0	0	0.00046199277961260217	0.5507284511697402	0.9392395297056316	69.5228909990384	0.0	19.45232756263588	12.968218375090585	37.10234506131194	0.8738139296627003	32.420545937726466	1.0996274603746274e-11
70.03547169202406	1	1	1	1	0	0	70.03547169202406	6.0	0	0.00047295244808300555	0.5449571695129274	1.0657273040623672	70.92261269785752	0.0	19.913787287705496	13.275858191803666	37.73296721834835	0.8795927785761328	33.18964547950916	1.5108361088742163e-11
82.14003983175478	1	1	1	1	0	0	82.14003983175478	7.0	0	0.00048684294611776033	0.6655704128436521	1.1036691854311893	72.6802844679124	0.0	20.498650362853066	13.665766908568711	38.51586719649065	0.8870218888524635	34.16441727142177	1.7449215517961566e-11
94.36977233991071	1	1	1	1	0	0	94.36977233991071	8.0	0	0.0005016153086531022	0.6791389698345008	1.0824761122171604	74.54364751305633	0.0	21.12064457486745	14.080429716578305	39.34257322161057	0.8947323829878541	35.20107429144576	1.8222533477238773e-11
106.72523823319248	1	1	1	1	0	0	106.72523823319248	9.0	0	0.0005193636081754231	0.7835562006219249	1.089225227171964	76.74436784920373	0.0	21.867941396859926	14.61821396276901	40.25821248957479	0.9063034124795616	36.48615535962893	2.375536924368373e-11
119.20696927078512	1	1	1	1	0	0	119.20696927078512	10.0	0	0.0005387351989418429	0.8155690622191616	1.1633895967173256	79.12501827753005	0.0	22.68358732386707	15.233611619939866	41.207819333723116	0.9201457285747888	37.91719894380693	2.519267677659505e-11
131.81545979678634	1	1	1	1	0	0	131.81545979678634	11.0	0	0.0005577105685483073	0.7517541947954973	1.1851083321548763	81.44755843819901	0.0	23.482550254665572	15.85622918532592	42.10877899820754	0.9342180033685143	39.33877943999149	2.520895046969955e-11
144.55116659372186	1	1	1	1	0	0	144.55116659372186	12.0	0	0.0005803431633494684	0.8959989007175491	1.1360231274404655	84.21552959071855	0.0	24.43550161471445	16.616611412386938	43.163416563617155	0.9510858105172468	41.05211302710139	2.8400253597416128e-11
157.41450874719058	1	1	1	1	0	0	157.41450874719058	13.0	0	0.0006040078687036144	0.873343227382204	1.135642792597688	87.1142838583087	0.0	25.43191026120481	17.42623764590125	44.25613595120262	0.9684114300977836	42.85814790710607	4.03251074810411e-11
170.4058675216809	1	1	1	1	0	0	170.4058675216809	14.0	0	0.0006286181944923715	0.8618612473396018	1.1476354578315977	90.13925571328751	0.0	26.46813450494195	18.280506628346423	45.39061457999915	0.9858566919031394	44.748641133288366	3.971473050647574e-11
183.52558624759342	1	1	1	1	0	0	183.52558624759342	15.0	0	0.0006550980691985027	0.8860024748094891	1.1931286616069334	93.3822531590514	0.0	27.583076597831692	19.234079250335114	46.5650973108846	1.0054130357679567	46.817155848166806	4.754403937106488e-11
196.77397021950497	1	1	1	1	0	0	196.77397021950497	16.0	0	0.0006814606845539192	0.8236515589283843	1.185680789683766	96.60834327041695	0.0	28.693081454901858	20.21036628678377	47.70489552873135	1.0251243022266432	48.90344774168562	4.8352977235831706e-11
210.1512866057031	1	1	1	1	0	0	210.1512866057031	17.0	0	0.0007112279040764162	0.9177115166318812	1.1132028701637302	100.25619117776043	0.0	29.946438066375407	21.3374969202261	48.97225619115893	1.0472038450999512	51.28393498660152	5.729244776305196e-11
223.65776436901845	1	1	1	1	0	0	223.65776436901845	18.0	0	0.0007412532700800576	0.8595893517991154	1.1670212742023884	103.94755070893505	0.0	31.210664003370844	22.495336748747324	50.24154995681686	1.0689558900606977	53.706000752118165	5.719245324967088e-11
237.29359419897813	1	1	1	1	0	0	237.29359419897813	19.0	0	0.0007740287725841166	0.9194027021056635	1.1518468188586233	107.99648603520977	0.0	32.59068516143649	23.77887859026936	51.626922283503895	1.0918637264905746	56.369563751705854	6.399397092608963e-11
251.0589284553002	1	1	1	1	0	0	251.0589284553002	20.0	0	0.0008090343430197584	0.9087197632277274	1.1307170422803816	112.3202808335621	0.0	34.0646039166214	25.18587790996652	53.06979900697417	1.1164632792146345	59.25048182658792	9.045397000365695e-11
264.95388112274634	1	1	1	1	0	0	264.95388112274634	21.0	0	0.0008457323599570928	0.9172745594305964	1.1891463626802672	116.86215135567787	0.0	35.60978357714074	26.69276670742219	54.55960107111493	1.1419172622496925	62.30255028456293	9.072081161488895e-11
278.9785277773454	1	1	1	1	0	0	278.9785277773454	22.0	0	0.0008827351235970623	0.85997534289056	1.138995569643424	121.45938837621195	0.0	37.16779467777105	28.23996061147395	56.051633086966966	1.1669197075446764	65.40775528924499	9.052475237759088e-11
293.1329055639992	1	1	1	1	0	0	293.1329055639992	23.0	0	0.0009224426624002733	0.9114719339799122	1.134599135070793	126.42014175912935	0.0	38.83969104843256	29.92670985997229	57.653740850724496	1.192748291675521	68.76640090840486	1.0260349991478523e-10
307.41701318547484	1	1	1	1	0	0	307.41701318547484	24.0	0	0.0009618828333234727	0.8372302922363256	1.1358248134923603	131.38311859917962	0.0	40.50032982414624	31.625987025489	59.2568017495444	1.2171820739581138	72.12631684963524	1.0585812876098222e-10
321.83081090278995	1	1	1	1	0	0	321.83081090278995	25.0	0	0.0010042985857231241	0.8373821536466763	1.089503368806479	136.73733644560414	0.0	42.28625624097366	33.490743646600315	60.96033655803015	1.2430541589192072	75.77699988757396	1.3380004973426852e-10
336.3742205469876	1	1	1	1	0	0	336.3742205469876	26.0	0	0.0010475821244500623	0.8141421131127583	1.1156410698907877	142.22957819091485	0.0	44.10872102947632	35.42769339305429	62.69316376838423	1.2686616792282597	79.53641442253061	1.4404119872673362e-10
351.0471255422998	1	1	1	1	0	0	351.0471255422998	27.0	0	0.0010957914074247862	0.892854962796536	1.149692667903941	148.39093368369382	0.0	46.138585575780496	37.61994044506947	64.63240766284383	1.2959214896925684	83.75852602084996	1.5914877444119342e-10
365.84937094069124	1	1	1	1	0	0	365.84937094069124	28.0	0	0.001146145805158529	0.8832627350007332	1.1135742146009664	154.8858449261754	0.0	48.258770743517026	39.944127119270476	66.68294706338784	1.3227204517362303	88.20289786278751	1.6688360173093324e-10
380.78076346777357	1	1	1	1	0	0	380.78076346777357	29.0	0	0.001199980358073791	0.9134669189574264	1.1076372535805337	161.90861002586374	0.0	50.52548876100172	42.46459348226817	68.91852778259388	1.34927551755909	92.99008224326988	2.1896491098810117e-10
395.84107158007737	1	1	1	1	0	0	395.84107158007737	30.0	0	0.0012518835704273712	0.7802747243945094	1.0992229070832806	168.731378035791	0.0	52.71088717588933	44.939290179408005	71.08120068049371	1.373783453577688	97.65017735529732	2.2672878610138568e-10
411.03002553366304	1	1	1	1	0	0	411.03002553366304	31.0	0	0.0013079529079151426	0.8164467947489678	1.088983528924048	176.17743032559818	0.0	55.071701385900745	47.65904529288591	73.44668364681154	1.398711848894302	102.73074667878666	2.361413601590269e-10
426.3473174640513	1	1	1	1	0	0	426.3473174640513	32.0	0	0.001365786636039971	0.8209851249105325	1.062164701731498	183.9579226661367	0.0	57.50680572799878	50.511906113737275	75.93921082440066	1.422436586699788	108.01871184173606	2.608873991836213e-10
441.79260147745117	1	1	1	1	0	0	441.79260147745117	33.0	0	0.0014244662201505064	0.7821752581771957	1.082556780077976	191.97960780052063	0.0	59.97752505896871	53.45583845738406	78.54624428416784	1.4441602466181434	113.43336351635277	2.9222589362164563e-10
457.365493753255	1	1	1	1	0	0	457.365493753255	34.0	0	0.0014864078309900655	0.8044341110388344	1.0985792186324848	200.61435835813583	0.0	62.58559288379224	56.61842056431478	81.41034491002884	1.4642366836775609	119.20401344810702	3.29523155588008e-10
473.0655726577729	1	1	1	1	0	0	473.0655726577729	35.0	0	0.0015489758452642242	0.780670531484025	1.082937938474859	209.47875391391534	0.0	65.2200355900726	59.87977680586795	84.37894151797478	1.4825951848340169	125.09981239594057	3.527582628191813e-10
488.8923788691719	1	1	1	1	0	0	488.8923788691719	36.0	0	0.001615922990314513	0.8184406287904474	1.1096958222819555	219.16105049425565	0.0	68.03886275008475	63.44538873219322	87.67679901197769	1.4996470327836176	131.48425148227795	3.7697645912331136e-10
504.8454155135833	1	1	1	1	0	0	504.8454155135833	37.0	0	0.0016834140846199305	0.7673936070478462	1.0916340407193357	229.17803681880542	0.0	70.88059303662865	67.12455158715296	91.1728921950238	1.5136642186208271	138.00514462378163	4.076681281965396e-10
520.9241483123367	1	1	1	1	0	0	520.9241483123367	38.0	0	0.001751686258016334	0.8014921200365305	1.0590180788744548	239.64540061067714	0.0	73.75521086384562	70.9444955195077	94.9456942273238	1.5240259978183526	144.69970638335334	4.2403068827024427e-10
537.1280057402779	1	1	1	1	0	0	537.1280057402779	39.0	0	0.0018243126545312567	0.8093277179176986	1.0825067387790284	250.7987412507956	0.0	76.81316440131606	75.02176690280163	98.96380994667787	1.5342470281401557	151.83493130411767	4.88858140494824e-10
553.4563791951257	1	1	1	1	0	0	553.4563791951257	40.0	0	0.0018988687588960245	0.7876939951465897	1.0866406784460627	262.2748127617456	0.0	79.95236879562208	79.20737276187631	103.11507120424723	1.5435157993756274	159.1597415574984	5.239108729603506e-10
569.9086231778117	1	1	1	1	0	0	569.9086231778117	41.0	0	0.0019746227589888888	0.7612366503371761	1.0946898214956235	274.0127838035946	0.0	83.14201090479531	83.46022890744064	107.41054399135858	1.5510790060391038	166.60223981223598	5.668519702638913e-10
586.4840554837581	1	1	1	1	0	0	586.4840554837581	42.0	0	0.0020566067659653843	0.7639353802547354	1.065116481134569	286.85967291323726	0.0	86.59396909327933	88.06283982541933	112.20286399453856	1.556616317095079	174.65680891869866	6.253280589357964e-10
603.1819574050269	1	1	1	1	0	0	603.1819574050269	43.0	0	0.002141143865125449	0.7665581647984062	1.0681633656208382	300.24573065589465	0.0	90.15342590001892	92.80878223440546	117.2835225214702	1.5599992582157558	182.9622081344244	6.793761457983167e-10
620.0015739432909	1	1	1	1	0	0	620.0015739432909	44.0	0	0.002231301151202388	0.8037556581951587	1.0540235456233054	314.5053290935694	0.0	93.94952215589001	97.87024390890026	122.68556302877913	1.5635072402104384	191.81976606479026	7.374672006115745e-10
636.9421140335545	1	1	1	1	0	0	636.9421140335545	45.0	0	0.002325985391217509	0.8165385617602108	1.0855267054034574	329.53721154498953	0.0	97.93622699863191	103.18585036588945	128.4151341804681	1.5661867166051833	201.12207736452137	7.662188943504589e-10
654.0027507785644	1	1	1	1	0	0	654.0027507785644	46.0	0	0.0024192625517453314	0.7556658515702513	1.0494701104487318	344.4767456477465	0.0	101.86368638927708	108.42246288674971	134.19059637171975	1.5670706812682735	210.2861492760268	7.897265250431282e-10
671.1826216938364	1	1	1	1	0	0	671.1826216938364	47.0	0	0.002518759194888525	0.7874674280002865	1.0604790796025798	360.63452726435526	0.0	106.05301873214842	114.00823934391146	140.5732691882954	1.5654559316059706	220.06125807605983	9.165254188783193e-10
688.4808289632283	1	1	1	1	0	0	688.4808289632283	48.0	0	0.0026235113774555887	0.7853572809014296	1.0727268931501386	377.57923699697886	0.0	110.46363694549842	119.88906362837814	147.22653642310217	1.5646140034965228	230.35270057387658	9.403489244203818e-10
705.8964397049822	1	1	1	1	0	0	705.8964397049822	49.0	0	0.002731576655035961	0.7498947760532985	1.0832264810734211	395.08737093520426	0.0	115.01375389625095	125.9558862293815	154.11773080957173	1.5635426168023143	240.96964012563245	1.0508526006646642e-09
723.4284862481575	1	1	1	1	0	0	723.4284862481575	50.0	0	0.002843623642864944	0.7594837437882002	1.0837488676515736	413.3703662285636	0.0	119.73152180483973	132.2462434408332	161.39260098289066	1.5612721011441242	251.9777652456729	1.0845428179216529e-09
741.0759664193733	1	1	1	1	0	0	741.0759664193733	51.0	0	0.0029612875332362125	0.7748001497657395	1.073692395335432	432.770651438319	0.0	124.68579087310366	138.85193553185178	169.23292503336359	1.5572485457720475	263.53772640495544	1.198053447315138e-09
758.8378438397727	1	1	1	1	0	0	758.8378438397727	52.0	0	0.0030849888051665835	0.7928164994615159	1.0789001747280296	453.0406079592256	0.0	129.89426548069824	145.7965683419779	177.34977413654946	1.5545034391214367	275.6908338226761	1.2800856466480825e-09
776.7130482321257	1	1	1	1	0	0	776.7130482321257	53.0	0	0.0032154371720090422	0.7597150690267471	1.0785675761529665	474.411065868198	0.0	135.38682829511757	153.11998542787032	185.90425214521008	1.5519107841472866	288.5068137229879	1.349050155136905e-09
794.7004757379742	1	1	1	1	0	0	794.7004757379742	54.0	0	0.0033509963316449	0.7623331937654007	1.0681795646127774	496.74546049773016	0.0	141.09458238504845	160.7303242144448	194.92055389823705	1.5484508973695417	301.82490659949326	1.5196286254416905e-09
812.7989892447298	1	1	1	1	0	0	812.7989892447298	55.0	0	0.0034869160839433784	0.7354900969280407	1.0828452941142994	519.3215536109396	0.0	146.81751932393172	168.36090679962248	204.14312748738536	1.5439090700862808	315.1784261235543	1.5196777229362762e-09
831.0074187226242	1	1	1	1	0	0	831.0074187226242	56.0	0	0.0036356341918965373	0.7688787917871727	1.0650576413009525	543.8308583357814	0.0	153.07933439564368	176.70999356190518	214.0415303782325	1.5407726125615837	329.78932795754884	1.6897184967008494e-09
849.3245615714155	1	1	1	1	0	0	849.3245615714155	57.0	0	0.0037891337332915413	0.7580800208246954	1.0757042532572842	569.0892702803106	0.0	159.54247298069652	185.32751167530887	224.21928562430531	1.5380924245466492	344.8699846560054	1.8327869382378847e-09
867.7491829767432	1	1	1	1	0	0	867.7491829767432	58.0	0	0.0039463043829062105	0.7270614944311333	1.0943143328125464	595.0731210175247	0.0	166.16018454341943	194.1511270922728	234.76180938183262	1.5347952573054895	360.3113116356922	1.8996025999385226e-09
886.2800162760308	1	1	1	1	0	0	886.2800162760308	59.0	0	0.0041126706969963215	0.7646871752367883	1.0870242925668054	622.7789346243559	0.0	173.1650819787925	203.49099033943685	246.1228623061265	1.5303579228237083	376.65607231822935	2.0132374110942845e-09
