NumAxe Jour Diam     X1       Y1       Z1      X2       Y2       Z2
    1     8    0.91  550.00    0.00   10.00  549.88    0.41   14.98
    1     8    0.91  549.88    0.41   14.98  549.36    0.71   19.95
    1     8    0.91  549.36    0.71   19.95  548.90    0.62   24.92
    1     8    0.91  548.90    0.62   24.92  548.36    1.01   29.88
    1     8    0.91  548.36    1.01   29.88  547.46    1.62   34.76
    1     9    0.91  547.46    1.62   34.76  546.88    1.96   39.71
    1     9    0.91  546.88    1.96   39.71  546.25    1.94   44.67
    1     9    0.91  546.25    1.94   44.67  545.32    2.21   49.58
    1     9    0.91  545.32    2.21   49.58  544.35    2.52   54.47
    1     9    0.91  544.35    2.52   54.47  543.77    3.04   59.41
    1     9    0.91  543.77    3.04   59.41  543.41    3.21   64.40
    1    10    0.91  543.41    3.21   64.40  543.48    3.45   69.39
    1    10    0.91  543.48    3.45   69.39  543.86    3.33   74.38
    1    10    0.91  543.86    3.33   74.38  544.68    3.29   79.31
    1    10    0.91  544.68    3.29   79.31  545.70    3.50   84.20
    1    10    0.91  545.70    3.50   84.20  546.99    3.71   89.02
    1    10    0.91  546.99    3.71   89.02  548.10    4.04   93.89
    1    11    0.91  548.10    4.04   93.89  548.87    4.02   98.83
    1    11    0.91  548.87    4.02   98.83  549.79    4.32  103.73
    1    11    0.91  549.79    4.32  103.73  550.97    4.91  108.56
    1    11    0.91  550.97    4.91  108.56  551.78    5.28  113.48
    1    11    0.91  551.78    5.28  113.48  552.35    6.01  118.39
    1    11    0.91  552.35    6.01  118.39  552.95    6.28  123.35
    1    12    0.91  552.95    6.28  123.35  553.83    6.79  128.24
    1    12    0.91  553.83    6.79  128.24  555.14    7.46  133.02
    1    12    0.91  555.14    7.46  133.02  556.67    8.51  137.66
    1    12    0.91  556.67    8.51  137.66  558.38    9.65  142.22
    1    12    0.91  558.38    9.65  142.22  560.36   10.91  146.64
    1    12    0.91  560.36   10.91  146.64  562.41   11.81  151.10
    2     9    0.91  550.00    0.00   10.00  552.28   -2.09   13.93
    2     9    0.91  552.28   -2.09   13.93  554.17   -4.37   17.96
    2     9    0.91  554.17   -4.37   17.96  556.03   -6.63   22.01
    2     9    0.91  556.03   -6.63   22.01  557.57   -9.03   26.12
    2     9    0.91  557.57   -9.03   26.12  559.37  -11.06   30.32
    2    10    0.91  559.37  -11.06   30.32  560.96  -13.18   34.56
    2    10    0.91  560.96  -13.18   34.56  562.20  -15.62   38.74
    2    10    0.91  562.20  -15.62   38.74  563.04  -18.12   42.99
    2    10    0.91  563.04  -18.12   42.99  563.47  -20.84   47.17
    2    10    0.91  563.47  -20.84   47.17  563.89  -23.67   51.26
    2    10    0.91  563.89  -23.67   51.26  564.18  -26.64   55.27
    2    11    0.91  564.18  -26.64   55.27  564.26  -29.79   59.16
    2    11    0.91  564.26  -29.79   59.16  564.73  -32.68   63.21
    2    11    0.91  564.73  -32.68   63.21  565.36  -35.16   67.51
    2    11    0.91  565.36  -35.16   67.51  565.88  -37.44   71.93
    2    11    0.91  565.88  -37.44   71.93  566.31  -39.87   76.27
    2    11    0.91  566.31  -39.87   76.27  567.03  -42.25   80.61
    2    12    0.91  567.03  -42.25   80.61  567.98  -44.77   84.83
    2    12    0.91  567.98  -44.77   84.83  568.63  -47.41   89.02
    2    12    0.91  568.63  -47.41   89.02  569.38  -50.07   93.19
    2    12    0.91  569.38  -50.07   93.19  569.83  -52.38   97.60
    2    12    0.91  569.83  -52.38   97.60  570.61  -54.35  102.13
    2    12    0.91  570.61  -54.35  102.13  571.74  -56.16  106.65
