0.0
0.0009714436926366636
0.0019610716203855693
0.0029686517527985155
0.00399391347687639
0.0014696742246990482
0.0014813493175777595
0.0019964522117085774
0.0025957202909214438
0.002826554752843393
0.0033470096042193666
0.0040853816969173415
0.0047165647444503776
0.006129022359981917
0.007328740788859882
0.00821450708225857
0.009954311592534296
0.011854381120675812
0.014732952734976438
0.0172924986314532
0.02003470875289611
0.023456872789129463
0.024917871593227774
0.02617246441130007
0.027430487975191882
0.028690772872580483
0.029952107191189844
0.031213237028462973
0.03247286707106525
0.033729661244877716
0.03498224343601356
0.036229198283291
0.03746907204245372
0.03870037352232641
0.0399215750929526
0.041131113765645294
0.04232739234473968
0.04350878065072095
0.044673616814247454
0.04582020864048184
0.046946835042974394
0.04805174754624216
0.04913317185602489
0.05018930949607819
0.05121833951021359
0.0522184202281851
0.05318769109384948
0.05412427455393322
0.055026278005575024
0.0558917958007005
0.056718911305151554
0.05750569901034647
0.0582502266951758
0.05895055763563323
0.05960475285965186
0.060210873444427084
0.06076698285343514
0.06127114931023835
0.06172144820605672
1.8417432916734613
