0.0
0.0009714436926366636
0.0019610716203855693
0.0029686517527985155
0.00399391347687639
0.0014696742246990482
0.0013679714732741993
0.001614228756038621
0.0017914453581870408
0.001757223510593807
0.001805087366974199
0.003179531374904709
0.00257029259447895
0.0032432081506750064
0.004746734759507234
0.003796044345387167
0.006779653518212584
0.005412436137450805
0.009210983937289542
0.007551287773426893
0.008596152317391586
0.012911012669721245
0.015336849725460469
0.017609263022966615
0.020039167380197287
0.02127946906870028
0.02303960557448744
0.023812251827837232
0.026818640378634486
0.030455566983050148
0.03454815160010651
0.03622919828329094
0.03746907204245372
0.03870037352232635
0.0399215750929526
0.04113111376564518
0.042327392344739735
0.043508780650720835
0.044673616814247454
0.04582020864048184
0.046946835042974394
0.04805174754624216
0.049133171856025004
0.05018930949607819
0.05121833951021359
0.0522184202281851
0.05318769109384948
0.05412427455393311
0.055026278005574795
0.05589179580070095
0.0567189113051511
0.05750569901034669
0.05825022669517557
0.05895055763563346
0.05960475285965208
0.060210873444426855
0.06076698285343492
0.06127114931023812
0.061721448206057405
1.721406809983102
