0.0
0.0009714436926366636
0.0019610716203855693
0.0029686517527985155
0.00399391347687639
0.0014696742246990482
0.0015357326101933337
0.0015343518513496264
0.0018995755760074949
0.001768311707252682
0.0018440720727717092
0.0030849608882773548
0.002353181643250956
0.002982495986411799
0.0042351268122723836
0.003471750628779752
0.006026550875540316
0.004595418182569795
0.007918429175971334
0.005910888080585317
0.006756214985033431
0.006681242339978185
0.008920267685670794
0.010570827288715508
0.009517940756484322
0.008713208588740586
0.016078683563175943
0.011407922542137499
0.0208773114943499
0.01321407030661078
0.021492533853407568
0.022033496225744444
0.021602998695451278
0.023112275377337996
0.03992157509295254
0.018094748209634477
0.035895675538701766
0.029722676929206444
0.02280769120923276
0.029210960321514507
0.04382666155077636
0.024629963965914388
0.026631954255729798
0.035444570062710005
0.01968352768714931
0.0332014239802212
0.027983808422994236
0.025196159829229375
0.02005401458682036
0.02647976101226277
0.035277857024709085
0.016612469453337213
0.03523355756370381
0.04217934768954865
0.009828888146695363
0.018820337954523328
0.060766982853434806
0.061271149310238464
0.061721448206057065
1.0620018054187663
