0.0
0.0009714436926366636
0.0019610716203855693
0.0029686517527985155
0.00399391347687639
0.0014696742246990482
0.001264342316137162
0.0014734930024584954
0.0018427934416565804
0.0017081595105025633
0.0017424810928759024
0.003117262063141084
0.002391088250065071
0.003324219607780741
0.004704923093215222
0.0036389837350254625
0.005941270307573746
0.005248051768600491
0.008098351198508554
0.006916972266134707
0.008140166696125618
0.008898142612703112
0.012059720513730356
0.01508188046590219
0.014219438993662651
0.012926447861243901
0.02289269252577228
0.01552879499798752
0.027149260713706016
0.01643770586524349
0.02575437721913744
0.025422928798471307
0.02406764197565747
0.025591100611885565
0.03992157509295265
0.021326065941917764
0.03895532567548714
0.03098196158189592
0.02347539739990117
0.0319171268200376
0.04535836881384853
0.024612974296272114
0.026850606735045066
0.03596498546800615
0.0512183395102137
0.0522184202281851
0.05318769109384948
0.05412427455393322
0.055026278005574795
0.05589179580070117
0.056718911305151214
0.05750569901034658
0.05825022669517535
0.05895055763563346
0.05960475285965186
0.060210873444427084
0.06076698285343514
0.061271149310238575
0.061721448206056954
1.4929792346102388
