0.0
0.0009714436926366636
0.0019610716203855693
0.0029686517527985155
0.00399391347687639
0.0014696742246990482
0.001604992991625805
0.0018038681690364983
0.0019021515685291792
0.0019470656016996523
0.0019310334367217373
0.003059198720344313
0.0025275496573470024
0.003331621134552716
0.004643260230672144
0.003516032166792386
0.0062987061422033796
0.005017340518576248
0.008641243025195372
0.0068965618972956265
0.008511487234834619
0.009143254545021363
0.012523680939467582
0.01564300382330572
0.014197343347616895
0.0216540954956825
0.02383587467420131
0.026337273646645145
0.029171425183472224
0.03128826931667649
0.034774176239858436
0.03622919828329094
0.037469072042453665
0.03870037352232641
0.03992157509295254
0.04113111376564513
0.042327392344739735
0.04350878065072095
0.04467361681424757
0.04582020864048184
0.046946835042974505
0.048051747546242043
0.04913317185602489
0.05018930949607819
0.05121833951021381
0.052218420228184986
0.053187691093849604
0.05412427455393322
0.05502627800557457
0.05589179580070095
0.05671891130515087
0.057505699010346925
0.0582502266951758
0.058950557635633005
0.05960475285965208
0.060210873444426855
0.06076698285343514
0.06127114931023835
0.061721448206057176
1.7123350600855223
