0.0
0.0009714436926366636
0.0019610716203855693
0.0029686517527985155
0.00399391347687639
0.0014696742246990482
0.0011922833109522628
0.0015247125894645582
0.0018180594487223268
0.0017550482762693155
0.001765343112125592
0.0031376817059279604
0.003749815443539035
0.004890948120814294
0.005532692492657297
0.00630891828906313
0.007432337081076064
0.00800604226160784
0.009187997725481643
0.01002425475749658
0.011661393390258951
0.013017378922689971
0.01598060632073832
0.018300633446297156
0.021211062480875145
0.025136420645116515
0.028618263058443352
0.031213237028462945
0.03247286707106525
0.033729661244877605
0.034982243436013735
0.036229198283291
0.03746907204245372
0.03870037352232629
0.03992157509295265
0.04113111376564518
0.0423273923447398
0.043508780650720835
0.044673616814247454
0.04582020864048195
0.046946835042974394
0.048051747546242043
0.049133171856025115
0.05018930949607819
0.05121833951021359
0.0522184202281851
0.053187691093849604
0.054124274553933
0.055026278005574795
0.05589179580070095
0.05671891130515087
0.057505699010346925
0.05825022669517557
0.05895055763563323
0.05960475285965186
0.06021087344442754
0.06076698285343468
0.06127114931023812
0.061721448206057405
1.764784452038185
