0.0
0.0009714436926366636
0.0019610716203855693
0.0029686517527985155
0.00399391347687639
0.0014696742246990482
0.0014783643731122193
0.0015980873516384159
0.0019221212305746268
0.0020342867413962653
0.001926350431153182
0.003341805934825477
0.0025530399758413834
0.0034003985014199574
0.0050353347866502005
0.0038065380607811223
0.006854837897256516
0.005657520666190202
0.009689599857450546
0.007844625030478853
0.009226422969188476
0.010393966638821825
0.014141103343300671
0.017671428411501468
0.01710929577087211
0.01641859903516513
0.029038981753395296
0.02009660631252345
0.03247286707106525
0.02624729674039185
0.034982243436013735
0.036229198283291
0.03746907204245372
0.03870037352232629
0.03992157509295265
0.04113111376564513
0.0423273923447398
0.043508780650720835
0.04467361681424757
0.04582020864048184
0.046946835042974394
0.048051747546242043
0.049133171856025115
0.050189309496078076
0.05121833951021359
0.052218420228185326
0.05318769109384948
0.054124274553933
0.055026278005574795
0.05589179580070117
0.05671891130515087
0.05750569901034647
0.0582502266951758
0.058950557635633005
0.05960475285965208
0.060210873444427084
0.06076698285343492
0.061271149310238804
0.06172144820605672
1.717076272699156
