0.0
0.0009714436926366636
0.0019610716203855693
0.0029686517527985155
0.00399391347687639
0.0014696742246990482
0.0014367362133159657
0.001668558607581101
0.0017796992273874238
0.0017795781389093827
0.0020052395490634217
0.003051198655319322
0.0024272242990227896
0.0032246403833936276
0.004892025797498146
0.003630715682235284
0.006546506075788976
0.005147234901677003
0.008873245922734257
0.007578971721059773
0.008880948044710906
0.009618370582199363
0.013382328763217176
0.016803412168208996
0.016153034896512538
0.01570760716021596
0.028130724084097527
0.019846833685453903
0.03247286707106543
0.028436342005644294
0.034982243436013624
0.036229198283291054
0.037469072042453776
0.03870037352232618
0.03992157509295265
0.04113111376564524
0.04232739234473968
0.043508780650720835
0.044673616814247454
0.045820208640482064
0.046946835042974276
0.04805174754624216
0.049133171856025115
0.05018930949607784
0.0512183395102137
0.052218420228185215
0.053187691093849715
0.054124274553932886
0.055026278005574795
0.05589179580070095
0.0567189113051511
0.05750569901034669
0.05825022669517557
0.05895055763563323
0.05960475285965208
0.060210873444426855
0.06076698285343514
0.06127114931023835
0.061721448206056954
1.7105908374504741
