0.0
0.0009714436926366636
0.0019610716203855693
0.0029686517527985155
0.00399391347687639
0.0014696742246990482
0.0013219634605276518
0.0014769423493075388
0.001896904640843815
0.0017412886745846628
0.0019252582953937466
0.0032279028767552165
0.0025095898324440074
0.004372167197700716
0.005242093920961424
0.0062390421783664754
0.007384768644920499
0.008508822118953383
0.010463252889692683
0.011886511572410528
0.013993479415150901
0.016320324552503807
0.018979171557318427
0.022006127918495683
0.02482490816312799
0.028429110293247364
0.029952107191189844
0.031213237028462945
0.032472867071065364
0.033729661244877605
0.03498224343601368
0.036229198283291
0.03746907204245372
0.03870037352232629
0.0399215750929526
0.04113111376564518
0.0423273923447398
0.043508780650720724
0.04467361681424757
0.045820208640481724
0.046946835042974616
0.048051747546242043
0.04913317185602489
0.05018930949607819
0.0512183395102137
0.052218420228184986
0.053187691093849715
0.054124274553933
0.055026278005574795
0.05589179580070095
0.05671891130515087
0.057505699010346925
0.05825022669517557
0.058950557635633005
0.05960475285965231
0.060210873444426855
0.06076698285343514
0.06127114931023835
0.061721448206056954
1.7872342969024637
