0.0
0.0009714436926366636
0.0019610716203855693
0.0029686517527985155
0.00399391347687639
0.0014696742246990482
0.0012752922976200128
0.0015733701815332285
0.0017843552264088436
0.001768743773301603
0.0018223049327049667
0.002958179265179471
0.002340051965021086
0.003205941951559655
0.004497309500412535
0.0035526625079096946
0.006597609805205316
0.005127067404407236
0.008516917825243376
0.007380287488906831
0.008426359214791873
0.009434159848840863
0.012670462702675765
0.01567534765913901
0.019264911625055323
0.02243059523247456
0.024799417164967655
0.027828703933268684
0.03198983915470257
0.033729661244877716
0.03498224343601368
0.03622919828329094
0.037469072042453665
0.03870037352232646
0.03992157509295249
0.04113111376564513
0.042327392344739735
0.043508780650721064
0.044673616814247454
0.04582020864048184
0.046946835042974394
0.04805174754624216
0.049133171856025004
0.05018930949607819
0.05121833951021359
0.052218420228184986
0.053187691093849715
0.05412427455393322
0.055026278005574795
0.05589179580070072
0.056718911305151325
0.05750569901034647
0.05825022669517557
0.05895055763563323
0.05960475285965208
0.060210873444427084
0.06076698285343514
0.06127114931023812
0.061721448206057405
1.7257663457203698
