0.0
0.0009714436926366636
0.0019610716203855693
0.0029686517527985155
0.00399391347687639
0.0014696742246990482
0.0012682300124705695
0.0017540547037791132
0.0018043722803129472
0.001782811334142476
0.00201040236071664
0.003103667011754766
0.002518852116963725
0.0031960998724155907
0.004822175414483248
0.00366481664705313
0.00643682837543414
0.005135668859326672
0.008648421414954768
0.006505365302244926
0.007673127622886454
0.007756175844919725
0.011042190391576029
0.013669661781864335
0.012624430998436268
0.01211812194160399
0.021861224573083263
0.01564308952381427
0.029406393700734668
0.018477751916326415
0.030144529037063595
0.03622919828329103
0.03746907204245372
0.038700373522326234
0.0399215750929526
0.04113111376564524
0.0423273923447398
0.043508780650720724
0.04467361681424757
0.04582020864048184
0.046946835042974394
0.04805174754624216
0.049133171856025115
0.050189309496078076
0.05121833951021359
0.0522184202281851
0.053187691093849715
0.054124274553932886
0.055026278005575024
0.05589179580070072
0.056718911305151554
0.05750569901034669
0.05825022669517535
0.05895055763563323
0.05960475285965208
0.060210873444426855
0.06076698285343514
0.06127114931023835
0.06172144820605672
1.6652030134165097
