0.0
0.0009714436926366636
0.0019610716203855693
0.0029686517527985155
0.00399391347687639
0.0014696742246990482
0.0013469865583698938
0.0015507991625805639
0.0017705860670522234
0.0016959758902728766
0.001787181642651092
0.0029456376971765865
0.0024102472501822056
0.003184044771177838
0.0044799597965105315
0.003532385280359051
0.006531615902282
0.005151142488247437
0.008733783561481311
0.007139280670657443
0.008672622505776922
0.009441150993742597
0.012631417214092609
0.015830096866182003
0.014753888827193279
0.013436151502146757
0.023736338614783876
0.015746838434922153
0.02866423774612449
0.018128080691232184
0.0285405379718182
0.028443628766988867
0.027978241590904875
0.02855667594435715
0.0399215750929526
0.027988896333750974
0.041851566043008916
0.03431451880917473
0.025791922970448012
0.034870090991172276
0.046946835042974394
0.03152745460672179
0.029746239247952416
0.03949525460343853
0.02162065116777319
0.03480765609312516
0.02963336789965911
0.026151200035980426
0.02075024604187013
0.026261896353722253
0.03382866964689663
0.05750569901034669
0.05825022669517569
0.058950557635633116
0.05960475285965208
0.060210873444427084
0.06076698285343492
0.06127114931023812
0.061721448206057405
1.3619740201722499
