0.0
0.0009714436926366636
0.0019610716203855693
0.0029686517527985155
0.00399391347687639
0.0014696742246990482
0.0016315119192158536
0.0017426267245730074
0.0020024041879042652
0.0017957045975895486
0.0018401666144827154
0.0031352313389189064
0.002359661017056926
0.0033977489051210557
0.005012903610947764
0.0038616315178460004
0.007012669337089535
0.005517895962978415
0.00960054095148636
0.007917020866868015
0.009135972285389343
0.010142013034141556
0.013661290973226173
0.017302297759523983
0.015385251830542913
0.014812417250757222
0.02594692545548685
0.018028323402905132
0.032103592886225704
0.019357887351832886
0.03129471158594453
0.031608280485254964
0.030435329819320657
0.030555123300254367
0.039921575092952716
0.04113111376564502
0.04232739234473985
0.0435087806507209
0.044673616814247454
0.045820208640482064
0.046946835042974394
0.048051747546242043
0.049133171856025115
0.05018930949607784
0.05121833951021381
0.052218420228185215
0.05318769109384948
0.054124274553933
0.05502627800557457
0.05589179580070117
0.0567189113051511
0.05750569901034669
0.05825022669517557
0.05895055763563323
0.05960475285965208
0.060210873444427084
0.06076698285343492
0.061271149310238575
0.06172144820605672
1.6763330415029616
