0.0
0.0009714436926366636
0.0019610716203855693
0.0029686517527985155
0.00399391347687639
0.0014696742246990482
0.0013354811886577985
0.0017255054810036122
0.0019957674984917412
0.0018005914115151287
0.0018098186879385453
0.0031687063986657266
0.0024729882246446095
0.0032619696689324554
0.0046612354337727735
0.0034369181055299903
0.006451426606185757
0.005021447049925009
0.00853525844747965
0.007018673855021008
0.008422313430083704
0.00920477669877262
0.012989657158461924
0.016262309364298688
0.015342354863256476
0.015098939227789971
0.026787858053512654
0.03121323702846289
0.03247286707106525
0.03372966124487769
0.034982243436013624
0.036229198283291054
0.037469072042453665
0.03870037352232635
0.03992157509295265
0.04113111376564513
0.0423273923447398
0.04350878065072061
0.04467361681424768
0.04582020864048195
0.046946835042974276
0.04805174754624216
0.049133171856025004
0.050189309496078076
0.0512183395102137
0.052218420228185215
0.053187691093849604
0.054124274553932886
0.055026278005574795
0.05589179580070095
0.0567189113051511
0.05750569901034669
0.0582502266951758
0.058950557635633005
0.05960475285965208
0.060210873444427084
0.06076698285343492
0.06127114931023835
0.061721448206057405
1.7213365560125073
