0.0
0.0009714436926366636
0.0019610716203855693
0.0029686517527985155
0.00399391347687639
0.0036717370101308124
0.002050826618612231
0.002459089266758085
0.002791650773116981
0.0035138161951689217
0.003964457807846621
0.004878039150361738
0.0057080309721502555
0.006843726578907465
0.008240695788031488
0.009742149485745047
0.011230466269330813
0.012839608217544738
0.01455609614391895
0.015958211492280924
0.017187141858991426
0.018610000426775544
0.01961971372346102
0.021871743754415578
0.024477107213865368
0.027715986945562123
0.02995210719118987
0.031213237028462917
0.03247286707106525
0.033729661244877716
0.034982243436013735
0.03622919828329094
0.03746907204245361
0.03870037352232646
0.0399215750929526
0.04113111376564518
0.0423273923447398
0.04350878065072061
0.0446736168142478
0.045820208640481724
0.046946835042974394
0.04805174754624216
0.049133171856025004
0.05018930949607795
0.0512183395102137
0.052218420228184875
0.05318769109384994
0.054124274553933
0.055026278005574795
0.05589179580070095
0.0567189113051511
0.057505699010346925
0.05825022669517535
0.05895055763563323
0.05960475285965186
0.06021087344442754
0.06076698285343468
0.06127114931023835
0.061721448206057176
1.8309452878180346
