0.0
0.0009714436926366636
0.0019610716203855693
0.0029686517527985155
0.00399391347687639
0.0014696742246990482
0.0012285404957079946
0.001558848973502574
0.0018361795883667202
0.0016269820949118313
0.0017962170814121417
0.0028204203378664056
0.0022279640862310542
0.003025951957128168
0.0044251592509276134
0.0033163096565272314
0.0060288614566343605
0.004934490930960714
0.008474133498643802
0.0067533248778333796
0.007939334318570303
0.008738795477411956
0.011914944496733255
0.014717238476329953
0.013180608949923012
0.012234252319698286
0.021797354170954464
0.01444152080847968
0.025125132431103883
0.015098115121541895
0.024165322121258243
0.02338852541439795
0.023362836938134568
0.022748268703324984
0.03992157509295265
0.015070013531030782
0.033179836946254
0.027151824152156223
0.02135782765346659
0.027171301518277464
0.03988174690256011
0.022293439936344726
0.023487199668057887
0.03042692053244571
0.016766701712735997
0.029061615938383512
0.02478333896049651
0.022725760686280752
0.018226030717206184
0.022934141087613966
0.029992584060093582
0.014093262462956092
0.029441635198344102
0.03517018614848507
0.007728837118621073
0.015684243299470723
0.0431732306451778
0.015554281225050318
0.06172144820605684
0.9672693722024314
