1	0	0.0	10.0	0.0	0.0	1.0	0.0		0.0	
2	0	0.0	10.0	0.0	0.0	1.0	0.0		0.0	
3	0	0.0	10.0	0.0	0.0	0.9868366698887	0.0		0.0	
4	0	0.0011257771665567782	10.0	0.0	0.0	0.935692587304462	0.0	0.0	0.00022515543331135568	
5	0	0.0033581469321961525	10.0	0.0007066088098018822	0.0	0.8474096204724609	0.0	0.0	0.0006716293864392304	0.9571581345462741
6	0	0.006675093645202824	10.0	0.002144824473370291	0.0	0.7229083659645532	0.0	0.0	0.0013350187290405648	0.98284486677198
7	0	0.007952177084349142	10.0	0.004695639402099427	0.0	0.6716950623651298	0.0	0.0	0.0015904354168698284	1.0674593450815957
8	0	0.00923364605074991	10.0	0.005599907601422072	5875.538309388579	0.7760680086906299	0.0	0.0	0.0018467292101499821	1.0873142288566533
9	0	0.01083530554015953	10.0	0.0075094251190781815	7315.06508936593	0.9063919063607364	0.0	0.0	0.002167061108031906	1.1340715768077172
10	0	0.012839176289895143	10.0	0.0090820995800416	9277.02112893039	1.072159951302039	0.0	0.0	0.002567835257979029	1.1068534829397554
11	0	0.014844384518425931	10.0	0.010512908064895436	9442.944851133036	1.2399506248261494	0.0	0.0	0.0029688769036851858	1.1613064869764296
12	0	0.016997905877381026	10.0	0.01271423202969502	10257.26860240958	1.4217363401904035	0.0	0.0	0.0033995811754762052	1.1212367949016295
13	0	0.0204375720448081	10.0	0.013163021511757664	16305.986463597192	1.714182516237628	0.0	0.0	0.00408751440896162	1.1497151155373224
14	0	0.02330144256695528	10.0	0.01786097644376013	13839.447915078877	1.959194289537232	0.0	0.0	0.0046602885133910565	1.1761688848841307
15	0	0.027032545613656526	10.0	0.019268069205745798	18034.557846967025	2.2802057396680553	0.0	0.0	0.005406509122731305	1.0940165775208794
16	0	0.032612171670800584	10.0	0.022930757532762875	27035.066518852283	2.7655620200559152	0.0	0.0	0.006522434334160117	1.1314749837604825
17	0	0.03699535995238877	10.0	0.026778307073902576	21759.274314951035	3.1503417576219803	0.0	0.0	0.007399071990477753	1.0866989868568098
18	0	0.044935576481539424	10.0	0.030686496274728088	39084.140435869675	3.852933673193663	0.0	0.0	0.008987115296307885	1.1624708503965575
19	0	0.054381725008608814	10.0	0.03633427400590665	46858.09190005028	4.694794533351453	0.0	0.0	0.010876345001721762	1.1060921049368688
20	0	0.06598400777386064	10.0	0.044641278425659764	57916.53821782544	5.735758203517268	0.0	0.0	0.013196801554772129	1.1192009137627412
21	0	0.08023988584369024	10.0	0.056532425301929326	71785.56558978595	7.026521678309831	0.0	0.0	0.01604797716873805	1.1081401103523376
22	0	0.09748831325565332	10.0	0.06695485566787318	87578.22728962816	8.601068060603424	0.0	0.0	0.019497662651130662	1.107975976934482
23	0	0.11787314802329756	10.0	0.07842507558510102	104372.24130694484	10.476118714587448	0.0	0.0	0.023574629604659517	1.0774200237891864
24	0	0.14215444739780053	10.0	0.09340676197467776	125283.32517345884	12.7258812058568	0.0	0.0	0.028430889479560108	1.0378335813594959
25	0	0.17108627308288485	10.0	0.11046962491938384	150402.5071662156	15.425778177221662	0.0	0.0	0.034217254616576966	1.0338634595881542
26	0	0.2035695815009368	10.0	0.12820751824420104	176331.6540016073	18.633132185757304	0.0	0.0	0.040713916300187364	0.9977745807322442
27	0	0.23765308125517715	10.0	0.14402678489013493	201024.3395261614	22.38800744178604	0.0	0.0	0.04753061625103543	0.9584115868159666
28	0	0.27386137836965824	10.0	0.1560580254385588	223856.46551992217	26.61379243528389	0.0	0.0	0.054772275673931656	0.9095106810091368
29	0	0.3121860199608371	10.0	0.17352964766770074	253382.4387356264	31.481626785174647	0.0	0.0	0.06243720399216743	0.8909590165743622
30	0	0.3512846368353907	10.0	0.1878971644325948	279707.1468360983	36.955009987198366	0.0	0.0	0.07025692736707814	0.8525008157713312
31	0	0.391759499490472	10.0	0.20444787119941527	308753.8468485611	43.07338111522207	0.0	0.0	0.0783518998980944	0.8365602615185286
32	0	0.4332189232365331	10.0	0.219394792007186	336026.80520035856	49.798892586854855	0.0	0.0	0.08664378464730663	0.8157885965284553
33	0	0.4752499514743674	10.0	0.2378193012202228	365769.6838066409	57.20692218444165	0.0	0.0	0.09504999029487347	0.8054443277760628
34	0	0.517417986491747	10.0	0.2512943819102661	391844.8848180688	65.21094113134527	0.0	0.0	0.1034835972983494	0.7880575351479828
35	0	0.5592664371785118	10.0	0.27194279789902825	426781.182880746	74.05688947875383	0.0	0.0	0.11185328743570236	0.7820480250448483
36	0	0.6013370518517372	10.0	0.28539653597558096	451352.3300984226	83.4386986023673	0.0	0.0	0.12026741037034748	0.7746952671769161
37	0	0.6430855301343186	10.0	0.3098993015187628	490697.06446566107	93.76252409542916	0.0	0.0	0.12861710602686371	0.75679533688491
38	0	0.6839414495688259	10.0	0.31380282149644184	507880.2505927975	104.45658391468729	0.0	0.0	0.13678828991376518	0.7562854485050658
39	0	0.7233079335695943	10.0	0.3368764848484073	544597.2595293653	116.05629037567536	0.0	0.0	0.14466158671391888	0.7555367472996217
40	0	0.7636811337848041	10.0	0.34531880270655124	566745.860954955	128.0858923893077	0.0	0.0	0.1527362267569608	0.7505753426343815
41	0	0.8048273788107732	10.0	0.35345664476719385	586727.6067788096	140.4974027448826	0.0	0.0	0.16096547576215464	0.7418268660056107
42	0	0.8462245744451654	10.0	0.3656450580304727	611319.3952417406	153.4311855331344	0.0	0.0	0.1692449148890331	0.7398718154651124
43	0	0.8873265334488408	10.0	0.39058545466442784	653277.4609745119	167.3642046367619	0.0	0.0	0.17746530668976818	0.7368077142932654
44	0	0.9282028863785248	10.0	0.3931020311597283	664768.0804395304	181.48011239355216	0.0	0.0	0.18564057727570493	0.7259477229673008
45	0	0.9700845783810164	10.0	0.411234720609424	698551.1916742575	196.3141974454004	0.0	0.0	0.19401691567620327	0.7171540029315542
46	0	1.012405106593075	10.0	0.4174841509533426	716660.5544799025	211.47008412330868	0.0	0.0	0.202481021318615	0.7212526478738098
47	0	1.0545730388281065	10.0	0.43572491639342015	754200.026294088	227.48297414739102	0.0	0.0	0.2109146077656213	0.714360702594274
48	0	1.0960289999313606	10.0	0.4402184521374531	771402.5896220831	243.83182276236417	0.0	0.0	0.21920579998627213	0.7106053830177332
49	0	1.138636907364588	10.0	0.4527518603636263	795888.9706195932	260.6276021839409	0.0	0.0	0.2277273814729176	0.7040600601182656
50	0	1.1817820406564499	10.0	0.47024576093197296	825486.071875259	278.027274881249	0.0	0.0	0.23635640813129005	0.7009466665777537
51	0	1.22482409649127	10.0	0.48329598565484705	854549.6035648861	296.038432883553	0.0	0.0	0.24496481929825406	0.6970139855127868
52	0	1.2673846317371598	10.0	0.4863334371509042	865232.0480293339	314.18630086274396	0.0	0.0	0.253476926347432	0.6905919911980332
53	0	1.3112041485249792	10.0	0.4954911614763103	889121.303268907	332.7452760075364	0.0	0.0	0.26224082970499585	0.6901051483765932
54	0	1.3556174191704566	10.0	0.5108789606598932	920543.1601222269	351.938754932732	0.0	0.0	0.2711234838340913	0.682783596471681
55	0	1.3999331944852569	10.0	0.5275635156400561	950141.7359559444	371.7421761893043	0.0	0.0	0.2799866388970513	0.6786373554133339
56	0	1.4438551169626683	10.0	0.5315810854306211	964305.5641130878	391.7551562844316	0.0	0.0	0.2887710233925337	0.6818051442620799
57	0	1.4890868946322875	10.0	0.5379230432443229	985647.63704725	412.0938288793866	0.0	0.0	0.29781737892645754	0.6751721728501932
58	0	1.5349108694402862	10.0	0.5502654795829847	1009245.0152588813	432.8452478476519	0.0	0.0	0.3069821738880573	0.6663986415749834
59	0	1.5805831703106157	10.0	0.5622821459593139	1036810.2653663488	454.14201759721414	0.0	0.0	0.3161166340621231	0.6614885400857929
60	0	1.6257742714645762	10.0	0.5737686848530773	1059380.9884486734	475.8614501210205	0.0	0.0	0.32515485429291524	0.6600406124311475
