11.247441493196291	1	1	1	1	0	0	11.247441493196291	1.0	0	0.0			100.0	0.0	0.0	0.0	0.0		0.0	0.0
11.247441493196291	2	1	1	2	0	0	11.247441493196291	1.0	0	0.0			100.0	0.0	0.0	0.0	0.0		0.0	0.0
11.367595075476835	1	1	1	1	0	0	11.367595075476835	1.0	0	0.0			100.0	0.0	0.0	0.0	0.0		0.0	0.0
11.367595075476835	2	1	1	2	0	0	11.367595075476835	1.0	0	0.0			100.0	0.0	0.0	0.0	0.0		0.0	0.0
22.856168219862568	1	1	1	1	0	0	22.856168219862568	2.0	0	0.0			98.68366698886999	0.0	0.0	0.0	0.9714436926366636	0.0	0.0	0.0
22.856168219862568	2	1	1	2	0	0	22.856168219862568	2.0	0	0.0			98.68366698886999	0.0	0.0	0.0	0.9714436926366636	0.0	0.0	0.0
34.4665080713728	1	1	1	1	0	0	34.4665080713728	3.0	0	0.00011257771665567784			93.56925873044621	0.0	4.740114385502225	3.1600762570014824	2.932515313022233	2.6939980867011464	7.900190642503707	0.0
34.4665080713728	2	1	1	2	0	0	34.4665080713728	3.0	0	0.00011257771665567784			93.56925873044621	0.0	4.740114385502225	3.1600762570014824	2.932515313022233	2.6939980867011464	7.900190642503707	0.0
46.1993671861199	1	1	1	1	0	0	46.1993671861199	4.0	0	0.00033581469321961526	0.4042395776574825	0.8801666925699769	84.74096204724611	0.0	14.139566030299589	9.426377353533061	5.901167065820748	3.993437759172312	23.56594338383265	9.399192542414704e-13
46.1993671861199	2	1	1	2	0	0	46.1993671861199	4.0	0	0.00033581469321961526	0.37762639090706507	0.9039712596172866	84.74096204724611	0.0	14.139566030299589	9.426377353533061	5.901167065820748	3.993437759172312	23.56594338383265	9.399192542414704e-13
58.05546181511435	1	1	1	1	0	0	58.05546181511435	5.0	0	0.0006675093645202824	0.5854659421497944	0.8831475019364363	72.29083659645532	0.0	28.105657453485573	18.737104968990387	9.895080542697137	4.73394453136082	46.842762422475964	2.803863087254214e-12
58.05546181511435	2	1	1	2	0	0	58.05546181511435	5.0	0	0.0006675093645202824	0.5537141639653046	0.9617673215370006	72.29083659645532	0.0	28.105657453485573	18.737104968990387	9.895080542697137	4.73394453136082	46.842762422475964	2.803863087254214e-12
70.03547169202406	1	1	1	1	0	0	70.03547169202406	6.0	0	0.0007952177084349142	0.7290260732548142	0.9550847454480312	67.16950623651297	0.0	33.48285088147008	22.321900587646716	11.364754767396185	4.910334856429323	55.804751469116795	5.573636710187199e-12
70.03547169202406	2	1	1	2	0	0	70.03547169202406	6.0	0	0.0007952177084349142	0.5952368739052524	1.1221126642028356	67.16950623651297	0.0	33.48285088147008	22.321900587646716	11.364754767396185	4.910334856429323	55.804751469116795	5.573636710187199e-12
82.14003983175478	1	1	1	1	0	0	82.14003983175478	7.0	0	0.0009272934590898408	0.7279062955191244	1.0026995592451204	77.92679774761744	0.0	39.04393511957226	26.02929007971484	12.853572548330344	5.062656701442899	65.0732251992871	7.559647555269692e-11
82.14003983175478	2	1	1	2	0	0	82.14003983175478	7.0	0	0.0009238244085333817	0.7027165593535881	1.0651951778780788	77.64425089160834	0.0	38.8978698329845	25.931913221989664	12.814467836634176	5.059108492171473	64.82978305497416	7.380798170163626e-11
94.36977233991071	1	1	1	1	0	0	94.36977233991071	8.0	0	0.0010636852893883086	0.6695865141558375	1.0907781845716344	89.02473401458771	0.0	44.78674902687617	29.857832684584107	14.380152303127424	5.190806059489816	74.64458171146029	7.877126673168428e-11
94.36977233991071	2	1	1	2	0	0	94.36977233991071	8.0	0	0.001063915622460775	0.6808743342865016	1.088020409605464	89.04319876353355	0.0	44.796447261506316	29.864298174337538	14.3824533276897	5.191099441435619	74.66074543584386	8.062785809977703e-11
106.72523823319248	1	1	1	1	0	0	106.72523823319248	9.0	0	0.0012435985355979528	0.7594019143911277	1.115804067908555	103.90786312216652	0.0	52.362043604124345	35.3093132261928	16.23650629184938	5.399644187883422	87.67135683031714	1.098034874125344e-10
106.72523823319248	2	1	1	2	0	0	106.72523823319248	9.0	0	0.0012493848560903545	0.7737360767725644	1.0659658492661737	104.38594093370271	0.0	52.605678151172846	35.484128506455306	16.296134276074582	5.405564606015706	88.08980665762816	1.1268358794340144e-10
119.20696927078512	1	1	1	1	0	0	119.20696927078512	10.0	0	0.0014346208610464212	0.8034082992888302	1.115963260621036	119.89212061178623	0.0	60.40508888616511	41.37771994434912	18.109311781271998	5.620468080723773	101.78280883051424	1.401841091586468e-10
119.20696927078512	2	1	1	2	0	0	119.20696927078512	10.0	0	0.0014447620947615767	0.8276200958748834	1.1947712064156346	120.7346063747701	0.0	60.832088200487455	41.690882324071886	18.211635850210765	5.629531106804597	102.52297052455931	1.6023366015745956e-10
131.81545979678634	1	1	1	1	0	0	131.81545979678634	11.0	0	0.0016201191129277038	0.7368558831185239	1.0226814293953668	135.55062907135374	0.0	68.21554159695597	47.46426647097633	19.87082100342145	5.8215917725802075	115.6798080679323	1.6767598063029846e-10
131.81545979678634	2	1	1	2	0	0	131.81545979678634	11.0	0	0.0016426446648354677	0.7924508303950369	1.150657642907414	137.43851525842913	0.0	69.16398588780915	48.18378162284329	20.09074774777668	5.840886012997631	117.34776751065245	1.6508998832771763e-10
144.55116659372186	1	1	1	1	0	0	144.55116659372186	12.0	0	0.001966480407652423	0.8369648039234214	1.040409582887128	164.99884620713982	0.0	82.79917505904943	59.10088944612932	23.098781701961087	6.143183927883585	141.9000645051787	3.010821158429084e-10
144.55116659372186	2	1	1	2	0	0	144.55116659372186	12.0	0	0.002005332757851105	0.8710191047693271	1.2066280493402002	168.274864118302	0.0	84.43506348846762	60.368932389630146	23.47086824020424	6.169520206758135	144.80399587809774	3.002546586085011e-10
157.41450874719058	1	1	1	1	0	0	157.41450874719058	13.0	0	0.002219026581887708	0.7622842924270332	1.132237553646574	186.604846028328	0.0	93.43269818474562	67.74109876945145	25.431049074130865	6.337677871029997	161.17379695419712	2.2792523107120017e-10
157.41450874719058	2	1	1	2	0	0	157.41450874719058	13.0	0	0.002272496227826864	0.7993453862378814	1.0840487694112846	191.13141263661944	0.0	95.68405169797323	69.50923440024411	25.93812653840207	6.368743935829152	165.19328609821738	2.419301365839473e-10
170.4058675216809	1	1	1	1	0	0	170.4058675216809	14.0	0	0.002565432132711898	0.8040847665626913	1.155515458782221	216.40840460378845	0.0	108.0181950615536	79.7654628496347	28.624746692600144	6.5601858394692005	187.78365791118833	3.0996397862783013e-10
170.4058675216809	2	1	1	2	0	0	170.4058675216809	14.0	0	0.0026463558758824963	0.8574307169558879	1.1434061494957164	223.29702861279682	0.0	111.42551056347355	82.48657992029801	29.384938129025283	6.599030075623433	193.91209048377155	3.2529070294143217e-10
183.52558624759342	1	1	1	1	0	0	183.52558624759342	15.0	0	0.0030900555383738416	0.8269055354023918	1.1467874109199905	262.0439475897686	0.0	130.10760161574072	98.65779229022169	33.27855368380617	6.874258901981157	228.7653939059624	4.44730814507644e-10
183.52558624759342	2	1	1	2	0	0	183.52558624759342	15.0	0	0.003169179495785376	0.7855318387390129	1.0776343535217607	268.7760131999581	0.0	133.4391366646474	101.31409687803396	34.022779657276715	6.899884016163062	234.7532335426814	4.724125672221728e-10
196.77397021950497	1	1	1	1	0	0	196.77397021950497	16.0	0	0.0035107459053867656	0.8402908493322754	1.150431263914592	298.97440063367765	0.0	147.82088022681125	114.23722347094326	36.91629693592324	7.098710473388403	262.0581036977545	4.783253444244437e-10
196.77397021950497	2	1	1	2	0	0	196.77397021950497	16.0	0	0.0035959171552822525	0.8245528773221895	1.0957454457499909	306.23732995892465	0.0	151.40703811714747	117.11747751058722	37.712814331189996	7.120246006293256	268.5245156277347	5.060760095241659e-10
210.1512866057031	1	1	1	1	0	0	210.1512866057031	17.0	0	0.004287353353482089	0.8609533378290709	1.1119607779472214	367.69269220687937	0.0	180.52014119924587	143.64333055616038	43.52922045147313	7.447031405416215	324.16347175540625	9.354874624484196e-10
210.1512866057031	2	1	1	2	0	0	210.1512866057031	17.0	0	0.0043707200923240415	0.8396963870026113	1.1232537352837424	374.79594894975816	0.0	184.03031967680175	146.4552570959757	44.31037217698066	7.458424755557918	330.48557677277745	9.042237084980959e-10
223.65776436901845	1	1	1	1	0	0	223.65776436901845	18.0	0	0.0048986734820502115	0.8205396848760017	1.0953976249886033	422.17484308491515	0.0	206.2599360863248	167.21709124727224	48.697815751318124	7.6692767749750255	373.47702733359705	7.419494461277572e-10
223.65776436901845	2	1	1	2	0	0	223.65776436901845	18.0	0	0.005015383803374399	0.8468060009772514	1.1159070439944936	432.249750860889	0.0	211.17405487892205	171.31481486342736	49.76088111853958	7.686537318967294	382.4888697423494	8.308666243050601e-10
237.29359419897813	1	1	1	1	0	0	237.29359419897813	19.0	0	0.005936543083322521	0.8223808518260284	1.1443460321433798	515.2931174067272	0.0	249.95970877147454	207.8617483081921	57.47166032706063	7.966038469643806	457.8214570796666	1.2604445894481014e-09
237.29359419897813	2	1	1	2	0	0	237.29359419897813	19.0	0	0.006090784067850664	0.8254459415007236	1.1055974909068056	528.7352984773629	0.0	256.4540660147648	213.42923357197964	58.851998890618475	7.984151914025268	469.88329958674456	1.3300922670489648e-09
251.0589284553002	1	1	1	1	0	0	251.0589284553002	20.0	0	0.0068150848250755425	0.8254538031010951	1.1001139220633622	594.8385221710511	0.0	286.9509400031808	243.1734891993931	64.71409296847705	8.191792620207215	530.1244292025739	1.2773352085917184e-09
251.0589284553002	2	1	1	2	0	0	251.0589284553002	20.0	0	0.007015334242631944	0.855155414702394	1.0829656112422843	612.4464238373894	0.0	295.3824944266082	250.59021825968182	66.47371115109935	8.21336289537463	545.97271268629	1.410160215895327e-09
264.95388112274634	1	1	1	1	0	0	264.95388112274634	21.0	0	0.007828584329888175	0.7925907348412513	1.084357417313247	687.3572162319524	0.0	329.6246033637126	284.7896629734944	72.94294989474544	8.423216599051573	614.414266337207	1.7315598825823597e-09
264.95388112274634	2	1	1	2	0	0	264.95388112274634	21.0	0	0.008130057677672404	0.8451978073506209	1.0874200072255815	714.2054833724919	0.0	342.3182180072592	296.36283478531413	75.5244305799186	8.456615268575012	638.6810527925733	1.8680910730595603e-09
278.9785277773454	1	1	1	1	0	0	278.9785277773454	22.0	0	0.008957700472573998	0.7769363032622008	1.0510216913981332	791.2162852849631	0.0	377.1663356873263	332.00131532269637	82.04863427494048	8.643259662721997	709.1676510100226	2.0304535541746317e-09
278.9785277773454	2	1	1	2	0	0	278.9785277773454	22.0	0	0.009336161107654421	0.8092514119494248	1.0521708968645638	825.1460453607463	0.0	393.10152032229144	346.7935510604734	85.25097397798139	8.679021914445983	739.8950713827649	1.83796151788845e-09
293.1329055639992	1	1	1	1	0	0	293.1329055639992	23.0	0	0.01046561447160295	0.7413141801567176	1.0177781824254393	930.9307339539497	0.0	440.6574514359137	396.05647666794084	94.21680585009544	8.880729086009518	836.7139281038544	2.8622594282191837e-09
293.1329055639992	2	1	1	2	0	0	293.1329055639992	23.0	0	0.01101574931157942	0.8214436520326699	1.043826892672561	980.7668168725372	0.0	463.8210236454494	418.141315896709	98.80447733037872	8.926339811434712	881.9623395421584	2.852365404996674e-09
307.41701318547484	1	1	1	1	0	0	307.41701318547484	24.0	0	0.01218442199586712	0.6772442084572496	0.9868441412129441	1091.3286044385773	0.0	513.028294562826	470.11118559878753	108.18912427696384	9.087230225145175	983.1394801616136	3.1554274732976587e-09
307.41701318547484	2	1	1	2	0	0	307.41701318547484	24.0	0	0.013078541739238357	0.7967370535218888	1.0296784422119685	1173.2651088438586	0.0	550.6754416521413	507.01659172518447	115.57307546653273	9.151716601014126	1057.692033377326	3.5094294516146034e-09
321.83081090278995	1	1	1	1	0	0	321.83081090278995	25.0	0	0.013768808118014932	0.6370975765912664	0.9746197994012455	1240.4218673357518	0.0	579.7392891795761	539.7667815630903	120.91579659308547	9.258559280803556	1119.5060707426662	2.912921334655387e-09
321.83081090278995	2	1	1	2	0	0	321.83081090278995	25.0	0	0.015082508966733759	0.7933921913121896	1.016615566079665	1361.8416234382091	0.0	635.0530091256319	595.1185572579909	131.67005705458612	9.342834611772316	1230.1715663836228	3.4638095009301527e-09
336.3742205469876	1	1	1	1	0	0	336.3742205469876	26.0	0	0.01528049397609276	0.6387306300675114	0.9563434019540699	1383.8240023594333	0.0	643.3892200460109	607.4151214549393	133.01966085848318	9.403153890398613	1250.8043415009504	3.4699305097065724e-09
336.3742205469876	2	1	1	2	0	0	336.3742205469876	26.0	0	0.01699923419764376	0.77247647175784	1.0083973467538545	1543.6667618408087	0.0	715.7572293744742	680.8925156548466	147.01701681148782	9.499918957137943	1396.649745029321	4.140054266011044e-09
351.0471255422998	1	1	1	1	0	0	351.0471255422998	27.0	0	0.017851353876925543	0.6065363883705391	0.9270392899687668	1629.6596909842597	0.0	751.6359527126546	724.3212376836245	153.70250058798035	9.60268821099258	1475.9571903962792	5.385347483599034e-09
351.0471255422998	2	1	1	2	0	0	351.0471255422998	27.0	0	0.020266703121723743	0.7219265060878958	0.9828993730174004	1856.1149324903336	0.0	853.334868283105	829.4759144189619	173.3041497882663	9.710158612808957	1682.8107827020672	6.813064560230251e-09
365.84937094069124	1	1	1	1	0	0	365.84937094069124	28.0	0	0.0195621138911689	0.5788693557930105	0.9008733499357636	1794.587684808065	0.0	823.6679533123751	803.284065297705	167.6356661979845	9.70528560842526	1626.95201861008	4.1890422432164636e-09
365.84937094069124	2	1	1	2	0	0	365.84937094069124	28.0	0	0.0225700041462718	0.7245223678660386	0.9596723359069836	2078.167595627331	0.0	950.3159640535497	935.7884072469894	192.0632243267918	9.82022653171421	1886.1043713005392	5.3779106804999854e-09
380.78076346777357	1	1	1	1	0	0	380.78076346777357	29.0	0	0.022622925147425255	0.5713710092808089	0.8653733020386882	2092.18848384686	0.0	952.5442167336947	946.5874159732854	193.0568511398796	9.837162584460481	1899.1316327069806	7.416917054669202e-09
380.78076346777357	2	1	1	2	0	0	380.78076346777357	29.0	0	0.02647986583372716	0.7045701806435442	0.9594725393128398	2496.1845838442277	0.0	1114.941719314828	1118.8432360428444	224.5360913978571	9.94844499808992	2233.7849553576725	8.746694122080472e-09
395.84107158007737	1	1	1	1	0	0	395.84107158007737	30.0	0	0.02454628403587377	0.5617350920876913	0.8540209763184518	2280.904251884562	0.0	1033.5277488788956	1038.2913717175531	209.08513128811347	9.908973956362011	2071.8191205964486	5.754899407715055e-09
395.84107158007737	2	1	1	2	0	0	395.84107158007737	30.0	0	0.02937617692145808	0.6802897354444182	0.9382025149645071	2742.500756886566	0.0	1236.8916598508665	1256.9366440937758	248.67245294192338	10.028566793150457	2493.828303944643	6.459682612654045e-09
411.03002553366304	1	1	1	1	0	0	411.03002553366304	31.0	0	0.027622684852468143	0.5621264320682726	0.8317503198040576	2585.621645149949	0.0	1163.0604148407638	1187.5183329575532	235.04289735163232	10.000637221050633	2350.578747798317	8.45838904017197e-09
411.03002553366304	2	1	1	2	0	0	411.03002553366304	31.0	0	0.0335221192960642	0.6762545074992957	0.9171289717902256	3171.7318304389946	0.0	1411.4576545711236	1458.0438531093812	283.65469637793706	10.11617838280818	2869.501507680505	1.0649636460241988e-08
426.3473174640513	1	1	1	1	0	0	426.3473174640513	32.0	0	0.030692414042689676	0.5595379279449597	0.8334090764807539	2892.758990093961	0.0	1292.3121702185126	1338.9439875255007	261.50283234994697	10.062056055373153	2631.2561577440133	9.412750090433677e-09
426.3473174640513	2	1	1	2	0	0	426.3473174640513	32.0	0	0.03772522211984762	0.6220470150541185	0.8973642911917844	3573.9755691486944	0.0	1588.4304050462156	1665.377320287918	319.88389466122806	10.171839781993613	3253.8077253341335	1.108015219544352e-08
441.79260147745117	1	1	1	1	0	0	441.79260147745117	33.0	0	0.033625186355834905	0.5443118732186053	0.8246789545059215	3189.439818538436	0.0	1415.7973202456799	1486.0800553775875	287.5624429151681	10.091294767861363	2901.8773756232677	8.695060545961828e-09
441.79260147745117	2	1	1	2	0	0	441.79260147745117	33.0	0	0.041657850703758124	0.5907365585460469	0.8758518244875184	3971.518447877455	0.0	1754.0147664740266	1862.6757957153416	354.82788568808616	10.19280250529307	3616.6905621893684	1.1507732230856957e-08
457.365493753255	1	1	1	1	0	0	457.365493753255	34.0	0	0.03673303179440172	0.5646531155691707	0.8258716469792592	3507.7157596044267	0.0	1546.6539702905984	1644.7587891382614	316.30300017556686	10.089732812073985	3191.4127594288598	9.38234469121752e-09
457.365493753255	2	1	1	2	0	0	457.365493753255	34.0	0	0.04557744686469625	0.5685178261624738	0.8504585900609658	4372.926169522878	0.0	1919.0503943029998	2062.800469855403	391.07530536447484	10.18180081825262	3981.8508641584026	1.1956569253269307e-08
473.0655726577729	1	1	1	1	0	0	473.0655726577729	35.0	0	0.04094009326172426	0.5587191452585719	0.8373705571466576	4130.7598024685385	0.0	1723.7934004936535	1864.051767095484	356.2245752685195	10.07186313545225	3587.845167589137	1.6945473826041038e-08
473.0655726577729	2	1	1	2	0	0	473.0655726577729	35.0	0	0.0497845083320188	0.5502402761935367	0.8317793957758078	5194.197127573427	0.0	2096.1898245060547	2282.093447812625	430.9968804574275	10.158503392581174	4378.28327231868	2.161291242064877e-08
488.8923788691719	1	1	1	1	0	0	488.8923788691719	36.0	0	0.04407243644180255	0.5402041262858661	0.8150049989023728	4273.6470310330105	0.0	1855.6815343916865	2030.8806914930985	387.0848051482268	10.040596205775886	3886.562225884784	7.831830444372267e-09
488.8923788691719	2	1	1	2	0	0	488.8923788691719	36.0	0	0.05395935616027693	0.5405226796067271	0.8306010458947304	5350.778402958679	0.0	2271.9728909590285	2504.4462784799907	472.1279942230727	10.116788726538083	4776.419169439019	9.441502249496987e-09
504.8454155135833	1	1	1	1	0	0	504.8454155135833	37.0	0	0.04815802838525325	0.5262015051720449	0.8165833119726051	4726.631070618086	0.0	2027.706458326453	2253.5998261220952	429.4121974929665	9.970155271424662	4281.306284448549	1.5680860595157038e-08
504.8454155135833	2	1	1	2	0	0	504.8454155135833	37.0	0	0.05804494810372765	0.5115649208858257	0.8099258309422143	5935.079523099305	0.0	2443.997814893796	2727.165413108987	514.4553865678123	10.051723362257283	5171.163228002783	1.804070010947329e-08
520.9241483123367	1	1	1	1	0	0	520.9241483123367	38.0	0	0.05156946642734494	0.5313953794152662	0.8007671669846872	5082.937754789915	0.0	2171.3459548355772	2444.475572435729	467.116227518608	9.88152681355398	4615.821527271306	1.324111658935612e-08
520.9241483123367	2	1	1	2	0	0	520.9241483123367	38.0	0	0.06198159650380451	0.5261250063853792	0.8067361861294727	6359.680812285505	0.0	2609.751431739137	2947.4275700257595	557.9641672185331	9.959741732999785	5557.179001764896	1.5424774077747607e-08
537.1280057402779	1	1	1	1	0	0	537.1280057402779	39.0	0	0.05407740052558544	0.5130547730367604	0.7889263794307234	5357.081987706085	0.0	2276.9431800246507	2585.271872687828	494.8669349936062	9.825297890988207	4862.215052712478	1.1788736986292396e-08
537.1280057402779	2	1	1	2	0	0	537.1280057402779	39.0	0	0.06601891652532549	0.5111560157107427	0.8046488086716973	6634.14561473362	0.0	2779.7438536979153	3174.084132637463	602.6377840327808	9.879612835579383	5953.827986335378	1.3547320955264195e-08
553.4563791951257	1	1	1	1	0	0	553.4563791951257	40.0	0	0.05740313192690204	0.5062313906635038	0.7811734913287708	5720.855654306669	0.0	2416.97397586956	2771.9796004810405	531.9020779560689	9.755467766341699	5188.9535763506	1.4554233780619869e-08
553.4563791951257	2	1	1	2	0	0	553.4563791951257	40.0	0	0.07013354102792238	0.5271687050419026	0.8015107875184545	7084.525773590676	0.0	2952.9912011756787	3405.080595941149	648.4579926732628	9.804909290894436	6358.071797116829	1.9183495143792134e-08
569.9086231778117	1	1	1	1	0	0	569.9086231778117	41.0	0	0.06154285149034128	0.4704400768103798	0.7539330546967578	6248.521518403671	0.0	2591.2779574880537	3004.384909305699	578.8489129990433	9.666879804269412	5595.662866793752	2.0105670752440042e-08
569.9086231778117	2	1	1	2	0	0	569.9086231778117	41.0	0	0.07427326059136162	0.520735165694427	0.7985147874769578	7830.378681957292	0.0	3127.295182794173	3637.4859047658083	695.404827716237	9.727831642722474	6764.781087559982	2.439143306064425e-08
586.4840554837581	1	1	1	1	0	0	586.4840554837581	42.0	0	0.06447482791148353	0.4650140071837355	0.7509526740532674	6496.842945681822	0.0	2714.7295962729904	3168.987094352282	613.1262550565506	9.596256304637617	5883.716690625272	1.2114348907055625e-08
586.4840554837581	2	1	1	2	0	0	586.4840554837581	42.0	0	0.07838345649172915	0.5108423804419804	0.7925209442320229	8127.6586661519095	0.0	3300.356062809649	3868.2337447864425	743.4565752624792	9.642244141919386	7168.58980759609	1.6584056568826034e-08
603.1819574050269	1	1	1	1	0	0	603.1819574050269	43.0	0	0.06702851726281163	0.4476111251811118	0.7407849461251844	6778.426942386602	0.0	2822.2533584341736	3312.3521105671916	643.8214733852358	9.52842631474436	6134.605469001364	1.1833291821940912e-08
603.1819574050269	2	1	1	2	0	0	603.1819574050269	43.0	0	0.08247109178469754	0.5218166873348162	0.8031083137965057	8477.129175254822	0.0	3472.467022513581	4097.715024391684	792.5897471185042	9.551198554393373	7570.1820469052645	1.849978063831936e-08
620.0015739432909	1	1	1	1	0	0	620.0015739432909	44.0	0	0.07040264171002998	0.4258068731144644	0.7275144851600653	7150.354000117685	0.0	2964.3217562117884	3501.7766409373444	684.2556029685511	9.449828936872176	6466.098397149133	1.5113072633813368e-08
620.0015739432909	2	1	1	2	0	0	620.0015739432909	44.0	0	0.0866592609849467	0.5125041129350278	0.8034408555336586	9026.308847955466	0.0	3648.810988839861	4332.840312826725	842.7790566145823	9.47063318555712	7981.651301666586	2.2241770050057302e-08
636.9421140335545	1	1	1	1	0	0	636.9421140335545	45.0	0	0.07229275492743371	0.42923170012192985	0.7153561585827888	7358.924393349384	0.0	3043.905470628787	3607.8882601600103	707.1306625605868	9.406739210971317	6651.793730788799	1.1382976152062944e-08
636.9421140335545	2	1	1	2	0	0	636.9421140335545	45.0	0	0.09062368264448466	0.5190080749611149	0.7808641672036284	9261.896736936456	0.0	3815.734006083565	4555.40433581833	890.7583950345605	9.397765307142688	8371.138341901895	1.655416397883101e-08
654.0027507785644	1	1	1	1	0	0	654.0027507785644	46.0	0	0.07539812833001787	0.4242373342790102	0.6998900646284135	7702.468925872626	0.0	3174.6580349481205	3782.225012585788	745.5858783387166	9.330760211063742	6956.883047533909	1.4773842804356482e-08
654.0027507785644	2	1	1	2	0	0	654.0027507785644	46.0	0	0.0948404758679878	0.5005525642559862	0.7742778966621059	9761.218383315345	0.0	3993.2831944415916	4792.136586962365	942.9768152627456	9.316686942039011	8785.419781403956	2.427012962656794e-08
671.1826216938364	1	1	1	1	0	0	671.1826216938364	47.0	0	0.07789063853119227	0.4036245239230842	0.6868001105061369	7979.325842374248	0.0	3279.6058328923064	3922.1554098447027	777.5645996372383	9.261945883463428	7201.7612427370095	1.4341191783220291e-08
671.1826216938364	2	1	1	2	0	0	671.1826216938364	47.0	0	0.09874168451717433	0.4970835914980988	0.7730977572553871	10161.725453950548	0.0	4157.544611249446	5011.151809372836	993.0290333282672	9.233059772575018	9168.69642062228	2.105644247190124e-08
688.4808289632283	1	1	1	1	0	0	688.4808289632283	48.0	0	0.08016203877852278	0.40056831648868	0.6824395155487943	8231.33425839524	0.0	3375.2437380430633	4049.6726167123793	806.4179036397991	9.207281139521816	7424.916354755442	1.3814577977890185e-08
688.4808289632283	2	1	1	2	0	0	688.4808289632283	48.0	0	0.10215123693680987	0.4934997579785613	0.7792914979599509	10540.010129063508	0.0	4301.104713128838	5202.5652785453585	1036.3401373893107	9.170415820828193	9503.669991674196	2.154375239077677e-08
705.8964397049822	1	1	1	1	0	0	705.8964397049822	49.0	0	0.08195921700102299	0.3856172182490929	0.6732508327533093	8430.819920491094	0.0	3450.9144000430733	4150.566832712392	829.3386877356302	9.165714014270856	7601.481232755466	1.2308887575878259e-08
705.8964397049822	2	1	1	2	0	0	705.8964397049822	49.0	0	0.10498941180442206	0.4929123403287218	0.7746035834129732	10855.045769670021	0.0	4420.606812817772	5361.901411463938	1072.5375453883075	9.120900490938054	9782.50822428171	2.1185602804536283e-08
723.4284862481575	1	1	1	1	0	0	723.4284862481575	50.0	0	0.08626342258450496	0.3716734553304105	0.6615634948425451	9614.262666712497	0.0	3632.144108821261	4392.206444416643	885.230483536331	9.064702021085083	8024.350553237904	3.742270802564436e-08
723.4284862481575	2	1	1	2	0	0	723.4284862481575	50.0	0	0.10929361738790404	0.4896865839968266	0.7706831568726669	12845.507985865575	0.0	4601.83652159596	5603.541023168188	1128.4293411890085	9.043878222814467	10205.377544764151	6.592329805900234e-08
741.0759664193733	1	1	1	1	0	0	741.0759664193733	51.0	0	0.09051947610909394	0.3685224717619103	0.6698946475994487	10857.262417422131	0.0	3811.346362488166	4631.142782639183	941.9493948414822	8.962784191339821	8442.489145127349	4.152989748559239e-08
741.0759664193733	2	1	1	2	0	0	741.0759664193733	51.0	0	0.11354967091249303	0.4770293480973991	0.765008946636305	14879.774103539312	0.0	4781.038775262865	5842.477361390727	1185.1482524941596	8.963871072075811	10623.516136653594	6.966642538799022e-08
758.8378438397727	1	1	1	1	0	0	758.8378438397727	52.0	0	0.09490142778787587	0.36329199638941423	0.658378405246279	12149.416064080488	0.0	3995.8495910684583	4877.147087412905	999.4550938518288	8.87783426495478	8872.996678481362	4.5457449006323547e-08
758.8378438397727	2	1	1	2	0	0	758.8378438397727	52.0	0	0.11793162259127495	0.4685054928297936	0.7572077517023131	16944.467046993617	0.0	4965.542003843157	6088.481666164451	1242.6539515045065	8.895496333974778	11054.023670007608	6.916938085663742e-08
776.7130482321257	1	1	1	1	0	0	776.7130482321257	53.0	0	0.09934275485242364	0.3647411331985627	0.6721005695654811	13516.210826091108	0.0	4182.852835891521	5126.48474717699	1057.7053205470045	8.801447248326292	9309.337583068509	5.470519448181081e-08
776.7130482321257	2	1	1	2	0	0	776.7130482321257	53.0	0	0.12237294965582272	0.4490543718296728	0.7413727257052387	19006.92434939064	0.0	5152.54524866622	6337.819325928535	1300.9041781996816	8.832598716452921	11490.364574594754	7.272890429399395e-08
794.7004757379742	1	1	1	1	0	0	794.7004757379742	54.0	0	0.10377433238390367	0.3629366797780759	0.6581973176859125	14942.02698905163	0.0	4369.445574059102	5375.2750647337625	1116.6558781826377	8.72669980894422	9744.720638792864	5.541763715279375e-08
794.7004757379742	2	1	1	2	0	0	794.7004757379742	54.0	0	0.12680452718730273	0.4472088523211773	0.7377050458483589	21137.86308792268	0.0	5339.137986833799	6586.60964348531	1359.8547358353148	8.769868807342503	11925.747630319109	8.314656279989228e-08
812.7989892447298	1	1	1	1	0	0	812.7989892447298	55.0	0	0.1081665246316448	0.3587069492377618	0.664555844730062	16424.864124784574	0.0	4554.379984490308	5621.8542786420385	1176.2606310422898	8.65134307361383	10176.234263132344	5.6197447583712695e-08
812.7989892447298	2	1	1	2	0	0	812.7989892447298	55.0	0	0.13119671943504388	0.4400542825667221	0.7406243078898957	23304.63382155722	0.0	5524.072397265005	6833.188857393584	1419.4594886949674	8.705610377101848	12357.26125465859	7.793750814364643e-08
831.0074187226242	1	1	1	1	0	0	831.0074187226242	56.0	0	0.11268970239860678	0.36260360463594304	0.6671245029581148	17990.718597441974	0.0	4744.82957467818	5875.7870655592005	1236.4715044867169	8.589455237503595	10620.616640237378	6.460023964121322e-08
831.0074187226242	2	1	1	2	0	0	831.0074187226242	56.0	0	0.13571989720200586	0.4399474392537253	0.739078299063463	25527.407384148282	0.0	5714.521987452878	7087.121644310747	1479.6703621393942	8.651686185870654	12801.643631763623	8.179840880281331e-08
849.3245615714155	1	1	1	1	0	0	849.3245615714155	57.0	0	0.11727209987940662	0.3483274624542316	0.6484892024845977	19569.318263896643	0.0	4937.772626501332	6133.044467990068	1297.2384873401518	8.534141719145968	11070.817094491398	6.703263573119526e-08
849.3245615714155	2	1	1	2	0	0	849.3245615714155	57.0	0	0.1403022946828057	0.4363672109769736	0.7337365304876726	27789.580721022558	0.0	5907.465039276029	7344.379046741615	1540.4373449928294	8.60265049344109	13251.844086017643	9.575804550688672e-08
867.7491829767432	1	1	1	1	0	0	867.7491829767432	58.0	0	0.12183932996643952	0.3499026948783963	0.6427644141945091	21225.59998703332	0.0	5130.077051218505	6389.450367612969	1358.5096366503901	8.479533091303349	11519.527418831474	7.029042710643548e-08
867.7491829767432	2	1	1	2	0	0	867.7491829767432	58.0	0	0.14486952476983858	0.4291261371962763	0.7321022324349556	30106.104492668037	0.0	6099.769463993203	7600.784946364515	1601.7084943030677	8.553712775506682	13700.55441035772	9.518033294312224e-08
886.2800162760308	1	1	1	1	0	0	886.2800162760308	59.0	0	0.1263584400818356	0.340299050094558	0.6429818363437102	22906.65155990493	0.0	5320.355371866765	6643.15479514398	1420.231084856447	8.423636332547938	11963.510167010745	7.021418115431699e-08
886.2800162760308	2	1	1	2	0	0	886.2800162760308	59.0	0	0.1493886348852347	0.42864841300944606	0.7258836522412514	32466.83561716253	0.0	6290.047784641462	7854.489373895523	1663.4299425091247	8.503235872501675	14144.537158536987	9.769751337440112e-08
