11.247441493196291	1	1	1	1	0	0	11.247441493196291	1.0	0	0.0			100.0	0.0	0.0	0.0	0.0		0.0	0.0
11.247441493196291	2	1	1	2	0	0	11.247441493196291	1.0	0	0.0			100.0	0.0	0.0	0.0	0.0		0.0	0.0
11.367595075476835	1	1	1	1	0	0	11.367595075476835	1.0	0	0.0			100.0	0.0	0.0	0.0	0.0		0.0	0.0
11.367595075476835	2	1	1	2	0	0	11.367595075476835	1.0	0	0.0			100.0	0.0	0.0	0.0	0.0		0.0	0.0
22.856168219862568	1	1	1	1	0	0	22.856168219862568	2.0	0	0.0			98.68366698886999	0.0	0.0	0.0	0.9714436926366636	0.0	0.0	0.0
22.856168219862568	2	1	1	2	0	0	22.856168219862568	2.0	0	0.0			98.68366698886999	0.0	0.0	0.0	0.9714436926366636	0.0	0.0	0.0
34.4665080713728	1	1	1	1	0	0	34.4665080713728	3.0	0	0.00011257771665567784			93.56925873044621	0.0	4.740114385502225	3.1600762570014824	2.932515313022233	2.6939980867011464	7.900190642503707	0.0
34.4665080713728	2	1	1	2	0	0	34.4665080713728	3.0	0	0.00011257771665567784			93.56925873044621	0.0	4.740114385502225	3.1600762570014824	2.932515313022233	2.6939980867011464	7.900190642503707	0.0
46.1993671861199	1	1	1	1	0	0	46.1993671861199	4.0	0	0.00033581469321961526	1.0103359479214482	1.055060784714051	87.8879055965222	0.0	14.139566030299589	9.426377353533061	5.901167065820748	3.993437759172312	23.56594338383265	1.4766808554380395e-11
46.1993671861199	2	1	1	2	0	0	46.1993671861199	4.0	0	0.00033581469321961526	0.4973229754594794	0.7534514089208796	86.63900893709845	0.0	14.139566030299589	9.426377353533061	5.901167065820748	3.993437759172312	23.56594338383265	9.155048747371573e-12
58.05546181511435	1	1	1	1	0	0	58.05546181511435	5.0	0	0.0006675093645202824	0.4535891834213258	1.0206136340044083	80.54697311247239	0.0	28.105657453485573	18.737104968990387	9.895080542697137	4.73394453136082	46.842762422475964	2.4849240926951488e-11
58.05546181511435	2	1	1	2	0	0	58.05546181511435	5.0	0	0.0006675093645202824	0.5597524608446349	1.0040223865448594	80.46418137965527	0.0	28.105657453485573	18.737104968990387	9.895080542697137	4.73394453136082	46.842762422475964	2.9997783703670423e-11
70.03547169202406	1	1	1	1	0	0	70.03547169202406	6.0	0	0.0009865674557444717	0.6489248179520616	1.0470101377102723	82.79962146472072	0.0	41.539682347135646	27.69312156475711	13.566817552827949	5.1030983237083065	69.23280391189276	6.663755430511679e-11
70.03547169202406	2	1	1	2	0	0	70.03547169202406	6.0	0	0.000982708650554847	0.6237582273177265	1.116241112934314	82.48442078844562	0.0	41.377206339151456	27.58480422610097	13.52241022319319	5.099831274676985	68.96201056525243	6.499856908589758e-11
82.14003983175478	1	1	1	1	0	0	82.14003983175478	7.0	0	0.0011685000391573061	0.6854316116109774	1.0732265939872287	97.61764691932129	0.0	49.20000164872867	32.80000109915245	15.61764417144018	5.250471956444857	82.00000274788113	1.0247574535207613e-10
82.14003983175478	2	1	1	2	0	0	82.14003983175478	7.0	0	0.0011627823483517645	0.6737971100076728	1.0719721856426938	97.15104392765477	0.0	48.959256772705864	32.63950451513725	15.552282639811668	5.2467385770730335	81.59876128784309	1.0148188097995152e-10
94.36977233991071	1	1	1	1	0	0	94.36977233991071	8.0	0	0.001388206664314952	0.6873436525151788	1.1664042721007022	115.49474496907213	0.0	58.45080691852429	38.96720461234954	18.076733438198264	5.389138024518196	97.41801153087386	1.2284877534823303e-10
94.36977233991071	2	1	1	2	0	0	94.36977233991071	8.0	0	0.0014096298660010403	0.8108300281810417	1.1337484497576544	117.23654327564802	0.0	59.352836463201704	39.56855764213447	18.315149170311862	5.401069529135142	98.92139410533615	1.366981050005457e-10
106.72523823319248	1	1	1	1	0	0	106.72523823319248	9.0	0	0.0016587665661044408	0.7248541709765018	1.0763833934314786	137.8765208221663	0.0	69.84280278334487	47.16533382750619	20.868384211315245	5.606957176272753	117.00813661085104	1.601580056081695e-10
106.72523823319248	2	1	1	2	0	0	106.72523823319248	9.0	0	0.0016815757198769766	0.7172186013634038	1.072918769931509	139.73297051919894	0.0	70.80318820534637	47.808682046583996	21.121100267268567	5.61579978083545	118.61187025193036	1.6118092344923138e-10
119.20696927078512	1	1	1	1	0	0	119.20696927078512	10.0	0	0.0020171686236542573	0.8381372320221818	1.1662560067245835	167.86668432392526	0.0	84.93341573281083	58.551068184630225	24.382200406484166	5.884804551080756	143.48448391744103	2.441029822726237e-10
119.20696927078512	2	1	1	2	0	0	119.20696927078512	10.0	0	0.0020285031101730092	0.7899295537924711	1.1650728245465634	168.7629633416324	0.0	85.4106572704425	58.82988860472961	24.52241746646028	5.881987209150663	144.24054587517213	2.0922168290862138e-10
131.81545979678634	1	1	1	1	0	0	131.81545979678634	11.0	0	0.0024346515319272487	0.7880891501413929	1.1014214737564556	203.10776926472144	0.0	102.51164344956841	72.24946760082224	28.346658214330787	6.165139810450013	174.76111105039064	3.6591461691664465e-10
131.81545979678634	2	1	1	2	0	0	131.81545979678634	11.0	0	0.0024819017715114553	0.8808067940877872	1.1791562642672584	207.03581336648483	0.0	104.50112722153494	73.70675142882286	28.827934716127032	6.181777515635349	178.20787865035783	3.7354219323922803e-10
144.55116659372186	1	1	1	1	0	0	144.55116659372186	12.0	0	0.0029580668128510665	0.8317717584337092	1.0618286234120924	247.6094127208226	0.0	124.55018159372914	89.83453376240095	33.224697364692524	6.452570899380232	214.3847153561301	4.1940557697973297e-10
144.55116659372186	2	1	1	2	0	0	144.55116659372186	12.0	0	0.003036953073260828	0.8797843936589351	1.1531743928757805	254.2272042763933	0.0	127.87170834782434	92.35468590850756	34.000810020061415	6.477092578864808	220.2263942563319	4.2079176559647834e-10
157.41450874719058	1	1	1	1	0	0	157.41450874719058	13.0	0	0.003576152629955282	0.7962988595301779	1.1042043548418288	300.4883054392329	0.0	150.57484757706447	110.98072952532559	38.93272833684278	6.718141478281017	261.5555771023901	5.085004260011323e-10
157.41450874719058	2	1	1	2	0	0	157.41450874719058	13.0	0	0.003687527221705878	0.8241836776996186	1.155870598781364	309.88556052564604	0.0	155.2643040718264	114.61238527745691	40.00887117636276	6.745421238195955	269.8766893492833	5.290777518047658e-10
170.4058675216809	1	1	1	1	0	0	170.4058675216809	14.0	0	0.004318459873304405	0.7867316716704253	1.136350408930185	364.3539027297695	0.0	181.82988940229072	136.7475584117285	45.77645491575024	6.959417202584787	318.57744781401925	6.182904638001359e-10
170.4058675216809	2	1	1	2	0	0	170.4058675216809	14.0	0	0.004476732643304065	0.821605239819722	1.17267875132844	377.7861179927816	0.0	188.49400603385536	142.00713487304702	47.28497708587917	6.989559079338133	330.5011409069024	6.537071524345286e-10
183.52558624759342	1	1	1	1	0	0	183.52558624759342	15.0	0	0.005247433055370287	0.8287345145790663	1.108924203597267	445.16271744420135	0.0	220.94454969980148	170.20101704061815	54.01715070378173	7.241136595400536	391.14556674041967	8.239289022976983e-10
183.52558624759342	2	1	1	2	0	0	183.52558624759342	15.0	0	0.005409860637371314	0.7912352914201001	1.1543106208693257	458.9563483429641	0.0	227.78360578405528	175.61021335542839	55.56252920348044	7.260177405930886	403.3938191394837	1.0285564120278946e-09
196.77397021950497	1	1	1	1	0	0	196.77397021950497	16.0	0	0.006374073436124943	0.8284367466912008	1.1303633804775388	544.0652427724161	0.0	268.38203941578706	211.9239031671024	63.759300189526776	7.533111893561615	480.3059425828895	1.2780876719955207e-09
196.77397021950497	2	1	1	2	0	0	196.77397021950497	16.0	0	0.006612452711399473	0.8698932063686601	1.1116070357036898	564.5263199974607	0.0	278.41906153260936	220.1458194089593	65.96143905589217	7.558429410842775	498.5648809415687	1.3474932761892776e-09
210.1512866057031	1	1	1	1	0	0	210.1512866057031	17.0	0	0.007692955127382545	0.7866349800669606	1.1279396996902906	660.7667975059898	0.0	323.9139001003176	261.8631309468145	74.98976645885759	7.811426261322111	585.7770310471321	1.6703386470867413e-09
210.1512866057031	2	1	1	2	0	0	210.1512866057031	17.0	0	0.008027526433537324	0.8240428617519829	1.1177964794125694	689.7394490679263	0.0	338.0011129910452	273.72734184827914	78.01099422860216	7.8415672161121925	611.7284548393243	1.7324919324881136e-09
223.65776436901845	1	1	1	1	0	0	223.65776436901845	18.0	0	0.009211571016413206	0.7425273380286161	1.0443163433791505	796.1090774759692	0.0	387.8556217437138	320.4240810558532	87.82937467640232	8.064268992112785	708.2797027995671	1.8057428425535771e-09
223.65776436901845	2	1	1	2	0	0	223.65776436901845	18.0	0	0.009768035919916812	0.8379917129494807	1.06777607356694	844.8573586706897	0.0	411.28572294386566	340.84496516067406	92.72667056614999	8.111265976793371	752.1306881045398	2.2401619338307325e-09
237.29359419897813	1	1	1	1	0	0	237.29359419897813	19.0	0	0.010933430751966138	0.6895402295369005	1.0388832696963286	950.5953510910235	0.0	460.3549790301531	387.8549012405491	102.38547082032127	8.284475067358395	848.209880270702	2.1823962772933288e-09
237.29359419897813	2	1	1	2	0	0	237.29359419897813	19.0	0	0.01189957803558488	0.8449223193759579	1.0679737266386156	1036.1005776761938	0.0	501.0348646562055	424.31961187547387	110.74610114451427	8.355639313425309	925.3544765316794	2.7601877282241857e-09
251.0589284553002	1	1	1	1	0	0	251.0589284553002	20.0	0	0.012869238182126735	0.6433163467868438	0.9788963774643452	1125.8682815162217	0.0	541.862660300073	465.6619389035465	118.3436823126022	8.513547825411296	1007.5245992036197	2.568152003158812e-09
251.0589284553002	2	1	1	2	0	0	251.0589284553002	20.0	0	0.014450832619461137	0.8297107550056296	1.0477659879911243	1267.0976594156793	0.0	608.4561102931003	526.863676126269	131.77787299630987	8.61540530746889	1135.3197864193696	3.7628926392044005e-09
264.95388112274634	1	1	1	1	0	0	264.95388112274634	21.0	0	0.014986076513295959	0.5935201182484986	0.9037387650479308	1319.1067754748758	0.0	630.992695296672	552.5832560066102	135.53082417159362	8.732891270584865	1183.5759513032824	3.775862197297133e-09
264.95388112274634	2	1	1	2	0	0	264.95388112274634	21.0	0	0.017212594832464644	0.8386413306088115	1.040792661166864	1566.5682223034335	0.0	724.7408350511429	640.2667667378903	154.2013137649185	8.85211395714826	1365.0076017890333	4.937498007373496e-09
278.9785277773454	1	1	1	1	0	0	278.9785277773454	22.0	0	0.017293739619098917	0.54965634833883	0.860722542872554	1531.37169030159	0.0	728.1574576462701	649.0734080569505	154.14082459836916	8.934887102698113	1377.2308657032206	4.062376495925739e-09
278.9785277773454	2	1	1	2	0	0	278.9785277773454	22.0	0	0.0201474358137712	0.8089780954651911	1.0089424300253167	1926.0004389608655	0.0	848.3130868956297	762.9810623461765	177.8691497576551	9.058873623881254	1611.2941492418067	5.39581203727054e-09
293.1329055639992	1	1	1	1	0	0	293.1329055639992	23.0	0	0.0197250696507163	0.4930693001126143	0.8183784068742259	1756.6444413460956	0.0	830.5292484512129	752.3546545730525	173.76053832183018	9.109570667262382	1582.8839030242652	4.1936277323745205e-09
293.1329055639992	2	1	1	2	0	0	293.1329055639992	23.0	0	0.023235328449847503	0.7866128593556528	1.0113764223552737	2351.9212444031364	0.0	978.3296189409476	894.1526418580278	202.7870213508828	9.233738176759426	1872.4822607989756	6.4440017032192374e-09
307.41701318547484	1	1	1	1	0	0	307.41701318547484	24.0	0	0.022415626549389348	0.4766564453797814	0.7908852417669497	2007.7252580592015	0.0	943.8158547111303	868.2771212718255	195.63228207624576	9.262750282065976	1812.092975982956	4.892055193161588e-09
307.41701318547484	2	1	1	2	0	0	307.41701318547484	24.0	0	0.02645493935365949	0.7860770095998159	0.98750762761778	2858.3050980379944	0.0	1113.8921833119787	1032.869365508891	228.95948576218288	9.376163392726527	2146.761548820869	7.420427531926176e-09
321.83081090278995	1	1	1	1	0	0	321.83081090278995	25.0	0	0.025462863723151263	0.4725333806966064	0.7862188658550652	2294.475139736935	0.0	1072.1205778168953	1002.2451726299284	220.10938929011112	9.424249265953595	2074.365750446824	6.940866917711778e-09
321.83081090278995	2	1	1	2	0	0	321.83081090278995	25.0	0	0.029869852804097163	0.7414787244475431	0.9665084093135984	3416.838301284773	0.0	1257.678012804091	1183.0018541943464	256.3899737373748	9.519404489266313	2440.679866998437	1.0539054724780505e-08
336.3742205469876	1	1	1	1	0	0	336.3742205469876	26.0	0	0.028924391759949618	0.4720481061895962	0.7712199844870462	2622.8439660170184	0.0	1217.8691267347208	1157.1494630466245	247.82537623567325	9.583435828309954	2375.018589781345	6.599716894138535e-09
336.3742205469876	2	1	1	2	0	0	336.3742205469876	26.0	0	0.0334531246136458	0.7217920197131115	0.920975954706772	4042.9590580907225	0.0	1408.5526153114022	1343.3542104738794	285.08074660995516	9.653078499722096	2751.906825785281	1.1108983546450579e-08
351.0471255422998	1	1	1	1	0	0	351.0471255422998	27.0	0	0.032647413952760815	0.4944863132615393	0.8047627141587705	3026.446871961775	0.0	1374.6279559057186	1326.4484843794364	277.7774834268631	9.723885489071076	2701.0764402851555	9.209240518028415e-09
351.0471255422998	2	1	1	2	0	0	351.0471255422998	27.0	0	0.037176146806457006	0.6874639447961347	0.8986151288825385	4726.172968918158	0.0	1565.3114444824002	1512.6532318066916	315.0328538011451	9.770297412319932	3077.9646762890916	1.2949903677907858e-08
365.84937094069124	1	1	1	1	0	0	365.84937094069124	28.0	0	0.0364798781118787	0.5154759028348035	0.7848727299832284	3520.685818016029	0.0	1535.9948678685769	1503.3419143251974	308.990720455326	9.83633676025945	3039.3367821937745	1.0460885202684916e-08
365.84937094069124	2	1	1	2	0	0	365.84937094069124	28.0	0	0.041008610965574885	0.6602336219580327	0.8821139221417731	5471.620304156782	0.0	1726.6783564452585	1689.5466617524523	346.246090829608	9.86646523578768	3416.225018197711	1.431340941559694e-08
380.78076346777357	1	1	1	1	0	0	380.78076346777357	29.0	0	0.040389739799334065	0.5328721882909652	0.8334755509936729	4110.3588501972945	0.0	1700.6206231298554	1686.3967431210526	341.4635875263913	9.919117264557906	3387.0173662509083	1.2363906573457424e-08
380.78076346777357	2	1	1	2	0	0	380.78076346777357	29.0	0	0.04491847265303025	0.6361684660010214	0.8747770372649215	6279.127787718884	0.0	1891.3041117065368	1872.6014905483075	378.7189579006732	9.938519114857737	3763.905602254845	1.6287572176252706e-08
395.84107158007737	1	1	1	1	0	0	395.84107158007737	30.0	0	0.04443722606484219	0.5236563464859906	0.8194049029285483	4768.5536598870485	0.0	1871.0410974670401	1879.3771086664005	375.193248771269	9.995963995663013	3750.41820613344	1.498629218602518e-08
395.84107158007737	2	1	1	2	0	0	395.84107158007737	30.0	0	0.04896595891853837	0.6118914245468835	0.8587033988858259	7135.9707157297335	0.0	2061.724586043721	2065.581856093656	412.448619145551	10.006837823066807	4127.3064421373765	1.6675722067524306e-08
411.03002553366304	1	1	1	1	0	0	411.03002553366304	31.0	0	0.04858316843944832	0.5437614785379982	0.8266592250093291	5538.798519818861	0.0	2045.6070921872968	2080.4843176820054	410.17549220728273	10.05933189149238	4126.091409869303	1.8768758129947622e-08
411.03002553366304	2	1	1	2	0	0	411.03002553366304	31.0	0	0.0531119012931445	0.5922512483409708	0.8452479440303879	8050.813755154708	0.0	2236.290580763979	2266.689065109261	447.4308625815647	10.064079218613058	4502.97964587324	1.9842027588091288e-08
426.3473174640513	1	1	1	1	0	0	426.3473174640513	32.0	0	0.05278627126323174	0.5423672385781885	0.821882140712938	6395.160755961588	0.0	2222.5798426623887	2287.817784860543	446.40469049057367	10.103831172934717	4510.397627522932	1.9981914553395687e-08
426.3473174640513	2	1	1	2	0	0	426.3473174640513	32.0	0	0.05731500411692793	0.5699170259002109	0.8259770393019465	9018.0484839014	0.0	2413.2633312390703	2474.0225322877977	483.66006086485567	10.10479520427566	4887.2858635268685	2.202844413646195e-08
441.79260147745117	1	1	1	1	0	0	441.79260147745117	33.0	0	0.0570030747649697	0.5243359840923287	0.8049272314038199	7313.442478263377	0.0	2400.129463788198	2499.373207478824	483.8737625330273	10.125580369596092	4899.502671267022	2.152935873699986e-08
441.79260147745117	2	1	1	2	0	0	441.79260147745117	33.0	0	0.06153180761866589	0.56847604679638	0.8159920187822527	10065.54566589098	0.0	2590.812952364879	2685.5779549060794	521.1291329073093	10.124920243538648	5276.390907270958	2.320159734461648e-08
457.365493753255	1	1	1	1	0	0	457.365493753255	34.0	0	0.06118791983364617	0.5237492380926233	0.8104094072787172	8322.387935295385	0.0	2576.3334666798387	2713.040820495129	522.5741360553537	10.12176822814417	5289.374287174968	2.3047310197268012e-08
457.365493753255	2	1	1	2	0	0	457.365493753255	34.0	0	0.06571665268734236	0.5594189008003976	0.8006373234175952	11182.930367950728	0.0	2767.0169552565203	2899.2455679223845	559.8295064296357	10.121407425121296	5666.262523178903	2.6378182870362744e-08
473.0655726577729	1	1	1	1	0	0	473.0655726577729	35.0	0	0.06539498130096873	0.5249020351431064	0.8042003107241589	9411.036516267082	0.0	2753.4728968828945	2932.333798452352	562.4957111483063	10.108177862775095	5685.806695335245	2.43190226379966e-08
473.0655726577729	2	1	1	2	0	0	473.0655726577729	35.0	0	0.06992371415466493	0.5380297671750499	0.8048712892815726	12343.863204219397	0.0	2944.156385459575	3118.5385458796068	599.7510815225883	10.108685283147494	6062.694931339182	2.9961781524123606e-08
488.8923788691719	1	1	1	1	0	0	488.8923788691719	36.0	0	0.06956982912922685	0.5134080596093533	0.8001966245349822	10567.931330720394	0.0	2929.255963335868	3154.6866291197166	603.6268249139515	10.078979828841877	6083.9425924555835	3.05553058413341e-08
488.8923788691719	2	1	1	2	0	0	488.8923788691719	36.0	0	0.07409856198292304	0.5180948688887673	0.7808616654474981	13540.896773602964	0.0	3119.939451912549	3340.8913765469715	640.8821952882333	10.081152005718922	6460.830828459521	3.039495758187813e-08
504.8454155135833	1	1	1	1	0	0	504.8454155135833	37.0	0	0.07365542107267757	0.5074659899517501	0.7898680798003536	11794.356287517017	0.0	3101.2808872706346	3377.405763748714	645.9542172586913	10.029637515973935	6478.6866510193495	3.06337358830696e-08
504.8454155135833	2	1	1	2	0	0	504.8454155135833	37.0	0	0.07818415392637378	0.5242391171024586	0.7847649062983284	14834.760154420586	0.0	3291.964375847316	3563.6105111759694	683.2095876329732	10.034365751181708	6855.574887023285	3.446001866255019e-08
520.9241483123367	1	1	1	1	0	0	520.9241483123367	38.0	0	0.07759206947275445	0.498519950924705	0.7664765528486399	13082.3813442413	0.0	3267.034504115976	3597.6679206654853	689.4629979094119	9.956592950740786	6864.7024247814625	3.342902728775391e-08
520.9241483123367	2	1	1	2	0	0	520.9241483123367	38.0	0	0.08212080232645061	0.5121502029423293	0.7866355784774725	16174.380165874994	0.0	3457.717992692657	3783.872668092741	726.718368283694	9.964782750555784	7241.590660785398	3.498752162012078e-08
537.1280057402779	1	1	1	1	0	0	537.1280057402779	39.0	0	0.08162938949427541	0.4773836398462175	0.763250811601272	14392.833733647807	0.0	3437.026926074753	3824.3244832771893	734.1366147236597	9.891008381437599	7261.351409351943	3.854251441510038e-08
537.1280057402779	2	1	1	2	0	0	537.1280057402779	39.0	0	0.08615812234797159	0.497121742168038	0.7725459461352462	17546.645597678842	0.0	3627.710414651435	4010.529230704445	771.3919850979414	9.901891376776586	7638.239645355878	3.8193685097510803e-08
553.4563791951257	1	1	1	1	0	0	553.4563791951257	40.0	0	0.08574401399687231	0.4661471102410907	0.7504393035668059	15735.062142085424	0.0	3610.2742735525176	4055.3209465808754	779.9568233641414	9.828230218013656	7665.595220133394	4.018526078179491e-08
553.4563791951257	2	1	1	2	0	0	553.4563791951257	40.0	0	0.09027274685056848	0.4948740805518	0.7698028717036307	18992.574037920407	0.0	3800.957762129199	4241.525694008131	817.2121937384234	9.841364969538867	8042.483456137329	4.467754988859697e-08
569.9086231778117	1	1	1	1	0	0	569.9086231778117	41.0	0	0.08988373356031154	0.4482978092540889	0.7408836321873072	17111.155918072676	0.0	3784.578255171013	4287.726255405534	826.9036584071158	9.762085859102884	8072.304510576547	4.029732471601412e-08
569.9086231778117	2	1	1	2	0	0	569.9086231778117	41.0	0	0.09441246641400773	0.4920012559538271	0.7711644423102074	20506.18951123704	0.0	3975.261743747693	4473.931002832789	864.1590287813978	9.777358640220648	8449.192746580482	4.904048727970713e-08
586.4840554837581	1	1	1	1	0	0	586.4840554837581	42.0	0	0.09399392946067907	0.4403070395454053	0.7310299864410482	18539.178716789367	0.0	3957.639135186488	4518.474095426168	874.955405953358	9.687480268068086	8476.113230612656	3.989438409311748e-08
586.4840554837581	2	1	1	2	0	0	586.4840554837581	42.0	0	0.09852266231437526	0.4863527983184056	0.7770820999068462	22075.01069093228	0.0	4148.322623763169	4704.678842853423	912.21077632764	9.704995486083632	8853.001466616592	4.9146192843862996e-08
603.1819574050269	1	1	1	1	0	0	603.1819574050269	43.0	0	0.09808156475364747	0.437798831826662	0.7280580417810303	20028.467741963184	0.0	4129.750094890421	4747.955375031411	924.088577809383	9.606985394156757	8877.705469921832	4.748786712114148e-08
603.1819574050269	2	1	1	2	0	0	603.1819574050269	43.0	0	0.10261029760734364	0.4680817016734256	0.7593023303963499	23675.635139167025	0.0	4320.433583467101	4934.160122458666	961.3439481836647	9.626724881777356	9254.593705925769	4.974009152596097e-08
620.0015739432909	1	1	1	1	0	0	620.0015739432909	44.0	0	0.10226973395389664	0.4240649377979325	0.7105921896646256	21537.43101393981	0.0	4306.094061216701	4983.0806634664505	974.2778873054609	9.534420154370963	9289.174724683151	4.428813720499283e-08
620.0015739432909	2	1	1	2	0	0	620.0015739432909	44.0	0	0.1067984668075928	0.4781685163239372	0.7634638126406584	25388.75437370395	0.0	4496.777549793382	5169.285410893706	1011.5332576797431	9.555852847447767	9666.062960687088	5.884270767982832e-08
636.9421140335545	1	1	1	1	0	0	636.9421140335545	45.0	0	0.1065017867751025	0.4212797925376	0.7075067672346106	23097.064212181107	0.0	4484.285758951684	5220.669593779763	1025.4962268156746	9.463667538657694	9704.955352731447	4.9092305544457176e-08
636.9421140335545	2	1	1	2	0	0	636.9421140335545	45.0	0	0.11103051962879866	0.4601244464675492	0.7375213371757482	27131.55112981604	0.0	4674.969247528366	5406.874341207019	1062.7515971899566	9.486547576491999	10081.843588735384	5.781536402741398e-08
654.0027507785644	1	1	1	1	0	0	654.0027507785644	46.0	0	0.11071857999860564	0.4236584112525959	0.7119608245234029	24733.098290516707	0.0	4661.834947309711	5457.401844923798	1077.7146470438595	9.389532581736999	10119.236792233509	5.6737794088976214e-08
654.0027507785644	2	1	1	2	0	0	654.0027507785644	46.0	0	0.1152473128523018	0.4412258516488161	0.7299192262826181	28880.22840885858	0.0	4852.518435886393	5643.606592351053	1114.9700174181417	9.413818187275195	10496.125028237446	5.7912673982735714e-08
671.1826216938364	1	1	1	1	0	0	671.1826216938364	47.0	0	0.1148641761089311	0.4294411906512945	0.7113721154037334	26457.40449034187	0.0	4836.386362481308	5690.137065152597	1130.9023381377094	9.308074687482069	10526.523427633903	5.781910136831633e-08
671.1826216938364	2	1	1	2	0	0	671.1826216938364	47.0	0	0.11939290896262725	0.4318961669309889	0.7257048320758395	30673.222334954193	0.0	5027.0698510579905	5876.341812579853	1168.1577085119914	9.33385242779136	10903.411663637842	6.0690999428763e-08
688.4808289632283	1	1	1	1	0	0	688.4808289632283	48.0	0	0.1191249668522538	0.4135722585173372	0.7144610558914873	28195.41628380587	0.0	5015.788077989634	5929.339352497029	1185.0266126916424	9.236187030117536	10945.127430486664	6.322323139742856e-08
688.4808289632283	2	1	1	2	0	0	688.4808289632283	48.0	0	0.12365369970594994	0.4192026033548079	0.7119545775287738	32466.235621412598	0.0	5206.471566566314	6115.544099924285	1222.2819830659246	9.263014446217149	11322.0156664906	6.017643757368551e-08
705.8964397049822	1	1	1	1	0	0	705.8964397049822	49.0	0	0.12343948018144005	0.412789433853246	0.6989275233095638	29999.981334651307	0.0	5197.451797113265	6171.55764466187	1240.0528906972172	9.168164944466954	11369.009441775137	6.588347074465561e-08
705.8964397049822	2	1	1	2	0	0	705.8964397049822	49.0	0	0.1279682130351362	0.4215926403160825	0.7154708943773719	34339.61379047618	0.0	5388.135285689945	6357.762392089126	1277.3082610714991	9.195820645460914	11745.89767777907	7.002789685116467e-08
723.4284862481575	1	1	1	1	0	0	723.4284862481575	50.0	0	0.127743685764922	0.4013319533057904	0.6873858480814529	31841.393589444717	0.0	5378.6815058914535	6413.19725636612	1295.9446864979182	9.099060233907997	11791.878762257571	6.75417944932989e-08
723.4284862481575	2	1	1	2	0	0	723.4284862481575	50.0	0	0.1322724186186182	0.4117300220061527	0.7029154381492224	36248.940835192036	0.0	5569.364994468134	6599.402003793376	1333.2000568722	9.127487608131716	12168.766998261508	7.072920960725085e-08
741.0759664193733	1	1	1	1	0	0	741.0759664193733	51.0	0	0.13199973928951098	0.3889565954305513	0.6739821541276814	33701.27539424527	0.0	5557.883759558357	6652.1335945886585	1352.6635978030693	9.02664740440856	12210.01735414702	6.967836192601444e-08
741.0759664193733	2	1	1	2	0	0	741.0759664193733	51.0	0	0.13652847214320715	0.4206029679629121	0.7140883911599232	38256.33887151806	0.0	5748.5672481350375	6838.338342015915	1389.9189681773514	9.055855685354521	12586.905590150953	7.437912241987377e-08
758.8378438397727	1	1	1	1	0	0	758.8378438397727	52.0	0	0.13638169096829292	0.3884479152436355	0.673865100516312	35606.66252052384	0.0	5742.386988138649	6898.137899362381	1410.1692968134162	8.963834992057368	12640.524887501033	7.386277774762265e-08
758.8378438397727	2	1	1	2	0	0	758.8378438397727	52.0	0	0.1409104238219891	0.40872588685345496	0.7015992723380332	40279.129347358976	0.0	5933.070476715329	7084.342646789637	1447.424667187698	8.99349957106742	13017.413123504968	7.698779403942031e-08
776.7130482321257	1	1	1	1	0	0	776.7130482321257	53.0	0	0.14082301803284064	0.3860219590061285	0.6708976346873807	37583.10315477427	0.0	5929.390232961711	7147.4755591264675	1468.4195235085915	8.9054017484341	13076.865792088178	8.043363436695692e-08
776.7130482321257	2	1	1	2	0	0	776.7130482321257	53.0	0	0.14535175088653685	0.4039455358215499	0.6984888805981972	42330.25161102235	0.0	6120.073721538392	7333.6803065537215	1505.6748938828734	8.935364521750921	13453.754028092117	8.404025446368005e-08
794.7004757379742	1	1	1	1	0	0	794.7004757379742	54.0	0	0.14525459556432066	0.3805306906187586	0.6748997207544893	39614.6812644517	0.0	6115.982971129293	7396.265876683241	1527.3700811442247	8.846741869979457	13512.248847812534	8.121110161608673e-08
794.7004757379742	2	1	1	2	0	0	794.7004757379742	54.0	0	0.14978332841801684	0.3939382443788224	0.6938774051822865	44406.7934884505	0.0	6306.666459705974	7582.470624110497	1564.6254515185067	8.87697248586665	13889.13708381647	8.667473802815772e-08
812.7989892447298	1	1	1	1	0	0	812.7989892447298	55.0	0	0.1496467878120618	0.37486854328644414	0.6629412631401421	41676.7137626854	0.0	6300.917381560499	7642.845090591515	1586.9748340038766	8.78637907380827	13943.762472152017	8.229793291773106e-08
812.7989892447298	2	1	1	2	0	0	812.7989892447298	55.0	0	0.154175520665758	0.3880221053002226	0.6885912391493443	46509.33238988983	0.0	6491.600870137179	7829.049838018772	1624.230204378159	8.816884866168742	14320.65070815595	8.947786772128215e-08
831.0074187226242	1	1	1	1	0	0	831.0074187226242	56.0	0	0.15416996557902374	0.3687303202808527	0.663549678374635	43770.71356114917	0.0	6491.366971748372	7896.777877508678	1647.1857074483041	8.734986458537259	14388.144849257049	8.808085041387477e-08
831.0074187226242	2	1	1	2	0	0	831.0074187226242	56.0	0	0.15869869843271994	0.3848746126995498	0.6914574953090462	48638.992216846906	0.0	6682.05046032505	8082.982624935935	1684.4410778225858	8.765538480186667	14765.033085260984	9.080434449566034e-08
849.3245615714155	1	1	1	1	0	0	849.3245615714155	57.0	0	0.15875236305982365	0.3613570995212544	0.6555196648951874	45881.53841181555	0.0	6684.310023571521	8154.035279939546	1707.9526903017388	8.687796440596738	14838.345303511067	9.678098386572072e-08
849.3245615714155	2	1	1	2	0	0	849.3245615714155	57.0	0	0.16328109591351986	0.3787459079752076	0.6783766855803585	50807.149490535856	0.0	6874.9935121482	8340.2400273668	1745.2080606760208	8.718292037696214	15215.233539515002	1.0981662928289532e-07
867.7491829767432	1	1	1	1	0	0	867.7491829767432	58.0	0	0.1633195931468565	0.3566642931189619	0.6528836912763322	48030.77120605064	0.0	6876.614448288697	8410.441179562446	1769.2238396119772	8.640543545470125	15287.05562785114	9.563012843237316e-08
867.7491829767432	2	1	1	2	0	0	867.7491829767432	58.0	0	0.16784832600055272	0.3734401696666019	0.6764920680401157	52995.108607231916	0.0	7067.297936865376	8596.645926989702	1806.4792099862589	8.670979315601548	15663.943863855078	1.0567259728565232e-07
886.2800162760308	1	1	1	1	0	0	886.2800162760308	59.0	0	0.16783870326225264	0.3487133649559655	0.640952855390082	50195.235951790055	0.0	7066.892768936955	8664.145607093455	1830.9452878180343	8.591757755239824	15731.038376030408	9.525523074946546e-08
886.2800162760308	2	1	1	2	0	0	886.2800162760308	59.0	0	0.17236743611594882	0.3700645073801563	0.6799817638662312	55232.76446783322	0.0	7257.576257513634	8850.35035452071	1868.2006581923165	8.622160869818172	16107.926612034344	1.0251907920795853e-07
