11.247441493196291	1	1	1	1	0	0	11.247441493196291	1.0	0	0.0			100.0	0.0	0.0	0.0	0.0		0.0	0.0
11.247441493196291	2	1	1	2	0	0	11.247441493196291	1.0	0	0.0			100.0	0.0	0.0	0.0	0.0		0.0	0.0
11.367595075476835	1	1	1	1	0	0	11.367595075476835	1.0	0	0.0			100.0	0.0	0.0	0.0	0.0		0.0	0.0
11.367595075476835	2	1	1	2	0	0	11.367595075476835	1.0	0	0.0			100.0	0.0	0.0	0.0	0.0		0.0	0.0
22.856168219862568	1	1	1	1	0	0	22.856168219862568	2.0	0	0.0			98.68366698886999	0.0	0.0	0.0	0.9714436926366636	0.0	0.0	0.0
22.856168219862568	2	1	1	2	0	0	22.856168219862568	2.0	0	0.0			98.68366698886999	0.0	0.0	0.0	0.9714436926366636	0.0	0.0	0.0
34.4665080713728	1	1	1	1	0	0	34.4665080713728	3.0	0	0.00011257771665567784			93.56925873044621	0.0	4.740114385502225	3.1600762570014824	2.932515313022233	2.6939980867011464	7.900190642503707	0.0
34.4665080713728	2	1	1	2	0	0	34.4665080713728	3.0	0	0.00011257771665567784			93.56925873044621	0.0	4.740114385502225	3.1600762570014824	2.932515313022233	2.6939980867011464	7.900190642503707	0.0
46.1993671861199	1	1	1	1	0	0	46.1993671861199	4.0	0	0.00033581469321961526	0.5665020474527918	0.809705113821673	84.74096204724611	0.0	14.139566030299589	9.426377353533061	5.901167065820748	3.993437759172312	23.56594338383265	9.399192542414704e-13
46.1993671861199	2	1	1	2	0	0	46.1993671861199	4.0	0	0.00033581469321961526	0.451015979455104	0.7195763629895789	84.74096204724611	0.0	14.139566030299589	9.426377353533061	5.901167065820748	3.993437759172312	23.56594338383265	9.399192542414704e-13
58.05546181511435	1	1	1	1	0	0	58.05546181511435	5.0	0	0.0006675093645202824	0.6088339702695924	0.9991678979683392	72.29083659645532	0.0	28.105657453485573	18.737104968990387	9.895080542697137	4.73394453136082	46.842762422475964	2.803863087254214e-12
58.05546181511435	2	1	1	2	0	0	58.05546181511435	5.0	0	0.0006675093645202824	0.5729359108193889	1.0278314676122586	72.29083659645532	0.0	28.105657453485573	18.737104968990387	9.895080542697137	4.73394453136082	46.842762422475964	2.803863087254214e-12
70.03547169202406	1	1	1	1	0	0	70.03547169202406	6.0	0	0.0007952177084349142	0.634308701661495	1.0248591553661577	67.16950623651297	0.0	33.48285088147008	22.321900587646716	11.364754767396185	4.910334856429323	55.804751469116795	5.573636710187199e-12
70.03547169202406	2	1	1	2	0	0	70.03547169202406	6.0	0	0.0007952177084349142	0.6268136096037332	1.1287178331781755	67.16950623651297	0.0	33.48285088147008	22.321900587646716	11.364754767396185	4.910334856429323	55.804751469116795	5.573636710187199e-12
82.14003983175478	1	1	1	1	0	0	82.14003983175478	7.0	0	0.0009176917687389773	0.6603657448762613	1.0655675717056468	77.14476030628984	0.0	38.63965342058852	25.759768947059012	12.745337938642313	5.05278264708826	64.39942236764753	7.064688671927102e-11
82.14003983175478	2	1	1	2	0	0	82.14003983175478	7.0	0	0.0009221219195407653	0.6933228014170693	1.1328511341683052	77.50558675154322	0.0	38.82618608592696	25.884124057284644	12.795276608331607	5.057359221220406	64.71031014321161	7.293118776741917e-11
94.36977233991071	1	1	1	1	0	0	94.36977233991071	8.0	0	0.0010557597583235325	0.6687915376907321	1.1158739843658414	88.37908237356491	0.0	44.453042455727704	29.6353616371518	14.290678280685395	5.184386817595208	74.0884040928795	7.953145556891946e-11
94.36977233991071	2	1	1	2	0	0	94.36977233991071	8.0	0	0.0010709798692655963	0.7333974189127618	1.0094350518060198	89.61786675587277	0.0	45.093889232235654	30.06259282149044	14.461384702146676	5.197046036854943	75.1564820537261	8.510426405357685e-11
106.72523823319248	1	1	1	1	0	0	106.72523823319248	9.0	0	0.0012570394767498071	0.8755245197484213	1.1678633513274357	105.02972983386721	0.0	52.92797796841293	35.734259253299044	16.367492612155214	5.416971268761567	88.66223722171198	1.2076265378555043e-10
106.72523823319248	2	1	1	2	0	0	106.72523823319248	9.0	0	0.0012652303347916425	0.8158155064859348	1.049676440604722	105.6870268568618	0.0	53.272856201753385	35.948499809015544	16.465670846092884	5.418628663522696	89.22135601076891	1.1734626585415101e-10
119.20696927078512	1	1	1	1	0	0	119.20696927078512	10.0	0	0.001443213665347911	0.7609664131593841	1.1668421095472723	120.60830768588852	0.0	60.76689117254364	41.64865011930709	18.192766394037786	5.629464979301597	102.41554129185072	1.4691722040064728e-10
119.20696927078512	2	1	1	2	0	0	119.20696927078512	10.0	0	0.001457844423269706	0.7924517508693644	1.030192812773067	121.80447898782921	0.0	61.382923085040275	42.06747373411917	18.354082168669752	5.636369929505293	103.45039681915944	1.3152277132513456e-10
131.81545979678634	1	1	1	1	0	0	131.81545979678634	11.0	0	0.001634428752023993	0.7607526394131109	1.1442597349982402	136.74939269315095	0.0	68.81805271679971	47.922776747691024	20.00856322866021	5.834543346784214	116.74082946449072	1.411817878536654e-10
131.81545979678634	2	1	1	2	0	0	131.81545979678634	11.0	0	0.00165187571306774	0.7625271455446724	1.0888740983344902	138.1832888251734	0.0	69.55266160285223	48.43400528360804	20.196621938713147	5.8419010488235115	117.98666688646027	1.660175915870789e-10
144.55116659372186	1	1	1	1	0	0	144.55116659372186	12.0	0	0.0020021991631284826	0.9036490780403488	1.064417057212905	168.01784874546453	0.0	84.30312265804139	60.278677018941906	23.43604906848125	6.169205366250447	144.58179967698328	3.0709402467448635e-10
144.55116659372186	2	1	1	2	0	0	144.55116659372186	12.0	0	0.0019813280172108283	0.7583944287758199	1.1746696033599506	166.19387527364333	0.0	83.42433756677174	59.50254068290984	23.266997023961714	6.142901815068233	142.92687824968158	2.765639290590499e-10
157.41450874719058	1	1	1	1	0	0	157.41450874719058	13.0	0	0.0022690372592532536	0.8028940867642745	1.1757688228393368	190.84656066167327	0.0	95.53841091592648	69.4078472110305	25.90030253471632	6.368507005115707	164.946258126957	2.2427304892557408e-10
157.41450874719058	2	1	1	2	0	0	157.41450874719058	13.0	0	0.002248767070168362	0.8164220976513059	1.200815329902036	189.0740006522041	0.0	94.68492927024685	68.65227104719295	25.73680033476433	6.346445486341589	163.3372003174398	2.299616172177845e-10
170.4058675216809	1	1	1	1	0	0	170.4058675216809	14.0	0	0.002629066068350581	0.8146088937527286	1.1348576247543527	221.82221816847616	0.0	110.6975186673929	81.90509926037251	29.21960024071073	6.591555542892691	192.60261792776544	3.0976286954973337e-10
170.4058675216809	2	1	1	2	0	0	170.4058675216809	14.0	0	0.002613181460842192	0.8439879593073203	1.1109625180829583	220.4269787218322	0.0	110.02869308809231	81.30175457623774	29.09653105750214	6.575713348309888	191.33044766433002	2.9363099613266967e-10
183.52558624759342	1	1	1	1	0	0	183.52558624759342	15.0	0	0.003169536022939167	0.8335735349863389	1.1546482863999807	268.8362087359338	0.0	133.45414833428072	101.36808227757747	34.01397812407558	6.903697937220924	234.82223061185817	4.759607409337028e-10
183.52558624759342	2	1	1	2	0	0	183.52558624759342	15.0	0	0.003161032524019267	0.8673481596436181	1.1252402066352207	268.08303156603705	0.0	133.0961062744955	101.0305403265757	33.95638496496587	6.894922614484104	234.1266466010712	5.589807058721275e-10
196.77397021950497	1	1	1	1	0	0	196.77397021950497	16.0	0	0.0036018884744328157	0.8401104147275967	1.1295507439281804	306.7904220013274	0.0	151.65846208138174	117.37939556646636	37.75256435347925	7.126346574204402	269.0378576478481	6.250887123504484e-10
196.77397021950497	2	1	1	2	0	0	196.77397021950497	16.0	0	0.0035935979405510242	0.8462177797056399	1.0850241188542198	306.05594004281767	0.0	151.30938697056948	117.04974035216041	37.69681272008789	7.118881092557903	268.35912732272993	5.274566669215005e-10
210.1512866057031	1	1	1	1	0	0	210.1512866057031	17.0	0	0.004366565303631709	0.8147105956650588	1.1506564954023502	374.4530299727501	0.0	183.85538120554568	146.33375182477374	44.263896942430684	7.4595585982806965	330.18913303031945	9.820085567244063e-10
210.1512866057031	2	1	1	2	0	0	210.1512866057031	17.0	0	0.0043473659518433036	0.8018226302365348	1.139190553972446	372.7532787118869	0.0	183.0469874460339	145.59103610181344	44.11525516403954	7.449532419699934	328.63802354784735	8.892460876084801e-10
223.65776436901845	1	1	1	1	0	0	223.65776436901845	18.0	0	0.004997081749663136	0.8225094288809758	1.0978362182804715	430.6459975169866	0.0	210.4034420910794	170.64776197420213	49.5947934517051	7.6832904735523355	381.0512040652815	8.980676202627797e-10
223.65776436901845	2	1	1	2	0	0	223.65776436901845	18.0	0	0.004960245748980863	0.803197466509539	1.1296722014791891	427.3744305721392	0.0	208.85245258866797	169.22494081877218	49.29703716469899	7.669373559800402	378.0773934074402	7.054034494233445e-10
237.29359419897813	1	1	1	1	0	0	237.29359419897813	19.0	0	0.0060336140346442845	0.7879149940097038	1.0837355507921764	523.6442870303963	0.0	254.04690672186456	211.24004755996785	58.357332748563955	7.973067519835923	465.2869542818324	1.3821215977976255e-09
237.29359419897813	2	1	1	2	0	0	237.29359419897813	19.0	0	0.006005847067417384	0.8060529901333859	1.1326007568406369	521.1863991297139	0.0	252.87777125967938	210.17238446506482	58.13624340496973	7.9649135995801315	463.0501557247442	1.2689816635700872e-09
251.0589284553002	1	1	1	1	0	0	251.0589284553002	20.0	0	0.0069135393532939755	0.7914939475465709	1.1252206797420643	603.314964367482	0.0	291.09639382290425	246.60739936475034	65.6111711798275	8.195308565882977	537.7037931876547	1.4934828800065466e-09
251.0589284553002	2	1	1	2	0	0	251.0589284553002	20.0	0	0.0068951667679159785	0.8120991879390047	1.0956046293801844	601.7076677035808	0.0	290.3228112806728	245.91733014150498	65.4675262814029	8.190933305120245	536.2401414221779	1.2111427875303082e-09
264.95388112274634	1	1	1	1	0	0	264.95388112274634	21.0	0	0.00798164137961515	0.8230438668469552	1.0908381308563944	700.8181245859042	0.0	336.06911072063787	290.46565417866776	74.28335968659856	8.434389176023476	626.5347648993056	1.8524079537272568e-09
264.95388112274634	2	1	1	2	0	0	264.95388112274634	21.0	0	0.007984123027927394	0.8473701029388052	1.126387015741243	701.1145352819967	0.0	336.1736011758903	290.6318985589888	74.3090355471177	8.435118221086798	626.8054997348793	1.5256247098986022e-09
278.9785277773454	1	1	1	1	0	0	278.9785277773454	22.0	0	0.009154309913779171	0.7967221344104519	1.0869947368828514	808.6832570215519	0.0	385.44462794859675	339.49835955130277	83.74026952165235	8.657041488413817	724.9429874998995	1.8528118847474805e-09
278.9785277773454	2	1	1	2	0	0	278.9785277773454	22.0	0	0.009167249190302457	0.7969726744713445	1.0985677887999856	809.9415878332469	0.0	385.98943959168236	340.101867990503	83.85028025106159	8.659378423162666	726.0913075821853	2.1286930640686727e-09
293.1329055639992	1	1	1	1	0	0	293.1329055639992	23.0	0	0.010717976926964884	0.7557131891024994	1.0469263300258929	953.5634523044451	0.0	451.2832390301004	405.92187102765206	96.35834224669279	8.896013464648137	857.2051100577523	2.668113367934114e-09
293.1329055639992	2	1	1	2	0	0	293.1329055639992	23.0	0	0.010788229418987657	0.7945351301535748	1.1072750782324448	960.132088816674	0.0	454.2412386942172	408.96000589010896	96.93084423234791	8.905330923510697	863.2012445843262	2.5316712333345393e-09
307.41701318547484	1	1	1	1	0	0	307.41701318547484	24.0	0	0.012612134757753992	0.7527582102225628	1.0347728082909693	1130.324886107466	0.0	531.0372529580629	487.5315363613098	111.7560967880932	9.114212276496524	1018.5687893193727	3.091184190767405e-09
307.41701318547484	2	1	1	2	0	0	307.41701318547484	24.0	0	0.012846365272445693	0.822009301633067	1.0381265516000426	1152.1958326637673	0.0	540.899590418766	497.63465352596	113.66158871904152	9.137073092580676	1038.5342439447259	3.645221953146544e-09
321.83081090278995	1	1	1	1	0	0	321.83081090278995	25.0	0	0.014390923184820388	0.7168096261595481	1.0090125292970642	1297.7117161786266	0.0	605.9336077819113	565.7337916384203	126.04431675829528	9.29567813570794	1171.6673994203315	3.1852521744786887e-09
321.83081090278995	2	1	1	2	0	0	321.83081090278995	25.0	0	0.014761265905376804	0.7691026452476709	1.0171688270034276	1332.391038552429	0.0	621.5269854895497	581.8209152803993	129.04313778248033	9.325159953862519	1203.3479007699486	3.4071205537337364e-09
336.3742205469876	1	1	1	1	0	0	336.3742205469876	26.0	0	0.01612754580728592	0.735133421599452	0.9915266259157086	1462.451890508657	0.0	679.0545603067758	643.4481109202072	139.94921928167366	9.449875304878992	1322.5026712269828	3.41168707460184e-09
336.3742205469876	2	1	1	2	0	0	336.3742205469876	26.0	0	0.01653651157737519	0.7135292284647671	0.996702733361437	1500.7950877110432	0.0	696.2741716789557	661.2636261909739	143.25728984111328	9.476221415158527	1357.5377978699296	3.862016974880121e-09
351.0471255422998	1	1	1	1	0	0	351.0471255422998	27.0	0	0.019204075500383184	0.714756606659353	0.9688598334812708	1756.6417043652164	0.0	808.5926526477133	783.3488257610754	164.70022595642774	9.665690919148735	1591.9414784087885	6.499806587056939e-09
351.0471255422998	2	1	1	2	0	0	351.0471255422998	27.0	0	0.019656921568782904	0.7004792942123782	0.9332641086157708	1799.1809074832565	0.0	827.6598555277012	803.1597338001407	168.36131815541432	9.686426830077632	1630.819589327842	6.307468234286477e-09
365.84937094069124	1	1	1	1	0	0	365.84937094069124	28.0	0	0.021229085605867004	0.6607752204630456	0.9295964671030824	1951.865377697383	0.0	893.8562360365057	876.8163621453715	181.19277951550598	9.772313239614212	1770.6725981818772	4.295653214967315e-09
365.84937094069124	2	1	1	2	0	0	365.84937094069124	28.0	0	0.02176500049558857	0.658112526349579	0.9033276541633992	2002.4129361287653	0.0	916.4210734984661	900.4614426946252	185.53041993567416	9.79290898399857	1816.8825161930915	5.291566600248906e-09
380.78076346777357	1	1	1	1	0	0	380.78076346777357	29.0	0	0.024924998461637333	0.6519326722319353	0.9175155549268704	2311.2167152902452	0.0	1049.4736194373615	1049.8543745201152	211.88872133276783	9.907691078377484	2099.3279939574772	8.384150685204941e-09
380.78076346777357	2	1	1	2	0	0	380.78076346777357	29.0	0	0.02551215983311588	0.6363344712679866	0.882166442713477	2366.746937676365	0.0	1074.1962034996159	1075.8987511811756	216.65198299557323	9.924187745490071	2150.0949546807915	8.494267221646343e-09
395.84107158007737	1	1	1	1	0	0	395.84107158007737	30.0	0	0.027269592288311433	0.6385064085576803	0.8916183384162769	2541.26313428913	0.0	1148.1933595078501	1161.6424187644436	231.42735601683654	9.980824298507953	2309.8357782722933	6.468780935585528e-09
395.84107158007737	2	1	1	2	0	0	395.84107158007737	30.0	0	0.027832522154778352	0.6038867218269539	0.8875572410914819	2594.415814394169	0.0	1171.895669674878	1186.5314598942368	235.9886848250549	9.993814454779828	2358.427129569115	6.306686742115354e-09
411.03002553366304	1	1	1	1	0	0	411.03002553366304	31.0	0	0.031003931506994282	0.6231471449325288	0.883318958094237	2911.1493032654585	0.0	1305.4286950313385	1342.7839952578147	262.93661297630587	10.07167720125684	2648.212690289153	9.846693896013296e-09
411.03002553366304	2	1	1	2	0	0	411.03002553366304	31.0	0	0.03146898285268866	0.5856690769185621	0.8289193390079669	2954.6071193119533	0.0	1325.009804323733	1362.9252433995273	266.6720715886928	10.079552131987231	2687.93504772326	1.04632918240913e-08
426.3473174640513	1	1	1	1	0	0	426.3473174640513	32.0	0	0.034767342987036334	0.6152920029731064	0.859910648518154	3287.6920333518574	0.0	1463.888125769951	1528.4280737612894	295.37583382061666	10.130538307167305	2992.3161995312407	1.0735834413572005e-08
426.3473174640513	2	1	1	2	0	0	426.3473174640513	32.0	0	0.03501208227248072	0.5562365477288823	0.8293782773354402	3309.106842653693	0.0	1474.1929377886622	1537.7016212475705	297.21228361746086	10.133815878595424	3011.8945590362323	9.826583512951771e-09
441.79260147745117	1	1	1	1	0	0	441.79260147745117	33.0	0	0.03841206000778172	0.5979416038789545	0.8545082345202808	3656.3935722724746	0.0	1617.349895064494	1711.2821359271084	327.76154128087205	10.155651630095196	3328.6320309916027	1.0442966598362398e-08
441.79260147745117	2	1	1	2	0	0	441.79260147745117	33.0	0	0.03841520750454916	0.5393351941768351	0.8271684363620421	3653.368825974036	0.0	1617.4824212441754	1708.4351155629806	327.4512891668801	10.156984097601637	3325.9175368071556	9.70881410938638e-09
457.365493753255	1	1	1	1	0	0	457.365493753255	34.0	0	0.0421570923549402	0.5949044708357661	0.8440926374896961	4039.9241300739945	0.0	1775.0354675764295	1902.4940229036733	362.39463959389167	10.14785840817412	3677.529490480103	1.1012397404945804e-08
457.365493753255	2	1	1	2	0	0	457.365493753255	34.0	0	0.041836058276288106	0.5356411581450953	0.8198305988180612	4003.699793244925	0.0	1761.518243212131	1883.0951105896563	359.0864394431376	10.149682509464196	3644.6133538017875	1.0255443881088553e-08
473.0655726577729	1	1	1	1	0	0	473.0655726577729	35.0	0	0.04636415382226275	0.5986873009711318	0.8389836127939954	4852.676925832341	0.0	1952.1748977794848	2121.787000860896	402.31621468684426	10.126268218673411	4073.9618986403802	1.894040756720272e-08
473.0655726577729	2	1	1	2	0	0	473.0655726577729	35.0	0	0.04604311974361065	0.5088759792957763	0.8026988762226808	4663.734099930509	0.0	1938.6576734151852	2102.388088546879	399.0080145360902	10.127730809268122	4041.0457619620643	1.6852269817996533e-08
488.8923788691719	1	1	1	1	0	0	488.8923788691719	36.0	0	0.05053900165052088	0.5607198384682361	0.8153420834237087	5001.36412976532	0.0	2127.9579642324584	2344.1398315282613	443.44732845248944	10.084845502096323	4472.097795760719	9.40041535792097e-09
488.8923788691719	2	1	1	2	0	0	488.8923788691719	36.0	0	0.04954241012782715	0.5088680304080919	0.8076094961700179	4808.2403285666105	0.0	2085.996215908512	2288.760659300497	433.48345335760246	10.092096575598813	4374.756875209008	8.340771844548879e-09
504.8454155135833	1	1	1	1	0	0	504.8454155135833	37.0	0	0.054624593593971586	0.5459446217120875	0.8110917594675578	5937.697680902782	0.0	2299.982888167225	2566.8589661572587	485.77472079722924	10.018721942420688	4866.841854324483	2.4405622746896423e-08
504.8454155135833	2	1	1	2	0	0	504.8454155135833	37.0	0	0.05362800207127786	0.4833069254843518	0.8019296000171681	5588.994736646915	0.0	2258.0211398432784	2511.479793929495	475.8108457023423	10.023943289339137	4769.500933772772	2.1372563625347552e-08
520.9241483123367	1	1	1	1	0	0	520.9241483123367	38.0	0	0.05856124199404845	0.5292987866992758	0.8030111532369067	6938.594724003958	0.0	2465.7365050125663	2787.121123074031	529.28350144795	9.924468859725387	5252.857628086596	2.5087057738366323e-08
520.9241483123367	2	1	1	2	0	0	520.9241483123367	38.0	0	0.05756465047135473	0.4764340416730351	0.7684475771726355	6444.943452168198	0.0	2423.77475668862	2731.741950846267	519.3196263530631	9.927444382835388	5155.516707534887	2.4073666055607608e-08
537.1280057402779	1	1	1	1	0	0	537.1280057402779	39.0	0	0.06259856201556943	0.524213312609457	0.7860707322707758	8009.01610855934	0.0	2635.728926971345	3013.7776856857345	573.9571182621977	9.843081360785993	5649.506612657077	3.008567481357364e-08
537.1280057402779	2	1	1	2	0	0	537.1280057402779	39.0	0	0.06160197049287569	0.4726097100747784	0.7692296539963808	7366.745768472736	0.0	2593.767178647397	2958.398513457971	563.9932431673108	9.84438334921381	5552.165692105367	2.738686554929313e-08
553.4563791951257	1	1	1	1	0	0	553.4563791951257	40.0	0	0.06671318651816632	0.5049718212141004	0.7760558072409249	9123.223996341745	0.0	2808.976274449109	3244.77414898942	619.7773269026795	9.767621629032453	6053.750423438529	3.1319353499175065e-08
553.4563791951257	2	1	1	2	0	0	553.4563791951257	40.0	0	0.0657165949954726	0.4716889111243753	0.7789288816606262	8365.860461002756	0.0	2767.014526125162	3189.3949767616573	609.8134518077925	9.767592835528696	5956.409502886819	3.2797498339227007e-08
569.9086231778117	1	1	1	1	0	0	569.9086231778117	41.0	0	0.07085290608160556	0.4931847810538314	0.7728180519166147	10297.775641962757	0.0	2983.280256067603	3477.179457814079	666.7241619456538	9.689853889543436	6460.459713881683	3.4215112278535537e-08
569.9086231778117	2	1	1	2	0	0	569.9086231778117	41.0	0	0.06985631455891182	0.4676699773223446	0.7697099672566812	9430.219119817115	0.0	2941.318507743656	3421.8002855863147	656.7602868507669	9.68864732038196	6363.118793329971	3.136726592233668e-08
586.4840554837581	1	1	1	1	0	0	586.4840554837581	42.0	0	0.0749631019819731	0.4949279117408542	0.7661415337053413	11556.564741585327	0.0	3156.341136083078	3707.927297834713	714.7759094918961	9.603385260699831	6864.2684339177895	3.6234482578351006e-08
586.4840554837581	2	1	1	2	0	0	586.4840554837581	42.0	0	0.07396651045927938	0.4527037929021791	0.7583126774711823	10537.116757949523	0.0	3114.3793877591315	3652.548125606949	704.812034397009	9.60103855087466	6766.927513366079	3.549391191922459e-08
603.1819574050269	1	1	1	1	0	0	603.1819574050269	43.0	0	0.0790507372749415	0.4893846138370844	0.7734228131834893	12881.476521667231	0.0	3328.45209578701	3937.408577439955	763.9090813479212	9.511420731386412	7265.860673226965	4.0704175261376565e-08
603.1819574050269	2	1	1	2	0	0	603.1819574050269	43.0	0	0.07805414575224777	0.43582977610185547	0.7401737844461996	11695.258743829756	0.0	3286.490347463064	3882.0294052121917	753.945206253034	9.508011581241364	7168.519752675255	3.5550828408732794e-08
620.0015739432909	1	1	1	1	0	0	620.0015739432909	44.0	0	0.08323890647519065	0.4885776912058558	0.7627045837151708	14271.039423258684	0.0	3504.79606211329	4172.533865874996	814.0983908439991	9.4304693564484	7677.329927988288	4.205361772277639e-08
620.0015739432909	2	1	1	2	0	0	620.0015739432909	44.0	0	0.08224231495249693	0.4225727349926496	0.7252631397824154	12893.611753824138	0.0	3462.8343137893435	4117.154693647232	804.1345157491121	9.426269932431943	7579.989007436576	3.8991634418683865e-08
636.9421140335545	1	1	1	1	0	0	636.9421140335545	45.0	0	0.08747095929639652	0.4789782258157208	0.7720897294025899	15719.97144581	0.0	3682.9877598482735	4410.122796188308	865.3167303542128	9.352772542284844	8093.110556036582	4.7688119221594385e-08
636.9421140335545	2	1	1	2	0	0	636.9421140335545	45.0	0	0.0864743677737028	0.4037392436265958	0.7104943109861591	14106.767930837956	0.0	3641.026011524327	4354.743623960544	855.3528552593257	9.347919500497504	7995.76963548487	4.154820692005146e-08
654.0027507785644	1	1	1	1	0	0	654.0027507785644	46.0	0	0.09168775251989966	0.4906397206316282	0.7685690994377836	17278.552533155824	0.0	3860.536948206301	4646.855047332343	917.535150582398	9.27200662572834	8507.391995538645	5.0086408366249404e-08
654.0027507785644	2	1	1	2	0	0	654.0027507785644	46.0	0	0.09069116099720594	0.3915939733423121	0.6969988787669714	15362.968966022983	0.0	3818.5751998823534	4591.475875104579	907.5712754875107	9.266546112832176	8410.051074986934	4.413694490492821e-08
671.1826216938364	1	1	1	1	0	0	671.1826216938364	47.0	0	0.09583334863022512	0.4823372556871495	0.7708935371122134	18877.808835546617	0.0	4035.0883633778985	4879.5902675611405	970.7228416762475	9.183546784111043	8914.678630939037	5.038482140420298e-08
671.1826216938364	2	1	1	2	0	0	671.1826216938364	47.0	0	0.09483675710753138	0.3774962075210192	0.6798379778889527	16646.36732904248	0.0	3993.126615053952	4824.211095333377	960.7589665813604	9.177471162992934	8817.337710387328	4.429789605528471e-08
688.4808289632283	1	1	1	1	0	0	688.4808289632283	48.0	0	0.10009413937354784	0.4905986443328073	0.7834394052223005	20584.275608696356	0.0	4214.490078886224	5118.7925549055735	1024.8471162301803	9.106999947585884	9333.282633791798	5.3593025496417834e-08
688.4808289632283	2	1	1	2	0	0	688.4808289632283	48.0	0	0.0990975478508541	0.3663435747638864	0.6683533368255274	17951.24050176962	0.0	4172.528330562277	5063.41338267781	1014.8832411352936	9.100496824549346	9235.941713240089	4.9292576667004e-08
705.8964397049822	1	1	1	1	0	0	705.8964397049822	49.0	0	0.10440865270273406	0.4802514983794712	0.7715507947193332	22335.35218020074	0.0	4396.153798009855	5361.010847070415	1079.8733942357553	9.035470914611784	9757.16464508027	5.954807896151488e-08
705.8964397049822	2	1	1	2	0	0	705.8964397049822	49.0	0	0.10341206118004033	0.3604199461091135	0.6660858904434594	19303.172653396297	0.0	4354.192049685908	5305.631674842651	1069.9095191408683	9.028636115215932	9659.823724528558	5.121798636221483e-08
723.4284862481575	1	1	1	1	0	0	723.4284862481575	50.0	0	0.10871285828621602	0.4843493756995144	0.7804196786797507	24164.367305999232	0.0	4577.383506788044	5602.650458774666	1135.7651900364565	8.963150178282842	10180.033965562707	6.289412443669071e-08
723.4284862481575	2	1	1	2	0	0	723.4284862481575	50.0	0	0.1077162667635223	0.35075147159135195	0.6466102810758664	20676.576988780216	0.0	4535.4217584640965	5547.2712865469	1125.8013149415694	8.956014628153373	10082.693045011	5.348337246406492e-08
741.0759664193733	1	1	1	1	0	0	741.0759664193733	51.0	0	0.112968911810805	0.4752439508912017	0.7711346500810726	26058.472770755936	0.0	4756.5857604549465	5841.586796997204	1192.4841013416076	8.887474931974902	10598.172557452152	6.33074114077562e-08
741.0759664193733	2	1	1	2	0	0	741.0759664193733	51.0	0	0.11197232028811127	0.34906171706096817	0.6424092347831242	22112.038519874743	0.0	4714.624012131	5786.207624769441	1182.5202262467205	8.880043997411978	10500.831636900442	5.633618800793668e-08
758.8378438397727	1	1	1	1	0	0	758.8378438397727	52.0	0	0.11735086348958695	0.4681757955266398	0.7601512574860685	28009.120436792047	0.0	4941.088989035239	6087.591101770928	1249.989800351954	8.823016065971792	11028.680090806167	6.562643469617107e-08
758.8378438397727	2	1	1	2	0	0	758.8378438397727	52.0	0	0.1163542719668932	0.34783802977814354	0.648043583204974	23593.862169328404	0.0	4899.127240711292	6032.211929543163	1240.0259252570672	8.815411797126984	10931.339170254454	5.6104733850251913e-08
776.7130482321257	1	1	1	1	0	0	776.7130482321257	53.0	0	0.12179219055413468	0.4605453333449974	0.7522979693218708	30012.659293174533	0.0	5128.092233858302	6336.928761535013	1308.2400270471296	8.763698372133883	11465.020995393315	7.405802340556957e-08
776.7130482321257	2	1	1	2	0	0	776.7130482321257	53.0	0	0.12079559903144095	0.34100113242719965	0.6436832322877429	25114.455547794198	0.0	5086.130485534356	6281.549589307248	1298.2761519522428	8.755980041494103	11367.680074841604	7.092059003258137e-08
794.7004757379742	1	1	1	1	0	0	794.7004757379742	54.0	0	0.12622376808561472	0.4475256378368663	0.7468193590717352	32054.076861276073	0.0	5314.684972025883	6585.719079091785	1367.1905846827628	8.70427589572597	11900.404051117668	7.808545565122816e-08
794.7004757379742	2	1	1	2	0	0	794.7004757379742	54.0	0	0.12522717656292098	0.34747316947986523	0.6491677176346625	26721.14410595112	0.0	5272.723223701936	6530.339906864022	1357.226709587876	8.696456566309381	11803.063130565959	6.661963020034844e-08
812.7989892447298	1	1	1	1	0	0	812.7989892447298	55.0	0	0.13061596033335587	0.4383567583117631	0.7328459468351337	34137.60464603573	0.0	5499.619382457088	6832.29829300006	1426.795337542415	8.643088010574994	12331.917675457149	7.697961174804885e-08
812.7989892447298	2	1	1	2	0	0	812.7989892447298	55.0	0	0.12961936881066213	0.3456949207873717	0.6500913115444605	28376.93946107116	0.0	5457.657634133142	6776.919120772297	1416.831462447528	8.635167328773617	12234.57675490544	6.765855229142891e-08
831.0074187226242	1	1	1	1	0	0	831.0074187226242	56.0	0	0.1351391381003178	0.4284538980126154	0.7267772302571932	36257.618273995715	0.0	5690.068972644961	7086.231079917223	1487.006210986842	8.591961457970827	12776.300052562185	8.49739421658664e-08
831.0074187226242	2	1	1	2	0	0	831.0074187226242	56.0	0	0.13414254657762412	0.3466196534435977	0.6581280407086951	30079.792500149015	0.0	5648.107224321015	7030.851907689459	1477.0423358919552	8.58401876771793	12678.959132010474	6.96794154071298e-08
849.3245615714155	1	1	1	1	0	0	849.3245615714155	57.0	0	0.13972153558111766	0.4261666998063993	0.7159537218528864	38432.44046424821	0.0	5883.012024468111	7343.4884823480925	1547.7731938402771	8.54550302295849	13226.500506816205	8.307059192651296e-08
849.3245615714155	2	1	1	2	0	0	849.3245615714155	57.0	0	0.13872494405842395	0.34803903275895137	0.6430130179592458	31875.681620414918	0.0	5841.050276144165	7288.109310120327	1537.80931874539	8.537573173880762	13129.159586264492	8.516226126056187e-08
867.7491829767432	1	1	1	1	0	0	867.7491829767432	58.0	0	0.14428876566815055	0.4125775662044833	0.7087287149181324	40632.69003069103	0.0	6075.316449185287	7599.894381970991	1609.044343150515	8.498964549591069	13675.210831156277	8.849425842885197e-08
867.7491829767432	2	1	1	2	0	0	867.7491829767432	58.0	0	0.14329217414545686	0.3428408482863338	0.6544654516373306	33685.41866683802	0.0	6033.3547008613405	7544.515209743227	1599.0804680556284	8.491048563124734	13577.869910604568	8.546430230992589e-08
886.2800162760308	1	1	1	1	0	0	886.2800162760308	59.0	0	0.14880787578354665	0.4036371185610692	0.7081959036139219	42853.259505893744	0.0	6265.594769833544	7853.598809501999	1670.7657913565727	8.450731785615215	14119.193579335544	9.175947715713117e-08
886.2800162760308	2	1	1	2	0	0	886.2800162760308	59.0	0	0.14781128426085294	0.34378940529387764	0.6564686723133345	35567.849460185054	0.0	6223.633021509599	7798.2196372742355	1660.8019162616854	8.442820616648705	14021.852658783835	8.732691127866187e-08
