0.0
0.0009714436926366636
0.0019610716203855693
0.0029686517527985155
0.00399391347687639
0.003858132274252869
0.0018163357734495699
0.002798461957921502
0.0031939942836724704
0.003620357230601691
0.004095252356159503
0.004892090690917879
0.006106476682481806
0.007457598817375264
0.008653538499776054
0.010465788098018614
0.01191691405818169
0.014096875853712177
0.016358406321452367
0.018355641431491623
0.020112148832792998
0.021593339476335363
0.023801521106754594
0.026172464411300014
0.02743048797519191
0.028690772872580456
0.029952107191189844
0.031213237028462973
0.032472867071065364
0.033729661244877605
0.034982243436013735
0.03622919828329094
0.037469072042453665
0.03870037352232635
0.0399215750929526
0.04113111376564518
0.04232739234473991
0.04350878065072061
0.044673616814247454
0.045820208640482064
0.046946835042974394
0.048051747546242043
0.049133171856025004
0.05018930949607795
0.05121833951021348
0.052218420228185326
0.05318769109384948
0.05412427455393322
0.055026278005574795
0.05589179580070095
0.0567189113051511
0.05750569901034669
0.05825022669517557
0.05895055763563323
0.05960475285965208
0.060210873444427084
0.06076698285343492
0.061271149310238575
0.06172144820605672
1.8585015911294787
