0.0
0.0009714436926366636
0.0019610716203855693
0.0029686517527985155
0.00399391347687639
0.0036882164454765166
0.0019831189079937382
0.0026872479483511075
0.002818917512019951
0.0033912192816859276
0.003791097053265677
0.0046632610516838865
0.005475655877621194
0.006737407590500538
0.008284927972830041
0.009470130780018111
0.011432621413670248
0.013048910284283795
0.01639291238918415
0.019389044479306394
0.02242344076860863
0.02366783599273657
0.024917871593227718
0.0261724644113001
0.027430487975191882
0.028690772872580428
0.0299521071911899
0.031213237028462862
0.03247286707106531
0.033729661244877716
0.03498224343601368
0.036229198283291054
0.037469072042453665
0.03870037352232635
0.03992157509295249
0.041131113765645294
0.04232739234473968
0.043508780650720835
0.0446736168142478
0.045820208640481724
0.046946835042974394
0.04805174754624227
0.04913317185602489
0.050189309496078076
0.05121833951021359
0.0522184202281851
0.053187691093849715
0.054124274553933
0.055026278005574795
0.05589179580070095
0.0567189113051511
0.05750569901034669
0.05825022669517557
0.05895055763563346
0.05960475285965186
0.060210873444427084
0.06076698285343492
0.06127114931023835
0.061721448206057176
1.859572554726595
