0.0
0.0009714436926366636
0.0019610716203855693
0.0029686517527985155
0.00399391347687639
0.003518831225717273
0.0020036096764850754
0.002624306342448222
0.003049235694932701
0.003137188487288214
0.0038409099545470057
0.004628706356819159
0.005676639577147931
0.006805354732095126
0.008439565775270027
0.009633522048924988
0.011381359995212954
0.013439526428782373
0.015324196733656523
0.017121440081483374
0.01977107782273635
0.02319650940626184
0.024917871593227718
0.02617246441130007
0.027430487975191882
0.02869077287258051
0.029952107191189844
0.031213237028462917
0.03247286707106531
0.033729661244877716
0.03498224343601356
0.036229198283291054
0.037469072042453665
0.03870037352232635
0.03992157509295249
0.041131113765645294
0.0423273923447398
0.043508780650720724
0.04467361681424768
0.045820208640481724
0.046946835042974394
0.04805174754624227
0.04913317185602478
0.05018930949607795
0.05121833951021359
0.052218420228185326
0.053187691093849715
0.054124274553933
0.055026278005575024
0.05589179580070072
0.0567189113051511
0.05750569901034669
0.05825022669517557
0.05895055763563323
0.05960475285965208
0.060210873444427306
0.06076698285343468
0.061271149310238575
0.061721448206056954
1.8538185693171674
