0.0
0.0009714436926366636
0.0019610716203855693
0.0029686517527985155
0.00399391347687639
0.003596799576562381
0.0018811082993429767
0.002413246244029813
0.0026715043940091446
0.003357473156413992
0.003939131123495198
0.0044868513105280035
0.005636294932826793
0.00668680167766982
0.0074335325787779575
0.008634021589031768
0.00969656163999575
0.01158830725791208
0.013433043742714122
0.015552031720550944
0.017234792090611722
0.01981993253891011
0.02266577405935044
0.02577970617826395
0.027430487975191882
0.028690772872580428
0.029952107191189955
0.031213237028462862
0.03247286707106531
0.033729661244877716
0.034982243436013735
0.03622919828329094
0.03746907204245361
0.03870037352232629
0.039921575092952716
0.04113111376564518
0.0423273923447398
0.043508780650720724
0.04467361681424757
0.04582020864048195
0.046946835042974394
0.04805174754624216
0.049133171856025115
0.050189309496078076
0.0512183395102137
0.052218420228184875
0.053187691093849715
0.05412427455393276
0.055026278005575024
0.05589179580070095
0.0567189113051511
0.05750569901034669
0.05825022669517557
0.05895055763563323
0.05960475285965186
0.060210873444427306
0.06076698285343492
0.06127114931023835
0.06172144820605763
1.835643167083828
