0.0
0.0009714436926366636
0.0019610716203855693
0.0029686517527985155
0.00399391347687639
0.003375459062247629
0.0017156306694267995
0.0023879951953338207
0.002733281400598788
0.003172058688763134
0.0036903208105879062
0.004252204544102828
0.005095327907235451
0.00656929309323882
0.007429478362336355
0.00855553963801779
0.010294083259294873
0.011800051352380223
0.013909336337036749
0.015352562811982324
0.016160502267900088
0.01833044032002613
0.020231998807677544
0.02222479564944871
0.024645603129923845
0.028040174290309722
0.02995210719118987
0.031213237028462917
0.03247286707106531
0.033729661244877605
0.03498224343601379
0.036229198283291
0.03746907204245361
0.03870037352232635
0.0399215750929526
0.04113111376564518
0.0423273923447398
0.043508780650720835
0.04467361681424757
0.04582020864048184
0.046946835042974394
0.048051747546242043
0.049133171856025115
0.05018930949607784
0.05121833951021393
0.052218420228184986
0.05318769109384948
0.05412427455393322
0.055026278005574795
0.05589179580070072
0.056718911305151325
0.057505699010346925
0.05825022669517557
0.05895055763563323
0.05960475285965208
0.060210873444427084
0.06076698285343492
0.061271149310237895
0.061721448206057405
1.822981129722928
