0.0
0.0009714436926366636
0.0019610716203855693
0.0029686517527985155
0.00399391347687639
0.00370738921509763
0.0019774240907294996
0.002354078529136187
0.0027182547447332835
0.0032484252370476767
0.003861982290030785
0.004442470257530254
0.005348243709225046
0.006707293092573622
0.008207843221802102
0.009650469181978247
0.010873527407822622
0.013609809656346429
0.016190742132541475
0.01942988445868865
0.022423440768608645
0.02366783599273657
0.024917871593227746
0.0261724644113001
0.027430487975191882
0.028690772872580428
0.029952107191189844
0.031213237028462973
0.03247286707106531
0.033729661244877716
0.034982243436013624
0.036229198283291054
0.03746907204245361
0.03870037352232641
0.0399215750929526
0.04113111376564518
0.0423273923447398
0.04350878065072061
0.0446736168142478
0.04582020864048184
0.046946835042974394
0.048051747546242043
0.049133171856025004
0.05018930949607795
0.0512183395102137
0.052218420228184875
0.05318769109384994
0.054124274553933
0.05502627800557457
0.05589179580070117
0.05671891130515087
0.05750569901034715
0.05825022669517535
0.05895055763563323
0.05960475285965186
0.06021087344442754
0.06076698285343468
0.06127114931023835
0.061721448206057176
1.8586457029639871
