0.0
0.0009714436926366636
0.0019610716203855693
0.0029686517527985155
0.00399391347687639
0.0034019046820869705
0.002162633766513432
0.0027354076544666628
0.002891211726589649
0.003284606006028156
0.003885630449615384
0.004479486908396841
0.005697779547954277
0.0065200036264857755
0.007804858429710116
0.009165248863531523
0.011019215069433607
0.01361109198111761
0.015948929607758133
0.01842140666115509
0.02004839353211405
0.023667835992736544
0.024917871593227774
0.0261724644113001
0.0274304879751918
0.028690772872580483
0.0299521071911899
0.031213237028462862
0.032472867071065364
0.03372966124487766
0.03498224343601368
0.03622919828329112
0.037469072042453554
0.03870037352232646
0.03992157509295249
0.04113111376564507
0.04232739234473991
0.04350878065072061
0.04467361681424768
0.04582020864048184
0.046946835042974394
0.048051747546242043
0.049133171856025115
0.050189309496078076
0.05121833951021359
0.0522184202281851
0.053187691093849715
0.054124274553933
0.055026278005574795
0.05589179580070095
0.05671891130515087
0.057505699010346925
0.05825022669517557
0.05895055763563323
0.05960475285965186
0.060210873444427084
0.06076698285343514
0.06127114931023835
0.061721448206057176
1.8549722334830525
