0.0
0.0009714436926366636
0.0019610716203855693
0.0029686517527985155
0.00399391347687639
0.003632706965549449
0.001972862083709245
0.0026364804704538973
0.0030590519475492393
0.0034968386629730796
0.00410921344525929
0.0049751948810076605
0.005900740244474662
0.007275508713779986
0.008451562062971086
0.010075157310711702
0.01231949590164281
0.01514801250839416
0.017695722092286034
0.020563159262517432
0.02242344076860863
0.023667835992736544
0.024917871593227774
0.026172464411300042
0.027430487975191882
0.028690772872580483
0.0299521071911899
0.031213237028462862
0.032472867071065364
0.03372966124487766
0.03498224343601368
0.03622919828329094
0.037469072042453776
0.03870037352232635
0.03992157509295249
0.041131113765645294
0.04232739234473968
0.043508780650720835
0.04467361681424768
0.04582020864048161
0.046946835042974505
0.04805174754624216
0.049133171856025115
0.05018930949607784
0.0512183395102137
0.0522184202281851
0.053187691093849715
0.054124274553933
0.055026278005574795
0.05589179580070095
0.05671891130515087
0.05750569901034715
0.05825022669517535
0.058950557635633005
0.05960475285965208
0.06021087344442754
0.06076698285343468
0.06127114931023812
0.06172144820605763
1.8676295722919836
