0.0
0.0009714436926366636
0.0019610716203855693
0.0029686517527985155
0.00399391347687639
0.0035365446142834873
0.0018646130350467038
0.0026597090661577456
0.0029010316323607524
0.003110377745169089
0.0037263548682995307
0.00460457699114182
0.005645791453305102
0.006930285076477561
0.008528958420555831
0.009732577886853036
0.011101126502144858
0.013425913677277565
0.016043906573939226
0.01820763405355352
0.020840744281344033
0.023667835992736544
0.024917871593227746
0.026172464411300042
0.027430487975191882
0.028690772872580483
0.029952107191189955
0.031213237028462917
0.03247286707106531
0.033729661244877605
0.03498224343601368
0.03622919828329094
0.03746907204245372
0.03870037352232635
0.0399215750929526
0.04113111376564518
0.0423273923447398
0.04350878065072061
0.04467361681424757
0.04582020864048195
0.046946835042974394
0.04805174754624216
0.049133171856025004
0.05018930949607795
0.0512183395102137
0.052218420228184875
0.05318769109384994
0.054124274553933
0.055026278005574795
0.05589179580070095
0.0567189113051511
0.057505699010346925
0.05825022669517535
0.05895055763563323
0.05960475285965231
0.060210873444427084
0.06076698285343468
0.06127114931023835
0.061721448206057176
1.8567545708480049
