0.0
0.0009714436926366636
0.0019610716203855693
0.0029686517527985155
0.00399391347687639
0.0038492782542274753
0.002168967132992373
0.00209905829003535
0.0027904784727993326
0.003176762264351346
0.00393413385918366
0.004302514370872672
0.00579559623626237
0.006620970207848323
0.007509959822905386
0.008630297513976374
0.009483500060514282
0.010941940815393097
0.012983172518763398
0.014845301662623031
0.01699249727292009
0.018783769344691892
0.021456253976209098
0.02435460595302493
0.02684226188931902
0.028690772872580397
0.02995210719118987
0.031213237028462917
0.032472867071065364
0.03372966124487766
0.034982243436013624
0.036229198283291054
0.037469072042453665
0.03870037352232635
0.0399215750929526
0.04113111376564518
0.0423273923447398
0.043508780650720724
0.04467361681424768
0.04582020864048184
0.046946835042974394
0.04805174754624227
0.04913317185602478
0.05018930949607795
0.05121833951021393
0.052218420228184986
0.053187691093849715
0.05412427455393322
0.05502627800557457
0.05589179580070095
0.0567189113051511
0.05750569901034669
0.05825022669517557
0.05895055763563323
0.05960475285965208
0.060210873444427084
0.06076698285343492
0.06127114931023835
0.061721448206057176
1.8292670849165522
