0.0
0.0009714436926366636
0.0019610716203855693
0.0029686517527985155
0.00399391347687639
0.003588857721157691
0.0019973166808472057
0.0023884206993548393
0.0028403168418769803
0.003007269653380508
0.003912998920602213
0.004426045268720753
0.005274878651871845
0.006215747040338216
0.007326182387198685
0.008690789347568029
0.010506416217862503
0.012358719159054829
0.014183883716273158
0.016463134287335195
0.01816883048005036
0.020151328376931704
0.021807262367815727
0.024976045225592346
0.027226180422833524
0.028690772872580456
0.029952107191189955
0.031213237028462862
0.03247286707106525
0.033729661244877716
0.03498224343601356
0.03622919828329112
0.037469072042453665
0.03870037352232635
0.03992157509295249
0.041131113765645294
0.04232739234473968
0.043508780650720835
0.04467361681424768
0.04582020864048195
0.046946835042974276
0.04805174754624227
0.04913317185602489
0.050189309496078076
0.05121833951021335
0.0522184202281851
0.053187691093849715
0.05412427455393322
0.055026278005574795
0.05589179580070072
0.056718911305151325
0.057505699010346925
0.05825022669517557
0.05895055763563323
0.059604752859651625
0.060210873444427306
0.06076698285343492
0.06127114931023835
0.061721448206057176
1.8372163884643051
