0.0
0.0009714436926366636
0.0019610716203855693
0.0029686517527985155
0.00399391347687639
0.0035865691019596573
0.0021872559417763925
0.002444278016151255
0.002627689285710471
0.002898035267397745
0.003913178873885212
0.004748656382603613
0.00524892650954395
0.0063583347087097205
0.0077436670616001435
0.009091503319970051
0.010005903211416787
0.012613032989073262
0.014684459787392813
0.01655985061858958
0.01872727367933237
0.02210834183146935
0.024917871593227746
0.026172464411300042
0.027430487975191882
0.028690772872580456
0.0299521071911899
0.031213237028462862
0.032472867071065364
0.03372966124487766
0.03498224343601368
0.03622919828329094
0.03746907204245372
0.03870037352232641
0.0399215750929526
0.04113111376564518
0.04232739234473991
0.04350878065072061
0.0446736168142478
0.045820208640481724
0.046946835042974394
0.04805174754624216
0.049133171856025115
0.050189309496078076
0.0512183395102137
0.052218420228184875
0.053187691093849715
0.054124274553933
0.05502627800557457
0.05589179580070117
0.0567189113051511
0.05750569901034669
0.05825022669517557
0.05895055763563323
0.05960475285965208
0.060210873444427084
0.06076698285343492
0.06127114931023835
0.061721448206057176
1.845773545563941
