0.0
0.0009714436926366636
0.0019610716203855693
0.0029686517527985155
0.00399391347687639
0.003548351858071932
0.0018602320210530953
0.0026541832183923494
0.0030988540604954835
0.003658984709918791
0.004272325103215604
0.0052351384409857725
0.005964279184896469
0.007564942444306504
0.00864716991597458
0.010383869692148835
0.011816889841724675
0.015051484104036221
0.018964541209019803
0.021185725461436038
0.02242344076860863
0.02366783599273657
0.024917871593227774
0.02617246441130007
0.027430487975191827
0.028690772872580456
0.0299521071911899
0.031213237028462862
0.03247286707106531
0.033729661244877716
0.034982243436013735
0.036229198283291
0.03746907204245361
0.038700373522326234
0.039921575092952716
0.04113111376564518
0.0423273923447398
0.043508780650720724
0.04467361681424757
0.04582020864048184
0.046946835042974394
0.048051747546242043
0.049133171856025115
0.050189309496078076
0.05121833951021359
0.0522184202281851
0.053187691093849715
0.05412427455393276
0.055026278005575024
0.05589179580070095
0.05671891130515087
0.057505699010346925
0.05825022669517557
0.05895055763563323
0.05960475285965186
0.06021087344442754
0.06076698285343468
0.06127114931023835
0.061721448206057405
1.8702248370043801
