0.0
0.0009714436926366636
0.0019610716203855693
0.0029686517527985155
0.00399391347687639
0.0038598083342259886
0.002220721947839241
0.0026061602249007375
0.0029068069350033777
0.003865508167231216
0.0043343239808513725
0.005164792677801941
0.005932246563187811
0.007029642156229664
0.008575966433368158
0.010112026339345727
0.011935716225133803
0.014086854161930477
0.017425495759966467
0.019986137891128325
0.022342824290948842
0.023667835992736544
0.024917871593227774
0.026172464411300042
0.027430487975191854
0.028690772872580428
0.02995210719119001
0.031213237028462862
0.03247286707106531
0.033729661244877605
0.03498224343601368
0.036229198283291
0.037469072042453776
0.03870037352232635
0.039921575092952716
0.04113111376564507
0.04232739234473968
0.043508780650721064
0.04467361681424734
0.04582020864048195
0.046946835042974505
0.04805174754624193
0.049133171856025115
0.05018930949607784
0.05121833951021359
0.052218420228185326
0.053187691093849715
0.05412427455393322
0.05502627800557457
0.05589179580070095
0.0567189113051511
0.05750569901034669
0.0582502266951758
0.05895055763563278
0.059604752859652534
0.060210873444426855
0.06076698285343492
0.06127114931023835
0.061721448206056954
1.8662794570591883
