0.0
0.0009714436926366636
0.0019610716203855693
0.0029686517527985155
0.00399391347687639
0.003834488101406477
0.0018654020641725817
0.0026027411287715715
0.0030944416110299184
0.0034732952733824763
0.004091137514429288
0.00481961926592717
0.005817751023540233
0.007305228332369695
0.008328848623044827
0.009648494917567767
0.01166973761246517
0.013471201525764274
0.01630905096842902
0.01972053201003536
0.022423440768608645
0.02366783599273657
0.024917871593227746
0.02617246441130007
0.027430487975191854
0.02869077287258051
0.029952107191189844
0.031213237028462917
0.03247286707106525
0.033729661244877716
0.034982243436013624
0.036229198283291054
0.03746907204245372
0.03870037352232635
0.0399215750929526
0.04113111376564518
0.0423273923447398
0.04350878065072095
0.044673616814247454
0.04582020864048184
0.046946835042974394
0.04805174754624227
0.049133171856025004
0.05018930949607795
0.05121833951021359
0.0522184202281851
0.053187691093849715
0.054124274553933
0.055026278005574795
0.05589179580070095
0.0567189113051511
0.05750569901034669
0.05825022669517557
0.05895055763563346
0.05960475285965186
0.060210873444426855
0.06076698285343514
0.061271149310238575
0.061721448206056954
1.8623698357110396
