0.0
0.0009714436926366636
0.0019610716203855693
0.0029686517527985155
0.00399391347687639
0.0035209531346027897
0.0019447204542819884
0.0025503212530368327
0.0027165341080073557
0.0031451132344713674
0.0037727317103740106
0.004492808948854585
0.005512045765445919
0.006860609811176545
0.0075964635491394365
0.008859246831727277
0.010055608211675782
0.011473343059354222
0.013746564500880154
0.015558056447519238
0.016896221823660514
0.01870359398579575
0.02122005078798006
0.02382479361594557
0.02585124815158099
0.028690772872580456
0.02995210719118987
0.031213237028462917
0.032472867071065364
0.03372966124487755
0.034982243436013735
0.036229198283291
0.03746907204245372
0.03870037352232629
0.0399215750929526
0.041131113765645294
0.04232739234473968
0.043508780650720835
0.04467361681424757
0.04582020864048195
0.046946835042974394
0.048051747546242043
0.049133171856025004
0.05018930949607795
0.0512183395102137
0.052218420228184875
0.05318769109384994
0.054124274553933
0.055026278005574795
0.05589179580070095
0.0567189113051511
0.057505699010346925
0.05825022669517535
0.05895055763563323
0.05960475285965186
0.06021087344442754
0.06076698285343468
0.06127114931023835
0.061721448206057176
1.830006794383149
