0.0
0.0009714436926366636
0.0019610716203855693
0.0029686517527985155
0.00399391347687639
0.00386545721867927
0.0021684840780092627
0.0024140577386178885
0.0030375708533143322
0.0030708994723295116
0.004299918233798856
0.004794768223284582
0.005971541807497872
0.007447279197135836
0.008215339156041097
0.010205780659415156
0.012011192543900408
0.014192342370033174
0.01721207795710892
0.01992002976227957
0.02242344076860863
0.02366783599273657
0.024917871593227774
0.026172464411300042
0.027430487975191827
0.028690772872580483
0.029952107191189955
0.031213237028462862
0.03247286707106531
0.033729661244877716
0.034982243436013624
0.03622919828329094
0.03746907204245372
0.03870037352232635
0.0399215750929526
0.04113111376564518
0.04232739234473991
0.04350878065072061
0.04467361681424757
0.045820208640481724
0.046946835042974616
0.04805174754624193
0.04913317185602523
0.05018930949607795
0.05121833951021359
0.0522184202281851
0.05318769109384994
0.05412427455393276
0.05502627800557457
0.05589179580070117
0.056718911305151325
0.05750569901034624
0.0582502266951758
0.058950557635633005
0.05960475285965208
0.060210873444427306
0.06076698285343468
0.061271149310238575
0.061721448206056496
1.8651446050101488
