0.0
0.0009714436926366636
0.0019610716203855693
0.0029686517527985155
0.00399391347687639
0.003705793615863737
0.0018406659613156987
0.002578444582446158
0.002974153523690998
0.0036187174768195227
0.003873029395806494
0.004688661972339315
0.0058717479074541085
0.007509758572381869
0.00878237435501935
0.010209310900268257
0.011834248341485663
0.014171387294434623
0.017087770210992802
0.020369823731272465
0.022423440768608603
0.0236678359927366
0.024917871593227774
0.026172464411300014
0.02743048797519191
0.02869077287258051
0.029952107191189844
0.031213237028462917
0.03247286707106531
0.033729661244877605
0.034982243436013735
0.036229198283291
0.037469072042453665
0.03870037352232635
0.0399215750929526
0.04113111376564518
0.0423273923447398
0.043508780650720835
0.04467361681424757
0.04582020864048184
0.046946835042974394
0.04805174754624227
0.04913317185602478
0.05018930949607819
0.05121833951021359
0.0522184202281851
0.053187691093849715
0.054124274553933
0.055026278005574795
0.05589179580070095
0.0567189113051511
0.057505699010346925
0.05825022669517557
0.05895055763563323
0.05960475285965208
0.060210873444427084
0.06076698285343492
0.061271149310237895
0.061721448206057405
1.865433753580295
