0.0
0.0009714436926366636
0.0019610716203855693
0.0029686517527985155
0.00399391347687639
0.0036113071793133465
0.002067209166683286
0.0027227011640101914
0.002714988680678559
0.0034523245213502135
0.003928729074934626
0.0047928514572677765
0.005604700000221549
0.006958681802214002
0.008135514997661289
0.009166595400690824
0.011156264774949059
0.012688865111229165
0.014927303694707137
0.016723184710493486
0.018725933458627823
0.02154182505689181
0.024528956521990865
0.026172464411300042
0.02743048797519191
0.028690772872580456
0.0299521071911899
0.031213237028462862
0.03247286707106531
0.033729661244877716
0.03498224343601368
0.036229198283291054
0.03746907204245361
0.03870037352232629
0.039921575092952716
0.04113111376564518
0.0423273923447398
0.04350878065072061
0.04467361681424757
0.04582020864048184
0.046946835042974505
0.04805174754624216
0.049133171856025115
0.050189309496078076
0.05121833951021348
0.0522184202281851
0.053187691093849715
0.05412427455393276
0.055026278005575024
0.05589179580070095
0.05671891130515087
0.05750569901034669
0.05825022669517557
0.05895055763563346
0.05960475285965186
0.060210873444427306
0.06076698285343468
0.061271149310238575
0.061721448206056954
1.8487566541580458
