1	0	0.0	10.0	0.0	0.0	1.0	0.0		0.0	
2	0	0.0	10.0	0.0	0.0	1.0	0.0		0.0	
3	0	0.0	10.0	0.0	0.0	0.9868366698887	0.0		0.0	
4	0	0.0011257771665567782	10.0	0.0	0.0	0.935692587304462	0.0	0.0	0.00022515543331135568	
5	0	0.0033581469321961525	10.0	0.0005123670208692134	650.5958982600683	0.8645892557619165	0.0	0.0	0.0006716293864392304	0.910823676203764
6	0	0.006675093645202824	10.0	0.001981400971396227	2477.6048596300907	0.8053570184597958	0.0	0.0	0.0013350187290405648	0.8733907763368021
7	0	0.009860818705372722	10.0	0.0043019969054377905	5340.229985636822	0.8275995717015875	0.0	0.0	0.0019721637410745445	1.06188832540982
8	0	0.011615133096916495	10.0	0.006407891664265402	8012.198898282951	0.9704847812755092	0.0	0.0	0.0023230266193833	1.0906311444135206
9	0	0.01366623365156628	10.0	0.007367324611633427	9359.78249338862	1.1373788187177674	0.0	0.0	0.002733246730313256	1.075178831893192
10	0	0.016245617327998736	10.0	0.009539160919746556	11931.390982240677	1.3507555493537784	0.0	0.0	0.003249123465599748	1.143988221502208
11	0	0.0195222744080414	10.0	0.012448237448503369	15293.710695805847	1.624937796636264	0.0	0.0	0.0039044548816082798	1.1017981778666461
12	0	0.02354432888339161	10.0	0.015378477442514984	18921.660549273565	1.9644524464423383	0.0	0.0	0.004708865776678322	1.1161997778115638
13	0	0.028438969013689606	10.0	0.01873869086774091	23183.397096838158	2.3806029446471277	0.0	0.0	0.005687793802737921	1.1379125522297464
14	0	0.034135454133707915	10.0	0.0214226998555254	27177.119774515995	2.8679524634319593	0.0	0.0	0.006827090826741584	1.126997423523128
15	0	0.041083117501253284	10.0	0.02623367862683002	33316.10185953622	3.4657058529043776	0.0	0.0	0.008216623500250656	1.085090355188468
16	0	0.049078146501931055	10.0	0.029743379255176013	38806.086652149614	4.161171372926743	0.0	0.0	0.009815629300386212	1.0427041114815112
17	0	0.058237526901404026	10.0	0.03382484028493867	44918.083331114074	4.965230829186282	0.0	0.0	0.011647505380280806	0.968735959878682
18	0	0.06872707618320485	10.0	0.03827652336642467	51906.556643448836	5.893401049271247	0.0	0.0	0.013745415236640971	0.9604620322016656
19	0	0.08026844995771676	10.0	0.04142450877178973	57655.73949145432	6.921992842568778	0.0	0.0	0.016053689991543354	0.9111537403093892
20	0	0.0932649122198444	10.0	0.046581449558238425	65442.855731735996	8.088043121577147	0.0	0.0	0.018652982443968884	0.8724868747980117
21	0	0.10871583951928376	10.0	0.0561894230999892	78441.09804766416	9.487009394443843	0.0	0.0	0.021743167903856758	0.8726050858236959
22	0	0.12615795766037105	10.0	0.06324216539666712	89373.40353750117	11.079237100926733	0.0	0.0	0.02523159153207421	0.8639390136574387
23	0	0.14624329607268152	10.0	0.07341189200279592	103726.50080410569	12.926739293354142	0.0	0.0	0.029248659214536305	0.8449650139866915
24	0	0.16902421399537715	10.0	0.08339415729287547	118597.74411134473	15.037485257508926	0.0	0.0	0.03380484279907543	0.8549800701917066
25	0	0.1953208020891133	10.0	0.09597745519132704	137886.1227089849	17.491463769764042	0.0	0.0	0.03906416041782265	0.8500632258823088
26	0	0.22570558338609426	10.0	0.11101683753861874	160648.15562813944	20.35072018627618	0.0	0.0	0.04514111667721885	0.8531556209525668
27	0	0.25946475770073285	10.0	0.12308551678203634	180190.94863483784	23.553196181858713	0.0	0.0	0.051892951540146566	0.8313261703987576
28	0	0.2961569634546749	10.0	0.13855586772100106	205081.5518745169	27.252892719001412	0.0	0.0	0.05923139269093498	0.8454987498225206
29	0	0.3344816050458537	10.0	0.15997641388422154	238101.21851920962	31.71145926530401	0.0	0.0	0.06689632100917074	0.8121781047911638
30	0	0.37358022192040735	10.0	0.1759711265417412	262806.75795716123	36.73650230626936	0.0	0.0	0.07471604438408147	0.8016054679685982
31	0	0.41405508457548856	10.0	0.1920500950938896	289990.9044192874	42.361385745634024	0.0	0.0	0.08281101691509772	0.7946902066449917
32	0	0.4555145083215498	10.0	0.2071880311960426	315450.9344781082	48.549978733301344	0.0	0.0	0.09110290166430997	0.7882518124338291
33	0	0.4975455365593841	10.0	0.2279452347515045	349770.7884505302	55.54678172479669	0.0	0.0	0.09950910731187683	0.7854815439847556
34	0	0.5397135715767637	10.0	0.2465041080382554	379793.7299298868	63.24751913985976	0.0	0.0	0.10794271431535277	0.7668409879292899
35	0	0.5815620222635284	10.0	0.2589013639536837	404196.7980951136	71.5147750205423	0.0	0.0	0.11631240445270567	0.7630883264890559
36	0	0.6236326369367541	10.0	0.2752411634200306	435486.0169833899	80.50049731016409	0.0	0.0	0.1247265273873508	0.7501269672650241
37	0	0.6653811152193353	10.0	0.28747045032256835	460272.66725377727	90.04737998207877	0.0	0.0	0.13307622304386707	0.7503406905727521
38	0	0.7062370346538424	10.0	0.3074429325418547	494903.45818892756	100.43221091814043	0.0	0.0	0.14124740693076848	0.7386389979197817
39	0	0.7456035186546112	10.0	0.3196297459370887	519900.2101167008	111.41598644930664	0.0	0.0	0.14912070373092226	0.7417672635053121
40	0	0.7859767188698208	10.0	0.3421552352413424	557727.9251229163	123.24922358469546	0.0	0.0	0.15719534377396416	0.7357852282478972
41	0	0.8271229638957897	10.0	0.35539885051403425	583013.8893443256	135.6061995369369	0.0	0.0	0.16542459277915794	0.7372184352444184
42	0	0.8685201595301822	10.0	0.3645116986390137	603987.1459757771	148.39038777994315	0.0	0.0	0.17370403190603645	0.7228217140295046
43	0	0.9096221185338574	10.0	0.3788988615338357	633066.6029921164	161.83508614746628	0.0	0.0	0.1819244237067715	0.7219862575927257
44	0	0.9504984714635414	10.0	0.3932670633291714	659638.0334013732	175.86529194857064	0.0	0.0	0.1900996942927083	0.7205924468058538
45	0	0.9923801634660329	10.0	0.4079250700963895	685990.1239878904	190.41822283109744	0.0	0.0	0.1984760326932066	0.7275169930538758
46	0	1.0347006916780916	10.0	0.4175831102623829	704542.4229958747	205.3071819005673	0.0	0.0	0.20694013833561836	0.7181125610876546
47	0	1.0768686239131229	10.0	0.43528557896171616	737628.238908899	220.93794342696097	0.0	0.0	0.21537372478262465	0.7181330944923214
48	0	1.1183245850163774	10.0	0.4442704902687041	757360.6740149279	236.97490649489544	0.0	0.0	0.2236649170032755	0.7135787160139788
49	0	1.1609324924496047	10.0	0.4515240229331882	775078.4238423001	253.28287486467826	0.0	0.0	0.23218649848992096	0.7073067308354009
50	0	1.204077625741467	10.0	0.46731196020031	803883.3765313361	270.1782093346081	0.0	0.0	0.2408155251482934	0.7029233391600409
51	0	1.2471196815762866	10.0	0.47605130574192	824395.4865422185	287.4637593127313	0.0	0.0	0.2494239363152573	0.6970068099305733
52	0	1.2896802168221766	10.0	0.4867335784630511	847887.9570892005	305.23081128869444	0.0	0.0	0.2579360433644353	0.701207983544924
53	0	1.3334997336099956	10.0	0.4975949548757633	871108.2906087613	323.3947342273496	0.0	0.0	0.26669994672199915	0.6927046118086755
54	0	1.3779130042554733	10.0	0.5016361648021513	886058.284232942	341.76176039583424	0.0	0.0	0.27558260085109465	0.6858863935139086
55	0	1.4222287795702735	10.0	0.5158754917088246	911055.4018493056	360.62466086481885	0.0	0.0	0.28444575591405474	0.6900827813824548
56	0	1.4661507020476852	10.0	0.5219420413775768	928960.9603784492	379.8043889916497	0.0	0.0	0.29323014040953704	0.6888981409811661
57	0	1.5113824797173048	10.0	0.5372239728543712	962256.2316565027	399.6329450414915	0.0	0.0	0.3022764959434609	0.6767403321183831
58	0	1.5572064545253033	10.0	0.5485786119466918	988555.0010506301	419.95017144911486	0.0	0.0	0.3114412909050606	0.6751000131655478
59	0	1.6028787553956318	10.0	0.5617202464033701	1019102.9142443169	440.8954165725354	0.0	0.0	0.32057575107912645	0.6744973325248036
60	0	1.6480698565495933	10.0	0.576544385668648	1048915.4839946544	462.4577163949511	0.0	0.0	0.32961397130991865	0.664721964874799
