11.247441493196291	1	1	1	1	0	0	11.247441493196291	1.0	0	0.0			100.0	0.0	0.0	0.0	0.0		0.0	0.0
11.247441493196291	2	1	1	2	0	0	11.247441493196291	1.0	0	0.0			100.0	0.0	0.0	0.0	0.0		0.0	0.0
11.367595075476835	1	1	1	1	0	0	11.367595075476835	1.0	0	0.0			100.0	0.0	0.0	0.0	0.0		0.0	0.0
11.367595075476835	2	1	1	2	0	0	11.367595075476835	1.0	0	0.0			100.0	0.0	0.0	0.0	0.0		0.0	0.0
22.856168219862568	1	1	1	1	0	0	22.856168219862568	2.0	0	0.0			98.68366698886999	0.0	0.0	0.0	0.9714436926366636	0.0	0.0	0.0
22.856168219862568	2	1	1	2	0	0	22.856168219862568	2.0	0	0.0			98.68366698886999	0.0	0.0	0.0	0.9714436926366636	0.0	0.0	0.0
34.4665080713728	1	1	1	1	0	0	34.4665080713728	3.0	0	0.00011257771665567784			93.56925873044621	0.0	4.740114385502225	3.1600762570014824	2.932515313022233	2.6939980867011464	7.900190642503707	0.0
34.4665080713728	2	1	1	2	0	0	34.4665080713728	3.0	0	0.00011257771665567784			93.56925873044621	0.0	4.740114385502225	3.1600762570014824	2.932515313022233	2.6939980867011464	7.900190642503707	0.0
46.1993671861199	1	1	1	1	0	0	46.1993671861199	4.0	0	0.00033581469321961526	0.7475561228042198	0.8008032520578046	87.35593524568644	0.0	14.139566030299589	9.426377353533061	5.901167065820748	3.993437759172312	23.56594338383265	1.2375710926742548e-11
46.1993671861199	2	1	1	2	0	0	46.1993671861199	4.0	0	0.00033581469321961526	0.4614532054006373	0.7342029144248949	86.46953973486559	0.0	14.139566030299589	9.426377353533061	5.901167065820748	3.993437759172312	23.56594338383265	8.397868324288411e-12
58.05546181511435	1	1	1	1	0	0	58.05546181511435	5.0	0	0.0006675093645202824	0.5492735718166667	1.1366816443053949	81.08831547995962	0.0	28.105657453485573	18.737104968990387	9.895080542697137	4.73394453136082	46.842762422475964	2.961170562757057e-11
58.05546181511435	2	1	1	2	0	0	58.05546181511435	5.0	0	0.0006675093645202824	0.5786192447493722	1.0043730104916029	80.32044828576831	0.0	28.105657453485573	18.737104968990387	9.895080542697137	4.73394453136082	46.842762422475964	3.011054165822561e-11
70.03547169202406	1	1	1	1	0	0	70.03547169202406	6.0	0	0.0009834556039916328	0.5980709241539209	1.062164348461597	82.54543455225364	0.0	41.408657010174025	27.60577134011601	13.531006201963606	5.100465354917564	69.01442835029003	6.263757898226549e-11
70.03547169202406	2	1	1	2	0	0	70.03547169202406	6.0	0	0.0009930994265549733	0.7079677476832621	1.0828870085670557	83.33317563905815	0.0	41.814712697051505	27.87647513136768	13.641987810638964	5.108580127455412	69.69118782841919	7.102614832224335e-11
82.14003983175478	1	1	1	1	0	0	82.14003983175478	7.0	0	0.0011641009904146931	0.6812474547709244	1.0678306416506336	97.25862052509814	0.0	49.01477854377657	32.676519029184384	15.567322952137175	5.247613724217488	81.69129757296095	1.0178514587234904e-10
82.14003983175478	2	1	1	2	0	0	82.14003983175478	7.0	0	0.0011646060062375262	0.6256041821394898	1.1877567720732798	97.30202506500585	0.0	49.03604236789585	32.69069491193057	15.575287785179462	5.247205599474882	81.72673727982641	9.716189941678706e-11
94.36977233991071	1	1	1	1	0	0	94.36977233991071	8.0	0	0.0013825486350628954	0.6860472574295979	1.1295608526198035	115.03327779504127	0.0	58.212574107911394	38.80838273860761	18.012320948522287	5.386366205876344	97.020956846519	1.221658787722317e-10
94.36977233991071	2	1	1	2	0	0	94.36977233991071	8.0	0	0.001383908022819263	0.6883976402141782	1.0710604057315776	115.1462009068892	0.0	58.269811487126866	38.846540991417925	18.029848428344415	5.386420904452522	97.11635247854478	1.2260825564184192e-10
106.72523823319248	1	1	1	1	0	0	106.72523823319248	9.0	0	0.0016645947113603859	0.7741669768760607	1.1680247119354317	138.36523503697873	0.0	70.08819837306889	47.35455001181214	20.922486652097692	5.61323089065545	117.44274838488104	1.6603027143496556e-10
106.72523823319248	2	1	1	2	0	0	106.72523823319248	9.0	0	0.0016775823581445526	0.8108782265696413	1.0833607370764475	139.44009332621448	0.0	70.63504665871801	47.745051569845025	21.05999509765145	5.621088593784355	118.380098228563	1.720742454143302e-10
119.20696927078512	1	1	1	1	0	0	119.20696927078512	10.0	0	0.001991102703633371	0.7339874668934041	1.083624362000167	165.68658508680872	0.0	83.8359033108788	57.72707211983991	24.12360965609002	5.868233545844205	141.5629754307187	2.9986632647040906e-10
119.20696927078512	2	1	1	2	0	0	119.20696927078512	10.0	0	0.002042567094873032	0.8422508364400415	1.0980762057993638	169.98107851185918	0.0	86.00282504728554	59.339904805914145	24.638348658659496	5.899045097006408	145.3427298531997	3.183643464896216e-10
131.81545979678634	1	1	1	1	0	0	131.81545979678634	11.0	0	0.002411589989427361	0.8094447229203493	1.1281466223265901	201.1812792683992	0.0	101.54063113378359	71.52405081308518	28.11659732153036	6.155249867818964	173.06468194686883	3.546752940838955e-10
131.81545979678634	2	1	1	2	0	0	131.81545979678634	11.0	0	0.0025020796450169512	0.8999889681389934	1.1097343424569361	208.7700216999109	0.0	105.35072189545055	74.4173758206277	29.001923983832693	6.198488687036457	179.76809771607827	2.941228817495248e-10
144.55116659372186	1	1	1	1	0	0	144.55116659372186	12.0	0	0.002944177560350803	0.8597462049466517	1.1387705802413743	246.46276617599239	0.0	123.96537096213908	89.41727635092802	33.080118862925225	6.450480066207295	213.38264731306708	4.469253735265902e-10
144.55116659372186	2	1	1	2	0	0	144.55116659372186	12.0	0	0.003025275221242413	0.8000220350060552	1.1554835079772603	253.2529854947409	0.0	127.38000931547	91.99506061258005	33.87791556669086	6.475459492075187	219.37506992805007	4.257034277470407e-10
157.41450874719058	1	1	1	1	0	0	157.41450874719058	13.0	0	0.003557921132904956	0.7926422051287846	1.0811911242450658	298.97016827390013	0.0	149.8072055959981	110.41491353061855	38.748049147283396	6.715747627383733	260.2221191266167	5.211482769483743e-10
157.41450874719058	2	1	1	2	0	0	157.41450874719058	13.0	0	0.0036629734870023203	0.8047181567483075	1.1049809442591785	307.8097755855071	0.0	154.23046261062396	113.8122452045424	39.76706777034077	6.740318631565766	268.04270781516635	5.393929651869183e-10
170.4058675216809	1	1	1	1	0	0	170.4058675216809	14.0	0	0.004323832065350355	0.8257506870825732	1.0793449301005458	364.8665469098975	0.0	182.05608696212025	137.0010692166463	45.809390731130904	6.96488538892405	319.0571561787665	6.496043534773074e-10
170.4058675216809	2	1	1	2	0	0	170.4058675216809	14.0	0	0.004449490688397704	0.8232942181356399	1.1349029600825196	375.4790477049125	0.0	187.3469763535875	141.1136818079783	47.0183895433467	6.985791332958241	328.46065816156585	6.617658985779831e-10
183.52558624759342	1	1	1	1	0	0	183.52558624759342	15.0	0	0.005254246692897825	0.8376824682862173	1.1016916033420652	445.8007489908233	0.0	221.23143970096103	170.50643605743602	54.062873232426156	7.245968486991885	391.73787575839714	8.473156168954864e-10
183.52558624759342	2	1	1	2	0	0	183.52558624759342	15.0	0	0.00544820504815788	0.8802294677053398	1.1424774871109835	462.35445509937375	0.0	229.39810729085804	177.0786054046055	55.8777424039103	7.274393975283769	406.4767126954635	8.660733262820588e-10
196.77397021950497	1	1	1	1	0	0	196.77397021950497	16.0	0	0.006332137189959439	0.7790530252864327	1.0659566899781097	540.4237484924658	0.0	266.61630273513424	210.42396718267156	63.383478574660046	7.526255747479923	477.0402699178058	1.373782704144645e-09
196.77397021950497	2	1	1	2	0	0	196.77397021950497	16.0	0	0.00661606751593183	0.825683790940806	1.1314583564015093	564.8756759538193	0.0	278.5712638287086	220.32806955188641	65.97634257322427	7.561791301584932	498.89933338059495	1.3828863063366614e-09
210.1512866057031	1	1	1	1	0	0	210.1512866057031	17.0	0	0.007671409912081713	0.8163415448478849	1.096987586733867	658.9296083584114	0.0	323.0067331402826	261.1352978293536	74.78757738877523	7.810682620898873	584.1420309696363	1.5374874939857142e-09
210.1512866057031	2	1	1	2	0	0	210.1512866057031	17.0	0	0.00803597281521589	0.8308268174036701	1.0908260102885392	690.5163282574265	0.0	338.35675011435325	274.0925388265737	78.06703931649956	7.845171205455013	612.4492889409269	1.6595923867486774e-09
223.65776436901845	1	1	1	1	0	0	223.65776436901845	18.0	0	0.009284608731932598	0.8107165762560928	1.066036683127224	802.7013204158052	0.0	390.9308939761094	323.3435601606193	88.42686627907653	8.077572848533022	714.2744541367289	1.897602677071152e-09
223.65776436901845	2	1	1	2	0	0	223.65776436901845	18.0	0	0.009659491451292666	0.7650143326219061	1.0519551917659342	835.2077642996487	0.0	406.71542952811217	336.6987544833012	91.79358028823542	8.098760084061041	743.4141840114132	1.8185552571516536e-09
237.29359419897813	1	1	1	1	0	0	237.29359419897813	19.0	0	0.01116862864476236	0.7685775336395686	1.05162625698223	971.7367010219753	0.0	470.2580482005204	397.12483591918976	104.35381690226494	8.31194210109323	867.3828841197102	2.4156973912860313e-09
237.29359419897813	2	1	1	2	0	0	237.29359419897813	19.0	0	0.011562793182107324	0.7382581785539207	1.0448684281886835	1005.973121016825	0.0	486.8544497729399	411.235137510209	107.88353373367607	8.324621526582497	898.089587283149	2.366082100363069e-09
251.0589284553002	1	1	1	1	0	0	251.0589284553002	20.0	0	0.013458506461423806	0.7820602783294707	1.033997309352634	1179.0680651797254	0.0	566.673956270476	489.1632312413207	123.2308776679291	8.567959650153322	1055.8371875117966	2.8487070167424103e-09
251.0589284553002	2	1	1	2	0	0	251.0589284553002	20.0	0	0.013627800768393816	0.6547631204170828	0.9666788047606208	1192.944162329892	0.0	573.8021376165816	494.23519244193284	124.90683227137748	8.55067181383685	1068.0373300585145	2.6535200802071923e-09
264.95388112274634	1	1	1	1	0	0	264.95388112274634	21.0	0	0.01621690593324103	0.7803140308983814	1.007948871221227	1430.8723488710034	0.0	682.8170919259379	602.428241448461	145.62701549660468	8.825596878378411	1285.2453333743988	4.336010533409156e-09
264.95388112274634	2	1	1	2	0	0	264.95388112274634	21.0	0	0.015977680035485702	0.6378729902780235	0.9401565163367992	1407.4561181421664	0.0	672.7444225467663	590.7256035995906	143.98609199580955	8.774944917479443	1263.4700261463568	3.517306567693685e-09
278.9785277773454	1	1	1	1	0	0	278.9785277773454	22.0	0	0.019151746914547588	0.7713540247314198	0.9692613009250608	1749.3968285130334	0.0	806.3893437704248	725.1425370567473	169.29485148934128	9.046535481462037	1531.531880827172	5.983907677226096e-09
278.9785277773454	2	1	1	2	0	0	278.9785277773454	22.0	0	0.01850983894313002	0.5714910589565757	0.8811308977916372	1640.3707465847813	0.0	779.3616397107376	696.6025825224775	164.40652435156608	8.977528282740293	1475.9642222332154	3.912304418759088e-09
293.1329055639992	1	1	1	1	0	0	293.1329055639992	23.0	0	0.022239639550623892	0.7479075744993231	0.9506222092550038	2130.5139999133867	0.0	936.4058758157423	856.3141165685985	194.21272308256906	9.230703137930725	1792.7199923843411	6.740108593482777e-09
293.1329055639992	2	1	1	2	0	0	293.1329055639992	23.0	0	0.021335175065079842	0.5458674292243327	0.8433694095615348	1902.1497862627689	0.0	898.3231606349408	816.6209398443058	187.2056857835228	9.160747940435632	1714.9441004792466	4.896458640491869e-09
307.41701318547484	1	1	1	1	0	0	307.41701318547484	24.0	0	0.02545925045443588	0.7528073720544382	0.9471174514613944	2590.101149220809	0.0	1071.9684401867737	995.030840219462	220.3851874938691	9.379029978880672	2066.999280406236	7.0402062777798386e-09
307.41701318547484	2	1	1	2	0	0	307.41701318547484	24.0	0	0.024397533208286845	0.5054216027999799	0.7996556123968855	2187.9268252258403	0.0	1027.2645561383933	948.5624386658735	212.0998304215733	9.315551977939252	1975.8269948042669	5.553806662085219e-09
321.83081090278995	1	1	1	1	0	0	321.83081090278995	25.0	0	0.028874163904873545	0.7448549424966335	0.9229093069665908	3125.7717159391023	0.0	1215.754269678886	1145.1633289049173	247.81567546906098	9.52690984585661	2360.9175985838033	8.765837460079127e-09
321.83081090278995	2	1	1	2	0	0	321.83081090278995	25.0	0	0.02781244665872452	0.4964532910738198	0.7842972573729666	2514.6923645039724	0.0	1171.0503856305056	1098.6949273513292	239.53031839676518	9.47581637336682	2269.745312981835	6.639679193628522e-09
336.3742205469876	1	1	1	1	0	0	336.3742205469876	26.0	0	0.032457435714422195	0.7017761985906321	0.9172126277956386	3713.5668270542333	0.0	1366.6288721861974	1305.5156851844506	276.50644834164143	9.663950238401103	2672.144557370648	1.0941365440466454e-08
336.3742205469876	2	1	1	2	0	0	336.3742205469876	26.0	0	0.03139571846827316	0.5231123413477001	0.8018691888526346	2928.3235604372303	0.0	1321.9249881378169	1259.0472836308622	268.2210912693456	9.622555256763482	2580.972271768679	8.928804043787556e-09
351.0471255422998	1	1	1	1	0	0	351.0471255422998	27.0	0	0.0361804579072334	0.6586679141780288	0.8812229344135204	4348.09452713291	0.0	1523.3877013571955	1474.8147065172625	306.4585555328313	9.78338621567136	2998.202407874458	1.3730599257718936e-08
351.0471255422998	2	1	1	2	0	0	351.0471255422998	27.0	0	0.03511874066108436	0.5266537386787876	0.8141108035701551	3414.5773962257094	0.0	1478.6838173088156	1428.3463049636746	298.1731984605355	9.749468219415595	2907.0301222724897	1.0286949822559284e-08
365.84937094069124	1	1	1	1	0	0	365.84937094069124	28.0	0	0.04001292206635128	0.6504507898342422	0.8519713776867949	5061.460046692947	0.0	1684.7546133200533	1651.7081364630233	337.67179256129424	9.880786086618242	3336.4627497830766	1.4447963498110052e-08
365.84937094069124	2	1	1	2	0	0	365.84937094069124	28.0	0	0.038951204820202236	0.530973678724287	0.7962860575641416	3980.80118549649	0.0	1640.0507292716736	1605.2397349094354	329.38643548899836	9.852532206929641	3245.290464181109	1.2181088348107438e-08
380.78076346777357	1	1	1	1	0	0	380.78076346777357	29.0	0	0.043922783753806635	0.6279448330176121	0.8361591973532049	5840.183619553833	0.0	1849.380368581332	1834.7629652588785	370.1446596323596	9.953252702603972	3684.1433338402094	1.4653170732541835e-08
380.78076346777357	2	1	1	2	0	0	380.78076346777357	29.0	0	0.042861066507657614	0.5274777086472221	0.7872931594144168	4623.22660345766	0.0	1804.6764845329515	1788.2945637052906	361.8593025600637	9.929193536877104	3592.9710482382416	1.2774646887073649e-08
395.84107158007737	1	1	1	1	0	0	395.84107158007737	30.0	0	0.04797027001931477	0.6145513312782507	0.8438821534231462	6684.177351030214	0.0	2019.8008429185165	2027.7433308042264	403.87432087723715	10.021791345711842	4047.544173722743	1.6848022874498613e-08
395.84107158007737	2	1	1	2	0	0	395.84107158007737	30.0	0	0.04690855277316573	0.5221303182376958	0.7997218753397204	5336.420231135379	0.0	1975.0969588701362	1981.2749292506385	395.5889638049414	10.001219068567336	3956.3718881207737	1.4586323686211767e-08
411.03002553366304	1	1	1	1	0	0	411.03002553366304	31.0	0	0.052116212393920884	0.6016831009761467	0.8329347734534749	7598.412099984544	0.0	2194.366837638774	2228.8505398198317	438.8565643132509	10.078959134131496	4423.2173774586045	2.1320248807653285e-08
411.03002553366304	2	1	1	2	0	0	411.03002553366304	31.0	0	0.051054495147771856	0.528050316374997	0.7953345861061555	6138.810569837529	0.0	2149.6629535903935	2182.382138266243	430.5712072409551	10.06115833805011	4332.045091856637	1.8148951659741198e-08
426.3473174640513	1	1	1	1	0	0	426.3473174640513	32.0	0	0.056319315217704315	0.5876440117557951	0.8125269357375574	8586.063213389481	0.0	2371.339588113865	2436.1840069983677	475.0857625965419	10.11927524166818	4807.523595112234	2.2282683032347404e-08
426.3473174640513	2	1	1	2	0	0	426.3473174640513	32.0	0	0.05525759797155528	0.5440204785436031	0.8101143231836572	7046.252997110628	0.0	2326.635704065485	2389.71560544478	466.80040552424606	10.103571577264393	4716.351309510265	2.0399839897281508e-08
441.79260147745117	1	1	1	1	0	0	441.79260147745117	33.0	0	0.060536118719442276	0.5474254044948925	0.7963205009657501	9593.408169698065	0.0	2548.8892092396745	2647.7394296166503	512.5548346389955	10.13867841577659	5196.628638856325	2.2423061676477422e-08
441.79260147745117	2	1	1	2	0	0	441.79260147745117	33.0	0	0.059474401473293234	0.5382643766360408	0.7890801108501909	8033.879062330136	0.0	2504.185325191294	2601.2710280630617	504.26947756669966	10.124460393459085	5105.456353254356	2.2356191810781413e-08
457.365493753255	1	1	1	1	0	0	457.365493753255	34.0	0	0.06472096378811876	0.5368459123767702	0.7809176904561798	10674.525115286924	0.0	2725.093212131316	2861.407042632955	551.2552081613219	10.134145078461392	5586.500254764272	2.439008952908035e-08
457.365493753255	2	1	1	2	0	0	457.365493753255	34.0	0	0.06365924654196972	0.5253734476616094	0.7836211270438583	9087.364475872271	0.0	2680.3893280829348	2814.9386410793672	542.9698510890261	10.120871275155348	5495.327969162301	2.4265602427633248e-08
473.0655726577729	1	1	1	1	0	0	473.0655726577729	35.0	0	0.06892802525544131	0.5149485796663905	0.7809707113368471	11793.567209867831	0.0	2902.2326423343693	3080.700020590177	591.1767832542745	10.120378256382224	5982.932662924547	2.5347617907559328e-08
473.0655726577729	2	1	1	2	0	0	473.0655726577729	35.0	0	0.06786630800929226	0.5283306087091209	0.7863911519784121	10230.2309956375	0.0	2857.52875828599	3034.2316190365887	582.8914261819788	10.107817875988404	5891.760377322579	2.936039018477541e-08
488.8923788691719	1	1	1	1	0	0	488.8923788691719	36.0	0	0.07310287308369944	0.5045413208596689	0.7721898798358544	12967.155503018708	0.0	3078.0157087873436	3303.052851257543	632.3078970199198	10.091711000477767	6381.068560044887	2.8313780094047697e-08
488.8923788691719	2	1	1	2	0	0	488.8923788691719	36.0	0	0.0720411558375504	0.5112073992339127	0.7705703679812511	11427.936983181435	0.0	3033.3118247389643	3256.5844497039543	624.0225399476237	10.079597885952724	6289.896274442917	3.0605615486274616e-08
504.8454155135833	1	1	1	1	0	0	504.8454155135833	37.0	0	0.07718846502715014	0.4895503410043587	0.7561376746284589	14194.501634399265	0.0	3250.0406327221112	3525.7719858865394	674.6352893646595	10.043667631128221	6775.81261860865	3.1079258712486614e-08
504.8454155135833	2	1	1	2	0	0	504.8454155135833	37.0	0	0.07612674778100112	0.5044577642707293	0.7718553845800206	12702.366243565195	0.0	3205.336748673731	3479.3035843329512	666.3499322923636	10.031726588476293	6684.640333006682	3.3572187530896416e-08
520.9241483123367	1	1	1	1	0	0	520.9241483123367	38.0	0	0.081125113427227	0.485309028686861	0.7577109957791393	15496.358023409832	0.0	3415.7942495674524	3746.0341428033116	718.1440700153803	9.972690287921449	7161.828392370764	3.523488201074585e-08
520.9241483123367	2	1	1	2	0	0	520.9241483123367	38.0	0	0.08006339618107798	0.4884364552826791	0.7654775570654017	14021.18652219088	0.0	3371.0903655190723	3699.565741249724	709.8587129430844	9.960652701512608	7070.656106768796	3.4949324599948515e-08
537.1280057402779	1	1	1	1	0	0	537.1280057402779	39.0	0	0.08516243344874798	0.4796228224001271	0.7555016651185712	16855.794823505134	0.0	3585.78667152623	3972.690705415015	762.8176868296279	9.908628899724764	7558.477376941245	3.881951802636935e-08
537.1280057402779	2	1	1	2	0	0	537.1280057402779	39.0	0	0.08410071620259894	0.4757896289518563	0.7478015142556255	15379.89398099808	0.0	3541.0827874778497	3926.2223038614284	754.5323297573318	9.896600578719893	7467.305091339279	3.559828067103997e-08
553.4563791951257	1	1	1	1	0	0	553.4563791951257	40.0	0	0.08927705795134487	0.4622836674033598	0.7456561109505301	18228.954815671208	0.0	3759.034019003994	4203.687168718701	808.6378954701097	9.847078936479337	7962.721187722694	4.2381542687441294e-08
553.4563791951257	2	1	1	2	0	0	553.4563791951257	40.0	0	0.08821534070519585	0.4705898912582285	0.7358860772865687	16803.402024377545	0.0	3714.3301349556154	4157.2187671651145	800.3525383978138	9.835102063746053	7871.548902120729	4.1617849632251296e-08
569.9086231778117	1	1	1	1	0	0	569.9086231778117	41.0	0	0.09341677751478412	0.469953232901376	0.7409821770425234	19689.48907059993	0.0	3933.338000622488	4436.09247754336	855.5847305130841	9.782117632168118	8369.430478165848	4.287551238481566e-08
569.9086231778117	2	1	1	2	0	0	569.9086231778117	41.0	0	0.09235506026863508	0.4617305002768917	0.7352607654192791	18280.96789736123	0.0	3888.6341165741087	4389.624075989772	847.2993734407881	9.770169142161404	8278.258192563879	4.3389450020543365e-08
586.4840554837581	1	1	1	1	0	0	586.4840554837581	42.0	0	0.09752697341515164	0.4654355557053749	0.7483207227658716	21215.471043391586	0.0	4106.398880637964	4666.840317563994	903.6364780593264	9.708814784728037	8773.239198201958	4.529994138851628e-08
586.4840554837581	2	1	1	2	0	0	586.4840554837581	42.0	0	0.09646525616900263	0.4516312947005885	0.7269857859987957	19804.337906465345	0.0	4061.6949965895838	4620.371916010406	895.3511209870302	9.696829220506167	8682.066912599988	4.321773741610565e-08
603.1819574050269	1	1	1	1	0	0	603.1819574050269	43.0	0	0.10161460870812006	0.4541527938727775	0.7427674479079744	22775.641747950394	0.0	4278.509840341896	4896.321597169237	952.7696499153512	9.62964284003617	9174.831437511131	4.6791476742106904e-08
603.1819574050269	2	1	1	2	0	0	603.1819574050269	43.0	0	0.100552891461971	0.4435794938907103	0.7129251789200496	21374.27012837107	0.0	4233.805956293516	4849.8531956156485	944.4842928430553	9.617586253939525	9083.659151909163	4.710769152828837e-08
620.0015739432909	1	1	1	1	0	0	620.0015739432909	44.0	0	0.1058027779083692	0.4455691679306739	0.7279112268537692	24384.53083819601	0.0	4454.853806668177	5131.446885604277	1002.9589594114293	9.55801890228691	9586.300692272453	5.445120809688251e-08
620.0015739432909	2	1	1	2	0	0	620.0015739432909	44.0	0	0.10474106066222016	0.4317162047889535	0.7221201990560281	22963.831507110517	0.0	4410.149922619797	5084.978484050689	994.6736023391333	9.54597406057744	9495.128406670488	4.5517637697267217e-08
636.9421140335545	1	1	1	1	0	0	636.9421140335545	45.0	0	0.11003483072957508	0.4315191693038063	0.7181218213437742	26018.31717610449	0.0	4633.045504403161	5369.035815917589	1054.1772989216431	9.4880446871245	10002.081320320749	5.414182036067486e-08
636.9421140335545	2	1	1	2	0	0	636.9421140335545	45.0	0	0.10897311348342603	0.43700205911154416	0.7240616888041019	24635.485617359125	0.0	4588.3416203547795	5322.567414364001	1045.891941849347	9.476035370531973	9910.909034718781	5.340379915214894e-08
654.0027507785644	1	1	1	1	0	0	654.0027507785644	46.0	0	0.1142516239530782	0.4227351572694984	0.7105774750140911	27699.421690090392	0.0	4810.594692761188	5605.768067061625	1106.395719149828	9.414681003851776	10416.362759822812	5.864816077524015e-08
654.0027507785644	2	1	1	2	0	0	654.0027507785644	46.0	0	0.11318990670692915	0.4321243455676157	0.7177366084103971	26360.512645125567	0.0	4765.890808712808	5559.299665508037	1098.110362077532	9.402689229419943	10325.190474220844	5.477898420118619e-08
671.1826216938364	1	1	1	1	0	0	671.1826216938364	47.0	0	0.11839722006340365	0.4136212210715503	0.6999102779480032	29416.703523399694	0.0	4985.146107932786	5838.503287290421	1159.5834102436775	9.334084378586184	10823.649395223209	6.110812933020134e-08
671.1826216938364	2	1	1	2	0	0	671.1826216938364	47.0	0	0.11733550281725462	0.4249529592127656	0.7084061777185767	28140.973494073944	0.0	4940.4422238844045	5792.0348857368335	1151.2980531713818	9.322066583937502	10732.47710962124	5.497832696310363e-08
688.4808289632283	1	1	1	1	0	0	688.4808289632283	48.0	0	0.12265801080672638	0.4189055610153724	0.7008814627779264	31229.10056134814	0.0	5164.54782344111	6077.705574634855	1213.7076847976107	9.262735614919206	11242.253398075964	6.232818995144508e-08
688.4808289632283	2	1	1	2	0	0	688.4808289632283	48.0	0	0.12159629356057733	0.4217723507390837	0.7130493355249985	29974.08299383928	0.0	5119.843939392729	6031.237173081266	1205.4223277253147	9.250767018325089	11151.081112473996	5.983088316347815e-08
705.8964397049822	1	1	1	1	0	0	705.8964397049822	49.0	0	0.1269725241359126	0.3977762995106824	0.6850562658414638	33018.137769618144	0.0	5346.211542564742	6319.923866799695	1268.7339628031855	9.195099801371176	11666.135409364437	6.216370496560727e-08
705.8964397049822	2	1	1	2	0	0	705.8964397049822	49.0	0	0.12591080688976358	0.41550770203175497	0.7040743970940873	31852.648430721205	0.0	5301.5076585163615	6273.455465246108	1260.4486057308895	9.183209113909532	11574.963123762469	6.692581823422506e-08
723.4284862481575	1	1	1	1	0	0	723.4284862481575	50.0	0	0.13127672971939458	0.402709255801408	0.6940180565398975	34903.97603871808	0.0	5527.441251342929	6561.5634785039465	1324.6257586038867	9.126354860098978	12089.004729846874	7.00580665170833e-08
723.4284862481575	2	1	1	2	0	0	723.4284862481575	50.0	0	0.13021501247324554	0.4017542860802796	0.6990829447035085	33741.92643530199	0.0	5482.737367294549	6515.095076950358	1316.3404015315905	9.114536354187086	11997.832444244907	6.779552982186374e-08
741.0759664193733	1	1	1	1	0	0	741.0759664193733	51.0	0	0.13553278324398355	0.4020155340044784	0.694806864304239	36852.55059755732	0.0	5706.643505009834	6800.499816726487	1381.3446699090375	9.054324814211592	12507.143321736321	7.086058393683526e-08
741.0759664193733	2	1	1	2	0	0	741.0759664193733	51.0	0	0.13447106599783454	0.3966765888979761	0.6879720519912619	35679.23623153041	0.0	5661.939620961452	6754.031415172898	1373.0593128367416	9.042559866174278	12415.971036134353	7.035611888721344e-08
758.8378438397727	1	1	1	1	0	0	758.8378438397727	52.0	0	0.13991473492276546	0.4025073653131344	0.6896951525091669	38853.733356630364	0.0	5891.146733590124	7046.5041215002075	1438.8503689193842	8.991658295092117	12937.650855090336	7.522744674759884e-08
758.8378438397727	2	1	1	2	0	0	758.8378438397727	52.0	0	0.13885301767661645	0.3861626459005628	0.6672132980192723	37622.115756129	0.0	5846.442849541746	7000.03571994662	1430.5650118470887	8.98000332952468	12846.478569488365	7.254467576600375e-08
776.7130482321257	1	1	1	1	0	0	776.7130482321257	53.0	0	0.1443560619873132	0.3953858579897273	0.6981021515490197	40905.53866109942	0.0	6078.149978413188	7295.841781264293	1497.1005956145596	8.933261932333584	13373.991759677481	8.564377598800884e-08
776.7130482321257	2	1	1	2	0	0	776.7130482321257	53.0	0	0.14329434474116426	0.3781829808849828	0.6737336628988778	39588.14019247567	0.0	6033.446094364809	7249.373379710705	1488.8152385422638	8.921737990189472	13282.819474075513	8.651388219085588e-08
794.7004757379742	1	1	1	1	0	0	794.7004757379742	54.0	0	0.14878763951879326	0.3856267048045547	0.6736117131332029	42969.873308827846	0.0	6264.742716580769	7544.6320988210655	1556.0511532501928	8.87462779520942	13809.374815401836	8.436859858032335e-08
794.7004757379742	2	1	1	2	0	0	794.7004757379742	54.0	0	0.14772592227264425	0.3826355305071673	0.6810590615207304	41644.497655879415	0.0	6220.038832532389	7498.16369726748	1547.765796177897	8.863228896565644	13718.202529799868	8.58044916537155e-08
812.7989892447298	1	1	1	1	0	0	812.7989892447298	55.0	0	0.1531798317665344	0.3771597035887661	0.6717465381714971	45058.952727714786	0.0	6449.677127011973	7791.211312729342	1615.6559061098449	8.814307790345246	14240.888439741317	8.809206599404998e-08
812.7989892447298	2	1	1	2	0	0	812.7989892447298	55.0	0	0.1521181145203854	0.3806932298928292	0.6773937061236783	43752.260962053195	0.0	6404.973242963595	7744.742911175755	1607.3705490375492	8.803020661671212	14149.716154139349	8.746870500490623e-08
831.0074187226242	1	1	1	1	0	0	831.0074187226242	56.0	0	0.15770300953349636	0.37043838221136094	0.6723046639916337	47162.53585418465	0.0	6640.126717199846	8045.144099646505	1675.8667795542722	8.762791288668048	14685.27081684635	8.701531881796629e-08
831.0074187226242	2	1	1	2	0	0	831.0074187226242	56.0	0	0.15664129228734738	0.37367275843157227	0.6709289838828992	45894.309247426085	0.0	6595.422833151467	7998.675698092918	1667.5814224819762	8.751655741956505	14594.098531244385	9.600237627872323e-08
849.3245615714155	1	1	1	1	0	0	849.3245615714155	57.0	0	0.1622854070142962	0.3638460489098639	0.6635198448171223	49302.15119738622	0.0	6833.069769022997	8302.401502077373	1736.6337624077069	8.715407703531124	15135.471271100369	1.0277723779328023e-07
849.3245615714155	2	1	1	2	0	0	849.3245615714155	57.0	0	0.16122368976814722	0.3699398560960396	0.6651264149098945	48086.4244520538	0.0	6788.365884974618	8255.933100523784	1728.3484053354114	8.704436523941963	15044.2989854984	9.498353009384968e-08
867.7491829767432	1	1	1	1	0	0	867.7491829767432	58.0	0	0.16685263710132908	0.3513527753858399	0.6513007259827427	51434.45061648322	0.0	7025.374193740172	8558.807401700273	1797.9049117179457	8.667967640485141	15584.181595440445	9.909635731156406e-08
867.7491829767432	2	1	1	2	0	0	867.7491829767432	58.0	0	0.16579091985518013	0.3653907802071595	0.6681394352950588	50305.8005727171	0.0	6980.670309691794	8512.339000146685	1789.6195546456495	8.657152448753918	15493.009309838479	9.978254561640797e-08
886.2800162760308	1	1	1	1	0	0	886.2800162760308	59.0	0	0.17137174721672518	0.3565092508588697	0.6561387550277605	53660.27789284831	0.0	7215.65251438843	8812.511829231282	1859.6263599240024	8.619024062594345	16028.164343619712	9.950609323232324e-08
886.2800162760308	2	1	1	2	0	0	886.2800162760308	59.0	0	0.1703100299705762	0.3633646242485991	0.6512149127820512	52593.02588843776	0.0	7170.948630340051	8766.043427677692	1851.341002851707	8.608350397614082	15936.992058017742	1.0264214295945023e-07
