11.247441493196291	1	1	1	1	0	0	11.247441493196291	1.0	0	0.0			100.0	0.0	0.0	0.0	0.0		0.0	0.0
11.247441493196291	2	1	1	2	0	0	11.247441493196291	1.0	0	0.0			100.0	0.0	0.0	0.0	0.0		0.0	0.0
11.367595075476835	1	1	1	1	0	0	11.367595075476835	1.0	0	0.0			100.0	0.0	0.0	0.0	0.0		0.0	0.0
11.367595075476835	2	1	1	2	0	0	11.367595075476835	1.0	0	0.0			100.0	0.0	0.0	0.0	0.0		0.0	0.0
22.856168219862568	1	1	1	1	0	0	22.856168219862568	2.0	0	0.0			98.68366698886999	0.0	0.0	0.0	0.9714436926366636	0.0	0.0	0.0
22.856168219862568	2	1	1	2	0	0	22.856168219862568	2.0	0	0.0			98.68366698886999	0.0	0.0	0.0	0.9714436926366636	0.0	0.0	0.0
34.4665080713728	1	1	1	1	0	0	34.4665080713728	3.0	0	0.00011257771665567784			93.56925873044621	0.0	4.740114385502225	3.1600762570014824	2.932515313022233	2.6939980867011464	7.900190642503707	0.0
34.4665080713728	2	1	1	2	0	0	34.4665080713728	3.0	0	0.00011257771665567784			93.56925873044621	0.0	4.740114385502225	3.1600762570014824	2.932515313022233	2.6939980867011464	7.900190642503707	0.0
46.1993671861199	1	1	1	1	0	0	46.1993671861199	4.0	0	0.00033581469321961526	0.4129363752108537	0.8861429152981126	86.3588910141143	0.0	14.139566030299589	9.426377353533061	5.901167065820748	3.993437759172312	23.56594338383265	7.898052071941769e-12
46.1993671861199	2	1	1	2	0	0	46.1993671861199	4.0	0	0.00033581469321961526	0.3735471730043661	0.7189602158500678	86.21408775679267	0.0	14.139566030299589	9.426377353533061	5.901167065820748	3.993437759172312	23.56594338383265	7.249585677568287e-12
58.05546181511435	1	1	1	1	0	0	58.05546181511435	5.0	0	0.0006675093645202824	0.4840050915346025	1.0752242330741515	79.39171978244424	0.0	28.105657453485573	18.737104968990387	9.895080542697137	4.73394453136082	46.842762422475964	2.6451046954761854e-11
58.05546181511435	2	1	1	2	0	0	58.05546181511435	5.0	0	0.0006675093645202824	0.6552013372076282	1.0779560862683886	80.88954614654789	0.0	28.105657453485573	18.737104968990387	9.895080542697137	4.73394453136082	46.842762422475964	3.3780745921061504e-11
70.03547169202406	1	1	1	1	0	0	70.03547169202406	6.0	0	0.000977658310690043	0.6527998679610629	0.9745324770528896	82.0718914010888	0.0	41.164560450107096	27.443040300071395	13.46429065091032	5.09552285589883	68.60760075017848	6.71048575371832e-11
70.03547169202406	2	1	1	2	0	0	70.03547169202406	6.0	0	0.0009811124094309376	0.5954159416907576	1.1976261969007376	82.35403424208481	0.0	41.3099961865658	27.539997457710534	13.504040597808476	5.098473538020151	68.84999364427634	6.229842168598518e-11
82.14003983175478	1	1	1	1	0	0	82.14003983175478	7.0	0	0.0011437540436695082	0.6212090003208897	1.1109305815199757	95.60003876766235	0.0	48.15806499661088	32.105376664407245	15.336597106644223	5.233458315615912	80.26344166101812	9.424435132032506e-11
82.14003983175478	2	1	1	2	0	0	82.14003983175478	7.0	0	0.001167078595918513	0.7013725447658943	1.1083994340748966	97.5005881653855	0.0	49.14015140709529	32.76010093806353	15.600335820226679	5.249903161633912	81.90025234515882	1.0450168642829995e-10
94.36977233991071	1	1	1	1	0	0	94.36977233991071	8.0	0	0.0013878953982171724	0.8091632858616272	1.144358431325915	115.46534292094348	0.0	58.43770097756516	38.958467318376776	18.06917462500154	5.390183576021178	97.39616829594192	1.3514496586825122e-10
94.36977233991071	2	1	1	2	0	0	94.36977233991071	8.0	0	0.0013673179254882182	0.6111839631616963	1.110357909624364	113.79367047715212	0.0	57.57128107318813	38.380854048792095	17.84153535517189	5.378020064521282	95.95213512198023	1.128689442581852e-10
106.72523823319248	1	1	1	1	0	0	106.72523823319248	9.0	0	0.001656837519984934	0.7204125297742999	1.1918077836582142	137.71328966785296	0.0	69.76157978883933	47.107576817115365	20.84413306189827	5.606813018267667	116.8691566059547	1.5931522843092296e-10
106.72523823319248	2	1	1	2	0	0	106.72523823319248	9.0	0	0.001643743673526033	0.760030735359717	1.120621768737561	136.66069212997644	0.0	69.21025993793822	46.75672196499778	20.69371022704044	5.603972445279634	115.966981902936	1.6290020277402144e-10
119.20696927078512	1	1	1	1	0	0	119.20696927078512	10.0	0	0.001963601030146468	0.6862864416599195	1.0700715272749306	163.3824721748176	0.0	82.67793811143022	56.85285523721113	23.85167882617625	5.8499359464589125	139.53079334864134	2.89930293209194e-10
119.20696927078512	2	1	1	2	0	0	119.20696927078512	10.0	0	0.0020016850999906703	0.8476486489781359	1.057331956343852	166.61231120581056	0.0	84.281477894344	58.127822970939796	24.20301034052677	5.883949924478043	142.40930086528383	3.248716450184325e-10
131.81545979678634	1	1	1	1	0	0	131.81545979678634	11.0	0	0.002343174638363741	0.7232269857451751	1.1534205808668296	195.42351027097482	0.0	98.65998477321014	69.30737921931724	27.45614627844736	6.117659859802654	167.9673639925274	2.89349294041638e-10
131.81545979678634	2	1	1	2	0	0	131.81545979678634	11.0	0	0.0024111130115307762	0.7761757343992998	1.1581184962733426	201.17344777402363	0.0	101.52054785392738	71.56192279460562	28.090977125490642	6.161496977314915	173.082470648533	3.428463168569548e-10
144.55116659372186	1	1	1	1	0	0	144.55116659372186	12.0	0	0.002814012465673323	0.7570907950725444	1.0995752741375473	235.4549305986248	0.0	118.48473539677151	85.12601242773151	31.844182774121798	6.3939699526523075	203.610747824503	3.829182018145202e-10
144.55116659372186	2	1	1	2	0	0	144.55116659372186	12.0	0	0.002929624479604688	0.8304895442081646	1.1143912242234533	245.2581608519425	0.0	123.3526096675658	88.98223665232078	32.92331453205601	6.449376356476662	212.33484631988654	4.1306210365220317e-10
157.41450874719058	1	1	1	1	0	0	157.41450874719058	13.0	0	0.0034086175366431336	0.808949200576552	1.0278196031101272	286.32498276216427	0.0	143.520738384974	105.46887564252569	37.33536873466457	6.66900106965655	248.98961402749973	4.900704157691712e-10
157.41450874719058	2	1	1	2	0	0	157.41450874719058	13.0	0	0.003538026907880353	0.7890877351095266	1.0979050898322864	297.30861378926465	0.0	148.96955401601485	109.79714049727785	38.54191927597197	6.7139026642768815	258.7666945132927	5.293989698774945e-10
170.4058675216809	1	1	1	1	0	0	170.4058675216809	14.0	0	0.0041119755223651185	0.7797963203098168	1.0894502375527284	346.83951804344844	0.0	173.135811468005	129.8837052516443	43.82000132379914	6.9150960192937285	303.0195167196493	5.912624250311015e-10
170.4058675216809	2	1	1	2	0	0	170.4058675216809	14.0	0	0.00428735067424814	0.8089787228092082	1.1502914278661698	361.77788892008203	0.0	180.5200283893953	135.80752560601223	45.450334924674436	6.95985089042055	316.32755399540764	6.307078200103218e-10
183.52558624759342	1	1	1	1	0	0	183.52558624759342	15.0	0	0.005021889460780004	0.8619867672626987	1.0914099781982711	425.9904217239306	0.0	211.44797729600026	162.65081724396197	51.8916271839684	7.209232295100157	374.09879453996217	8.228818781995524e-10
183.52558624759342	2	1	1	2	0	0	183.52558624759342	15.0	0	0.00519700999184456	0.8192295913288923	1.1231051264410006	440.90664383788834	0.0	218.8214733408236	168.56546839174672	53.519702105317975	7.2382118452426445	387.38694173257034	7.80181137224419e-10
196.77397021950497	1	1	1	1	0	0	196.77397021950497	16.0	0	0.0061186692483070895	0.8462108347267415	1.0891767873642693	522.2716242871766	0.0	257.628178876088	203.26787567938763	61.37556973170082	7.5094383086014815	460.8960545554757	1.3621573909608902e-09
196.77397021950497	2	1	1	2	0	0	196.77397021950497	16.0	0	0.006245932374134218	0.7625133398211519	1.0997857588773874	532.9866671122586	0.0	262.9866262793355	207.41022299079415	62.589817842129065	7.515549101878141	470.3968492701296	1.0592545795257374e-09
210.1512866057031	1	1	1	1	0	0	210.1512866057031	17.0	0	0.007430070158781361	0.8298502782732546	1.095541840301075	638.3112403845382	0.0	312.84505931711004	252.92384498490517	72.54233608252314	7.7991547399080785	565.7689043020151	1.4161334589544959e-09
210.1512866057031	2	1	1	2	0	0	210.1512866057031	17.0	0	0.007415293629531261	0.6919483491542597	1.0359162478261477	636.4578711289836	0.0	312.22288966447417	251.6878852535551	72.5470962109542	7.773030270960478	563.9107749180292	1.324641136111302e-09
223.65776436901845	1	1	1	1	0	0	223.65776436901845	18.0	0	0.008947847490326991	0.7734202587560691	1.0137647788859223	773.5787863268221	0.0	376.751473276926	311.45245859371414	85.37485445618209	8.060967556013283	688.2039318706401	1.9326794590297933e-09
223.65776436901845	2	1	1	2	0	0	223.65776436901845	18.0	0	0.008788138767737933	0.6821411056109878	0.9813133127554136	758.8087515541793	0.0	370.02689548370245	304.62761558738805	84.15424048308877	8.01688075607629	674.6545110710905	1.6746929426040634e-09
237.29359419897813	1	1	1	1	0	0	237.29359419897813	19.0	0	0.010805865937047956	0.7916194487356298	1.0109171090458609	940.2813000189597	0.0	454.983828928335	384.2154747638183	101.08199632680626	8.302163928173265	839.1993036921533	2.3379957448547462e-09
237.29359419897813	2	1	1	2	0	0	237.29359419897813	19.0	0	0.0103295957925171	0.6364582543045763	0.930156985151653	897.1091872859029	0.0	434.93034915861466	364.9935729961903	97.18526513109786	8.230917733009724	799.923922154805	2.1091812118826157e-09
251.0589284553002	1	1	1	1	0	0	251.0589284553002	20.0	0	0.012972770626434685	0.7525219847311196	0.990800118553568	1136.4783643258193	0.0	546.2219211130393	471.3111394215633	118.9453037912165	8.554629969424166	1017.5330605346028	3.4728701631228605e-09
251.0589284553002	2	1	1	2	0	0	251.0589284553002	20.0	0	0.012046820395790137	0.6002035004512835	0.9070833333962572	1052.5910723765826	0.0	507.23454298063723	434.0149835461058	111.34154584983955	8.453713475436711	941.249526526743	2.308547565611777e-09
264.95388112274634	1	1	1	1	0	0	264.95388112274634	21.0	0	0.015585322976216738	0.7655040903982103	0.9943116141147408	1374.9687932010265	0.0	656.2241253143889	578.5873956665691	140.15727222006862	8.810185168573435	1234.811520980958	4.284677955671998e-09
264.95388112274634	2	1	1	2	0	0	264.95388112274634	21.0	0	0.013956612045425379	0.5704102214992953	0.8548066948624781	1226.9290256894785	0.0	587.6468229652793	512.4345790033735	126.84762372082564	8.672463619734668	1100.0814019686527	3.028132622483193e-09
278.9785277773454	1	1	1	1	0	0	278.9785277773454	22.0	0	0.018520163957523296	0.7338924653439753	0.9602009987995443	1660.8201138495144	0.0	779.7963771588758	701.3016912748553	163.8251082128052	9.040726934908033	1481.098068433731	5.293495924950812e-09
278.9785277773454	2	1	1	2	0	0	278.9785277773454	22.0	0	0.016093008436175872	0.5506751851774286	0.8376381193868009	1423.4403781388046	0.0	677.6003552074051	601.7635681720874	144.07645475931224	8.879757108937344	1279.3639233794925	3.4011960346054427e-09
293.1329055639992	1	1	1	1	0	0	293.1329055639992	23.0	0	0.021608056593599597	0.7103194116434189	0.9327167091013532	2003.1348438652615	0.0	909.8129092041934	832.4732707867065	188.7429798060329	9.230998587504605	1742.2861799908999	6.040800525166744e-09
293.1329055639992	2	1	1	2	0	0	293.1329055639992	23.0	0	0.01853267350297676	0.5376299881814297	0.8758313706277663	1649.485404555811	0.0	780.3230948621796	705.3988813152258	163.76342837840602	9.072367322112768	1485.7219761774054	4.124572433651922e-09
307.41701318547484	1	1	1	1	0	0	307.41701318547484	24.0	0	0.024827667497411585	0.6772751223240046	0.8987173215952418	2402.5774740628603	0.0	1045.3754735752243	971.18999443757	214.915444217333	9.38306446684932	2016.5654680127946	7.403004237863879e-09
307.41701318547484	2	1	1	2	0	0	307.41701318547484	24.0	0	0.0213867846682342	0.5484609894938208	0.8494776524211063	1915.8289867027866	0.0	900.4961965572295	828.3680728132118	186.96471733234497	9.247008173725341	1728.8642693704417	5.05814254868732e-09
321.83081090278995	1	1	1	1	0	0	321.83081090278995	25.0	0	0.028242580947849257	0.6522358395212309	0.8998369167152751	2855.1498457410985	0.0	1189.161303067337	1121.3224831230252	242.34593219252488	9.533825326826053	2310.4837861903625	8.061406092627025e-09
321.83081090278995	2	1	1	2	0	0	321.83081090278995	25.0	0	0.02466836661792555	0.5458346110010251	0.8539669079418363	2224.6310858279066	0.0	1038.668068123181	972.6388053172197	213.32421238750615	9.428404075327537	2011.3068734404008	5.507242447955686e-09
336.3742205469876	1	1	1	1	0	0	336.3742205469876	26.0	0	0.031825852757397896	0.6262796522437515	0.8775944469803171	3362.8254428653418	0.0	1340.0359055746485	1281.6748394025585	271.0367050651053	9.672899264132694	2621.7107449772066	9.975298565479218e-09
336.3742205469876	2	1	1	2	0	0	336.3742205469876	26.0	0	0.0282516384274742	0.5670594444002837	0.8526363664407393	2611.1470818602875	0.0	1189.5426706304925	1132.9911615967524	242.01498526008663	9.59665299126533	2322.533832227245	7.3801856216771706e-09
351.0471255422998	1	1	1	1	0	0	351.0471255422998	27.0	0	0.0355488749502091	0.6147233314494424	0.8543666134357706	3936.5649260113078	0.0	1496.7947347456463	1450.9738607353704	300.9888122562952	9.79361516258272	2947.7685954810167	1.2730376594666341e-08
351.0471255422998	2	1	1	2	0	0	351.0471255422998	27.0	0	0.031974660620285394	0.5654776646365753	0.8509436830340809	3071.594460760289	0.0	1346.3014998014905	1302.2901829295647	271.9670924512765	9.7386476387968	2648.591682731055	9.335968139200149e-09
365.84937094069124	1	1	1	1	0	0	365.84937094069124	28.0	0	0.03938133910932698	0.5872197921756385	0.8333369454132287	4562.156962372708	0.0	1658.1616467085046	1627.8672906811316	332.2020492847581	9.891657635660478	3286.028937389636	1.4023365920864824e-08
365.84937094069124	2	1	1	2	0	0	365.84937094069124	28.0	0	0.035807124779403274	0.5804847836298297	0.851865721883467	3625.0168009438207	0.0	1507.6684117643485	1479.183612875326	303.18032947973944	9.8517342129852	2986.852024639675	1.059405944423551e-08
380.78076346777357	1	1	1	1	0	0	380.78076346777357	29.0	0	0.043291200796782336	0.5704569070304176	0.8329673462995507	5250.30643704223	0.0	1822.7874019697826	1810.9221194769864	364.67491635582337	9.964243106595404	3633.7095214467686	1.761580860404071e-08
380.78076346777357	2	1	1	2	0	0	380.78076346777357	29.0	0	0.03971698646685864	0.5685473529093474	0.8470999632593994	4248.738628783086	0.0	1672.2941670256268	1662.2384416711811	335.65319655080475	9.934458074472976	3334.532608696808	1.1741192528944622e-08
395.84107158007737	1	1	1	1	0	0	395.84107158007737	30.0	0	0.04733868706229047	0.5640418325487979	0.8224965806185394	6008.31940531341	0.0	1993.2078763069671	2003.9024850223345	398.40457760070115	10.032792257059317	3997.1103613293017	1.8091016879693335e-08
395.84107158007737	2	1	1	2	0	0	395.84107158007737	30.0	0	0.04376447273236676	0.5564717646636965	0.8441706911806746	4935.746366231122	0.0	1842.7146413628109	1855.2188072165286	369.38285779568236	10.01111278050912	3697.93344857934	1.417730609166405e-08
411.03002553366304	1	1	1	1	0	0	411.03002553366304	31.0	0	0.051484629436896585	0.5532124341554966	0.8179519611328121	6832.171021182983	0.0	2167.7738710272247	2205.0096940379394	433.38682103671476	10.089793581182107	4372.783565065164	2.031345974047228e-08
411.03002553366304	2	1	1	2	0	0	411.03002553366304	31.0	0	0.04791041510697289	0.5396786483418617	0.8232892196375725	5685.948530106131	0.0	2017.2806360830689	2056.326016232134	404.3651012316961	10.074080675871873	4073.606652315203	1.6175592483197652e-08
426.3473174640513	1	1	1	1	0	0	426.3473174640513	32.0	0	0.05568773226068001	0.5359446598850776	0.7932732128252199	7713.837704882931	0.0	2344.746621502316	2412.3431612164763	469.6160193200057	10.12974342231119	4757.089782718793	1.9871616906971332e-08
426.3473174640513	2	1	1	2	0	0	426.3473174640513	32.0	0	0.05211351793075631	0.5517847128443859	0.8364477117039605	6540.818266120489	0.0	2194.2533865581604	2263.6594834106704	440.5942995149871	10.117954033622699	4457.912869968831	1.8934267908726908e-08
441.79260147745117	1	1	1	1	0	0	441.79260147745117	33.0	0	0.059904535762417985	0.5431306329890289	0.806050729976104	8692.856496018936	0.0	2522.296242628125	2623.898583834758	507.0850913624594	10.148582386115613	5146.194826462884	2.096677364179905e-08
441.79260147745117	2	1	1	2	0	0	441.79260147745117	33.0	0	0.05633032143249427	0.5331768343469027	0.8143066307799567	7455.2739192391455	0.0	2371.8030076839696	2475.214906028953	478.0633715574408	10.138860665945284	4847.017913712922	2.1174081188144706e-08
457.365493753255	1	1	1	1	0	0	457.365493753255	34.0	0	0.06408938083109446	0.5248576746045548	0.7875072366222409	9722.17386618912	0.0	2698.500245519766	2837.566196851063	545.7854648847858	10.143301349257225	5536.06644237083	2.454137790508681e-08
457.365493753255	2	1	1	2	0	0	457.365493753255	34.0	0	0.06051516650117075	0.5522440739809322	0.8086888348441829	8489.443001411892	0.0	2548.0070105756104	2688.882519045257	516.7637450797672	10.134011101751165	5236.8895296208675	2.3179225806754543e-08
473.0655726577729	1	1	1	1	0	0	473.0655726577729	35.0	0	0.068296442298417	0.5165016995202664	0.7794018844359443	10813.615856872471	0.0	2875.6396757228213	3056.859174808285	585.7070399777383	10.128781874905568	5932.498850531108	2.6066002900904e-08
473.0655726577729	2	1	1	2	0	0	473.0655726577729	35.0	0	0.06472222796849329	0.5464910296756216	0.8123014682418777	9602.615301708222	0.0	2725.146440778665	2908.1754970024795	556.6853201727197	10.119400914026842	5633.321937781145	2.579355625878118e-08
488.8923788691719	1	1	1	1	0	0	488.8923788691719	36.0	0	0.07247129012667514	0.5074435166793128	0.7728726731571995	11963.176585245426	0.0	3051.4227421757946	3279.2120054756506	626.8381537433836	10.099313052094617	6330.634747651447	2.9117987834207534e-08
488.8923788691719	2	1	1	2	0	0	488.8923788691719	36.0	0	0.06889707579675143	0.5266022196037577	0.7792217865310939	10767.20957281877	0.0	2900.9295072316386	3130.528327669845	597.8164339383649	10.089146922855132	6031.457834901485	2.8464598274122144e-08
504.8454155135833	1	1	1	1	0	0	504.8454155135833	37.0	0	0.07655688207012586	0.495856941752684	0.7629184118526235	13175.666827612857	0.0	3223.4476661105623	3501.931140104648	669.1655460881234	10.050396117270413	6725.37880621521	3.1638617783312614e-08
504.8454155135833	2	1	1	2	0	0	504.8454155135833	37.0	0	0.07298266774020215	0.4998444779509488	0.7794236092048996	11968.898832887116	0.0	3072.9544311664063	3353.2474622988416	640.1438262831048	10.038684479358317	6426.201893465248	3.131607838177795e-08
520.9241483123367	1	1	1	1	0	0	520.9241483123367	38.0	0	0.08049353047020273	0.4898994860374278	0.7620777847407045	14471.179488433874	0.0	3389.2012829559026	3722.19329702142	712.6743267388443	9.9784632519578	7111.394579977323	3.528399126916838e-08
520.9241483123367	2	1	1	2	0	0	520.9241483123367	38.0	0	0.07691931614027901	0.4910732891328575	0.7654835972818624	13234.312307677694	0.0	3238.708048011748	3573.5096192156147	683.6526069338254	9.964443341743527	6812.217667227362	3.2327783207818876e-08
537.1280057402779	1	1	1	1	0	0	537.1280057402779	39.0	0	0.08453085049172368	0.485127659798116	0.7617109898920776	15823.304245594787	0.0	3559.193704914681	3948.8498596331233	757.3479435530917	9.913598668168133	7508.0435645478055	3.8056919702656034e-08
537.1280057402779	2	1	1	2	0	0	537.1280057402779	39.0	0	0.08095663616179997	0.4836801469614822	0.7558869521618847	14555.915672058574	0.0	3408.7004699705262	3800.1661818273183	728.326223748073	9.897854034006855	7208.8666517978445	3.390954364825841e-08
553.4563791951257	1	1	1	1	0	0	553.4563791951257	40.0	0	0.08864547499432059	0.46762754174069704	0.7416988271582802	17202.350696307232	0.0	3732.4410523924453	4179.84632293681	803.1681521935736	9.851346014803504	7912.287375329255	4.0802471073717646e-08
553.4563791951257	2	1	1	2	0	0	553.4563791951257	40.0	0	0.08507126066439688	0.476906538015709	0.7569510228016716	15926.349818886882	0.0	3581.9478174482897	4031.162645131004	774.1464323885547	9.83419950549894	7613.110462579294	3.8374872371958415e-08
569.9086231778117	1	1	1	1	0	0	569.9086231778117	41.0	0	0.09278519455775984	0.46578775354786	0.7399156186542698	18651.89111013156	0.0	3906.7450340109385	4412.251631761468	850.114987236548	9.785731095995382	8318.996665772407	4.698959636654427e-08
569.9086231778117	2	1	1	2	0	0	569.9086231778117	41.0	0	0.0892109802278361	0.4700875947161138	0.7362017925570646	17359.689430837872	0.0	3756.251799066784	4263.567953955662	821.0932674315293	9.767245782089203	8019.819753022446	4.071663120165887e-08
586.4840554837581	1	1	1	1	0	0	586.4840554837581	42.0	0	0.09689539045812737	0.4529958916883711	0.7224852963607135	20132.510652274308	0.0	4079.805914026415	4642.999471782101	898.1667347827902	9.71178852211445	8722.805385808515	4.4999875519316266e-08
586.4840554837581	2	1	1	2	0	0	586.4840554837581	42.0	0	0.09332117612820363	0.4668927508715653	0.7318414490295472	18849.943284158908	0.0	3929.312679082259	4494.315793976296	869.1450149777713	9.69185616657307	8423.628473058556	3.8057102879975184e-08
603.1819574050269	1	1	1	1	0	0	603.1819574050269	43.0	0	0.10098302575109576	0.4502006645658139	0.7211855549293522	21682.2305610882	0.0	4251.916873730347	4872.480751387344	947.2999066388153	9.632005198324826	9124.39762511769	5.4666935953891816e-08
603.1819574050269	2	1	1	2	0	0	603.1819574050269	43.0	0	0.09740881142117204	0.4586618514926569	0.7404749052030974	20390.484794111955	0.0	4101.423638786191	4723.797073581539	918.2781868337964	9.610617826823155	8825.220712367729	4.1404298865252216e-08
620.0015739432909	1	1	1	1	0	0	620.0015739432909	44.0	0	0.1051711949513449	0.4388239769432741	0.7210127941984147	23268.658948857432	0.0	4428.260840056627	5107.606039822385	997.4892161348932	9.559869646339568	9535.866879879013	5.542245487917441e-08
620.0015739432909	2	1	1	2	0	0	620.0015739432909	44.0	0	0.1015969806214212	0.45238249282236204	0.7323153493939176	21983.050326621298	0.0	4277.767605112472	4958.922362016579	968.4674963298744	9.537428981491496	9236.689967129052	4.595330540625225e-08
636.9421140335545	1	1	1	1	0	0	636.9421140335545	45.0	0	0.10940324777255077	0.42733944796022816	0.710676578149077	24895.82513022123	0.0	4606.452537791612	5345.194970135697	1048.7075556451068	9.489440077320321	9951.647507927308	5.7694429107220575e-08
636.9421140335545	2	1	1	2	0	0	636.9421140335545	45.0	0	0.10582903344262708	0.44435336540013387	0.7269739792097071	23624.617357126983	0.0	4455.9593028474565	5196.511292329891	1019.6858358400881	9.466122070063836	9652.470595177347	5.1229616647495456e-08
654.0027507785644	1	1	1	1	0	0	654.0027507785644	46.0	0	0.11362004099605393	0.41898175719679215	0.7035414337101621	26558.05278217664	0.0	4784.001726149638	5581.927221279731	1100.925975873292	9.415645715150614	10365.928947429371	5.691891460443469e-08
654.0027507785644	2	1	1	2	0	0	654.0027507785644	46.0	0	0.11004582666613022	0.4383643594135253	0.7146806176731803	25323.67003920145	0.0	4633.508491205483	5433.243543473927	1071.904256068273	9.391465681463087	10066.75203467941	5.2371198167031803e-08
671.1826216938364	1	1	1	1	0	0	671.1826216938364	47.0	0	0.11776563710637936	0.4154226953580794	0.6971616638288333	28271.13646265583	0.0	4958.553141321236	5814.662441508531	1154.1136669671416	9.33462265561793	10773.215582829764	5.887533549134382e-08
671.1826216938364	2	1	1	2	0	0	671.1826216938364	47.0	0	0.11419142277645565	0.4297680630353216	0.7160856389154663	27048.759551012925	0.0	4808.05990637708	5665.978763702725	1125.0919471621228	9.309495722993141	10474.038670079803	5.53463885185516e-08
688.4808289632283	1	1	1	1	0	0	688.4808289632283	48.0	0	0.12202642784970208	0.4111457668966709	0.7008468080280925	30036.376454229518	0.0	5137.9548568295595	6053.864728852963	1208.2379415210746	9.262926780459251	11191.819585682522	6.154099979231694e-08
688.4808289632283	2	1	1	2	0	0	688.4808289632283	48.0	0	0.1184522135197784	0.42177429475562855	0.7086737780243441	28810.22628722694	0.0	4987.461621885404	5905.181051047158	1179.2162217160558	9.237188627782807	10892.64267293256	5.534869716404529e-08
705.8964397049822	1	1	1	1	0	0	705.8964397049822	49.0	0	0.1263409411788883	0.41058368550329694	0.6926174232606085	31866.08171443132	0.0	5319.618575953191	6296.083021017803	1263.2642195266494	9.194989787111556	11615.701596970994	7.255102988263044e-08
705.8964397049822	2	1	1	2	0	0	705.8964397049822	49.0	0	0.1227667268489646	0.4120162979556987	0.6955944513893118	30607.98053347204	0.0	5169.125341009035	6147.399343212	1234.2424997216306	9.168801663184787	11316.524684221033	6.528003854459043e-08
723.4284862481575	1	1	1	1	0	0	723.4284862481575	50.0	0	0.13064514676237027	0.4111080918957825	0.6941453917808702	33768.529516247174	0.0	5500.848284731379	6537.722632722054	1319.1560153273504	9.125964463320924	12038.570917453433	7.076595524650699e-08
723.4284862481575	2	1	1	2	0	0	723.4284862481575	50.0	0	0.12707093243244658	0.3956640177123333	0.6886835542925589	32410.31832676544	0.0	5350.355049787223	6389.038954916249	1290.1342955223315	9.099358140813232	11739.394004703472	6.741609171095182e-08
741.0759664193733	1	1	1	1	0	0	741.0759664193733	51.0	0	0.13490120028695926	0.4026147323596792	0.6922722539696237	35704.27753492269	0.0	5680.050538398284	6776.658970944593	1375.8749266325015	9.053664158144867	12456.709509342878	7.1315953560948e-08
741.0759664193733	2	1	1	2	0	0	741.0759664193733	51.0	0	0.13132698595703554	0.39386111897913895	0.6861971226496799	34280.94107349553	0.0	5529.5573034541285	6627.975293138789	1346.8532068274824	9.026620373299648	12157.532596592915	7.169995207920879e-08
758.8378438397727	1	1	1	1	0	0	758.8378438397727	52.0	0	0.13928315196574118	0.4045511901863341	0.6918479800946666	37705.48412889682	0.0	5864.553766978575	7022.663275718315	1433.380625642848	8.990785010029823	12887.217042696891	7.291452577640461e-08
758.8378438397727	2	1	1	2	0	0	758.8378438397727	52.0	0	0.13570893763581748	0.3905164530758205	0.6794795497661379	36205.647838678415	0.0	5714.060532034419	6873.979597912511	1404.3589058378293	8.963549187902936	12588.040129946929	7.751870915142786e-08
776.7130482321257	1	1	1	1	0	0	776.7130482321257	53.0	0	0.14372447903028893	0.3918901247565872	0.6900445803236851	39732.707913892795	0.0	6051.557011801639	7272.0009354824	1491.6308523380235	8.932208613411504	13323.557947284038	8.271387041471863e-08
776.7130482321257	2	1	1	2	0	0	776.7130482321257	53.0	0	0.14015026470036526	0.37787146101879343	0.6797973753261622	38132.239398788086	0.0	5901.0637768574825	7123.317257676596	1462.6091325330049	8.904895193685777	13024.381034534079	8.261232652531467e-08
794.7004757379742	1	1	1	1	0	0	794.7004757379742	54.0	0	0.14815605656176895	0.3967670527730032	0.6910972502780083	41850.61776525654	0.0	6238.14974996922	7520.791253039175	1550.581409973657	8.873407687276572	13758.941003008396	8.490269025850702e-08
794.7004757379742	2	1	1	2	0	0	794.7004757379742	54.0	0	0.14458184223184528	0.3739996529770482	0.668054139234618	40119.4015373675	0.0	6087.6565150250635	7372.10757523337	1521.559690168638	8.846030936036861	13459.764090258433	8.15094967772653e-08
812.7989892447298	1	1	1	1	0	0	812.7989892447298	55.0	0	0.1525482488095101	0.3883700792373706	0.6791060583783494	43995.98750624434	0.0	6423.0841604004245	7767.37046694745	1610.186162833309	8.812927942678458	14190.454627347875	8.86605862553531e-08
812.7989892447298	2	1	1	2	0	0	812.7989892447298	55.0	0	0.1489740344795864	0.3716293408503853	0.6645284341957796	42167.67437060941	0.0	6272.590925456269	7618.686789141646	1581.1644430282902	8.785473121311123	13891.277714597914	8.268179560240668e-08
831.0074187226242	1	1	1	1	0	0	831.0074187226242	56.0	0	0.15707142657647205	0.382493581272525	0.686546337852959	46180.121533379934	0.0	6613.533750588298	8021.303253864613	1670.3970362777359	8.761292487123152	14634.837004452913	9.656186029004824e-08
831.0074187226242	2	1	1	2	0	0	831.0074187226242	56.0	0	0.1534972122465484	0.3593814868764272	0.6571083907205971	44200.606597901104	0.0	6463.04051564414	7872.619576058809	1641.3753164727173	8.733931811835697	14335.66009170295	8.61917488497513e-08
849.3245615714155	1	1	1	1	0	0	849.3245615714155	57.0	0	0.1616538240572719	0.3762097599271908	0.6678578878240635	48390.468440827666	0.0	6806.476802411449	8278.56065629548	1731.164019131171	8.713811800615947	15085.037458706931	1.0713055236073824e-07
849.3245615714155	2	1	1	2	0	0	849.3245615714155	57.0	0	0.15807960972734822	0.3633879722707193	0.6560174128580335	46320.30214421519	0.0	6655.983567467292	8129.876978489675	1702.1422993261524	8.686618358412469	14785.860545956966	9.08956265624571e-08
867.7491829767432	1	1	1	1	0	0	867.7491829767432	58.0	0	0.1662210541443048	0.368982954299846	0.6674553165600741	50629.14425058021	0.0	6998.781227128624	8534.96655591838	1792.4351684414096	8.666281523897005	15533.747783047005	1.0401366016739747e-07
867.7491829767432	2	1	1	2	0	0	867.7491829767432	58.0	0	0.1626468398143811	0.3629907019464138	0.6623378496235504	48502.50807096914	0.0	6848.287992184467	8386.282878112574	1763.4134486363903	8.639250699872798	15234.57087029704	9.46912528136832e-08
886.2800162760308	1	1	1	1	0	0	886.2800162760308	59.0	0	0.1707401642597009	0.3638197059019898	0.6603107450088214	52907.75807931598	0.0	7189.059547776882	8788.670983449389	1854.1566166474665	8.617249690652287	15977.730531226269	1.023458203515074e-07
886.2800162760308	2	1	1	2	0	0	886.2800162760308	59.0	0	0.1671659499297772	0.3536048409694636	0.6547795549261292	50695.11698188329	0.0	7038.566312832724	8639.987305643583	1825.1348968424481	8.590353318870182	15678.553618476308	9.397951077445596e-08
