11.247441493196291	1	1	1	1	0	0	11.247441493196291	1.0	0	0.0			100.0	0.0	0.0	0.0	0.0		0.0	0.0
11.247441493196291	2	1	1	2	0	0	11.247441493196291	1.0	0	0.0			100.0	0.0	0.0	0.0	0.0		0.0	0.0
11.367595075476835	1	1	1	1	0	0	11.367595075476835	1.0	0	0.0			100.0	0.0	0.0	0.0	0.0		0.0	0.0
11.367595075476835	2	1	1	2	0	0	11.367595075476835	1.0	0	0.0			100.0	0.0	0.0	0.0	0.0		0.0	0.0
22.856168219862568	1	1	1	1	0	0	22.856168219862568	2.0	0	0.0			98.68366698886999	0.0	0.0	0.0	0.9714436926366636	0.0	0.0	0.0
22.856168219862568	2	1	1	2	0	0	22.856168219862568	2.0	0	0.0			98.68366698886999	0.0	0.0	0.0	0.9714436926366636	0.0	0.0	0.0
34.4665080713728	1	1	1	1	0	0	34.4665080713728	3.0	0	0.00011257771665567784			93.56925873044621	0.0	4.740114385502225	3.1600762570014824	2.932515313022233	2.6939980867011464	7.900190642503707	0.0
34.4665080713728	2	1	1	2	0	0	34.4665080713728	3.0	0	0.00011257771665567784			93.56925873044621	0.0	4.740114385502225	3.1600762570014824	2.932515313022233	2.6939980867011464	7.900190642503707	0.0
46.1993671861199	1	1	1	1	0	0	46.1993671861199	4.0	0	0.00033581469321961526	0.5243790168117083	1.0048387369763006	86.7173310103711	0.0	14.139566030299589	9.426377353533061	5.901167065820748	3.993437759172312	23.56594338383265	9.506960992861984e-12
46.1993671861199	2	1	1	2	0	0	46.1993671861199	4.0	0	0.00033581469321961526	0.6625568688972293	0.8872684770155308	87.13373362915142	0.0	14.139566030299589	9.426377353533061	5.901167065820748	3.993437759172312	23.56594338383265	1.1377103377399087e-11
58.05546181511435	1	1	1	1	0	0	58.05546181511435	5.0	0	0.0006675093645202824	0.6825424106144529	0.9719983353515056	81.62049991217343	0.0	28.105657453485573	18.737104968990387	9.895080542697137	4.73394453136082	46.842762422475964	3.48189007167463e-11
58.05546181511435	2	1	1	2	0	0	58.05546181511435	5.0	0	0.0006675093645202824	0.5386994288258544	0.9074040994209658	80.72267715167223	0.0	28.105657453485573	18.737104968990387	9.895080542697137	4.73394453136082	46.842762422475964	2.8963479503923054e-11
70.03547169202406	1	1	1	1	0	0	70.03547169202406	6.0	0	0.0009749910931592938	0.5118030467067356	0.987301443585027	81.85402376378865	0.0	41.052256554075534	27.36817103605036	13.433596173662783	5.093232423069813	68.42042759012588	5.590010431919573e-11
70.03547169202406	2	1	1	2	0	0	70.03547169202406	6.0	0	0.000989283343140346	0.6543582528765426	1.1125551009870325	83.02146462647666	0.0	41.654035500646145	27.76935700043077	13.59807212539973	5.105384929632894	69.42339250107693	6.727167896642869e-11
82.14003983175478	1	1	1	1	0	0	82.14003983175478	7.0	0	0.0011598427443672461	0.7015278757772142	1.0908784238088785	96.90980113770112	0.0	48.835483973357725	32.55698931557182	15.51732784877156	5.245263493957372	81.39247328892955	1.0387380392358664e-10
82.14003983175478	2	1	1	2	0	0	82.14003983175478	7.0	0	0.0011732914379020372	0.6883245409671108	1.0857060051620189	98.00853610582857	0.0	49.40174475377	32.934496502513326	15.672294849545233	5.253617421489012	82.33624125628333	1.0356658454140927e-10
94.36977233991071	1	1	1	1	0	0	94.36977233991071	8.0	0	0.0013970100890355805	0.7641894629693765	1.213486391099569	116.20764375757034	0.0	58.82147743307707	39.21431828871805	18.171848035775216	5.3949271163169765	98.03579572179513	1.3171243371216958e-10
94.36977233991071	2	1	1	2	0	0	94.36977233991071	8.0	0	0.0013878512570450136	0.6650829782945762	1.1144124084485123	115.46684862418594	0.0	58.435842401895336	38.95722826793022	18.07377795436042	5.388639326861311	97.39307066982555	1.2025646873606148e-10
106.72523823319248	1	1	1	1	0	0	106.72523823319248	9.0	0	0.0016835443593857153	0.7753190099745252	1.1376550909490104	139.91088200828648	0.0	70.88607828992484	47.89648056540578	21.128323152955865	5.621958637958113	118.78255885533062	1.6855827001182967e-10
106.72523823319248	2	1	1	2	0	0	106.72523823319248	9.0	0	0.0016808723389741315	0.8052498665743735	1.0704683983860406	139.7067013613866	0.0	70.77357216733186	47.8359448720225	21.09718432203221	5.622054357058826	118.60951703935436	1.7179103687122132e-10
119.20696927078512	1	1	1	1	0	0	119.20696927078512	10.0	0	0.0020222450353245005	0.7596084831066636	1.0912629989571034	168.25248450633734	0.0	85.14715938208424	58.656340453434865	24.448984670818213	5.881777986762775	143.80349983551912	2.4866948502049496e-10
119.20696927078512	2	1	1	2	0	0	119.20696927078512	10.0	0	0.0020152240376478166	0.7489076812518464	1.03665743702262	167.6843926136777	0.0	84.8515384272765	58.45764623438878	24.375207952012442	5.87930100714622	143.30918466166528	2.786949570159858e-10
131.81545979678634	1	1	1	1	0	0	131.81545979678634	11.0	0	0.002417720214857001	0.7310258218006664	1.1670000329583152	201.63582575864098	0.0	101.79874588871584	71.63262489783662	28.204454972088502	6.14907719217345	173.43137078655246	3.2278046829344163e-10
131.81545979678634	2	1	1	2	0	0	131.81545979678634	11.0	0	0.002456898900521016	0.8569718987319246	1.0979831139378091	204.96759882472315	0.0	103.44837475877961	72.9498291808884	28.56939488505513	6.174376623984545	176.398203939668	3.158472565692111e-10
144.55116659372186	1	1	1	1	0	0	144.55116659372186	12.0	0	0.0029010061738422906	0.7524663683671917	1.1584825145187685	242.7256070813105	0.0	122.147628372307	87.86947520285341	32.7085035061501	6.420871671358228	210.01710357516043	3.9352360725507916e-10
144.55116659372186	2	1	1	2	0	0	144.55116659372186	12.0	0	0.0029859327174549147	0.8324865002419559	1.1622818175089422	249.94693961863342	0.0	125.72348284020693	90.72366004053649	33.49979673788998	6.461147945889793	216.44714288074346	4.263608195832056e-10
157.41450874719058	1	1	1	1	0	0	157.41450874719058	13.0	0	0.0035091336155363678	0.8005404448660781	1.1360910094950156	294.75253418201834	0.0	147.75299433837344	108.6749710984198	38.32456874522517	6.690955014823003	256.42796543679316	4.922568747745888e-10
157.41450874719058	2	1	1	2	0	0	157.41450874719058	13.0	0	0.0036440467039030094	0.8570409755227814	1.1319939038598623	306.25034914988044	0.0	153.43354542749512	113.23931532114241	39.57748840124294	6.737993529176617	266.6728607486375	5.602946184404863e-10
170.4058675216809	1	1	1	1	0	0	170.4058675216809	14.0	0	0.004230581966708585	0.7767641128834863	1.1017981681404063	356.82350314360787	0.0	178.1297670193089	133.717750057656	44.97598606664299	6.933644914752644	311.8475170769649	6.031547185706256e-10
170.4058675216809	2	1	1	2	0	0	170.4058675216809	14.0	0	0.004411244537290296	0.8011148230543754	1.1078268426126203	372.2574483777132	0.0	185.73661209643348	139.87014166970312	46.65069461157676	6.979676433056466	325.60675376613665	6.504639665935612e-10
183.52558624759342	1	1	1	1	0	0	183.52558624759342	15.0	0	0.005131047753544431	0.8175930709713473	1.1317958258046648	435.1525381791345	0.0	216.044115938713	166.1446225747436	52.96379966567793	7.216037008785944	382.1887385134565	7.813400328244361e-10
183.52558624759342	2	1	1	2	0	0	183.52558624759342	15.0	0	0.005375419203123416	0.8470957596764328	1.1005222275843491	456.1283430685489	0.0	226.33344013151225	174.59124871258038	55.20365422445628	7.2626476358602226	400.9246888440927	8.998052963254857e-10
196.77397021950497	1	1	1	1	0	0	196.77397021950497	16.0	0	0.006240584158478918	0.8401625401610556	1.1181213943332324	532.5535849249517	0.0	262.761438251744	207.2340969687484	62.55804970445921	7.5129505705640724	469.99553522049234	1.216228845981296e-09
196.77397021950497	2	1	1	2	0	0	196.77397021950497	16.0	0	0.0065132397008607	0.8182285773880839	1.1447696201353308	556.0123189305233	0.0	274.24167161518744	216.72816823935383	65.04247907598213	7.54844905713071	490.9698398545412	1.2309702127504935e-09
210.1512866057031	1	1	1	1	0	0	210.1512866057031	17.0	0	0.007616088799208215	0.8655482149079825	1.1248583479237098	654.2654345778873	0.0	320.6774231245565	259.3173429647797	74.27066848855087	7.809203523982619	579.9947660893363	1.4961010802739416e-09
210.1512866057031	2	1	1	2	0	0	210.1512866057031	17.0	0	0.007954263191866248	0.8749275022507741	1.1312225819148916	683.5216193648888	0.0	334.9163449206842	271.2922742014452	77.3130002427592	7.840966166345411	606.2086191221293	1.5961761733046027e-09
223.65776436901845	1	1	1	1	0	0	223.65776436901845	18.0	0	0.00915398709204542	0.7629156338695762	1.1203838561330857	791.3262034121872	0.0	385.43103545454414	318.62186219847575	87.27330575916746	8.067219312121265	704.0528976530197	2.038339541547881e-09
223.65776436901845	2	1	1	2	0	0	223.65776436901845	18.0	0	0.00965482200342467	0.8273942539616741	1.0964500220558848	835.0790398040139	0.0	406.5188211968283	336.869317376415	91.69090123077055	8.10754533541186	743.3881385732433	1.852729398270952e-09
237.29359419897813	1	1	1	1	0	0	237.29359419897813	19.0	0	0.010985129916649107	0.7531592855371988	1.0905948233617226	955.6174203963202	0.0	462.53178596417314	390.332385412898	102.75324901924914	8.30011877500147	852.8641713770711	2.1920203180954156e-09
237.29359419897813	2	1	1	2	0	0	237.29359419897813	19.0	0	0.01165798977054755	0.7916703575202133	1.089145061328492	1014.8044363498744	0.0	490.8627271809494	415.3166163727327	108.6250927961924	8.342265311145919	906.179343553682	2.406805787751922e-09
251.0589284553002	1	1	1	1	0	0	251.0589284553002	20.0	0	0.013046704359273378	0.6885596939904225	1.0193064265997207	1142.2776161465104	0.0	549.3349203904581	473.19444999802664	119.74824575802592	8.53899248306902	1022.5293703884848	3.4768476675175944e-09
251.0589284553002	2	1	1	2	0	0	251.0589284553002	20.0	0	0.014092708848445356	0.8067647692017949	1.0400668931636905	1235.2500968512825	0.0	593.3772146713834	513.1767010285175	128.69618115138124	8.598187652501487	1106.553915699901	3.1811444346067464e-09
264.95388112274634	1	1	1	1	0	0	264.95388112274634	21.0	0	0.015344086062222272	0.6401190429643501	0.9758176678505712	1351.9972597249616	0.0	646.0667815672538	567.5292135784363	138.40126457927167	8.768677069786326	1213.59599514569	4.520349357141325e-09
264.95388112274634	2	1	1	2	0	0	264.95388112274634	21.0	0	0.016854471061448863	0.8078904380738097	1.0307546873144149	1510.9943416441156	0.0	709.661939429426	626.5797916401389	151.11962191998987	8.84227815086142	1336.2417310695648	4.409735411793354e-09
278.9785277773454	1	1	1	1	0	0	278.9785277773454	22.0	0	0.017867436210330302	0.5957075480779961	0.8999448045496111	1584.1016353243442	0.0	752.3131035928551	673.0378724701654	158.75065926132382	8.978551539220453	1425.3509760630207	4.750767276444926e-09
278.9785277773454	2	1	1	2	0	0	278.9785277773454	22.0	0	0.019789312042755428	0.8031374912852502	1.0066391119079905	1852.3539352128946	0.0	833.2341912739128	749.2940872484253	174.78745791272644	9.054015073052405	1582.528278522338	5.332678530023484e-09
293.1329055639992	1	1	1	1	0	0	293.1329055639992	23.0	0	0.020691366232403804	0.5669366070277244	0.8681500647645051	1845.7503940518802	0.0	871.2154203117392	792.9964996253507	181.53847411479	9.167268415425696	1664.2119199370902	5.478534531722493e-09
293.1329055639992	2	1	1	2	0	0	293.1329055639992	23.0	0	0.022877204678831725	0.7633549632881137	0.985102325958284	2255.96885992563	0.0	963.2507233192304	880.4656667602762	199.70532950595418	9.232184211811617	1843.716390079507	6.5281968287174e-09
307.41701318547484	1	1	1	1	0	0	307.41701318547484	24.0	0	0.02374443893410667	0.5226586157600454	0.8085394135095373	2130.6609223540718	0.0	999.7658498571228	924.5379358115297	206.3571366854197	9.325113812768926	1924.3037856686526	6.263257653328599e-09
307.41701318547484	2	1	1	2	0	0	307.41701318547484	24.0	0	0.026096815582643717	0.7765217518680382	0.9794450672176068	2746.352791471617	0.0	1098.8132876902616	1019.1823904111396	225.87779391725425	9.376732618865963	2117.995678101401	7.754204971956644e-09
321.83081090278995	1	1	1	1	0	0	321.83081090278995	25.0	0	0.027051874654110825	0.4879705759017529	0.787577577398185	2441.895902530249	0.0	1139.0263012257194	1069.945297672415	232.92430363211537	9.483645821635779	2208.9715988981343	6.789143290798979e-09
321.83081090278995	2	1	1	2	0	0	321.83081090278995	25.0	0	0.029511729033081382	0.774208168220266	0.9682677877109386	3316.432459158553	0.0	1242.599117182374	1169.3148790965954	253.30828189244613	9.521654713615169	2411.913996278969	9.431227061155559e-09
336.3742205469876	1	1	1	1	0	0	336.3742205469876	26.0	0	0.030571099727273544	0.4502548726123712	0.7307123855177629	2775.738007636736	0.0	1287.2041990430969	1227.4315456472054	261.1022629464327	9.630846229801543	2514.635744690303	7.923287765063327e-09
336.3742205469876	2	1	1	2	0	0	336.3742205469876	26.0	0	0.033095000842630035	0.7764332347837568	0.9501882402336052	3975.344534496928	0.0	1393.4737196896854	1329.6672353761282	281.99905476502664	9.656560577250334	2723.1409550658136	1.1429224225682452e-08
351.0471255422998	1	1	1	1	0	0	351.0471255422998	27.0	0	0.03429412192008475	0.4263800089181393	0.6980379207451657	3141.922114689871	0.0	1443.9630282140952	1396.730566980018	291.05437013762264	9.760010110313463	2840.693595194113	1.1096644150176206e-08
351.0471255422998	2	1	1	2	0	0	351.0471255422998	27.0	0	0.036818023035441225	0.7572864442384148	0.942260217139556	4710.731109061026	0.0	1550.2325488606837	1498.9662567089404	311.9511619562165	9.774603134825282	3049.198805569624	1.3145938316660692e-08
365.84937094069124	1	1	1	1	0	0	365.84937094069124	28.0	0	0.038126586079202635	0.4161868920121628	0.6915687780970416	3551.1248487678204	0.0	1605.3299401769532	1573.623996925779	322.2676071660855	9.864329726023039	3178.9539371027317	9.849785706051835e-09
365.84937094069124	2	1	1	2	0	0	365.84937094069124	28.0	0	0.04065048719455911	0.7460927573233582	0.9251367136054996	5532.9168479733635	0.0	1711.5994608235417	1675.8596866547016	343.1643989846794	9.871242930504213	3387.459147478243	1.3829080429111988e-08
380.78076346777357	1	1	1	1	0	0	380.78076346777357	29.0	0	0.042036447766657985	0.40049386959597816	0.6756831502543843	4003.673556717859	0.0	1769.9556954382315	1756.678825721634	354.7404742371508	9.94144953079767	3526.634521159865	1.0819381629242729e-08
380.78076346777357	2	1	1	2	0	0	380.78076346777357	29.0	0	0.04456034888201448	0.7366058864105556	0.9168138858912488	6449.428682150866	0.0	1876.22521608482	1858.9145154505566	375.6372660557447	9.943474913325241	3735.139731535376	1.9021067316538436e-08
395.84107158007737	1	1	1	1	0	0	395.84107158007737	30.0	0	0.046083934032166124	0.39747168101622904	0.6721601292211057	4508.768819056061	0.0	1940.376169775416	1949.6591912669815	388.4701354820285	10.013730801250636	3890.0353610423967	1.2842307005246087e-08
395.84107158007737	2	1	1	2	0	0	395.84107158007737	30.0	0	0.048607835147522586	0.7426328935762989	0.9009042887200652	7469.732611256948	0.0	2046.6456904220045	2051.8948809959047	409.3669273006224	10.011899589553574	4098.540571417909	1.9720777532626404e-08
411.03002553366304	1	1	1	1	0	0	411.03002553366304	31.0	0	0.05022987640677224	0.3988727092005468	0.6869617662657569	5078.547359142871	0.0	2114.9421644956733	2150.766400282587	423.4523789180421	10.073644114782207	4265.7085647782615	1.522378467671048e-08
411.03002553366304	2	1	1	2	0	0	411.03002553366304	31.0	0	0.05275377752212872	0.708567034439317	0.9097155072477364	8550.229042311894	0.0	2221.2116851422616	2253.002090011509	444.349170736636	10.0691394736632	4474.21377515377	2.2288495892289375e-08
426.3473174640513	1	1	1	1	0	0	426.3473174640513	32.0	0	0.054432979230555664	0.3983169692039417	0.6711323723431304	5714.695233908486	0.0	2291.914914970765	2358.099867461124	459.68157720133314	10.115730133764435	4650.014782431889	1.6194436122858846e-08
426.3473174640513	2	1	1	2	0	0	426.3473174640513	32.0	0	0.05695688034591215	0.7156111778229257	0.8787850751712577	9751.563564819571	0.0	2398.184435617353	2460.335557190046	480.57836901992704	10.1097350734193	4858.5199928074	2.3146718413366003e-08
441.79260147745117	1	1	1	1	0	0	441.79260147745117	33.0	0	0.058649782732293626	0.41083877886898296	0.6950423195626183	6442.5935057411125	0.0	2469.464536096574	2569.6552900794063	497.15064924378686	10.136001700572972	5039.11982617598	1.8305149666208392e-08
441.79260147745117	2	1	1	2	0	0	441.79260147745117	33.0	0	0.06117368384765011	0.6835082971620149	0.8860625818057756	11012.254561026279	0.0	2575.7340567431625	2671.8909798083278	518.0474410623807	10.129622541499238	5247.62503655149	2.745782353372668e-08
457.365493753255	1	1	1	1	0	0	457.365493753255	34.0	0	0.0628346278009701	0.4161655075738376	0.6981947339789023	7245.629489167402	0.0	2645.6685389882155	2783.3229030957104	535.8510227661131	10.131531361196185	5428.991442083926	2.0812042572814013e-08
457.365493753255	2	1	1	2	0	0	457.365493753255	34.0	0	0.06535852891632657	0.6692566626434143	0.8638077233586361	12358.18011364989	0.0	2751.938059634803	2885.5585928246333	556.747814584707	10.125763415280927	5637.496652459436	2.7919830474986546e-08
473.0655726577729	1	1	1	1	0	0	473.0655726577729	35.0	0	0.06704168926829265	0.4159747061102554	0.7121585650658186	8114.935563574729	0.0	2822.8079691912703	3002.6158810529328	575.7725978590657	10.117577446209268	5825.423850244201	2.3519526937018693e-08
473.0655726577729	2	1	1	2	0	0	473.0655726577729	35.0	0	0.06956559038364914	0.6255855185256206	0.8407557018107109	13722.657894197844	0.0	2929.077489837858	3104.8515707818547	596.6693896776596	10.112684117882166	6033.929060619715	2.9537821116233046e-08
488.8923788691719	1	1	1	1	0	0	488.8923788691719	36.0	0	0.07121653709655078	0.4260807189132312	0.7160547334453903	9069.753190846528	0.0	2998.5910356442437	3224.968711720298	616.9037116247108	10.088381104036216	6223.559747364542	2.8154286788817948e-08
488.8923788691719	2	1	1	2	0	0	488.8923788691719	36.0	0	0.07374043821190726	0.6049041538644899	0.8305524839398868	15147.129794567256	0.0	3104.860556290832	3327.2044014492208	637.8005034433047	10.084759925737202	6432.064957740053	3.336626658208927e-08
504.8454155135833	1	1	1	1	0	0	504.8454155135833	37.0	0	0.0753021290400015	0.4215191847195963	0.7205106619384962	10092.973137141678	0.0	3170.6159595790105	3447.687846349295	659.2311039694507	10.039428913589314	6618.303805928304	2.9684630391914547e-08
504.8454155135833	2	1	1	2	0	0	504.8454155135833	37.0	0	0.077826030155358	0.5818801022201904	0.8132569404001998	16623.200622989913	0.0	3276.8854802255987	3549.9235360782177	680.1278957880446	10.037537143501206	6826.809016303816	3.731893095733095e-08
520.9241483123367	1	1	1	1	0	0	520.9241483123367	38.0	0	0.07923877744007836	0.4147104931214413	0.7081835199516651	11174.081745571564	0.0	3336.3695764243516	3667.9500032660667	702.7398846201717	9.967158166177276	7004.319579690418	3.11811527309101e-08
520.9241483123367	2	1	1	2	0	0	520.9241483123367	38.0	0	0.08176267855543483	0.5740224593081514	0.8025735799680696	18172.65948670342	0.0	3442.6390970709404	3770.1856929949895	723.6366764387652	9.967467134974996	7212.82479006593	3.827053039658913e-08
537.1280057402779	1	1	1	1	0	0	537.1280057402779	39.0	0	0.08327609746159934	0.4072022865381459	0.7072781609614046	12292.209382264124	0.0	3506.361998383129	3894.60656587777	747.4135014344191	9.902107133544053	7400.968564260899	3.371562575576441e-08
537.1280057402779	2	1	1	2	0	0	537.1280057402779	39.0	0	0.0857999985769558	0.563843465016245	0.7967619236185524	19779.94468763129	0.0	3612.631519029718	3996.842255606693	768.3102932530129	9.904167419673668	7609.473774636413	3.973947883394127e-08
553.4563791951257	1	1	1	1	0	0	553.4563791951257	40.0	0	0.08739072196419624	0.4015903391460087	0.7020005847929794	13456.534743013655	0.0	3679.6093458608943	4125.603029181457	793.233710074901	9.839738624201113	7805.212375042351	4.113969957948101e-08
553.4563791951257	2	1	1	2	0	0	553.4563791951257	40.0	0	0.08991462307955271	0.5362089933884978	0.79111965713752	21398.53037059221	0.0	3785.878866507482	4227.83871891038	814.1305018934947	9.843283806195268	8013.717585417862	4.3735876617053763e-08
569.9086231778117	1	1	1	1	0	0	569.9086231778117	41.0	0	0.09153044152763548	0.4031458471136481	0.6837160394821168	14701.059304326454	0.0	3853.913327479389	4358.008338006115	840.1805451178752	9.77399645017178	8211.921665485504	4.213357424923659e-08
569.9086231778117	2	1	1	2	0	0	569.9086231778117	41.0	0	0.09405434264299194	0.5392691351124473	0.7803684409111754	23105.055018798423	0.0	3960.182848125976	4460.244027735038	861.0773369364691	9.778943788973834	8420.426875861014	4.628296083707421e-08
586.4840554837581	1	1	1	1	0	0	586.4840554837581	42.0	0	0.095640637428003	0.3897725710158676	0.6807463666840774	15972.514033603047	0.0	4026.974207494864	4588.75617802675	888.2322926641174	9.69986168784749	8615.730385521612	4.3154128806880414e-08
586.4840554837581	2	1	1	2	0	0	586.4840554837581	42.0	0	0.09816453854335948	0.5228883316856714	0.7670365963965773	24855.679777680944	0.0	4133.24372814145	4690.991867755671	909.1290844827112	9.706251561534913	8824.235595897122	4.985678440480845e-08
603.1819574050269	1	1	1	1	0	0	603.1819574050269	43.0	0	0.0997282727209714	0.3835997261239786	0.6817768353581972	17296.74730518982	0.0	4199.085167198796	4818.237457631993	937.3654645201424	9.6198579595067	9017.32262483079	4.2385690351914436e-08
603.1819574050269	2	1	1	2	0	0	603.1819574050269	43.0	0	0.10225217383632787	0.5178574659422969	0.7671869108930881	26676.282326451746	0.0	4305.3546878453835	4920.473147360914	958.2622563387364	9.627664842457344	9225.8278352063	5.076410436929348e-08
620.0015739432909	1	1	1	1	0	0	620.0015739432909	44.0	0	0.10391644192122054	0.37518669585246106	0.6627546522594375	18664.442852128483	0.0	4375.429133525076	5053.362746067032	987.5547740162206	9.547614094605391	9428.791879592109	4.616702114695441e-08
620.0015739432909	2	1	1	2	0	0	620.0015739432909	44.0	0	0.10644034303657704	0.5128779300889128	0.7617293114018692	28547.529521383163	0.0	4481.698654171665	5155.598435795955	1008.4515658348143	9.556529452150428	9637.29708996762	5.353768559069538e-08
636.9421140335545	1	1	1	1	0	0	636.9421140335545	45.0	0	0.10814849474242642	0.36719811102197575	0.666983083994547	20070.947530725967	0.0	4553.62083126006	5290.951676380344	1038.773113526434	9.477115242442098	9844.572507640403	5.1137007383681985e-08
636.9421140335545	2	1	1	2	0	0	636.9421140335545	45.0	0	0.1106723958577829	0.4933139890880738	0.7571319351266622	30429.57988798575	0.0	4659.890351906648	5393.187366109267	1059.6699053450282	9.486989927059069	10053.077718015915	5.962232184502064e-08
654.0027507785644	1	1	1	1	0	0	654.0027507785644	46.0	0	0.11236528796592957	0.3626659555288093	0.6452240204752591	21533.185013031896	0.0	4731.170019618086	5527.68392752438	1090.9915337546192	9.403238824261894	10258.853947142466	5.7619223375939344e-08
654.0027507785644	2	1	1	2	0	0	654.0027507785644	46.0	0	0.11488918908128605	0.4980273732952675	0.7554455541279177	32410.67585938156	0.0	4837.439540264675	5629.919617253303	1111.888325573213	9.414038187802474	10467.359157517978	6.220725181347848e-08
671.1826216938364	1	1	1	1	0	0	671.1826216938364	47.0	0	0.116510884076255	0.34987942445219783	0.6457409079134185	23010.547295598553	0.0	4905.721434789684	5760.419147753178	1144.179224848469	9.322089014468382	10666.140582542861	5.481804710592668e-08
671.1826216938364	2	1	1	2	0	0	671.1826216938364	47.0	0	0.11903478519161148	0.4787583704061562	0.7536623932602735	34401.556378354224	0.0	5011.990955436273	5862.6548374820995	1165.0760166670627	9.33385087097365	10874.645792918374	6.435934869781223e-08
688.4808289632283	1	1	1	1	0	0	688.4808289632283	48.0	0	0.12077167481957772	0.3566596280573356	0.6486791421294599	24575.720791023825	0.0	5085.12315029801	5999.62143509761	1198.303499402402	9.250364862427274	11084.74458539562	5.588642071823202e-08
688.4808289632283	2	1	1	2	0	0	688.4808289632283	48.0	0	0.1232955759349342	0.4700743123587331	0.7393162868498138	36431.01700879656	0.0	5191.392670944599	6101.857124826533	1219.2002912209955	9.262833906036267	11293.249795771133	7.057376382717846e-08
705.8964397049822	1	1	1	1	0	0	705.8964397049822	49.0	0	0.12508618814876393	0.3486148800186227	0.6273918368081827	26166.73989424854	0.0	5266.78686942164	6241.839727262452	1253.3297774079767	9.182440889966882	11508.626596684091	6.466513682501988e-08
705.8964397049822	2	1	1	2	0	0	705.8964397049822	49.0	0	0.12761008926412046	0.4791338183219093	0.7478027530793809	38548.62789030989	0.0	5373.056390068228	6344.075416991374	1274.2265692265705	9.195485394855377	11717.131807059604	7.540687571360066e-08
723.4284862481575	1	1	1	1	0	0	723.4284862481575	50.0	0	0.12939039373224592	0.34248540908384256	0.6365092218249856	27788.476889284462	0.0	5448.016578199829	6483.479338966702	1309.2215732086775	9.113427521610783	11931.49591716653	6.36804557168937e-08
723.4284862481575	2	1	1	2	0	0	723.4284862481575	50.0	0	0.13191429484760242	0.4666341754496773	0.7387869306584192	40690.94917812649	0.0	5554.286098846418	6585.715028695625	1330.1183650272715	9.12700812704976	12140.001127542044	7.720441892225531e-08
741.0759664193733	1	1	1	1	0	0	741.0759664193733	51.0	0	0.1336464472568349	0.332467365044013	0.6280723334732493	29422.655968222716	0.0	5627.218831866733	6722.41567718924	1365.9404845138288	9.0411219588762	12349.634509055972	6.088093088632311e-08
741.0759664193733	2	1	1	2	0	0	741.0759664193733	51.0	0	0.1361703483721914	0.4651947538767402	0.7423557531776841	42887.71237119228	0.0	5733.488352513323	6824.651366918165	1386.8372763324226	9.055236640770337	12558.139719431487	8.216487454820551e-08
758.8378438397727	1	1	1	1	0	0	758.8378438397727	52.0	0	0.13802839893561686	0.33136724535647394	0.6300940300724513	31106.48484744433	0.0	5811.722060447025	6968.419981962964	1423.4461835241755	8.978310659254323	12780.142042409987	6.877427547156031e-08
758.8378438397727	2	1	1	2	0	0	758.8378438397727	52.0	0	0.14055230005097333	0.454041596448353	0.7392373395797552	45125.45855885204	0.0	5917.9915810936145	7070.655671691888	1444.3429753427693	8.992772128588816	12988.6472527855	8.299398970891864e-08
776.7130482321257	1	1	1	1	0	0	776.7130482321257	53.0	0	0.14246972600016458	0.3360379322508978	0.6344284182958551	32868.85759430056	0.0	5998.725305270088	7217.757641727048	1481.6964102193508	8.919831927675766	13216.482946997136	7.553037160849261e-08
776.7130482321257	2	1	1	2	0	0	776.7130482321257	53.0	0	0.14499362711552108	0.44809230846875103	0.7308572382180456	47408.99013535477	0.0	6104.994825916679	7319.99333145597	1502.5932020379446	8.934546049565869	13424.988157372649	9.073630739178584e-08
794.7004757379742	1	1	1	1	0	0	794.7004757379742	54.0	0	0.14690130353164466	0.33554339796723937	0.6310070813188521	34680.52624966105	0.0	6185.318043437668	7466.547959283822	1540.6469678549845	8.861125415207058	13651.866002721492	7.918467053344809e-08
794.7004757379742	2	1	1	2	0	0	794.7004757379742	54.0	0	0.1494252046470011	0.4389327721517347	0.7203470523148434	49731.04472821678	0.0	6291.587564084259	7568.783649012746	1561.5437596735778	8.876069676071292	13860.371213097005	9.587032054935187e-08
812.7989892447298	1	1	1	1	0	0	812.7989892447298	55.0	0	0.15129349577938575	0.33563679153355114	0.6334331509279388	36563.23634915886	0.0	6370.252453868875	7713.127173192097	1600.2517207146366	8.80072768849869	14083.379627060971	8.247194952614563e-08
812.7989892447298	2	1	1	2	0	0	812.7989892447298	55.0	0	0.15381739689474225	0.42815372903239257	0.7104197473731363	52083.29578115706	0.0	6476.521974515465	7815.362862921021	1621.14851253323	8.815901027539901	14291.884837436486	9.581830184052474e-08
831.0074187226242	1	1	1	1	0	0	831.0074187226242	56.0	0	0.15581667354634773	0.3263198329714076	0.6315611515615724	38443.059102492	0.0	6560.702044056746	7967.059960109259	1660.4625941590634	8.749225700879789	14527.762004166003	8.758046689127527e-08
831.0074187226242	2	1	1	2	0	0	831.0074187226242	56.0	0	0.1583405746617042	0.4152966817956243	0.7068027991436836	54431.71368234001	0.0	6666.971564703335	8069.295649838184	1681.3593859776572	8.764495763035724	14736.267214541518	9.540262859618225e-08
849.3245615714155	1	1	1	1	0	0	849.3245615714155	57.0	0	0.16039907102714754	0.33326492455351336	0.6407670796381872	40425.196855486916	0.0	6753.645095879898	8224.317362540129	1721.2295770124986	8.70189698019073	14977.962458420026	9.061373083729984e-08
849.3245615714155	2	1	1	2	0	0	849.3245615714155	57.0	0	0.16292297214250406	0.407673102794655	0.6996462514247043	56821.98595206546	0.0	6859.9146165264865	8326.55305226905	1742.126368831092	8.717202116046924	15186.467668795538	1.0363804793763538e-07
867.7491829767432	1	1	1	1	0	0	867.7491829767432	58.0	0	0.16496630111418048	0.3346653886793943	0.6313664011129839	42468.12756587943	0.0	6945.9495205970725	8480.723262163028	1782.500726322737	8.654511358648934	15426.6727827601	9.592324771769262e-08
867.7491829767432	2	1	1	2	0	0	867.7491829767432	58.0	0	0.16749020222953695	0.40419329009894855	0.6884430135764504	59253.62064805102	0.0	7052.219041243661	8582.958951891951	1803.3975181413305	8.669845575283919	15635.177993135612	1.0875467250961061e-07
886.2800162760308	1	1	1	1	0	0	886.2800162760308	59.0	0	0.16948541122957658	0.3292127736259448	0.6319829764122764	44540.951376500525	0.0	7136.22784124533	8734.427689694037	1844.2221745287936	8.605609318733185	15870.655530939364	1.0184828389375581e-07
886.2800162760308	2	1	1	2	0	0	886.2800162760308	59.0	0	0.17200931234493305	0.3911624580909368	0.6781431466839443	61681.950187799885	0.0	7242.497361891919	8836.663379422958	1865.118966347388	8.62098398624083	16079.16074131488	1.0621389091082296e-07
