0.0
0.0007285827694774977
0.001470803715289176
0.0022264888145988866
0.002995435107657292
0.0014038316404267192
0.0002550160983470189
0.00014834705533466953
0.0003134867178913972
0.00041796749582965554
0.0005662461123955325
0.0006861613897223773
0.000725863353384213
0.0009707516075229723
0.001113925689868996
0.0015145257676161174
0.0020013179619567884
0.0027952782696922043
0.004207743716710756
0.006418927224669798
0.00765041578161518
0.010553293623538431
0.01208138683897623
0.016792499376085967
0.020572865981393906
0.021518079654435314
0.022464080393392396
0.02340992777134713
0.02435465030329897
0.025297245933658275
0.026236682577010274
0.027171898712468306
0.028101804031840177
0.029025280141744814
0.029941181319714478
0.03084833532423392
0.03174554425855496
0.03263158548804046
0.03350521261068565
0.03436515648036147
0.035210126282230705
0.03603881065968165
0.036849878892018524
0.03764198212205872
0.03841375463266036
0.03916381517113871
0.03989076832038723
0.04059320591544986
0.041269708504181046
0.041918846850525715
0.0425391834788635
0.043129274257760024
0.04368767002138157
0.0442129182267247
0.044703564644739124
0.04515815508332026
0.04557523714007607
0.045953361982678645
0.04629108615454266
1.3074691754512076
