0.0
0.0007285827694774977
0.001470803715289176
0.0022264888145988866
0.002995435107657292
0.0014038316404267192
0.00021023203784815972
0.0001313711828910247
0.00016866397192333518
0.00015939825462462666
0.00023870405541703656
0.00023634413279842548
0.00041215838379311446
0.0005498892960626734
0.0004976367988426045
0.0006805158077803171
0.0010093750427143783
0.0013028638898593156
0.0020456186764071078
0.002804980972168778
0.004077297444454157
0.00561356157411705
0.00701369583819783
0.009128408195321023
0.01180975505675734
0.016313692778949333
0.02054494725633052
0.023409927771347174
0.024354650303298985
0.02529724593365822
0.0262366825770103
0.027171898712468223
0.02810180403184029
0.02902528014174476
0.029941181319714478
0.030848335324233974
0.03174554425855479
0.032631585488040515
0.03350521261068582
0.034365156480361356
0.03521012628223077
0.036038810659681585
0.03684987889201887
0.03764198212205849
0.03841375463266025
0.03916381517113882
0.03989076832038723
0.04059320591544963
0.04126970850418127
0.041918846850525826
0.04253918347886327
0.043129274257760135
0.04368767002138157
0.04421291822672493
0.044703564644738895
0.04515815508332049
0.04557523714007607
0.045953361982678416
0.04629108615454289
1.2586501059880861
