0.0
0.0007285827694774977
0.001470803715289176
0.0022264888145988866
0.002995435107657292
0.0014038316404267192
0.00015008872921450057
7.266737383504207e-05
0.0002857475368691027
0.0002361289341726316
0.000404832123247747
0.0005942531723381813
0.0005951396889723154
0.0008855101202443141
0.0010626546310544232
0.0012741661648816563
0.0017193741481628015
0.002669508188389994
0.0038904207259366965
0.005611184072001358
0.007071279700364457
0.009949315265701161
0.012556320042273647
0.01583531196937651
0.020159929646200656
0.021518079654435314
0.02246408039339241
0.02340992777134713
0.024354650303299
0.025297245933658247
0.026236682577010274
0.02717189871246825
0.028101804031840344
0.029025280141744703
0.029941181319714478
0.03084833532423392
0.03174554425855491
0.03263158548804046
0.03350521261068576
0.03436515648036147
0.03521012628223082
0.03603881065968142
0.03684987889201875
0.03764198212205861
0.03841375463266036
0.03916381517113871
0.03989076832038723
0.040593205915449744
0.04126970850418116
0.041918846850525826
0.04253918347886327
0.043129274257760024
0.04368767002138157
0.044212918226725156
0.044703564644738666
0.04515815508332049
0.0455752371400763
0.04595336198267819
0.04629108615454311
1.3027069876218929
