0.0
0.0007285827694774977
0.001470803715289176
0.0022264888145988866
0.002995435107657292
0.0014038316404267192
8.455882387910841e-05
7.713328628765127e-05
0.00011529256261496635
0.00014038907649706545
0.0001302838756726672
0.00010163935643711853
0.000451680825934119
0.0005485770357667566
0.00066826790075827
0.00060389893321803
0.0008972695650266261
0.0014335244525424625
0.0022690490503459453
0.0023378570784111335
0.0035543598504525495
0.0050695251161291255
0.005380041324135207
0.007068817673751497
0.010072287490036809
0.01362654706248204
0.018923024369040753
0.0225000009886863
0.024354650303298957
0.025297245933658247
0.026236682577010274
0.027171898712468223
0.02810180403184026
0.029025280141744814
0.029941181319714478
0.030848335324233863
0.03174554425855491
0.032631585488040515
0.03350521261068576
0.034365156480361356
0.03521012628223082
0.036038810659681585
0.03684987889201864
0.03764198212205872
0.03841375463266025
0.03916381517113882
0.03989076832038723
0.04059320591544986
0.04126970850418093
0.041918846850525826
0.04253918347886338
0.043129274257760024
0.0436876700213818
0.044212918226724816
0.04470356464473855
0.04515815508332049
0.0455752371400763
0.045953361982678416
0.04629108615454311
1.246345093267587
