0.0
0.0007285827694774977
0.001470803715289176
0.0022264888145988866
0.002995435107657292
0.0014038316404267192
9.502200748642232e-05
0.000108845261020738
0.0002638898003767842
0.00010691283494267978
0.0002635608977214119
0.0004891679307806616
0.0007084049327843705
0.0006864552190934799
0.0010756239865057414
0.0014019027266536492
0.001721677831514384
0.002600335396924415
0.00347159527978409
0.005403390559701415
0.006825026669369923
0.00837773552621659
0.011632972485367753
0.015030339964541284
0.018730695008323483
0.021518079654435314
0.022464080393392424
0.02340992777134716
0.02435465030329894
0.02529724593365822
0.0262366825770103
0.02717189871246828
0.02810180403184029
0.02902528014174476
0.029941181319714478
0.03084833532423392
0.031745544258554845
0.03263158548804057
0.0335052126106857
0.034365156480361356
0.03521012628223077
0.03603881065968165
0.03684987889201864
0.03764198212205861
0.038413754632660134
0.03916381517113894
0.03989076832038711
0.04059320591544986
0.04126970850418116
0.041918846850525715
0.04253918347886338
0.043129274257760024
0.04368767002138157
0.044212918226725156
0.044703564644739124
0.04515815508332003
0.04557523714007607
0.045953361982678874
0.04629108615454266
1.296676709707765
