0.0
0.0007285827694774977
0.001470803715289176
0.0022264888145988866
0.002995435107657292
0.0014038316404267192
4.170073288672249e-05
0.00018737124871266708
0.00027305590193438793
0.0002455968975992562
0.0004599219303232864
0.00047437344344111666
0.0008283250742256616
0.000876571157304504
0.0012580038547612116
0.0015323024103452295
0.0018369799985467113
0.002500707301171165
0.0038797533696608363
0.006195017050087338
0.007552256727417874
0.010393692059807762
0.013082466877809774
0.018212622680755585
0.020572865981393906
0.021518079654435314
0.022464080393392396
0.02340992777134713
0.024354650303299027
0.02529724593365822
0.026236682577010274
0.02717189871246825
0.02810180403184029
0.029025280141744703
0.029941181319714533
0.03084833532423392
0.031745544258554845
0.03263158548804057
0.0335052126106857
0.03436515648036141
0.035210126282230705
0.03603881065968142
0.03684987889201887
0.03764198212205861
0.03841375463266025
0.03916381517113882
0.03989076832038723
0.04059320591544986
0.041269708504181046
0.041918846850525826
0.04253918347886338
0.043129274257760024
0.04368767002138157
0.04421291822672493
0.044703564644738895
0.04515815508332026
0.045575237140075844
0.045953361982678874
0.04629108615454311
1.3080867400868408
