0.0
0.0007285827694774977
0.001470803715289176
0.0022264888145988866
0.002995435107657292
0.0014038316404267192
0.0001830798634196622
0.00013407689450868965
4.9105537344043886e-05
0.00030200060137882545
0.00041454971744731136
0.0003255878947032347
0.0007654439088475816
0.0008802399236213994
0.0009195061483057359
0.0013014702152489726
0.0017669692380813872
0.002245846568985666
0.003687747834776218
0.005434891191683374
0.007455245608777386
0.008568274536414266
0.011130900801293905
0.014605668394920265
0.019098737941749863
0.02151807965443534
0.022464080393392396
0.02340992777134716
0.02435465030329897
0.025297245933658247
0.026236682577010274
0.02717189871246828
0.028101804031840233
0.02902528014174476
0.029941181319714533
0.030848335324233863
0.031745544258554845
0.03263158548804057
0.0335052126106857
0.03436515648036141
0.03521012628223077
0.03603881065968165
0.03684987889201864
0.03764198212205872
0.03841375463266002
0.03916381517113894
0.03989076832038711
0.04059320591544986
0.04126970850418116
0.041918846850525715
0.04253918347886338
0.043129274257759906
0.04368767002138202
0.0442129182267247
0.044703564644738895
0.04515815508332003
0.04557523714007607
0.0459533619826791
0.04629108615454266
1.2969524982101632
