0.0
0.0007285827694774977
0.001470803715289176
0.0022264888145988866
0.002995435107657292
0.0014038316404267192
0.00018136284826885432
0.00028077451356925035
0.00031174300529375113
0.0003373150161353351
0.000454781263115656
0.000586428066567045
0.000997685089657198
0.0007895028862880712
0.0013756000763378237
0.0016491012890007984
0.002343125329185238
0.0028885077146268154
0.004266927009678139
0.00538066665288272
0.007971195118388128
0.010760398024356932
0.012684510511671881
0.017233179604081324
0.020572865981393892
0.021518079654435314
0.022464080393392382
0.023409927771347216
0.02435465030329894
0.025297245933658247
0.0262366825770103
0.027171898712468223
0.02810180403184029
0.02902528014174476
0.029941181319714478
0.030848335324233974
0.03174554425855479
0.032631585488040626
0.0335052126106857
0.03436515648036129
0.035210126282230705
0.03603881065968165
0.03684987889201875
0.03764198212205861
0.03841375463266036
0.03916381517113871
0.03989076832038711
0.04059320591544997
0.04126970850418093
0.04191884685052594
0.04253918347886315
0.043129274257760024
0.0436876700213818
0.04421291822672493
0.044703564644738895
0.04515815508332026
0.04557523714007607
0.045953361982678874
0.04629108615454289
1.3087488253891546
