0.0
0.0007285827694774977
0.001470803715289176
0.0022264888145988866
0.002995435107657292
0.0014038316404267192
0.0002679173144408562
0.00015753667505178016
0.0001986763688297497
0.00014737185822781207
0.0003546622581371182
0.0004484699619909982
0.0005379312207599122
0.0006936245733960753
0.0008255129281882816
0.0010496140468416063
0.0017733777037359458
0.0017688513635799022
0.003291434481130253
0.0046345011767772275
0.006530272084042586
0.008441381647603677
0.01064711542893864
0.013007916460212293
0.018539571395392217
0.02151807965443534
0.022464080393392382
0.023409927771347202
0.02435465030329897
0.02529724593365822
0.026236682577010274
0.02717189871246828
0.028101804031840233
0.02902528014174476
0.029941181319714478
0.030848335324233863
0.03174554425855491
0.032631585488040626
0.03350521261068565
0.03436515648036141
0.03521012628223082
0.03603881065968131
0.03684987889201875
0.03764198212205872
0.03841375463266025
0.03916381517113894
0.03989076832038711
0.04059320591544986
0.041269708504181046
0.041918846850525715
0.04253918347886315
0.043129274257760024
0.0436876700213818
0.04421291822672493
0.044703564644738895
0.04515815508332026
0.045575237140075844
0.045953361982678874
0.04629108615454311
1.2909988943359325
