0.0
0.0007285827694774977
0.001470803715289176
0.0022264888145988866
0.002995435107657292
0.0014038316404267192
1.385266571010746e-05
5.9360799158843844e-05
0.00011156573857228835
0.00010815729162178834
0.00030912946971965743
0.0004214915065493621
0.0006048568587050181
0.0006948107513987801
0.0008725880564627265
0.0009943440557271313
0.0010488190520920816
0.0019228046024274796
0.003027083892233178
0.0043834171608940625
0.0059296583788988645
0.007419534236972194
0.008969611307599067
0.012754337160393812
0.016671929622160575
0.02151807965443534
0.022464080393392368
0.023409927771347174
0.02435465030329897
0.025297245933658247
0.026236682577010246
0.02717189871246825
0.028101804031840316
0.02902528014174476
0.029941181319714478
0.030848335324233863
0.03174554425855491
0.032631585488040626
0.03350521261068565
0.03436515648036147
0.03521012628223065
0.03603881065968153
0.03684987889201875
0.03764198212205861
0.03841375463266025
0.03916381517113882
0.03989076832038723
0.040593205915449744
0.041269708504181046
0.041918846850525826
0.04253918347886338
0.043129274257760024
0.043687670021381686
0.04421291822672493
0.044703564644738666
0.04515815508332049
0.04557523714007607
0.045953361982678645
0.04629108615454289
1.2840005079959527
