0.0
0.0007285827694774977
0.001470803715289176
0.0022264888145988866
0.002995435107657292
0.0014038316404267192
0.0001399631137157602
0.0002530649365914322
0.0002888304777823816
0.00027830528664256706
0.0004357387891013254
0.0006907914604467927
0.000981629309725289
0.0010862008750716933
0.0014158550297378128
0.0018111487225284933
0.0025791000337158643
0.0037170351546397884
0.00524414760403063
0.006895514814636088
0.009798630430187368
0.013306353896073967
0.01627674964260924
0.01962934830847503
0.020572865981393892
0.02151807965443534
0.02246408039339241
0.02340992777134713
0.024354650303299
0.025297245933658247
0.026236682577010187
0.027171898712468362
0.028101804031840233
0.02902528014174476
0.029941181319714478
0.030848335324233863
0.031745544258554845
0.03263158548804057
0.03350521261068576
0.03436515648036147
0.035210126282230705
0.03603881065968142
0.03684987889201887
0.03764198212205872
0.038413754632660134
0.03916381517113882
0.03989076832038711
0.04059320591544986
0.041269708504181046
0.041918846850525715
0.04253918347886372
0.043129274257760024
0.04368767002138146
0.04421291822672493
0.044703564644738895
0.04515815508332026
0.04557523714007607
0.045953361982678645
0.04629108615454289
1.3230844292557609
