0.0
0.0007285827694774977
0.001470803715289176
0.0022264888145988866
0.002995435107657292
0.0014038316404267192
5.8295612829150304e-05
0.00010182767527184744
0.0002668693672685887
0.00037024843756248776
0.00034548918702165927
0.0006456990838346428
0.0008540748680254781
0.0010962191971151806
0.0010195759686100435
0.001670927249060375
0.0020034339846304585
0.0026518976968895455
0.00425218247274135
0.00556669169040783
0.008445898538569167
0.010695808145072577
0.013881771136358632
0.01666916251923261
0.020572865981393892
0.021518079654435328
0.02246408039339241
0.02340992777134716
0.02435465030329897
0.025297245933658247
0.026236682577010274
0.02717189871246825
0.02810180403184029
0.02902528014174476
0.02994118131971442
0.03084833532423392
0.03174554425855496
0.032631585488040515
0.0335052126106857
0.03436515648036147
0.035210126282230705
0.03603881065968153
0.03684987889201875
0.03764198212205849
0.03841375463266036
0.03916381517113882
0.03989076832038723
0.040593205915449744
0.04126970850418116
0.041918846850525826
0.04253918347886338
0.043129274257759906
0.043687670021381686
0.04421291822672493
0.044703564644738895
0.04515815508332003
0.0455752371400763
0.045953361982678645
0.04629108615454289
1.308852094200551
