0.0
0.0007285827694774977
0.001470803715289176
0.0022264888145988866
0.002995435107657292
0.0014038316404267192
0.00021344712050141727
0.000279515669680535
0.00037376907058219014
0.0002714844377608401
0.0004857795159225358
0.0006709140633548234
0.0009073028920897156
0.0009161504877993086
0.001406924396736839
0.0016547791518814103
0.002350820167634996
0.0029501348724498087
0.003939429540396862
0.006466424106566455
0.007418113521300594
0.01132390604333088
0.013388179344010896
0.017856865487687733
0.020572865981393906
0.021518079654435328
0.022464080393392382
0.02340992777134716
0.024354650303299
0.02529724593365822
0.0262366825770103
0.02717189871246825
0.028101804031840233
0.029025280141744703
0.029941181319714533
0.03084833532423392
0.031745544258554845
0.03263158548804057
0.03350521261068565
0.03436515648036152
0.035210126282230705
0.03603881065968153
0.03684987889201875
0.03764198212205861
0.03841375463266025
0.03916381517113882
0.03989076832038711
0.04059320591544986
0.04126970850418127
0.041918846850525604
0.04253918347886338
0.043129274257760024
0.0436876700213818
0.0442129182267247
0.044703564644739346
0.04515815508332003
0.045575237140075844
0.0459533619826791
0.04629108615454266
1.3111299612597374
