1	4	0.0	10.0	0.0	0.0	0.15	0.0		0.0	
2	4	0.0	10.0	0.0	0.0	0.15	0.0		0.0	
3	4	0.0	10.0	0.0	0.0	0.145527502416525	0.0		0.0	
4	4	0.0	10.0	0.0	0.0	0.1379143104006798	0.0		0.0	
5	4	0.0	10.0	0.0	0.0	0.12713098668736414	0.0		0.0	
6	4	0.0	10.0	0.0	0.0	0.11314922877436093	0.0		0.0	
7	4	0.00025008261494694075	10.0	0.0	0.0	0.10075555122184272	0.0	0.0	5.001652298938816e-05	
8	4	0.00029801839763656223	10.0	0.00022388836369878086	256.1118330308496	0.10485481359325396	0.0	0.0	5.960367952731245e-05	1.3860349608068758
9	4	0.00035374531897356336	10.0	0.0001869076187371652	274.6826622210649	0.10927151753264304	0.0	0.0	7.074906379471267e-05	0.8188563971387512
10	4	0.0004428347574307	10.0	0.00029209594286265696	406.8880898319985	0.11610410780226005	0.0	0.0	8.856695148614e-05	1.315333449560684
11	4	0.0005389338208976512	10.0	0.0003028605479841681	433.260436915206	0.12338112449113385	0.0	0.0	0.00010778676417953024	1.0825971924394842
12	4	0.0007023313678221468	10.0	0.0005148371602390309	711.0636520052948	0.135747266163236	0.0	0.0	0.00014046627356442936	1.1290564549293058
13	4	0.0009149651440877034	10.0	0.0006716310565509512	924.2692900305502	0.15197643679719028	0.0	0.0	0.00018299302881754064	1.4549542365543942
14	4	0.0011568614921853015	10.0	0.0007219342992557451	1067.2530347979255	0.1707463037911798	0.0	0.0	0.0002313722984370603	1.2702623377470017
15	4	0.0015302221347464286	10.0	0.0011174146647645086	1556.4039946787695	0.19843948479573667	0.0	0.0	0.0003060444269492857	1.1951510467808404
16	4	0.00200309303886591	10.0	0.0013214603847321099	1926.8625466801147	0.2328058287268681	0.0	0.0	0.00040061860777318214	1.2753103883770511
17	4	0.002683731237155048	10.0	0.0020660174277585654	2741.491674228906	0.2820134324106708	0.0	0.0	0.0005367462474310094	1.1997534861679542
18	4	0.0036184956104154844	10.0	0.0026267711534137005	3775.736875459848	0.35002822333985845	0.0	0.0	0.0007236991220830967	1.1972884330012423
19	4	0.004672660001085142	10.0	0.0028295353842110764	4342.219319550616	0.4280854958792549	0.0	0.0	0.0009345320002170283	1.0394299853723632
20	4	0.006297815387660435	10.0	0.004850648918886463	6856.452052877273	0.5521245882910095	0.0	0.0	0.0012595630775320869	1.1637346238216044
21	4	0.008215797611239412	10.0	0.005685223832783136	8494.337161948928	0.7056572303536726	0.0	0.0	0.0016431595222478825	1.1911473808555115
22	4	0.01081267689448313	10.0	0.00782702405928428	11534.981792166345	0.9144265002452056	0.0	0.0	0.002162535378896626	1.2147100263305752
23	4	0.014114579432427147	10.0	0.009902040271568264	15031.943856206182	1.1865190699205472	0.0	0.0	0.0028229158864854303	1.2524541049911846
24	4	0.018116269127977803	10.0	0.011265604515623192	17930.244714468037	1.5104702291312178	0.0	0.0	0.003623253825595561	1.1338640345030029
25	4	0.02339503903957625	10.0	0.015042021774311702	23883.845898480122	1.94449933782572	0.0	0.0	0.004679007807915251	1.149887081287097
26	4	0.02947888761638282	10.0	0.021002890627918682	32919.10602423065	2.582080207865012	0.0	0.0	0.005895777523276564	1.1391755377042525
27	4	0.03565308075307659	10.0	0.02437862173730675	39164.73730013958	3.3685010591221234	0.0	0.0	0.007130616150615319	1.124374808935925
28	4	0.0423065191697488	10.0	0.029725062356820074	48146.06971374485	4.370681355836513	0.0	0.0	0.00846130383394976	1.1340045831402596
29	4	0.049013697311409685	10.0	0.034127204509930766	56138.258741081794	5.5696785761810546	0.0	0.0	0.009802739462281936	1.110563005052425
30	4	0.055579207049128165	10.0	0.0413635124504218	67674.610690942	7.061500671792334	0.0	0.0	0.011115841409825631	1.0961395615117069
31	4	0.06251643192362456	10.0	0.047521272320456436	77763.71896502613	8.794304341710369	0.0	0.0	0.012503286384724914	1.1140466092345265
32	4	0.06951876017079077	10.0	0.05264894224896302	87244.32459182062	10.756436421465843	0.0	0.0	0.013903752034158152	1.122013967111552
33	4	0.07626355282040899	10.0	0.05613382400138648	94584.78350245759	12.89625202129329	0.0	0.0	0.0152527105640818	1.0980444532209157
34	4	0.08351175022204907	10.0	0.06280116624300072	105963.73362882467	15.251666387681086	0.0	0.0	0.016702350044409814	1.105705571541387
35	4	0.09076564401453296	10.0	0.06919675104272285	116997.39722165842	17.830676362351948	0.0	0.0	0.018153128802906596	1.0897840603030438
36	4	0.0976601110204406	10.0	0.0724485015396978	124533.26340408105	20.555595338479094	0.0	0.0	0.019532022204088118	1.0694033060576462
37	4	0.10484468494939236	10.0	0.0799719814969835	137475.27213336606	23.563293196615906	0.0	0.0	0.020968936989878475	1.0495415193924158
38	4	0.11196017660473301	10.0	0.08569587895680425	148743.83619688402	26.794505146050113	0.07015059303619688	0.009963333829189416	0.0223920353209466	1.0693693208237771
39	4	0.118630048398512	10.0	0.09062350361472207	159069.83220595913	30.24126740925394	0.20920301141753514	0.026446717196715527	0.0237260096797024	1.0706085417595013
40	4	0.12566628117345385	10.0	0.09547921465267463	169603.9232908402	33.84545960274751	0.4157746167947757	0.04629783113445991	0.025133256234690773	1.0663460378719811
41	4	0.1324893954228377	10.0	0.10335803754586743	183440.4302707715	37.72709377499412	0.6883463305711178	0.0676748216175766	0.026497879084567542	1.063582145700403
42	4	0.13966512424988844	10.0	0.10829651573462308	194035.6529202216	41.80884992289619	1.0252601851334668	0.08947809959098743	0.02793302484997769	1.0668131489322537
43	4	0.14702931820556406	10.0	0.1128979029397107	206743.3919213266	46.17220966500322	1.424717001744445	0.11150667967135196	0.029405863641112813	1.070321336584794
44	4	0.1541664487600106	10.0	0.11963188574471373	219627.1948424629	50.85327752512585	1.884774200848633	0.13416225277488858	0.03083328975200212	1.0546036431305643
45	4	0.16064256829661258	10.0	0.1237396003175451	229435.86285394515	55.754914960315475	2.4033437504483035	0.1570460096234569	0.03212851365932252	1.0476839422986006
46	4	0.16731864597967386	10.0	0.13005510543677634	242970.71730037863	60.88839570721259	2.9781902580941217	0.17790093932344433	0.033463729195934766	1.0640125450394236
47	4	0.17419861640500245	10.0	0.1344130986622739	253672.9650161797	66.20216934235859	3.606929211914912	0.19708456755482004	0.03483972328100049	1.0476653321902796
48	4	0.18160219317011608	10.0	0.1428340683945809	268052.61686164513	71.81142796173297	4.287025375977758	0.21499841895788546	0.03632043863402321	1.046646320523536
49	4	0.18907379298711174	10.0	0.13940665846226458	271990.5912691405	77.47526040307585	5.0157913451254235	0.23255011784823115	0.037814758597422365	1.0296837799778702
50	4	0.1961387336931542	10.0	0.14745692064839525	290749.08261338447	83.611307802937	5.7903862642825255	0.2503870774713721	0.03922774673863085	1.0446007254387109
51	4	0.20370586776715927	10.0	0.15181975006593296	299468.37575503485	89.82743311885041	6.607814717055173	0.2653968365226185	0.04074117355343187	1.0305492464286163
52	4	0.21105625723261776	10.0	0.1561680650874113	310218.38416114345	96.22024467528398	7.46492578827098	0.2787153439752728	0.04221125144652356	1.0292833693522652
53	4	0.21910826720963505	10.0	0.16355050749072575	329029.9413862013	103.01082338625228	8.358412304917856	0.2906305213994303	0.04382165344192701	1.0325770609573863
54	4	0.2273606890515061	10.0	0.16433508453795673	336402.7253438637	109.93493297417906	9.284810259740649	0.3021382230236474	0.04547213781030123	1.0275148891109742
55	4	0.23529277289379086	10.0	0.17434931423047226	352573.19233397674	117.26667670900936	10.2404984215452	0.31416793213087274	0.04705855457875817	1.0183092884264422
56	4	0.2438548698516214	10.0	0.1768435690810995	364530.6666871464	124.78687508329294	11.221698136039505	0.3243354713665763	0.04877097397032428	1.0079779509418394
57	4	0.2522431188756156	10.0	0.1831130955504363	383892.0416265684	132.70871809321102	12.224473320812006	0.33313036027407417	0.050448623775123116	1.0225436063063174
58	4	0.2605069173306953	10.0	0.18835576604291987	393100.40135994897	140.79213660279672	13.244730657807848	0.3412507912413464	0.052101383466139066	1.0208382954828779
59	4	0.2688731191605166	10.0	0.19585312762487145	413951.2428075672	149.37214083607554	14.278219986415348	0.3492602396507732	0.05377462383210332	1.016426219148404
60	4	0.2767700270139832	10.0	0.1994328018799295	423310.5162941229	158.18814398981337	15.320534900017474	0.3580168561904957	0.055354005402796634	1.016187915250106
