11.247441493196291	1	1	1	1	4	0	11.247441493196291	1.0	0	0.0			15.0	0.0	0.0	0.0	0.0		0.0	0.0
11.247441493196291	2	1	1	2	4	0	11.247441493196291	1.0	0	0.0			15.0	0.0	0.0	0.0	0.0		0.0	0.0
11.367595075476835	1	1	1	1	4	0	11.367595075476835	1.0	0	0.0			15.0	0.0	0.0	0.0	0.0		0.0	0.0
11.367595075476835	2	1	1	2	4	0	11.367595075476835	1.0	0	0.0			15.0	0.0	0.0	0.0	0.0		0.0	0.0
22.856168219862568	1	1	1	1	4	0	22.856168219862568	2.0	0	0.0			14.552750241652504	0.0	0.0	0.0	0.7285827694774977	0.0	0.0	0.0
22.856168219862568	2	1	1	2	4	0	22.856168219862568	2.0	0	0.0			14.552750241652504	0.0	0.0	0.0	0.7285827694774977	0.0	0.0	0.0
34.4665080713728	1	1	1	1	4	0	34.4665080713728	3.0	0	0.0			13.791431040067982	0.0	0.0	0.0	2.1993864847666735	0.0	0.0	0.0
34.4665080713728	2	1	1	2	4	0	34.4665080713728	3.0	0	0.0			13.791431040067982	0.0	0.0	0.0	2.1993864847666735	0.0	0.0	0.0
46.1993671861199	1	1	1	1	4	0	46.1993671861199	4.0	0	0.0			12.713098668736418	0.0	0.0	0.0	4.42587529936556	0.0	0.0	0.0
46.1993671861199	2	1	1	2	4	0	46.1993671861199	4.0	0	0.0			12.713098668736418	0.0	0.0	0.0	4.42587529936556	0.0	0.0	0.0
58.05546181511435	1	1	1	1	4	0	58.05546181511435	5.0	0	0.0			11.314922877436091	0.0	0.0	0.0	7.421310407022852	0.0	0.0	0.0
58.05546181511435	2	1	1	2	4	0	58.05546181511435	5.0	0	0.0			11.314922877436091	0.0	0.0	0.0	7.421310407022852	0.0	0.0	0.0
70.03547169202406	1	1	1	1	4	0	70.03547169202406	6.0	0	2.500826149469408e-05			10.075555122184273	0.0	1.2504130747347042	0.0	8.825142047449571	0.14168758621806754	1.2504130747347042	0.0
70.03547169202406	2	1	1	2	4	0	70.03547169202406	6.0	0	2.500826149469408e-05			10.075555122184273	0.0	1.2504130747347042	0.0	8.825142047449571	0.14168758621806754	1.2504130747347042	0.0
82.14003983175478	1	1	1	1	4	0	82.14003983175478	7.0	0	2.7530834346035467e-05	0.39441467026011373	1.509695463964935	10.291274724294496	0.0	1.3765417173017735	0.0	8.914733006992723	0.15441199598709388	1.3765417173017735	1.1259471756879809e-12
82.14003983175478	2	1	1	2	4	0	82.14003983175478	7.0	0	2.9473868879028328e-05	0.6656125783335024	0.9508653190638452	10.457434697086068	0.0	1.4736934439514169	0.0	8.98374125313465	0.16404005886046732	1.4736934439514169	1.6509325714979455e-12
94.36977233991071	1	1	1	1	4	0	94.36977233991071	8.0	0	3.547242407218918e-05	1.0167099978127685	0.9567349830449662	10.920694936051753	0.0	1.7736212036094592	0.0	9.147073732442292	0.19390039432161632	1.7736212036094592	2.4514675095036473e-12
94.36977233991071	2	1	1	2	4	0	94.36977233991071	8.0	0	3.615037998668648e-05	0.7654381289389981	2.9761293381909413	10.986589586735242	0.0	1.8075189993343248	0.0	9.179070587400915	0.1969174310322119	1.8075189993343248	2.1581055054911418e-12
106.72523823319248	1	1	1	1	4	0	106.72523823319248	9.0	0	4.591864129352595e-05	0.9690363472147764	1.3026008815230778	11.721853001215123	0.0	2.2959320646762977	0.0	9.425920936538823	0.24357641870051144	2.2959320646762977	3.067683622252936e-12
106.72523823319248	2	1	1	2	4	0	106.72523823319248	9.0	0	4.296199865813996e-05	0.5899915048256098	2.767180133140838	11.508997183650406	0.0	2.1480999329069985	0.0	9.360897250743406	0.2294758584959796	2.1480999329069985	2.2029696547452893e-12
119.20696927078512	1	1	1	1	4	0	119.20696927078512	10.0	0	6.182690058076339e-05	1.294043786620992	1.1409592930124923	12.926491882674885	0.0	3.09134502903817	0.0	9.835146853636717	0.3143161027529642	3.09134502903817	4.428289826541868e-12
119.20696927078512	2	1	1	2	4	0	119.20696927078512	10.0	0	5.557401659073675e-05	0.9274892748503021	1.016311650590756	12.464031100369535	0.0	2.7787008295368385	0.0	9.685330270832695	0.28689789112353514	2.7787008295368385	3.61774563865924e-12
131.81545979678634	1	1	1	1	4	0	131.81545979678634	11.0	0	7.822553215717704e-05	0.7958200821814815	0.9435786461183012	14.16756193004986	0.0	3.911276607858853	0.0	10.256285322191008	0.3813541145736479	3.911276607858853	5.043418062044973e-12
131.81545979678634	2	1	1	2	4	0	131.81545979678634	11.0	0	7.079573352729183e-05	0.8310975534281493	1.1511665023431878	13.616030696893818	0.0	3.5397866763645918	0.0	10.076244020529225	0.35130021356694724	3.5397866763645918	4.66282803393274e-12
144.55116659372186	1	1	1	1	4	0	144.55116659372186	12.0	0	0.00010463949426226934	1.1041009835470703	1.2628021579374809	16.183594874820475	0.0	5.231974713113468	0.0	10.951620161707007	0.477735224182389	5.231974713113468	7.688592863479194e-12
144.55116659372186	2	1	1	2	4	0	144.55116659372186	12.0	0	8.805220998318217e-05	0.7166531356995096	0.9532280329708978	14.933122956938606	0.0	4.402610499159108	0.0	10.530512457779494	0.4180813153026231	4.402610499159108	5.408258789315583e-12
157.41450874719058	1	1	1	1	4	0	157.41450874719058	13.0	0	0.00013502856986792526	0.8784307698014755	1.2744894181295876	18.541625128994934	0.0	6.751428493396263	0.0	11.790196635598669	0.5726306949802155	6.751428493396263	9.149053239705996e-12
157.41450874719058	2	1	1	2	4	0	157.41450874719058	13.0	0	0.00010791189887445423	0.6558860396841215	1.045869971298525	16.474128937238845	0.0	5.395594943722712	0.0	11.078533993516134	0.4870314923328808	5.395594943722712	6.3636349548659175e-12
170.4058675216809	1	1	1	1	4	0	170.4058675216809	14.0	0	0.0001758400421457531	0.8586147872139448	1.179230978617582	21.568723757011963	0.0	8.792002107287656	0.0	12.776721649724305	0.6881266062078899	8.792002107287656	1.1666029148434904e-11
170.4058675216809	2	1	1	2	4	0	170.4058675216809	14.0	0	0.0001377918171565521	0.7761585109001888	1.8849978282163529	18.690404278183575	0.0	6.8895908578276055	0.0	11.800813420355967	0.5838233867797041	6.8895908578276055	8.735178874969776e-12
183.52558624759342	1	1	1	1	4	0	183.52558624759342	15.0	0	0.00023670106928964457	1.0250124832962089	1.067542463946473	25.991856947504086	0.0	11.83505346448223	0.0	14.15680348302185	0.8359975808575659	11.83505346448223	1.8135640268042318e-11
183.52558624759342	2	1	1	2	4	0	183.52558624759342	15.0	0	0.00017548041083240517	0.741624018119361	1.1876023647031868	21.429458766970146	0.0	8.77402054162026	0.0	12.655438225349885	0.6933004124697297	8.77402054162026	1.1912925101556807e-11
196.77397021950497	1	1	1	1	4	0	196.77397021950497	16.0	0	0.00032161582343197015	1.0926945385086635	1.16726189185793	32.13087703078198	0.0	16.08079117159851	0.0	16.050085859183472	1.0019130933432028	16.08079117159851	4.66149770354376e-11
196.77397021950497	2	1	1	2	4	0	196.77397021950497	16.0	0	0.00021786044672029788	0.6233022112401249	1.3433029202957023	24.49337732945856	0.0	10.893022336014896	0.0	13.600354993443663	0.8009366182916625	10.893022336014896	2.091019908628661e-11
210.1512866057031	1	1	1	1	4	0	210.1512866057031	17.0	0	0.00041748476011055065	0.7902392492624999	1.1402844242468506	39.10643779381557	0.0	20.87423800552753	0.0	18.232199788288035	1.144910556483518	20.87423800552753	5.137853593662776e-11
210.1512866057031	2	1	1	2	4	0	210.1512866057031	17.0	0	0.0002789696529517569	0.7368805678544541	1.0503912366437893	28.939770457583585	0.0	13.948482647587849	0.0	14.991287809995734	0.9304392540771196	13.948482647587849	3.0998165403110985e-11
223.65776436901845	1	1	1	1	4	0	223.65776436901845	18.0	0	0.000539899484211453	0.788769509594581	1.3533624850371868	48.170829995404816	0.0	26.994974210572646	0.0	21.175855784832176	1.274799681527326	26.994974210572646	7.028604458242669e-11
223.65776436901845	2	1	1	2	4	0	223.65776436901845	18.0	0	0.00032841053776106187	0.4489587574360748	1.3725632324797792	32.600699108092485	0.0	16.420526888053093	0.0	16.180172220039395	1.0148548893513019	16.420526888053093	3.4173926422211126e-11
237.29359419897813	1	1	1	1	4	0	237.29359419897813	19.0	0	0.0006976400458586863	0.7985492496966814	1.1900125683937253	60.21029173849078	0.0	34.882002292934324	0.0	25.32828944555645	1.3771953438827254	34.882002292934324	8.824530784308311e-11
237.29359419897813	2	1	1	2	4	0	237.29359419897813	19.0	0	0.0004320468376774142	0.8882778140071602	1.1876981551139618	40.51068278640779	0.0	21.60234188387071	0.0	18.90834090253708	1.142476856918322	21.60234188387071	5.8194869453244176e-11
251.0589284553002	1	1	1	1	4	0	251.0589284553002	20.0	0	0.0008808349183554156	0.7345511016368568	1.1898320781537708	74.87486601920091	0.0	44.041745917770776	0.0	30.83312010143013	1.4283908269059025	44.041745917770776	1.0707796106578005e-10
251.0589284553002	2	1	1	2	4	0	251.0589284553002	20.0	0	0.0005432409281992523	0.7204128842685531	1.0118999679681486	49.411663353222586	0.0	27.16204640996261	0.0	22.24961694325998	1.2207871478969774	27.16204640996261	6.379746276149302e-11
264.95388112274634	1	1	1	1	4	0	264.95388112274634	21.0	0	0.001137299069192609	0.8441520200360296	1.0416674831951858	95.49262590858423	0.0	56.86495345963045	0.0	38.62767244895379	1.4721299486728616	56.86495345963045	1.5343966228552043e-10
264.95388112274634	2	1	1	2	4	0	264.95388112274634	21.0	0	0.0006991389537569537	0.8185221639570649	1.1679520879013887	61.944674488249	0.0	34.95694768784769	0.0	26.987726800401305	1.295290557310958	34.95694768784769	9.316526032472772e-11
278.9785277773454	1	1	1	1	4	0	278.9785277773454	22.0	0	0.0014633401519279182	0.8353901089886945	1.1643029817728918	122.35997132587799	0.0	73.16700759639592	0.0	49.192963729482095	1.4873470116325969	73.16700759639592	2.4844644705629887e-10
278.9785277773454	2	1	1	2	4	0	278.9785277773454	22.0	0	0.0009063306685755711	0.9478650930373106	1.2567368497645908	79.01826326096335	0.0	45.31653342877854	0.0	33.70172983218481	1.3446352354739284	45.31653342877854	1.4613468961286458e-10
293.1329055639992	1	1	1	1	4	0	293.1329055639992	23.0	0	0.0019055387356136555	0.8670459728469146	1.1177983413983212	158.15753552621743	0.0	95.27693678068277	0.0	62.880598745534655	1.5152040324273897	95.27693678068277	3.376054398955921e-10
293.1329055639992	2	1	1	2	4	0	293.1329055639992	23.0	0	0.0011906697205219454	0.9614874775770796	1.1719339420060686	102.03653116647017	0.0	59.53348602609725	0.0	42.50304514037292	1.400687546727032	59.53348602609725	2.1628356300500845e-10
307.41701318547484	1	1	1	1	4	0	307.41701318547484	24.0	0	0.002472158725448089	0.8399850908155435	1.127086667828986	204.0048569462968	0.0	123.60793627240446	0.0	80.39692067389234	1.5374710279487636	123.60793627240446	4.471791598438453e-10
307.41701318547484	2	1	1	2	4	0	307.41701318547484	24.0	0	0.0015510070960487775	0.8979851059858234	1.2089909506193208	131.19276245346344	0.0	77.55035480243886	0.0	53.64240765102457	1.445691164851316	77.55035480243886	2.726050379600363e-10
321.83081090278995	1	1	1	1	4	0	321.83081090278995	25.0	0	0.003112171007045356	0.8489260051500962	1.1550345399052235	267.45078585374307	0.0	155.60855035226783	0.0	100.96978665528624	1.5411397360234096	155.60855035226783	5.935186052722721e-10
321.83081090278995	2	1	1	2	4	0	321.83081090278995	25.0	0	0.0019723576243595906	0.7556010178063378	1.1290175461784873	165.80438512992947	0.0	98.6178812179795	0.0	67.18650391194996	1.467822783980863	98.6178812179795	3.597581242990707e-10
336.3742205469876	1	1	1	1	4	0	336.3742205469876	26.0	0	0.0037295903207147326	0.9014657753999704	1.1782364951538518	357.18900584441474	0.0	186.47951603573662	0.0	122.48786630972157	1.5224325613135141	186.47951603573662	7.844888358507665e-10
336.3742205469876	2	1	1	2	4	0	336.3742205469876	26.0	0	0.0024917478201526605	0.7548671612206184	1.1331558608078482	209.87549841233158	0.0	124.58739100763304	0.0	85.28810740469855	1.4607826905626642	124.58739100763304	4.3787663760998297e-10
351.0471255422998	1	1	1	1	4	0	351.0471255422998	27.0	0	0.004394934162381954	0.8053254096272877	1.1136744606379103	459.79334100043343	0.0	219.74670811909766	0.0	144.95194670311398	1.5159969432433769	219.74670811909766	9.024006365927703e-10
351.0471255422998	2	1	1	2	4	0	351.0471255422998	27.0	0	0.003155937893940131	0.7425244176037029	1.0719464660706723	265.5101276979192	0.0	157.79689469700656	0.0	107.7132330009126	1.4649722257957816	157.79689469700656	5.767290271435662e-10
365.84937094069124	1	1	1	1	4	0	365.84937094069124	28.0	0	0.005065651976548042	0.8270097975142244	1.1204951676239554	588.1507354756849	0.0	253.28259882740213	0.0	168.3618744744611	1.5043940299311809	253.28259882740213	1.319491721886741e-09
365.84937094069124	2	1	1	2	4	0	365.84937094069124	28.0	0	0.0038266557081062203	0.7935444698991141	1.0952404919231156	347.6582616492891	0.0	191.33278540531097	0.0	131.12316077225978	1.4591837496781048	191.33278540531097	8.812465940159069e-10
380.78076346777357	1	1	1	1	4	0	380.78076346777357	29.0	0	0.00572220295031989	0.8375109113532297	1.1479818947495108	742.0982796889659	0.0	286.11014751599447	0.0	192.7165247777601	1.484616577877458	286.11014751599447	1.6066268256709302e-09
380.78076346777357	2	1	1	2	4	0	380.78076346777357	29.0	0	0.004483206681878067	0.7332537147602434	1.1286880086481033	444.73486095943946	0.0	224.1603340939034	0.0	155.47781107555872	1.4417512862010031	224.1603340939034	1.0241283321125823e-09
395.84107158007737	1	1	1	1	4	0	395.84107158007737	30.0	0	0.006415925437769531	0.8397832187256897	1.1250776733012977	918.6713086209703	0.0	320.7962718884765	0.0	218.01377071141832	1.4714495824812368	320.7962718884765	1.7913987186669853e-09
395.84107158007737	2	1	1	2	4	0	395.84107158007737	30.0	0	0.0051769291693277075	0.7495735486387806	1.0980883421332148	565.3953330291913	0.0	258.8464584663854	0.0	180.77505700921697	1.4318704291886235	258.8464584663854	1.3581085614490082e-09
411.03002553366304	1	1	1	1	4	0	411.03002553366304	31.0	0	0.007116158262486148	0.8229881246254146	1.0748056044608825	1116.7239412891313	0.0	355.8079131243075	0.0	244.25045328842862	1.4567338907008855	355.8079131243075	2.0786513716685517e-09
411.03002553366304	2	1	1	2	4	0	411.03002553366304	31.0	0	0.005877161994044327	0.7633900494445736	1.105224186779712	710.9168756832629	0.0	293.85809970221635	0.0	207.01173958622726	1.4195238409646558	293.85809970221635	1.5721421833090024e-09
426.3473174640513	1	1	1	1	4	0	426.3473174640513	32.0	0	0.007790637527447974	0.8083804070063672	1.113016432022061	1336.5822831497514	0.0	389.53187637239853	0.0	271.4223520008968	1.4351503238433052	389.53187637239853	2.308834173492641e-09
426.3473174640513	2	1	1	2	4	0	426.3473174640513	32.0	0	0.006551641259006151	0.7598460489279792	1.0870833342624775	879.8067375022969	0.0	327.5820629503076	0.0	234.18363829869546	1.398825576928157	327.5820629503076	1.7619130286662375e-09
441.79260147745117	1	1	1	1	4	0	441.79260147745117	33.0	0	0.008515457267611978	0.8777009663998766	1.12874318172107	1591.101079634304	0.0	425.7728633805989	11.86334260539778	299.5241560327371	1.4611048797618995	437.63620598599675	2.6634225467525136e-09
441.79260147745117	2	1	1	2	4	0	441.79260147745117	33.0	0	0.0072764609991701566	0.7916049965391572	1.1350211387883538	1072.6341005134495	0.0	363.8230499585079	11.86334260539778	262.28544233053583	1.4323570123669327	375.6863925639057	2.1714629757434145e-09
457.365493753255	1	1	1	1	4	0	457.365493753255	34.0	0	0.00924084664686037	0.8047396937439528	1.0891733778548094	1848.4703900188376	0.0	462.0423323430185	33.638863238761594	328.5494361744818	1.5086959251956835	495.6811955817801	3.3357743775269054e-09
457.365493753255	2	1	1	2	4	0	457.365493753255	34.0	0	0.008001850378418548	0.8235063960605226	1.0543245763735078	1293.4164509673376	0.0	400.09251892092726	33.638863238761594	291.3107224722805	1.4888960436427474	433.73138215968885	2.733353520571266e-09
473.0655726577729	1	1	1	1	4	0	473.0655726577729	35.0	0	0.009930293347451134	0.7899120769957276	1.11149921290332	2123.937974178547	0.0	496.51466737255686	63.26574790347243	358.4906174941964	1.5614925132178434	559.7804152760292	3.5542396970473497e-09
473.0655726577729	2	1	1	2	4	0	473.0655726577729	35.0	0	0.008691297079009312	0.7875385034303699	1.0755527290832962	1528.1782443761795	0.0	434.56485395046565	63.26574790347243	321.251903791995	1.5496580595403244	497.830601853938	2.994516539346237e-09
488.8923788691719	1	1	1	1	4	0	488.8923788691719	36.0	0	0.010648750740346309	0.8463551029493394	1.082474647248579	2436.202684171392	0.0	532.4375370173155	98.57176754760937	389.33895281843024	1.6207196839592843	631.0093045649251	4.125841581587363e-09
488.8923788691719	2	1	1	2	4	0	488.8923788691719	36.0	0	0.009409754471904487	0.8346167928849327	1.0809153243184784	1798.808814433457	0.0	470.4877235952244	98.57176754760937	352.10023911622886	1.6161860400071646	569.0594911428337	3.5773789748123495e-09
504.8454155135833	1	1	1	1	4	0	504.8454155135833	37.0	0	0.011360299905880377	0.7897565383221182	1.0545932847696953	2753.8241988993373	7.015059303619688	568.0149952940186	137.2716074713363	421.0844970769851	1.6749289220125585	712.3016620689746	4.350429286416978e-09
504.8454155135833	2	1	1	2	4	0	504.8454155135833	37.0	0	0.010121303637438551	0.8166562152189643	1.0598986744628016	2086.2844071023083	7.015059303619688	506.0651818719276	137.2716074713363	383.84578337478376	1.6760293253374503	650.3518486468836	3.9059014858081255e-09
520.9241483123367	1	1	1	1	4	0	520.9241483123367	38.0	0	0.012027287085258274	0.8025733617839987	1.0710217982818506	3099.2905684463685	20.920301141753512	601.3643542629135	176.96529644246598	453.7160825650257	1.7154552827512586	799.2499518471328	4.888678144025663e-09
520.9241483123367	2	1	1	2	4	0	520.9241483123367	38.0	0	0.010788290816816449	0.8543003682877511	1.0916294654892924	2409.786044586752	20.920301141753512	539.4145408408225	176.96529644246598	416.47736886282433	1.720093073098633	737.300138425042	4.557285899011906e-09
537.1280057402779	1	1	1	1	4	0	537.1280057402779	39.0	0	0.012730910362752458	0.8167041925805139	1.0659609996196804	3469.0498884076815	41.57746167947757	636.5455181376227	228.13453234226182	487.22129517571136	1.7747172774294409	906.257512159362	5.391162812648946e-09
537.1280057402779	2	1	1	2	4	0	537.1280057402779	39.0	0	0.011491914094310636	0.7826233500106967	1.0675899450717157	2728.583249415224	41.57746167947757	574.5957047155317	228.13453234226182	449.98258147351004	1.7839140226921193	844.3076987372713	4.7278398755512605e-09
553.4563791951257	1	1	1	1	4	0	553.4563791951257	40.0	0	0.013413221787690846	0.8053698104743637	1.085459801178621	3855.176953720168	68.8346330571118	670.6610893845423	285.8563949510358	521.5864516560729	1.833861829229976	1025.3521173926897	5.822992438034238e-09
553.4563791951257	2	1	1	2	4	0	553.4563791951257	40.0	0	0.012174225519249023	0.7861938388923192	1.0719325990457558	3070.3589866586867	68.8346330571118	608.711275962451	285.8563949510358	484.3477379538714	1.8469533370643805	963.4023039705986	6.013903416931784e-09
569.9086231778117	1	1	1	1	4	0	569.9086231778117	41.0	0	0.014130794670395918	0.8243279435165146	1.0687402330749225	4276.359794431326	102.52601851334668	706.5397335197957	344.97084620866616	556.7965779383035	1.8885004351534929	1154.0365982418084	7.128809798839512e-09
569.9086231778117	2	1	1	2	4	0	569.9086231778117	41.0	0	0.012891798401954098	0.8157712353550742	1.0629440269360213	3437.739626186357	102.52601851334668	644.5899200977049	344.97084620866616	519.5578642361022	1.9046208986968307	1092.0867848197176	6.3845397425389734e-09
586.4840554837581	1	1	1	1	4	0	586.4840554837581	42.0	0	0.014867214065963478	0.8300565835450743	1.0610343127654809	4725.744508098416	142.47170017444452	743.3607032981737	400.0782610971759	592.835388597985	1.9287630029973484	1285.9106645697946	8.191393571684536e-09
586.4840554837581	2	1	1	2	4	0	586.4840554837581	42.0	0	0.013628217797521654	0.7975179342832918	1.0695391974401525	3833.2546363403353	142.47170017444452	681.4108898760828	400.0782610971759	555.5966748957837	1.9465363992254263	1223.9608511477034	6.817270843827584e-09
603.1819574050269	1	1	1	1	4	0	603.1819574050269	43.0	0	0.015580927121408131	0.8508928630153177	1.0327173247029156	5213.221075671819	188.47742008486333	779.0463560704065	445.5372001664082	629.6852674900038	1.944754974367024	1413.0609763216778	8.945043804319187e-09
603.1819574050269	2	1	1	2	4	0	603.1819574050269	43.0	0	0.01434193085296631	0.8056021855849937	1.054345171991352	4266.610455083965	188.47742008486333	717.0965426483154	445.5372001664082	592.4465537878025	1.9624280627196389	1351.1111628995868	7.803074763527158e-09
620.0015739432909	1	1	1	1	4	0	620.0015739432909	44.0	0	0.01622853907506833	0.8087751413087209	1.0648660186263363	5719.181773037873	240.3343750448304	811.4269537534165	486.7965064426599	667.3272496120624	1.945407535734189	1538.5578352409063	9.152046096268209e-09
620.0015739432909	2	1	1	2	4	0	620.0015739432909	44.0	0	0.01498954280662651	0.8219745996883352	1.077860982236553	4729.997951650084	240.3343750448304	749.4771403313256	486.7965064426599	630.0885359098611	1.9620633868362327	1476.6080218188156	8.340573729050151e-09
636.9421140335545	1	1	1	1	4	0	636.9421140335545	45.0	0	0.016896146843374458	0.7877137072694602	1.065274252619223	6225.573239900645	297.8190258094122	844.8073421687228	539.6599945120054	705.7410042447226	1.961721549908202	1682.2863624901404	9.493787854348793e-09
636.9421140335545	2	1	1	2	4	0	636.9421140335545	45.0	0	0.015657150574932634	0.8084474185098621	1.0700279769139225	5207.320923758932	297.8190258094122	782.8575287466319	539.6599945120054	668.5022905425213	1.9783290827400928	1620.3365490680496	8.42655948519353e-09
654.0027507785644	1	1	1	1	4	0	654.0027507785644	46.0	0	0.01758414388590732	0.7709692300085216	1.0206453414196743	6747.368646057636	360.69292119149117	879.2071942953661	598.4568926302895	744.9048194158613	1.9836951626711292	1838.3570081171465	1.0465277699470142e-08
654.0027507785644	2	1	1	2	4	0	654.0027507785644	46.0	0	0.016345147617465496	0.8157189447213495	1.032118962811595	5708.015681805338	360.69292119149117	817.257380873275	598.4568926302895	707.6661057136603	2.0005398903143154	1776.4071946950558	1.0640480833955116e-08
671.1826216938364	1	1	1	1	4	0	671.1826216938364	47.0	0	0.01832450156241868	0.7925293042972307	1.0377592900383277	7302.880331051365	428.702537597776	916.225078120934	657.2664508030814	784.7955877362486	2.0049698972732104	2002.194066521791	1.2273132148547789e-08
671.1826216938364	2	1	1	2	4	0	671.1826216938364	47.0	0	0.017085505293976854	0.8350574650073601	1.061280209737703	6239.773567020793	428.702537597776	854.2752646988429	657.2664508030814	747.5568740340474	2.0219755419345944	1940.2442530997	1.1124605872542312e-08
688.4808289632283	1	1	1	1	4	0	688.4808289632283	48.0	0	0.01907166154411825	0.8082534214224757	1.0362765819888822	7908.912573821426	501.57913451254234	953.5830772059127	709.916576233926	825.3887936516983	2.015413422418975	2165.0787879523805	1.3127947253815302e-08
688.4808289632283	2	1	1	2	4	0	688.4808289632283	48.0	0	0.017832665275676427	0.8295092910735308	1.0612796539034215	6803.4887935815	501.57913451254234	891.6332637838216	709.916576233926	788.1500799494971	2.032036639671941	2103.1289745302897	1.2524104761862466e-08
705.8964397049822	1	1	1	1	4	0	705.8964397049822	49.0	0	0.01977815561472249	0.7793388479290229	1.040465456776746	8526.279801368619	579.0386264282525	988.9077807361248	752.8416297505372	866.6585021558795	2.009729791092947	2320.7880369149148	1.3585938452283475e-08
705.8964397049822	2	1	1	2	4	0	705.8964397049822	49.0	0	0.01853915934628067	0.8098411623136055	1.0396502700954555	7387.472939956676	579.0386264282525	926.9579673140337	752.8416297505372	829.4197884536783	2.0252707018195104	2258.8382234928235	1.2360168061033586e-08
723.4284862481575	1	1	1	1	4	0	723.4284862481575	50.0	0	0.02053486902212301	0.7710274553465789	1.032991369716261	9152.473734468018	660.7814717055172	1026.7434511061504	810.4757308638319	908.5773490064051	2.022083407625244	2498.0006536755	1.4356772515413994e-08
723.4284862481575	2	1	1	2	4	0	723.4284862481575	50.0	0	0.019295872753681186	0.7944896018898505	1.0503330876365682	7993.753321123232	660.7814717055172	964.7936376840595	810.4757308638319	871.338635304204	2.0374046284864957	2436.050840253409	1.3590053580851087e-08
741.0759664193733	1	1	1	1	4	0	741.0759664193733	51.0	0	0.02126990796866885	0.7576692514916081	1.027122218845805	9796.997852294317	746.4925788270981	1063.4953984334427	876.5594057224796	951.1165324852685	2.039765620608609	2686.5473829830207	1.6407421143104358e-08
741.0759664193733	2	1	1	2	4	0	741.0759664193733	51.0	0	0.020030911700227028	0.7769895007658367	1.0272917999312785	8612.74108721742	746.4925788270981	1001.5455850113516	876.5594057224796	913.8778187830674	2.055094184510072	2624.597569560929	1.5054700949164297e-08
758.8378438397727	1	1	1	1	4	0	758.8378438397727	52.0	0	0.022075108966370573	0.7787324136984765	1.0368897312714822	10476.420640745295	835.8412304917856	1103.755448318529	944.5756310611807	994.2458067430288	2.060185786540731	2884.172309871496	1.765220395404569e-08
758.8378438397727	2	1	1	2	4	0	758.8378438397727	52.0	0	0.020836112697928757	0.7800861812913367	1.0247749162725752	9264.29468761842	835.8412304917856	1041.8056348964376	944.5756310611807	957.0070930408274	2.0756181227936588	2822.2224964494044	1.7153611483244818e-08
776.7130482321257	1	1	1	1	4	0	776.7130482321257	53.0	0	0.022900351150557687	0.7730442293544882	1.0247106427718429	11184.918949189363	928.4810259740648	1145.0175575278845	1007.7495086544756	1037.9334767644104	2.0740896351982627	3081.248092156425	1.8365836096791108e-08
776.7130482321257	2	1	1	2	4	0	776.7130482321257	53.0	0	0.021661354882115864	0.7760566345930867	1.0422522075766387	9943.130004696835	928.4810259740648	1083.0677441057935	1007.7495086544756	1000.6947630622093	2.0893656386910577	3019.298278734334	1.707762280812189e-08
794.7004757379742	1	1	1	1	4	0	794.7004757379742	54.0	0	0.02369355953478616	0.7716416516326633	1.0207035622077751	11933.758562514355	1024.0498421545199	1184.6779767393075	1059.048258242922	1082.1463949911354	2.073403603586009	3267.7760771367507	1.9800455300127e-08
794.7004757379742	2	1	1	2	4	0	794.7004757379742	54.0	0	0.02245456326634433	0.7806752892608676	1.0353734130126415	10656.331155100612	1024.0498421545199	1122.7281633172167	1059.048258242922	1044.907681288934	2.088008788363804	3205.826263714659	1.8497566277742833e-08
812.7989892447298	1	1	1	1	4	0	812.7989892447298	55.0	0	0.02454976923056921	0.7782808848594648	1.0137415523303464	12717.647724956652	1122.1698136039506	1227.4884615284607	1118.4605119973603	1126.8499596358745	2.0818645405852267	3468.1187871297716	2.0710145334418082e-08
812.7989892447298	2	1	1	2	4	0	812.7989892447298	55.0	0	0.023310772962127392	0.7557261052627211	1.0282886938844618	11380.142943965751	1122.1698136039506	1165.5386481063695	1118.4605119973603	1089.6112459336728	2.096159679543875	3406.168973707681	1.9346356677002628e-08
831.0074187226242	1	1	1	1	4	0	831.0074187226242	56.0	0	0.025388594132968637	0.7490682838514902	1.0234512544506498	13502.751705244575	1222.4473320812006	1269.4297066484316	1185.9135452722826	1172.0081147191945	2.094988269350847	3677.7905840019152	2.3674419561346064e-08
831.0074187226242	2	1	1	2	4	0	831.0074187226242	56.0	0	0.02414959786452681	0.7650650048462784	1.0255557632778811	12137.7205070476	1222.4473320812006	1207.479893226341	1185.9135452722826	1134.769401016993	2.109145202852348	3615.840770579824	2.2404672456893515e-08
849.3245615714155	1	1	1	1	4	0	849.3245615714155	57.0	0	0.026214973978476604	0.7691885370905341	1.0508704672686602	14338.754685997856	1324.473065780785	1310.7486989238305	1254.223101530684	1217.5833518592706	2.106608797285014	3889.4448662353	2.4538698688369044e-08
849.3245615714155	2	1	1	2	4	0	849.3245615714155	57.0	0	0.02497597771003478	0.7633887704853569	1.0115858145942345	12934.29983886168	1324.473065780785	1248.7988855017393	1254.223101530684	1180.3446381570689	2.1205857222688085	3827.4950528132094	2.2807938780588323e-08
867.7491829767432	1	1	1	1	4	0	867.7491829767432	58.0	0	0.02705159416145873	0.7511442315116377	1.0151982163099678	15186.666576589612	1427.8219986415347	1352.5797080729365	1315.9445103417586	1263.5367138419492	2.111948302871783	4096.34621705623	2.5751863886887896e-08
867.7491829767432	2	1	1	2	4	0	867.7491829767432	58.0	0	0.02581259789301691	0.7552639151115611	1.025091913144741	13763.496472596682	1427.8219986415347	1290.6298946508452	1315.9445103417586	1226.2980001397475	2.1255636107174283	4034.396403634139	2.4510229965214246e-08
886.2800162760308	1	1	1	1	4	0	886.2800162760308	59.0	0	0.027841284946805392	0.7482848009579792	1.0104576275203558	16084.407906418823	1532.0534900017474	1392.0642473402695	1363.3739103596945	1309.827799996492	2.10366443413962	4287.491647701712	2.7137802373317378e-08
886.2800162760308	2	1	1	2	4	0	886.2800162760308	59.0	0	0.02660228867836357	0.7522938273788312	1.0343579621278258	14629.56332535921	1532.0534900017474	1330.1144339181785	1363.3739103596945	1272.5890862942904	2.116542074175068	4225.54183427962	2.6050585028359275e-08
