11.247441493196291	1	1	1	1	4	0	11.247441493196291	1.0	0	0.0			15.0	0.0	0.0	0.0	0.0		0.0	0.0
11.247441493196291	2	1	1	2	4	0	11.247441493196291	1.0	0	0.0			15.0	0.0	0.0	0.0	0.0		0.0	0.0
11.367595075476835	1	1	1	1	4	0	11.367595075476835	1.0	0	0.0			15.0	0.0	0.0	0.0	0.0		0.0	0.0
11.367595075476835	2	1	1	2	4	0	11.367595075476835	1.0	0	0.0			15.0	0.0	0.0	0.0	0.0		0.0	0.0
22.856168219862568	1	1	1	1	4	0	22.856168219862568	2.0	0	0.0			14.552750241652504	0.0	0.0	0.0	0.7285827694774977	0.0	0.0	0.0
22.856168219862568	2	1	1	2	4	0	22.856168219862568	2.0	0	0.0			14.552750241652504	0.0	0.0	0.0	0.7285827694774977	0.0	0.0	0.0
34.4665080713728	1	1	1	1	4	0	34.4665080713728	3.0	0	0.0			13.791431040067982	0.0	0.0	0.0	2.1993864847666735	0.0	0.0	0.0
34.4665080713728	2	1	1	2	4	0	34.4665080713728	3.0	0	0.0			13.791431040067982	0.0	0.0	0.0	2.1993864847666735	0.0	0.0	0.0
46.1993671861199	1	1	1	1	4	0	46.1993671861199	4.0	0	0.0			12.713098668736418	0.0	0.0	0.0	4.42587529936556	0.0	0.0	0.0
46.1993671861199	2	1	1	2	4	0	46.1993671861199	4.0	0	0.0			12.713098668736418	0.0	0.0	0.0	4.42587529936556	0.0	0.0	0.0
58.05546181511435	1	1	1	1	4	0	58.05546181511435	5.0	0	0.0			11.314922877436091	0.0	0.0	0.0	7.421310407022852	0.0	0.0	0.0
58.05546181511435	2	1	1	2	4	0	58.05546181511435	5.0	0	0.0			11.314922877436091	0.0	0.0	0.0	7.421310407022852	0.0	0.0	0.0
70.03547169202406	1	1	1	1	4	0	70.03547169202406	6.0	0	2.500826149469408e-05			10.075555122184273	0.0	1.2504130747347042	0.0	8.825142047449571	0.14168758621806754	1.2504130747347042	0.0
70.03547169202406	2	1	1	2	4	0	70.03547169202406	6.0	0	2.500826149469408e-05			10.075555122184273	0.0	1.2504130747347042	0.0	8.825142047449571	0.14168758621806754	1.2504130747347042	0.0
82.14003983175478	1	1	1	1	4	0	82.14003983175478	7.0	0	3.0330614372999126e-05	0.8000366897129826	1.0576394894533925	10.530699894152956	0.0	1.5165307186499566	0.0	9.014169175503	0.16823854635114865	1.5165307186499566	1.8825791455931712e-12
82.14003983175478	2	1	1	2	4	0	82.14003983175478	7.0	0	3.13339968817451e-05	0.9721122338028592	1.0029913315169228	10.616504859284463	0.0	1.5666998440872557	0.0	9.049805015197212	0.17311973478503884	1.5666998440872557	2.153932997342333e-12
94.36977233991071	1	1	1	1	4	0	94.36977233991071	8.0	0	3.594444255936192e-05	0.6172538789531462	1.865598726144931	10.975630575247287	0.0	1.7972221279680964	0.0	9.178408447279194	0.1958097788185551	1.7972221279680964	1.9029411710843744e-12
94.36977233991071	2	1	1	2	4	0	94.36977233991071	8.0	0	4.001464561241028e-05	0.9571959841433969	1.6186046278655848	11.304500078207953	0.0	2.0007322806205146	0.0	9.303767797587435	0.2150453799093444	2.0007322806205146	2.6790892947227768e-12
106.72523823319248	1	1	1	1	4	0	106.72523823319248	9.0	0	4.883147695210983e-05	1.6136384367361671	1.3060129071385522	11.96398371026534	0.0	2.4415738476054916	0.0	9.522409862659847	0.2564029361075516	2.4415738476054916	3.6595335620791625e-12
106.72523823319248	2	1	1	2	4	0	106.72523823319248	9.0	0	5.177655478514449e-05	0.9585682921066347	2.188670242668312	12.206563303181673	0.0	2.588827739257225	0.0	9.617735563924443	0.26917227262597704	2.588827739257225	3.435215831903048e-12
119.20696927078512	1	1	1	1	4	0	119.20696927078512	10.0	0	6.089678941393994e-05	0.7518478139338638	1.1438999611732987	12.877618838160313	0.0	3.044839470696997	0.0	9.832779367463312	0.30966213691038136	3.044839470696997	3.5546305426178667e-12
119.20696927078512	2	1	1	2	4	0	119.20696927078512	10.0	0	6.0181700653169827e-05	0.4803606125167633	1.5467486493921514	12.843035549085231	0.0	3.0090850326584917	0.0	9.83395051642674	0.3059894421506478	3.0090850326584917	2.7250133663147028e-12
131.81545979678634	1	1	1	1	4	0	131.81545979678634	11.0	0	8.137559203351072e-05	1.1042681255725426	1.1176148664578809	14.427481606820171	0.0	4.068779601675536	0.0	10.358702005144636	0.3927885559073697	4.068779601675536	5.985615219504001e-12
131.81545979678634	2	1	1	2	4	0	131.81545979678634	11.0	0	6.963839487610055e-05	0.4546765772525414	0.9564106674238538	13.558730629651823	0.0	3.4819197438050287	0.0	10.076810885846797	0.3455378674115534	3.4819197438050287	3.388748779791483e-12
144.55116659372186	1	1	1	1	4	0	144.55116659372186	12.0	0	0.00010286350322619432	0.781956356347183	1.3250327266666349	16.067536086583498	0.0	5.143175161309716	0.0	10.924360925273778	0.4707987219106659	5.143175161309716	6.581765322136711e-12
144.55116659372186	2	1	1	2	4	0	144.55116659372186	12.0	0	8.991606878536006e-05	0.8848972677357707	1.1841125094629077	15.106414331238625	0.0	4.495803439268004	0.0	10.61061089197062	0.4237082562956029	4.495803439268004	6.1007870249091586e-12
157.41450874719058	1	1	1	1	4	0	157.41450874719058	13.0	0	0.00013706670754101406	1.0664525412232086	1.3837002691931526	18.7215223943817	0.0	6.853335377050702	0.0	11.868187017331	0.5774542789933157	6.853335377050702	1.0028397989550664e-11
157.41450874719058	2	1	1	2	4	0	157.41450874719058	13.0	0	0.00010697734950343916	0.5425244854972512	1.1663971638309092	16.43027875641075	0.0	5.348867475171958	0.0	11.081411281238788	0.4826882911771153	5.348867475171958	5.729187966386012e-12
170.4058675216809	1	1	1	1	4	0	170.4058675216809	14.0	0	0.00017659571076967268	0.8104029854860111	1.4603751845406576	21.653496782018813	0.0	8.829785538483636	0.0	12.82371124353518	0.6885514942435247	8.829785538483636	1.140997527025528e-11
170.4058675216809	2	1	1	2	4	0	170.4058675216809	14.0	0	0.0001412711303530337	0.929425119451798	1.2256883341295746	18.973942367775308	0.0	7.063556517651687	0.0	11.91038585012362	0.5930585798425978	7.063556517651687	9.72032192612982e-12
183.52558624759342	1	1	1	1	4	0	183.52558624759342	15.0	0	0.00023641100191791205	0.9653823349851892	1.0886661753978697	26.00063011171455	0.0	11.820550095895605	0.0	14.18008001581894	0.8336024960866862	11.820550095895605	1.7889465081012186e-11
183.52558624759342	2	1	1	2	4	0	183.52558624759342	15.0	0	0.0001726870656631994	0.5840411052166776	1.1138027112146822	21.25712542763752	0.0	8.634353283159971	0.0	12.622772144477546	0.6840298774574247	8.634353283159971	1.0585867982632351e-11
196.77397021950497	1	1	1	1	4	0	196.77397021950497	16.0	0	0.00031962269897441625	1.0592489048600813	1.2987501363368346	32.01652551826898	0.0	15.981134948720813	0.0	16.035390569548163	0.9966165076808052	15.981134948720813	4.5950955613124793e-11
196.77397021950497	2	1	1	2	4	0	196.77397021950497	16.0	0	0.0002296251360916814	0.9042982902403924	1.2225897430150439	25.373535601512273	0.0	11.481256804584069	0.0	13.892278796928206	0.8264487757849168	11.481256804584069	2.949740660141706e-11
210.1512866057031	1	1	1	1	4	0	210.1512866057031	17.0	0	0.00042307360442510767	0.8754401642093999	1.0345117799956485	39.543761158542544	0.0	21.153680221255385	0.0	18.39008093728716	1.1502766243059237	21.153680221255385	5.116636643857578e-11
210.1512866057031	2	1	1	2	4	0	210.1512866057031	17.0	0	0.0002948688324961594	0.75087283267169	1.2379827429998036	30.12076013994857	0.0	14.743441624807975	0.0	15.377318515140596	0.958778450891259	14.743441624807975	3.6890233081084884e-11
223.65776436901845	1	1	1	1	4	0	223.65776436901845	18.0	0	0.0005424699841084458	0.7509297772422711	1.2807466037626438	48.384655265427725	0.0	27.123499205422302	0.0	21.261156060005423	1.275730215651095	27.123499205422302	6.034505847941132e-11
223.65776436901845	2	1	1	2	4	0	223.65776436901845	18.0	0	0.00037083579654582016	0.6934743473862458	1.1009358236248732	35.74585435608691	0.0	18.54178982729101	0.0	17.2040645287959	1.0777563520676203	18.54178982729101	3.429233110255737e-11
237.29359419897813	1	1	1	1	4	0	237.29359419897813	19.0	0	0.0007130807818119889	0.9027856000844816	1.1725490781424548	61.40643070770635	0.0	35.65403909059944	0.0	25.75239161710689	1.384494287781607	35.65403909059944	9.604256936118186e-11
237.29359419897813	2	1	1	2	4	0	237.29359419897813	19.0	0	0.0004915126198339424	0.9282120512705244	1.3236054427929729	44.95644662279685	0.0	24.57563099169712	0.0	20.380815631099725	1.2058217608424069	24.57563099169712	6.686224829968581e-11
251.0589284553002	1	1	1	1	4	0	251.0589284553002	20.0	0	0.0008987866197924891	0.7300362041180937	1.0344845852553952	76.27200537315004	0.0	44.93933098962445	0.0	31.332674383525585	1.434264130777586	44.93933098962445	1.060467809370968e-10
251.0589284553002	2	1	1	2	4	0	251.0589284553002	20.0	0	0.0006021664413726691	0.6136126625749884	1.1608500337222254	53.814179174389274	0.0	30.108322068633466	0.0	23.70585710575581	1.270079454807948	30.108322068633466	6.623679972338094e-11
264.95388112274634	1	1	1	1	4	0	264.95388112274634	21.0	0	0.0011931061535231373	1.0098516922323248	1.1755682398661949	99.9330490605617	0.0	59.65530767615685	0.0	40.27774138440482	1.4810986322896162	59.65530767615685	1.694220160958527e-10
264.95388112274634	2	1	1	2	4	0	264.95388112274634	21.0	0	0.0007851221901791624	0.8787858200933107	1.2353295496608123	68.52242470095103	0.0	39.25610950895813	0.0	29.266315191992913	1.3413410349553798	39.25610950895813	1.0714274986906854e-10
278.9785277773454	1	1	1	1	4	0	278.9785277773454	22.0	0	0.0015499287490412393	0.8879472303499917	1.182457114254102	129.33693842950694	0.0	77.49643745206198	0.0	51.84050097744493	1.4949013993089992	77.49643745206198	2.3540816682381146e-10
278.9785277773454	2	1	1	2	4	0	278.9785277773454	22.0	0	0.001003583528325018	0.8036257243818021	1.070181431076861	86.52468436420321	0.0	50.179176416250904	0.0	36.34550794795229	1.3806156317338802	50.179176416250904	1.8131959910554368e-10
293.1329055639992	1	1	1	1	4	0	293.1329055639992	23.0	0	0.0019634417964786515	0.7382892928658649	1.1364594471405922	162.8123054013714	0.0	98.17208982393257	0.0	64.64021557743878	1.5187463245125277	98.17208982393257	3.443224800422811e-10
293.1329055639992	2	1	1	2	4	0	293.1329055639992	23.0	0	0.0013135223016622686	0.8998108914754478	1.1535689001919758	111.61534169792219	0.0	65.67611508311346	0.0	45.939226614808724	1.4296304035284404	65.67611508311346	2.23913078641991e-10
307.41701318547484	1	1	1	1	4	0	307.41701318547484	24.0	0	0.00253787233741008	0.8205020661714828	1.1812659845766735	209.2916074310944	0.0	126.893616870504	0.0	82.39799056059044	1.5400086337930077	126.893616870504	4.836401532046874e-10
307.41701318547484	2	1	1	2	4	0	307.41701318547484	24.0	0	0.0017353720323569962	0.9258551174665683	1.1860215586485283	145.74876540538162	0.0	86.76860161784981	0.0	58.98016378753179	1.4711488752459587	86.76860161784981	3.3765165945862385e-10
321.83081090278995	1	1	1	1	4	0	321.83081090278995	25.0	0	0.003177884619007347	0.8112578552780247	1.1100310275404297	272.4486268561567	0.0	158.8942309503674	0.0	102.9708565419843	1.543099050415118	158.8942309503674	6.134492053909673e-10
321.83081090278995	2	1	1	2	4	0	321.83081090278995	25.0	0	0.002235024097849416	0.8516434803834801	1.1658898140945444	186.79242762569726	0.0	111.75120489247084	0.0	75.04122273322639	1.4891975479897157	111.75120489247084	3.962149048390664e-10
336.3742205469876	1	1	1	1	4	0	336.3742205469876	26.0	0	0.0037953039326767244	0.7983858170371502	1.0666693931759348	356.3516538784471	0.0	189.76519663383618	0.0	124.48893619641964	1.5243539099283745	189.76519663383618	7.445243367754825e-10
336.3742205469876	2	1	1	2	4	0	336.3742205469876	26.0	0	0.002852443411518793	0.8490931626630137	1.1654149838839898	242.93334375038293	0.0	142.6221705759397	0.0	96.55930238766173	1.4770422636583158	142.6221705759397	5.483154204943732e-10
351.0471255422998	1	1	1	1	4	0	351.0471255422998	27.0	0	0.004460647774343946	0.9240944868285323	1.1132348733306372	475.58131447624015	0.0	223.0323887171972	0.0	146.95301658981202	1.5177122177746407	223.0323887171972	9.889632307419566e-10
351.0471255422998	2	1	1	2	4	0	351.0471255422998	27.0	0	0.003517787253186014	0.8627824275144024	1.089915059246901	320.7823118110925	0.0	175.8893626593007	0.0	119.02338278105414	1.4777714979152683	175.8893626593007	6.971473745710251e-10
365.84937094069124	1	1	1	1	4	0	365.84937094069124	28.0	0	0.005131365588510033	0.8256173063236985	1.130293753524008	605.36433284353	0.0	256.56827942550166	0.0	170.36294436115918	1.5060098919257483	256.56827942550166	1.2099282991528346e-09
365.84937094069124	2	1	1	2	4	0	365.84937094069124	28.0	0	0.004188505067352103	0.8290779250199042	1.1238775504298228	419.37753163759567	0.0	209.42525336760517	0.0	142.43331055240128	1.470339013783981	209.42525336760517	1.1836734413430867e-09
380.78076346777357	1	1	1	1	4	0	380.78076346777357	29.0	0	0.005787916562281881	0.8685022252764201	1.1121900014771018	766.2803718938193	0.0	289.39582811409406	0.0	194.71759466445815	1.4862335815763723	289.39582811409406	1.5738330401195911e-09
380.78076346777357	2	1	1	2	4	0	380.78076346777357	29.0	0	0.00484505604112395	0.8442324536599286	1.1317173456315963	543.0465082076644	0.0	242.2528020561976	0.0	166.78796085570025	1.4524597627630158	242.2528020561976	1.2106488068289893e-09
395.84107158007737	1	1	1	1	4	0	395.84107158007737	30.0	0	0.006481639049731522	0.7979395051062372	1.1099813539336774	937.0283831809872	0.0	324.0819524865761	0.0	220.01484059811642	1.4730004194514799	324.0819524865761	1.7524917708348331e-09
395.84107158007737	2	1	1	2	4	0	395.84107158007737	30.0	0	0.0055387785285735906	0.7523597054453324	1.1170012105501101	675.3183501692151	0.0	276.93892642867957	0.0	192.0852067893585	1.4417504140877024	276.93892642867957	1.4557236162200454e-09
411.03002553366304	1	1	1	1	4	0	411.03002553366304	31.0	0	0.007181871874448141	0.8410084738160316	1.0882273916854013	1139.7533526204825	0.0	359.093593722407	0.0	246.2515231751267	1.4582390764219981	359.093593722407	2.0650565613369487e-09
411.03002553366304	2	1	1	2	4	0	411.03002553366304	31.0	0	0.0062390113532902105	0.7890154941248302	1.082876956508506	836.9830904068558	0.0	311.9505676645105	0.0	218.32188936636882	1.4288561196033909	311.9505676645105	1.6647500038316192e-09
426.3473174640513	1	1	1	1	4	0	426.3473174640513	32.0	0	0.007856351139409964	0.8665365481777885	1.0992395849906431	1373.1495778346905	0.0	392.8175569704982	0.0	273.4234218875949	1.4366638902353672	392.8175569704982	2.359527880130836e-09
426.3473174640513	2	1	1	2	4	0	426.3473174640513	32.0	0	0.006913490618252034	0.8297740114029089	1.1111840604227965	1031.680167405948	0.0	345.6745309126016	0.0	245.493788078837	1.408078524584064	345.6745309126016	1.9656530185958782e-09
441.79260147745117	1	1	1	1	4	0	441.79260147745117	33.0	0	0.00858117087957397	0.8269131699663468	1.0904853030553927	1616.2024666114194	0.0	429.05854397869837	11.86334260539778	301.52522591943523	1.4623051362936597	440.9218865840962	2.499172390029057e-09
441.79260147745117	2	1	1	2	4	0	441.79260147745117	33.0	0	0.0076383103584160405	0.8395451236060657	1.1041399464714894	1247.023428973403	0.0	381.91551792080185	11.86334260539778	273.5955921106773	1.4392734089330828	393.7788605261997	2.291262893069405e-09
457.365493753255	1	1	1	1	4	0	457.365493753255	34.0	0	0.00930656025882236	0.8452899815682868	1.0680119717516474	1884.9962985722968	0.0	465.328012941118	33.638863238761594	330.55050606118	1.5095026842510058	498.96687617987953	3.274861869923674e-09
457.365493753255	2	1	1	2	4	0	457.365493753255	34.0	0	0.00836369973766443	0.8259015537162293	1.1421575299951363	1481.0769623015829	0.0	418.18498688322137	33.638863238761594	302.6208722524221	1.4930359785134313	451.823850121983	3.1645723565617784e-09
473.0655726577729	1	1	1	1	4	0	473.0655726577729	35.0	0	0.009996006959413124	0.8412121963188767	1.0839618660147758	2177.2174922276845	0.0	499.8003479706562	63.26574790347243	360.49168738089446	1.5619391946732872	563.0660958741287	3.6238914770636415e-09
473.0655726577729	2	1	1	2	4	0	473.0655726577729	35.0	0	0.009053146438255194	0.8460030620935169	1.0984295982490733	1740.7033332671062	0.0	452.6573219127597	63.26574790347243	332.5620535721365	1.5513588043932454	515.9230698162321	3.14731900014133e-09
488.8923788691719	1	1	1	1	4	0	488.8923788691719	36.0	0	0.010714464352308302	0.8319162563795195	1.04723545110663	2486.5353582606917	0.0	535.7232176154151	98.57176754760937	391.3400227051284	1.6208283036794342	634.2949851630245	3.837574861210058e-09
488.8923788691719	2	1	1	2	4	0	488.8923788691719	36.0	0	0.009771603831150373	0.8243374486639345	1.073744794472478	2019.6447076221991	0.0	488.58019155751856	98.57176754760937	363.41038889637036	1.6156719154018444	587.1519591051281	3.6281740438943958e-09
504.8454155135833	1	1	1	1	4	0	504.8454155135833	37.0	0	0.011426013517842363	0.83057646064925	1.0620269694539823	2820.0401310064763	7.015059303619688	571.3006758921182	137.2716074713363	423.08556696368316	1.6747729979271	715.5873426670743	4.627928417400294e-09
504.8454155135833	2	1	1	2	4	0	504.8454155135833	37.0	0	0.010483152996684434	0.822346359893895	1.0931949558077525	2321.049670942252	7.015059303619688	524.1576498342217	137.2716074713363	395.1559331549252	1.6738436698260009	668.4443166091778	4.096111830627372e-09
520.9241483123367	1	1	1	1	4	0	520.9241483123367	38.0	0	0.012093000697220264	0.8436283903615674	1.0763699058033842	3181.972229833172	20.920301141753512	604.6500348610131	176.96529644246598	455.7171524517238	1.71513257093451	802.5356324452325	4.7756543298905295e-09
520.9241483123367	2	1	1	2	4	0	520.9241483123367	38.0	0	0.01115014017606233	0.7954355673661132	1.0719653238750892	2637.699154465802	20.920301141753512	557.5070088031166	176.96529644246598	427.7875186429658	1.7169091505415748	755.3926063873362	4.44644289840599e-09
537.1280057402779	1	1	1	1	4	0	537.1280057402779	39.0	0	0.012796623974714452	0.8320303579379311	1.0580128551469516	3560.7322672747723	41.57746167947757	639.8311987357223	228.13453234226182	489.2223650624095	1.7741742672930718	909.5431927574617	5.325173086911025e-09
537.1280057402779	2	1	1	2	4	0	537.1280057402779	39.0	0	0.01185376345355652	0.8226124547394783	1.0947160681049597	2982.280132432072	41.57746167947757	592.6881726778261	228.13453234226182	461.2927312536515	1.7793965727345074	862.4001666995653	4.965929948273474e-09
553.4563791951257	1	1	1	1	4	0	553.4563791951257	40.0	0	0.013478935399652836	0.817848787647567	1.0261223809735804	3955.850816970508	68.8346330571118	673.9467699826417	285.8563949510358	523.5875215427708	1.8331284177773763	1028.6377979907893	6.225474055394058e-09
553.4563791951257	2	1	1	2	4	0	553.4563791951257	40.0	0	0.012536074878494908	0.8045652061154807	1.077228150659524	3340.5403089275	68.8346330571118	626.8037439247453	285.8563949510358	495.6578877340129	1.8413106327192068	981.4947719328927	5.7516409266738604e-09
569.9086231778117	1	1	1	1	4	0	569.9086231778117	41.0	0	0.014196508282357913	0.8470391946312421	1.056401338688478	4386.91452812141	102.52601851334668	709.8254141178955	344.97084620866616	558.7976478250016	1.887617573968192	1157.3222788399084	7.918536688370872e-09
569.9086231778117	2	1	1	2	4	0	569.9086231778117	41.0	0	0.01325364776119998	0.7754020328034983	1.0655347745301396	3706.435496427037	102.52601851334668	662.6823880599992	344.97084620866616	530.8680140162437	1.89812384182904	1110.179252782012	6.327835133196673e-09
586.4840554837581	1	1	1	1	4	0	586.4840554837581	42.0	0	0.01493292767792547	0.8567986581021229	1.0664738629744055	4852.546925560271	142.47170017444452	746.6463838962735	400.0782610971759	594.8364584846831	1.927798184924096	1289.196345167894	8.334615940209744e-09
586.4840554837581	2	1	1	2	4	0	586.4840554837581	42.0	0	0.01399006715676754	0.8062829077506395	1.081705407128951	4110.210740176681	142.47170017444452	699.503357838377	400.0782610971759	566.9068246759252	1.9396161257436504	1242.0533191099976	7.097018248103554e-09
603.1819574050269	1	1	1	1	4	0	603.1819574050269	43.0	0	0.015646640733370125	0.8710877222307293	1.0837804436232488	5360.220428732395	188.47742008486333	782.332036668506	445.5372001664082	631.6863373767019	1.943795779934184	1416.3466569197776	9.287065565099404e-09
603.1819574050269	2	1	1	2	4	0	603.1819574050269	43.0	0	0.014703780212212194	0.8085112865819765	1.0865111254552338	4550.889870008363	188.47742008486333	735.1890106106096	445.5372001664082	603.756703567944	1.955632465526976	1369.203630861881	7.988053954993436e-09
620.0015739432909	1	1	1	1	4	0	620.0015739432909	44.0	0	0.01629425268703032	0.841705526207677	1.0662783007824057	5879.6443370899415	240.3343750448304	814.7126343515159	486.7965064426599	669.3283194987605	1.944500333959926	1541.8435158390064	9.253932304143291e-09
620.0015739432909	2	1	1	2	4	0	620.0015739432909	44.0	0	0.01535139216587239	0.7940790288806537	1.0483879321277023	5019.796181959513	240.3343750448304	767.5696082936197	486.7965064426599	641.3986856900026	1.9556730356983196	1494.7004897811096	8.611159059869216e-09
636.9421140335545	1	1	1	1	4	0	636.9421140335545	45.0	0	0.016961860455336448	0.8554667619438225	1.0549393931427629	6428.728255132889	297.8190258094122	848.0930227668224	539.6599945120054	707.7420741314207	1.9608174616182783	1685.57204308824	1.00382998105827e-08
636.9421140335545	2	1	1	2	4	0	636.9421140335545	45.0	0	0.01601899993417852	0.8115991827234191	1.052697583886738	5513.244490673476	297.8190258094122	800.9499967089259	539.6599945120054	679.8124403226627	1.972029212328964	1638.4290170303436	9.181005141598148e-09
654.0027507785644	1	1	1	1	4	0	654.0027507785644	46.0	0	0.01764985749786931	0.8288095178380225	1.0486060211884234	6991.301425475826	360.69292119149117	882.4928748934656	598.4568926302895	746.9058893025597	1.9827796094988963	1841.6426887152459	1.1802185894670743e-08
654.0027507785644	2	1	1	2	4	0	654.0027507785644	46.0	0	0.01670699697671138	0.8279011784684381	1.062655501150818	6031.6701983680205	360.69292119149117	835.349848835569	598.4568926302895	718.9762554938018	1.9942337879866456	1794.4996626573495	1.0640106468908748e-08
671.1826216938364	1	1	1	1	4	0	671.1826216938364	47.0	0	0.018390215174380668	0.8352436026460993	1.0654852435371924	7574.611456460161	428.702537597776	919.5107587190337	657.2664508030814	786.7966576229468	2.0040466545521944	2005.4797471198908	1.2334171394235755e-08
671.1826216938364	2	1	1	2	4	0	671.1826216938364	47.0	0	0.017447354653222738	0.7711559572031627	1.054346746908897	6549.210462510899	428.702537597776	872.3677326611371	657.2664508030814	758.8670238141889	2.0156814507185046	1958.3367210619947	1.0590045835703056e-08
688.4808289632283	1	1	1	1	4	0	688.4808289632283	48.0	0	0.019137375156080244	0.8124277047960602	1.0616088825226708	8179.2544236510375	501.57913451254234	956.868757804012	709.916576233926	827.3898635383964	2.014510217601412	2168.3644685504805	1.2991985323638367e-08
688.4808289632283	2	1	1	2	4	0	688.4808289632283	48.0	0	0.01819451463492231	0.7578943668135271	1.0251008860212616	7093.769454735939	501.57913451254234	909.7257317461156	709.916576233926	799.4602297296386	2.0259197990721467	2121.2214424925837	1.2038333056027947e-08
705.8964397049822	1	1	1	1	4	0	705.8964397049822	49.0	0	0.019843869226684484	0.7851567805532007	1.0384219030684556	8789.31873715312	579.0386264282525	992.1934613342244	752.8416297505372	868.6595720425778	2.0088825901975187	2324.0737175130143	1.3605540883388164e-08
705.8964397049822	2	1	1	2	4	0	705.8964397049822	49.0	0	0.018901008705526558	0.8114649575790037	1.0356340748238937	7702.230009740296	579.0386264282525	945.0504352763278	752.8416297505372	840.7299382338198	2.0195451450126134	2276.930691455117	1.3456552586247385e-08
723.4284862481575	1	1	1	1	4	0	723.4284862481575	50.0	0	0.020600582634085	0.7920675677974698	1.0344954283576957	9431.365408874492	660.7814717055172	1030.0291317042502	810.4757308638319	910.5784188931033	2.0212480598929576	2501.286334273599	1.4331668897089448e-08
723.4284862481575	2	1	1	2	4	0	723.4284862481575	50.0	0	0.019657722112927063	0.7674838218548133	1.0248541613307764	8300.930209946251	660.7814717055172	982.8861056463536	810.4757308638319	882.6487850843456	2.031795507812105	2454.143308215703	1.353875398632175e-08
741.0759664193733	1	1	1	1	4	0	741.0759664193733	51.0	0	0.02133562158063084	0.7647952913265911	1.0389213922986875	10080.498309775865	746.4925788270981	1066.781079031542	876.5594057224796	953.1176023719667	2.038930432003088	2689.83306358112	1.6923289233776876e-08
741.0759664193733	2	1	1	2	4	0	741.0759664193733	51.0	0	0.020392761059472908	0.7834324763220514	1.0338189712567138	8937.718013287862	746.4925788270981	1019.6380529736456	876.5594057224796	925.1879685632088	2.0495267157882164	2642.6900375232235	1.5556176228339238e-08
758.8378438397727	1	1	1	1	4	0	758.8378438397727	52.0	0	0.02214082257833257	0.7842038815346609	1.0290022119289437	10767.007279065892	835.8412304917856	1107.0411289166284	944.5756310611807	996.2468766297267	2.059345738596809	2887.4579904695947	1.756154125539983e-08
758.8378438397727	2	1	1	2	4	0	758.8378438397727	52.0	0	0.02119796205717464	0.775837793883353	1.0329070808306255	9592.181596986808	835.8412304917856	1059.8981028587316	944.5756310611807	968.3172428209688	2.0700589076368616	2840.3149644116984	1.6743135479668633e-08
776.7130482321257	1	1	1	1	4	0	776.7130482321257	53.0	0	0.02296606476251968	0.7739957897218531	1.0204660899157008	11477.260038521259	928.4810259740648	1148.303238125984	1007.7495086544756	1039.9345466511086	2.073258123526693	3084.533772754525	1.8732930900119484e-08
776.7130482321257	2	1	1	2	4	0	776.7130482321257	53.0	0	0.022023204241361748	0.7300306920730425	1.039444447173363	10250.410064873586	928.4810259740648	1101.1602120680873	1007.7495086544756	1012.0049128423506	2.083892769650109	3037.390746696627	1.7365511569519895e-08
794.7004757379742	1	1	1	1	4	0	794.7004757379742	54.0	0	0.023759273146748142	0.7722193929141483	1.0320956598841238	12226.813840015157	1024.0498421545199	1187.963657337407	1059.048258242922	1084.1474648778335	2.0726072682681886	3271.0617577348494	1.984203601843261e-08
794.7004757379742	2	1	1	2	4	0	794.7004757379742	54.0	0	0.022816412625590216	0.7605493954807669	1.015754873371577	10970.438655484051	1024.0498421545199	1140.8206312795105	1059.048258242922	1056.2178310690754	2.0827795411253227	3223.918731676953	1.8712880608333582e-08
812.7989892447298	1	1	1	1	4	0	812.7989892447298	55.0	0	0.02461548284253121	0.771247846344697	1.039246283524368	13006.807532569384	1122.1698136039506	1230.7741421265598	1118.4605119973603	1128.8510295225724	2.0810847425257593	3471.404467727871	2.040706484918625e-08
812.7989892447298	2	1	1	2	4	0	812.7989892447298	55.0	0	0.023672622321373276	0.7429208813561986	1.0180099972948808	11697.771360238445	1122.1698136039506	1183.6311160686635	1118.4605119973603	1100.9213957138145	2.0910590320332507	3424.2614416699744	1.9168356291299e-08
831.0074187226242	1	1	1	1	4	0	831.0074187226242	56.0	0	0.025454307744930627	0.7585699711097693	1.0042380453324995	13807.043711873423	1222.4473320812006	1272.715387246531	1185.9135452722826	1174.0091846058924	2.094216097077775	3681.076264600014	2.301526071059065e-08
831.0074187226242	2	1	1	2	4	0	831.0074187226242	56.0	0	0.02451144722377269	0.7443533696199305	1.0270991644081606	12459.40762493157	1222.4473320812006	1225.5723611886344	1185.9135452722826	1146.0795507971345	2.1041173841585885	3633.933238542117	2.3101216641726556e-08
849.3245615714155	1	1	1	1	4	0	849.3245615714155	57.0	0	0.0262806875904386	0.7593629878079123	1.0079699719758972	14627.255692301362	1324.473065780785	1314.0343795219294	1254.223101530684	1219.5844217459687	2.105846413957856	3892.730546833399	2.44064357788073e-08
849.3245615714155	2	1	1	2	4	0	849.3245615714155	57.0	0	0.02533782706928066	0.7372528571043878	1.0284434620380811	13242.144653355735	1324.473065780785	1266.891353464033	1254.223101530684	1191.6547879372106	2.115641610737653	3845.587520775503	2.3392371226892586e-08
867.7491829767432	1	1	1	1	4	0	867.7491829767432	58.0	0	0.027117307773420724	0.7271712426831137	1.0032928055278991	15457.95708585541	1427.8219986415347	1355.8653886710358	1315.9445103417586	1265.5377837286474	2.1112051598655985	4099.631897654329	2.526221192555912e-08
867.7491829767432	2	1	1	2	4	0	867.7491829767432	58.0	0	0.02617444725226279	0.7425165065288547	1.010807511414426	14066.482922745525	1427.8219986415347	1308.7223626131392	1315.9445103417586	1237.6081499198892	2.120757586417634	4052.488871596433	2.4491549880677583e-08
886.2800162760308	1	1	1	1	4	0	886.2800162760308	59.0	0	0.027906998558767385	0.7516650111539435	1.016398798844109	16356.45319366676	1532.0534900017474	1395.349927938369	1363.3739103596945	1311.8288698831902	2.102960151001792	4290.7773282998105	2.7111159888298614e-08
886.2800162760308	2	1	1	2	4	0	886.2800162760308	59.0	0	0.026964138037609445	0.7458142034406824	1.0017941438744735	14941.014372872272	1532.0534900017474	1348.2069018804725	1363.3739103596945	1283.899236074432	2.1119888041455046	4243.634302241915	2.615665219950768e-08
