11.247441493196291	1	1	1	1	4	0	11.247441493196291	1.0	0	0.0			15.0	0.0	0.0	0.0	0.0		0.0	0.0
11.247441493196291	2	1	1	2	4	0	11.247441493196291	1.0	0	0.0			15.0	0.0	0.0	0.0	0.0		0.0	0.0
11.367595075476835	1	1	1	1	4	0	11.367595075476835	1.0	0	0.0			15.0	0.0	0.0	0.0	0.0		0.0	0.0
11.367595075476835	2	1	1	2	4	0	11.367595075476835	1.0	0	0.0			15.0	0.0	0.0	0.0	0.0		0.0	0.0
22.856168219862568	1	1	1	1	4	0	22.856168219862568	2.0	0	0.0			14.552750241652504	0.0	0.0	0.0	0.7285827694774977	0.0	0.0	0.0
22.856168219862568	2	1	1	2	4	0	22.856168219862568	2.0	0	0.0			14.552750241652504	0.0	0.0	0.0	0.7285827694774977	0.0	0.0	0.0
34.4665080713728	1	1	1	1	4	0	34.4665080713728	3.0	0	0.0			13.791431040067982	0.0	0.0	0.0	2.1993864847666735	0.0	0.0	0.0
34.4665080713728	2	1	1	2	4	0	34.4665080713728	3.0	0	0.0			13.791431040067982	0.0	0.0	0.0	2.1993864847666735	0.0	0.0	0.0
46.1993671861199	1	1	1	1	4	0	46.1993671861199	4.0	0	0.0			12.713098668736418	0.0	0.0	0.0	4.42587529936556	0.0	0.0	0.0
46.1993671861199	2	1	1	2	4	0	46.1993671861199	4.0	0	0.0			12.713098668736418	0.0	0.0	0.0	4.42587529936556	0.0	0.0	0.0
58.05546181511435	1	1	1	1	4	0	58.05546181511435	5.0	0	0.0			11.314922877436091	0.0	0.0	0.0	7.421310407022852	0.0	0.0	0.0
58.05546181511435	2	1	1	2	4	0	58.05546181511435	5.0	0	0.0			11.314922877436091	0.0	0.0	0.0	7.421310407022852	0.0	0.0	0.0
70.03547169202406	1	1	1	1	4	0	70.03547169202406	6.0	0	2.500826149469408e-05			10.075555122184273	0.0	1.2504130747347042	0.0	8.825142047449571	0.14168758621806754	1.2504130747347042	0.0
70.03547169202406	2	1	1	2	4	0	70.03547169202406	6.0	0	2.500826149469408e-05			10.075555122184273	0.0	1.2504130747347042	0.0	8.825142047449571	0.14168758621806754	1.2504130747347042	0.0
82.14003983175478	1	1	1	1	4	0	82.14003983175478	7.0	0	2.943450817284905e-05	0.6596833527095594	1.224781852588222	10.454068738449331	0.0	1.4717254086424527	0.0	8.982343329806879	0.16384648800482834	1.4717254086424527	1.6402917711580624e-12
82.14003983175478	2	1	1	2	4	0	82.14003983175478	7.0	0	2.9346804825295398e-05	0.6465449951202787	1.2613379529575146	10.446568724632902	0.0	1.46734024126477	0.0	8.979228483368134	0.16341495753033414	1.46734024126477	1.6165825654762732e-12
94.36977233991071	1	1	1	1	4	0	94.36977233991071	8.0	0	3.175352524575361e-05	0.2918547865150785	0.8615334652977724	10.637865215908915	0.0	1.5876762622876808	0.0	9.050188953621236	0.17543017835582392	1.5876762622876808	1.0722410784342979e-12
94.36977233991071	2	1	1	2	4	0	94.36977233991071	8.0	0	3.6125998733593735e-05	0.7823644330108039	1.5505321626616153	10.983861862712352	0.0	1.8062999366796877	0.0	9.177561926032663	0.19681697069850515	1.8062999366796877	2.1822612884157866e-12
106.72523823319248	1	1	1	1	4	0	106.72523823319248	9.0	0	4.16000591607369e-05	1.0416906894236	1.4436984808955626	11.393031405999308	0.0	2.0800029580368453	0.0	9.313028447962463	0.22334334847778928	2.0800029580368453	2.882068264938145e-12
106.72523823319248	2	1	1	2	4	0	106.72523823319248	9.0	0	4.7168371989909714e-05	1.0129221169417988	1.56837645451939	11.830741283788548	0.0	2.3584185994954856	0.0	9.47232268429306	0.2489799680712101	2.3584185994954856	3.2184260429702243e-12
119.20696927078512	1	1	1	1	4	0	119.20696927078512	10.0	0	5.580945793585254e-05	1.2519279194169008	1.593450649369211	12.469025575921053	0.0	2.790472896792627	0.0	9.67855267912843	0.2883151013694657	2.790472896792627	3.9791703894329225e-12
119.20696927078512	2	1	1	2	4	0	119.20696927078512	10.0	0	5.0239568222683585e-05	0.21759591163994724	1.1029483152523267	12.063304905476574	0.0	2.51197841113418	0.0	9.551326494342396	0.2629978582160412	2.51197841113418	1.4175980500351485e-12
131.81545979678634	1	1	1	1	4	0	131.81545979678634	11.0	0	7.553586348497008e-05	1.3243280681215133	1.0640584909819284	13.96194594280056	0.0	3.776793174248504	0.0	10.185152768552056	0.3708136009417384	3.776793174248504	5.723513182699048e-12
131.81545979678634	2	1	1	2	4	0	131.81545979678634	11.0	0	6.746017455148563e-05	1.2077484840819426	1.5060556656259867	13.366583085288346	0.0	3.3730087275742817	0.0	9.993574357714063	0.3375177495898301	3.3730087275742817	5.0426477528950276e-12
144.55116659372186	1	1	1	1	4	0	144.55116659372186	12.0	0	8.954282318863445e-05	0.5298171605792047	1.0739998649401885	15.031020400706966	0.0	4.4771411594317225	0.0	10.55387924127524	0.42421758455621134	4.4771411594317225	4.722666309279558e-12
144.55116659372186	2	1	1	2	4	0	144.55116659372186	12.0	0	9.165815721798509e-05	1.381682072232291	1.0479576652235942	15.213482465947568	0.0	4.582907860899255	0.0	10.630574605048311	0.4311063165600564	4.582907860899255	6.9870279969204745e-12
157.41450874719058	1	1	1	1	4	0	157.41450874719058	13.0	0	0.00010828248362036945	0.6031526567398082	1.0747237692067453	16.485118143738106	0.0	5.4141241810184715	0.0	11.070993962719635	0.4890368650953966	5.4141241810184715	6.121609111295286e-12
157.41450874719058	2	1	1	2	4	0	157.41450874719058	13.0	0	0.000118263129432691	0.8812983817577155	2.2532533375563006	17.277886471118137	0.0	5.91315647163455	0.0	11.364729999483588	0.5203076951149075	5.91315647163455	8.030751298731951e-12
170.4058675216809	1	1	1	1	4	0	170.4058675216809	14.0	0	0.00012752873185474363	0.4744895714332514	1.1099312855651065	17.912665065548154	0.0	6.376436592737184	0.0	11.536228472810974	0.5527314761289112	6.376436592737184	6.3324206055037364e-12
170.4058675216809	2	1	1	2	4	0	170.4058675216809	14.0	0	0.00014914302366444109	0.7224387944605261	1.3390640517890342	19.568332765873002	0.0	7.457151183222057	0.0	12.111181582650945	0.6157244966010825	7.457151183222057	9.135288700524119e-12
183.52558624759342	1	1	1	1	4	0	183.52558624759342	15.0	0	0.00016587118503379015	0.8308336071259651	1.1097169306679533	20.69923941731134	0.0	8.293559251689508	0.0	12.40568016562183	0.6685291850963818	8.293559251689508	1.1720885895865453e-11
183.52558624759342	2	1	1	2	4	0	183.52558624759342	15.0	0	0.00020059341015330156	1.0083377976887806	1.0792978295639954	23.30753867188714	0.0	10.029670507665076	0.0	13.277868164222063	0.7553675321683466	10.029670507665076	1.5310296994373356e-11
196.77397021950497	1	1	1	1	4	0	196.77397021950497	16.0	0	0.000226063525511828	1.063074292582908	1.1713352610593235	25.0509211808223	0.0	11.303176275591396	0.0	13.747744905230904	0.822184027526626	11.303176275591396	2.926155362338764e-11
196.77397021950497	2	1	1	2	4	0	196.77397021950497	16.0	0	0.0002602129068605726	0.7927669271789154	1.3955344804776204	27.61780596686625	0.0	13.010645343028626	0.0	14.607160623837618	0.8907032432981111	13.010645343028626	3.047108918621277e-11
210.1512866057031	1	1	1	1	4	0	210.1512866057031	17.0	0	0.0003005861215426152	0.9044271028620346	1.1345637809937297	30.47329170918873	0.0	15.02930607713076	0.0	15.44398563205797	0.9731494469881898	15.02930607713076	3.9362234878159506e-11
210.1512866057031	2	1	1	2	4	0	210.1512866057031	17.0	0	0.0003555352696343536	1.0812993610384156	1.3207692041587713	34.55359723191114	0.0	17.77676348171768	0.0	16.77683375019346	1.0596018144074826	17.77676348171768	4.7137200869017674e-11
223.65776436901845	1	1	1	1	4	0	223.65776436901845	18.0	0	0.0003937016324083981	0.8387713232918035	1.3920352150284832	37.368177244715426	0.0	19.685081620419904	0.0	17.683095624295515	1.113214679073147	19.685081620419904	5.092785497036636e-11
223.65776436901845	2	1	1	2	4	0	223.65776436901845	18.0	0	0.0004707530585327712	0.948237146832422	1.3170564536398917	43.085080963511345	0.0	23.537652926638565	0.0	19.547428036872773	1.2041304299593245	23.537652926638565	5.476672598426115e-11
237.29359419897813	1	1	1	1	4	0	237.29359419897813	19.0	0	0.0005176345697612778	0.8803181890449736	1.2813880564781386	46.827290629293834	0.0	25.88172848806389	0.0	20.945562141229946	1.2356664535213129	25.88172848806389	6.605335268679854e-11
237.29359419897813	2	1	1	2	4	0	237.29359419897813	19.0	0	0.0006303928144068423	0.9719808470163606	1.3632470990281331	55.269497663001175	0.0	31.51964072034212	0.0	23.74985694265907	1.3271507612210964	31.51964072034212	8.502408250773805e-11
251.0589284553002	1	1	1	1	4	0	251.0589284553002	20.0	0	0.0006478849370391153	0.7000025522310427	1.1932612826125766	57.2537079192741	0.0	32.39424685195577	0.0	24.85946106731833	1.3030952989782671	32.39424685195577	7.77218710788075e-11
251.0589284553002	2	1	1	2	4	0	251.0589284553002	20.0	0	0.0008394685411687353	1.0054959960818632	1.3161872590363837	72.00580956740768	0.0	41.973427058436776	0.0	30.03238250897089	1.3976056360463245	41.973427058436776	1.1757448357448572e-10
264.95388112274634	1	1	1	1	4	0	264.95388112274634	21.0	0	0.0008356070799029697	0.8271688119055443	1.1629376537178553	72.34513514157017	0.0	41.780353995148495	0.0	30.56478114642168	1.3669443204909015	41.780353995148495	1.1146573637045512e-10
264.95388112274634	2	1	1	2	4	0	264.95388112274634	21.0	0	0.0010986905211710423	0.9231579488818628	1.2545110794714125	92.84527786849935	0.0	54.934526058552116	0.0	37.91075180994725	1.4490487114037676	54.934526058552116	1.5232000284603458e-10
278.9785277773454	1	1	1	1	4	0	278.9785277773454	22.0	0	0.0010884783707764032	0.8968687252693328	1.2565277960420238	93.18293957104778	0.0	54.42391853882018	0.0	38.759021032227615	1.404161330431112	54.42391853882018	1.8628881684394482e-10
278.9785277773454	2	1	1	2	4	0	278.9785277773454	22.0	0	0.0014233454824717196	0.8987697334187579	1.1340969900708502	119.59840024659162	0.0	71.16727412358597	0.0	48.43112612300565	1.46945321780945	71.16727412358597	2.5342924452788446e-10
293.1329055639992	1	1	1	1	4	0	293.1329055639992	23.0	0	0.001397922683625393	0.8042556868800934	1.0972141866805245	118.23356855161032	0.0	69.89613418126967	0.0	48.33743437034065	1.4460042220229468	69.89613418126967	2.3314548215535386e-10
293.1329055639992	2	1	1	2	4	0	293.1329055639992	23.0	0	0.0018080054027526133	0.7551233203719766	1.1286931050119742	150.7380029037968	0.0	90.40027013763068	0.0	60.337732766166134	1.4982377691911195	90.40027013763068	2.964552276130318e-10
307.41701318547484	1	1	1	1	4	0	307.41701318547484	24.0	0	0.0018225350081412875	0.861969068915002	1.0994140943425217	152.59052395428787	0.0	91.12675040706438	0.0	61.46377354722349	1.4826091069245917	91.12675040706438	3.3861402998822394e-10
307.41701318547484	2	1	1	2	4	0	307.41701318547484	24.0	0	0.0023487497538047684	0.8444610333669439	1.151449068815498	194.49163057941857	0.0	117.43748769023844	0.0	77.05414288918013	1.5240905068418964	117.43748769023844	4.3119879594381833e-10
321.83081090278995	1	1	1	1	4	0	321.83081090278995	25.0	0	0.002311530791878522	0.7478550722075333	1.206813457581127	192.7588313845592	0.0	115.57653959392613	0.0	77.18229179063302	1.4974489214111766	115.57653959392613	4.154623355382852e-10
321.83081090278995	2	1	1	2	4	0	321.83081090278995	25.0	0	0.0029887620354020357	0.8109953057039897	1.1858506118584091	251.22202213332523	0.0	149.4381017701018	0.0	97.62700887057402	1.530704499696541	149.4381017701018	5.689293394525647e-10
336.3742205469876	1	1	1	1	4	0	336.3742205469876	26.0	0	0.002928950105547899	0.8654826505591624	1.2343998741896844	252.9572990875037	0.0	146.44750527739495	0.0	98.70037144506834	1.4837584006347966	146.44750527739495	5.968356848322589e-10
336.3742205469876	2	1	1	2	4	0	336.3742205469876	26.0	0	0.0036061813490714132	0.8541452406604317	1.1295150493999966	334.5400513988584	0.0	180.30906745357063	0.0	119.14508852500934	1.513357115142204	180.30906745357063	7.498768412036228e-10
351.0471255422998	1	1	1	1	4	0	351.0471255422998	27.0	0	0.0035942939472151203	0.8488433476417153	1.1688530491385036	332.8299320032706	0.0	179.71469736075596	0.0	121.16445183846074	1.4832295663777342	179.71469736075596	7.477149896350859e-10
351.0471255422998	2	1	1	2	4	0	351.0471255422998	27.0	0	0.004271525190738633	0.8935618978086137	1.2132589836788872	443.22793098129716	0.0	213.57625953693167	0.0	141.60916891840176	1.5082092576929036	213.57625953693167	9.148374724377414e-10
365.84937094069124	1	1	1	1	4	0	365.84937094069124	28.0	0	0.004265011761381208	0.8618018090719862	1.1380212771325091	437.61017652428296	0.0	213.2505880690604	0.0	144.57437960980792	1.4750233661358456	213.2505880690604	1.0757764028457179e-09
365.84937094069124	2	1	1	2	4	0	365.84937094069124	28.0	0	0.004942243004904722	0.8689000532367757	1.131328852980124	573.1309915551981	0.0	247.11215024523608	0.0	165.0190966897489	1.4974760812673074	247.11215024523608	1.383349818643002e-09
380.78076346777357	1	1	1	1	4	0	380.78076346777357	29.0	0	0.004921562735153057	0.8836338430293279	1.1398334060494542	570.1567160892977	0.0	246.07813675765283	0.0	168.9290299131069	1.4566953760654968	246.07813675765283	1.3907049085187874e-09
380.78076346777357	2	1	1	2	4	0	380.78076346777357	29.0	0	0.005598793978676571	0.8648541376189297	1.1461368791827933	727.12521627481	0.0	279.93969893382854	0.0	189.37374699304783	1.4782392141404137	279.93969893382854	1.573549126035038e-09
395.84107158007737	1	1	1	1	4	0	395.84107158007737	30.0	0	0.005615285222602697	0.8945369882863318	1.1493454614157592	726.1837525450331	0.0	280.7642611301348	0.0	194.2262758467651	1.445552409971779	280.7642611301348	1.5946935805392626e-09
395.84107158007737	2	1	1	2	4	0	395.84107158007737	30.0	0	0.00629251646612621	0.8876092196534823	1.1055328701585796	908.0568503117547	0.0	314.6258233063105	0.0	214.67099292670608	1.4656187080372398	314.6258233063105	1.8415353008838729e-09
411.03002553366304	1	1	1	1	4	0	411.03002553366304	31.0	0	0.006315518047319316	0.8217493204159761	1.1578446780446834	896.2989833283499	0.0	315.7759023659658	0.0	220.46295842377538	1.4323308760058424	315.7759023659658	1.7710513311821707e-09
411.03002553366304	2	1	1	2	4	0	411.03002553366304	31.0	0	0.0069927492908428285	0.8822081721314053	1.1645944769090515	1114.0996686497515	0.0	349.6374645421414	0.0	240.9076755037164	1.4513338514892928	349.6374645421414	2.15382540611534e-09
426.3473174640513	1	1	1	1	4	0	426.3473174640513	32.0	0	0.00698999731228114	0.8179306074980914	1.1089442615828202	1091.2851570829584	0.0	349.49986561405694	0.0	247.6348571362436	1.4113516556426031	349.49986561405694	2.085984598547532e-09
426.3473174640513	2	1	1	2	4	0	426.3473174640513	32.0	0	0.007667228555804653	0.879399284054658	1.149659667928665	1345.0621875925874	0.0	383.36142779023277	0.0	268.0795742161846	1.4300284865458737	383.36142779023277	2.314187353724772e-09
441.79260147745117	1	1	1	1	4	0	441.79260147745117	33.0	0	0.007714817052445145	0.8521243944665761	1.1252662249748475	1311.5043833396755	0.0	385.74085262225725	11.86334260539778	275.7366611680839	1.4419707323041928	397.6041952276551	2.2179585894795088e-09
441.79260147745117	2	1	1	2	4	0	441.79260147745117	33.0	0	0.008392048295968658	0.8483503876226325	1.1048575269509342	1588.2207673321766	0.0	419.6024147984329	11.86334260539778	296.1813782480249	1.4567619340420437	431.4657574038308	2.551486131845615e-09
457.365493753255	1	1	1	1	4	0	457.365493753255	34.0	0	0.008440206431693536	0.8974463998301726	1.1063832638271078	1563.825884843915	0.0	422.01032158467683	33.638863238761594	304.76194130982867	1.4950987084053706	455.64918482343836	2.985652142975375e-09
457.365493753255	2	1	1	2	4	0	457.365493753255	34.0	0	0.009117437675217048	0.8132699626812459	1.0999656278731933	1843.2383138430691	0.0	455.87188376085237	33.638863238761594	325.20665838976964	1.5052297804214116	489.510746999614	3.378942047448917e-09
473.0655726577729	1	1	1	1	4	0	473.0655726577729	35.0	0	0.0091296531322843	0.8519589324653492	1.0939782801899425	1828.9088085199387	0.0	456.4826566142151	63.26574790347243	334.7031226295432	1.5528639244066946	519.7484045176875	3.3365632568746978e-09
473.0655726577729	2	1	1	2	4	0	473.0655726577729	35.0	0	0.009806884375807812	0.8444757255993087	1.0939321920870502	2130.743537029261	0.0	490.3442187903907	63.26574790347243	355.1478397094841	1.5588155263642427	553.6099666938633	3.557441756260833e-09
488.8923788691719	1	1	1	1	4	0	488.8923788691719	36.0	0	0.009848110525179478	0.8724457391651828	1.0818449992786807	2123.607087018344	0.0	492.40552625897385	98.57176754760937	365.55145795377706	1.616673332708498	590.9772938065831	3.826466745644337e-09
488.8923788691719	2	1	1	2	4	0	488.8923788691719	36.0	0	0.01052534176870299	0.8389704420768409	1.0856756210613343	2437.540832252179	0.0	526.2670884351496	98.57176754760937	385.99617503371803	1.6187695536832127	624.838855982759	3.8891256036220705e-09
504.8454155135833	1	1	1	1	4	0	504.8454155135833	37.0	0	0.010559659690713541	0.8437730934061858	1.0829876740308664	2432.851288325352	7.015059303619688	527.982984535677	137.2716074713363	397.29700221233185	1.6744515772899635	672.269651310633	4.2489026001716905e-09
504.8454155135833	2	1	1	2	4	0	504.8454155135833	37.0	0	0.011236890934237052	0.8542724928848945	1.0709996769749857	2774.671897878075	7.015059303619688	561.8445467118528	137.2716074713363	417.7417192922729	1.6735607718750558	706.1312134868087	4.592590312880971e-09
520.9241483123367	1	1	1	1	4	0	520.9241483123367	38.0	0	0.011226646870091441	0.8338991739821171	1.070519526984404	2765.657857008723	20.920301141753512	561.3323435045719	176.96529644246598	429.9285877003725	1.7172564492537892	759.2179410887912	4.5320682179506885e-09
520.9241483123367	2	1	1	2	4	0	520.9241483123367	38.0	0	0.01190387811361495	0.8506929820583923	1.0945768470963522	3133.064813200669	20.920301141753512	595.1939056807478	176.96529644246598	450.3733047803135	1.7144870575751894	793.0795032649672	4.8890717657319914e-09
537.1280057402779	1	1	1	1	4	0	537.1280057402779	39.0	0	0.011930270147585626	0.9158139023582678	1.0764120992239978	3137.7917030034837	41.57746167947757	596.5135073792812	228.13453234226182	463.4338003110582	1.7794300699863426	866.2255014010207	5.243326014067287e-09
537.1280057402779	2	1	1	2	4	0	537.1280057402779	39.0	0	0.012607501391109138	0.8258046981650247	1.0626580755405026	3501.481021532617	41.57746167947757	630.375069555457	228.13453234226182	483.8785173909992	1.774225494710273	900.0870635771962	5.274434228244722e-09
553.4563791951257	1	1	1	1	4	0	553.4563791951257	40.0	0	0.012612581572524012	0.8778405468080941	1.097209038211277	3527.2269335875408	68.8346330571118	630.6290786262007	285.8563949510358	497.7989567914196	1.8410755206971008	985.320106634348	6.579565884159141e-09
553.4563791951257	2	1	1	2	4	0	553.4563791951257	40.0	0	0.013289812816047523	0.8206826957172922	1.0763232979581026	3891.793536373986	68.8346330571118	664.4906408023762	285.8563949510358	518.2436738713607	1.8337841514864477	1019.181668810524	6.9809563404742e-09
569.9086231778117	1	1	1	1	4	0	569.9086231778117	41.0	0	0.013330154455229087	0.8322137197469028	1.0880114754553771	3924.572200087842	102.52601851334668	666.5077227614543	344.97084620866616	533.0090830736502	1.8976760454762376	1114.004587483467	6.853439728427826e-09
569.9086231778117	2	1	1	2	4	0	569.9086231778117	41.0	0	0.014007385698752598	0.8071272829940365	1.0639335599745958	4298.791441215707	102.52601851334668	700.36928493763	344.97084620866616	553.4538001535913	1.8887577081523328	1147.8661496596428	6.909706291726898e-09
586.4840554837581	1	1	1	1	4	0	586.4840554837581	42.0	0	0.014066573850796644	0.8191148017595996	1.057005719651874	4341.373255314039	142.47170017444452	703.3286925398323	400.0782610971759	569.0478937333319	1.93904057248666	1245.8786538114528	7.278964451642141e-09
586.4840554837581	2	1	1	2	4	0	586.4840554837581	42.0	0	0.01474380509432016	0.8251778444193583	1.0655611830508391	4738.778483547154	142.47170017444452	737.190254716008	400.0782610971759	589.4926108132728	1.92923286051744	1279.7402159876285	7.709168406689662e-09
603.1819574050269	1	1	1	1	4	0	603.1819574050269	43.0	0	0.014780286906241297	0.8154532532733608	1.0571389844304018	4789.413860237682	188.47742008486333	739.0143453120648	445.5372001664082	605.8977726253506	1.9550353194827241	1373.0289655633364	7.846788202472153e-09
603.1819574050269	2	1	1	2	4	0	603.1819574050269	43.0	0	0.015457518149764813	0.8325290724916857	1.0644724930172076	5213.282238083582	188.47742008486333	772.8759074882406	445.5372001664082	626.3424897052915	1.945282537398892	1406.890527739512	8.464634487884381e-09
620.0015739432909	1	1	1	1	4	0	620.0015739432909	44.0	0	0.015427898859901496	0.8080086531613504	1.0543935930006991	5260.8513075092305	240.3343750448304	771.3949429950749	486.7965064426599	643.5397547474092	1.9551106829935903	1498.525824482565	8.525272948046481e-09
620.0015739432909	2	1	1	2	4	0	620.0015739432909	44.0	0	0.01610513010342501	0.8390881834641378	1.0822113491160126	5719.670888638828	240.3343750448304	805.2565051712504	486.7965064426599	663.9844718273501	1.9459084759287428	1532.3873866587408	9.055911654551087e-09
636.9421140335545	1	1	1	1	4	0	636.9421140335545	45.0	0	0.016095506628207624	0.7972095810869015	1.0399737218327298	5749.917694842347	297.8190258094122	804.7753314103813	539.6599945120054	681.9535093800695	1.9714471843462569	1642.2543517317988	9.076377538207731e-09
636.9421140335545	2	1	1	2	4	0	636.9421140335545	45.0	0	0.016772737871731138	0.7957409900992769	1.055453422550485	6226.185599999235	297.8190258094122	838.636893586557	539.6599945120054	702.3982264600104	1.9622727338663528	1676.1159139079746	9.137764287764482e-09
654.0027507785644	1	1	1	1	4	0	654.0027507785644	46.0	0	0.01678350367074049	0.7944787885041211	1.0163317779606555	6260.6705445901525	360.69292119149117	839.1751835370243	598.4568926302895	721.1173245512082	1.9936174422962765	1798.324997358805	1.1336953448733712e-08
654.0027507785644	2	1	1	2	4	0	654.0027507785644	46.0	0	0.017460734914264	0.8131926921175697	1.043467166078886	6766.237650786317	360.69292119149117	873.0367457132	598.4568926302895	741.5620416311493	1.984316288771704	1832.1865595349811	1.1304519028431185e-08
671.1826216938364	1	1	1	1	4	0	671.1826216938364	47.0	0	0.017523861347251844	0.8118655325718219	1.0579460170034671	6802.473856942092	428.702537597776	876.1930673625923	657.2664508030814	761.0080928715954	2.0150370706036806	1962.1620557634494	1.149371101664311e-08
671.1826216938364	2	1	1	2	4	0	671.1826216938364	47.0	0	0.018201092590775358	0.8155270004189152	1.059115600298675	7332.5526803268285	428.702537597776	910.054629538768	657.2664508030814	781.4528099515364	2.00565032255633	1996.0236179396252	1.212903089918715e-08
688.4808289632283	1	1	1	1	4	0	688.4808289632283	48.0	0	0.018271021328951417	0.7920201199358253	1.0449656024955305	7368.135799105454	501.57913451254234	913.5510664475707	709.916576233926	801.6012987870453	2.0252807039335767	2125.04677719404	1.203439425180106e-08
688.4808289632283	2	1	1	2	4	0	688.4808289632283	48.0	0	0.01894825257247493	0.7702481774250547	1.024767819752992	7907.79445247578	501.57913451254234	947.4126286237466	709.916576233926	822.0460158669862	2.0161027155027806	2158.9083393702153	1.2945083399617276e-08
705.8964397049822	1	1	1	1	4	0	705.8964397049822	49.0	0	0.01897751539955566	0.8049519003419429	1.0407520176786245	7971.730652748028	579.0386264282525	948.8757699777832	752.8416297505372	842.8710072912263	2.0189535350103074	2280.7560261565727	1.3373190922625954e-08
705.8964397049822	2	1	1	2	4	0	705.8964397049822	49.0	0	0.019654746643079174	0.7857752896306972	1.0357223160086402	8524.314016123772	579.0386264282525	982.7373321539587	752.8416297505372	863.3157243711673	2.010364126251354	2314.617588332749	1.3965145884077835e-08
723.4284862481575	1	1	1	1	4	0	723.4284862481575	50.0	0	0.01973422880695617	0.7706243527618124	1.0440336373181345	8577.001646111574	660.7814717055172	986.7114403478087	810.4757308638319	884.7898541417521	2.03120228243905	2457.968642917158	1.3649308223380316e-08
723.4284862481575	2	1	1	2	4	0	723.4284862481575	50.0	0	0.02041146005047969	0.7960121828709024	1.0293555287849852	9164.206126048612	660.7814717055172	1020.5730025239844	810.4757308638319	905.2345712216929	2.02273398696722	2491.830205093333	1.4282273461919422e-08
741.0759664193733	1	1	1	1	4	0	741.0759664193733	51.0	0	0.020469267753502017	0.7733514942132323	1.0406797040928977	9204.50102568244	746.4925788270981	1023.463387675101	876.5594057224796	927.3290376206157	2.0489197645236565	2646.515372224679	1.5910823242250903e-08
741.0759664193733	2	1	1	2	4	0	741.0759664193733	51.0	0	0.02114649899702553	0.7761536791743633	1.0376175811536492	9816.503947476183	746.4925788270981	1057.3249498512766	876.5594057224796	947.7737547005563	2.0404493646110256	2680.3769344008538	1.6889071433321548e-08
758.8378438397727	1	1	1	1	4	0	758.8378438397727	52.0	0	0.021274468751203743	0.7781794221787106	1.0399450434137316	9864.323126332656	835.8412304917856	1063.7234375601872	944.5756310611807	970.4583118783755	2.0694336315531108	2844.1402991131536	1.727120194409635e-08
758.8378438397727	2	1	1	2	4	0	758.8378438397727	52.0	0	0.02195169999472726	0.7755072557800298	1.0369164591693123	10487.608219394915	835.8412304917856	1097.584999736363	944.5756310611807	990.9030289583163	2.0609086571713866	2878.001861289329	1.7031105589010174e-08
776.7130482321257	1	1	1	1	4	0	776.7130482321257	53.0	0	0.022099710935390853	0.7774339327678979	1.031850223201099	10558.455523047702	928.4810259740648	1104.9855467695427	1007.7495086544756	1014.1459818997572	2.083265223283062	3041.2160813980827	1.8419256511541405e-08
776.7130482321257	2	1	1	2	4	0	776.7130482321257	53.0	0	0.022776942178914367	0.7610256968264641	1.0289973885559038	11181.87041273683	928.4810259740648	1138.8471089457184	1007.7495086544756	1034.5906989796981	2.074826904704579	3075.077643574259	1.8189443143839658e-08
794.7004757379742	1	1	1	1	4	0	794.7004757379742	54.0	0	0.02289291931961932	0.7584852536853248	0.99789557266614	11272.645968489067	1024.0498421545199	1144.6459659809661	1059.048258242922	1058.358900126482	2.0821804625638145	3227.744066378408	1.875839856532544e-08
794.7004757379742	2	1	1	2	4	0	794.7004757379742	54.0	0	0.02357015056314284	0.7616589334283733	1.0315114772527458	11916.200660417682	1024.0498421545199	1178.5075281571417	1059.048258242922	1078.803617206423	2.0741085316289958	3261.6056285545837	1.9347716753509268e-08
812.7989892447298	1	1	1	1	4	0	812.7989892447298	55.0	0	0.023749129015402375	0.7651861286166972	1.0170183725856743	12016.567514726035	1122.1698136039506	1187.4564507701186	1118.4605119973603	1103.062464771221	2.090468161515889	3428.0867763714296	1.9856767958671548e-08
812.7989892447298	2	1	1	2	4	0	812.7989892447298	55.0	0	0.02442636025892589	0.7645518157900646	1.0347719833310671	12677.504539758484	1122.1698136039506	1221.3180129462946	1118.4605119973603	1123.507181851162	2.0825665939121882	3461.948338547606	2.014844806761057e-08
831.0074187226242	1	1	1	1	4	0	831.0074187226242	56.0	0	0.0245879539178018	0.7621535493325371	1.0298227022404445	12786.10121361951	1222.4473320812006	1229.3976958900898	1185.9135452722826	1148.2206198545414	2.10352540217258	3637.758573243573	2.1834719891247243e-08
831.0074187226242	2	1	1	2	4	0	831.0074187226242	56.0	0	0.025265185161325317	0.7695724850828667	1.0365221455951723	13462.901407048821	1222.4473320812006	1263.2592580662656	1185.9135452722826	1168.6653369344822	2.0957007330798016	3671.620135419748	2.4049091750882338e-08
849.3245615714155	1	1	1	1	4	0	849.3245615714155	57.0	0	0.02541433376330977	0.7855451548496254	1.0144897292827046	13602.216322279588	1324.473065780785	1270.7166881654884	1254.223101530684	1193.7958569946172	2.1150515600319744	3849.4128554769572	2.4104563336505043e-08
849.3245615714155	2	1	1	2	4	0	849.3245615714155	57.0	0	0.026091565006833285	0.7609647506566037	1.0332059740170585	14286.296370864382	1324.473065780785	1304.5782503416642	1254.223101530684	1214.2405740745585	2.107326510500241	3883.274417653133	2.43739098791154e-08
867.7491829767432	1	1	1	1	4	0	867.7491829767432	58.0	0	0.026250953946291896	0.7995062927280907	1.0187065954131267	14490.135871031016	1427.8219986415347	1312.5476973145946	1315.9445103417586	1239.749218977296	2.120180571539033	4056.314206297888	2.6426016617207216e-08
867.7491829767432	2	1	1	2	4	0	867.7491829767432	58.0	0	0.02692818518981541	0.7538505345919575	1.0146488919018304	15132.683905423371	1427.8219986415347	1346.4092594907706	1315.9445103417586	1260.193936057237	2.112654007971363	4090.1757684740633	2.506853323699256e-08
886.2800162760308	1	1	1	1	4	0	886.2800162760308	59.0	0	0.027040644731638558	0.7592019012016998	1.018107635814671	15364.89659731635	1532.0534900017474	1352.032236581928	1363.3739103596945	1286.0403051318387	2.1114471576870617	4247.45963694337	2.624012693926215e-08
886.2800162760308	2	1	1	2	4	0	886.2800162760308	59.0	0	0.027717875975162082	0.7429001625721009	1.029120919064749	16005.07586039442	1532.0534900017474	1385.8937987581037	1363.3739103596945	1306.4850222117798	2.1043239397138263	4281.321199119546	2.5751867947701882e-08
