11.247441493196291	1	1	1	1	4	0	11.247441493196291	1.0	0	0.0			15.0	0.0	0.0	0.0	0.0		0.0	0.0
11.247441493196291	2	1	1	2	4	0	11.247441493196291	1.0	0	0.0			15.0	0.0	0.0	0.0	0.0		0.0	0.0
11.367595075476835	1	1	1	1	4	0	11.367595075476835	1.0	0	0.0			15.0	0.0	0.0	0.0	0.0		0.0	0.0
11.367595075476835	2	1	1	2	4	0	11.367595075476835	1.0	0	0.0			15.0	0.0	0.0	0.0	0.0		0.0	0.0
22.856168219862568	1	1	1	1	4	0	22.856168219862568	2.0	0	0.0			14.552750241652504	0.0	0.0	0.0	0.7285827694774977	0.0	0.0	0.0
22.856168219862568	2	1	1	2	4	0	22.856168219862568	2.0	0	0.0			14.552750241652504	0.0	0.0	0.0	0.7285827694774977	0.0	0.0	0.0
34.4665080713728	1	1	1	1	4	0	34.4665080713728	3.0	0	0.0			13.791431040067982	0.0	0.0	0.0	2.1993864847666735	0.0	0.0	0.0
34.4665080713728	2	1	1	2	4	0	34.4665080713728	3.0	0	0.0			13.791431040067982	0.0	0.0	0.0	2.1993864847666735	0.0	0.0	0.0
46.1993671861199	1	1	1	1	4	0	46.1993671861199	4.0	0	0.0			12.713098668736418	0.0	0.0	0.0	4.42587529936556	0.0	0.0	0.0
46.1993671861199	2	1	1	2	4	0	46.1993671861199	4.0	0	0.0			12.713098668736418	0.0	0.0	0.0	4.42587529936556	0.0	0.0	0.0
58.05546181511435	1	1	1	1	4	0	58.05546181511435	5.0	0	0.0			11.314922877436091	0.0	0.0	0.0	7.421310407022852	0.0	0.0	0.0
58.05546181511435	2	1	1	2	4	0	58.05546181511435	5.0	0	0.0			11.314922877436091	0.0	0.0	0.0	7.421310407022852	0.0	0.0	0.0
70.03547169202406	1	1	1	1	4	0	70.03547169202406	6.0	0	2.500826149469408e-05			10.075555122184273	0.0	1.2504130747347042	0.0	8.825142047449571	0.14168758621806754	1.2504130747347042	0.0
70.03547169202406	2	1	1	2	4	0	70.03547169202406	6.0	0	2.500826149469408e-05			10.075555122184273	0.0	1.2504130747347042	0.0	8.825142047449571	0.14168758621806754	1.2504130747347042	0.0
82.14003983175478	1	1	1	1	4	0	82.14003983175478	7.0	0	2.903986050494973e-05	0.6013358325964518	1.3039150399998694	10.420320163914528	0.0	1.4519930252474869	0.0	8.968327138667041	0.1619023261302772	1.4519930252474869	1.533611888169948e-12
82.14003983175478	2	1	1	2	4	0	82.14003983175478	7.0	0	2.664966517007605e-05	0.2831396021027479	2.3689923975448846	10.215920918782524	0.0	1.332483258503803	0.0	8.883437660278721	0.14999635382841145	1.332483258503803	8.882894293536314e-13
94.36977233991071	1	1	1	1	4	0	94.36977233991071	8.0	0	3.3994346039644435e-05	0.5720993877433294	1.1400979788902976	10.812993852927438	0.0	1.6997173019822225	0.0	9.113276550945216	0.1865100101462333	1.6997173019822225	1.7238573601345583e-12
94.36977233991071	2	1	1	2	4	0	94.36977233991071	8.0	0	3.013021563410802e-05	0.4511984285515599	0.7914543157082949	10.49177611725597	0.0	1.506510781705401	0.0	8.985265335550569	0.16766458478914695	1.506510781705401	1.3292727786472031e-12
106.72523823319248	1	1	1	1	4	0	106.72523823319248	9.0	0	3.7166228803130545e-05	0.31285270827227385	2.2738494402946077	11.056256979078896	0.0	1.858311440156528	0.0	9.197945538922367	0.20203549067482826	1.858311440156528	1.3057765975053256e-12
106.72523823319248	2	1	1	2	4	0	106.72523823319248	9.0	0	4.0127717273906676e-05	1.2833078032204934	1.2425675089277337	11.25852056651449	0.0	2.0063858636953342	0.0	9.252134702819157	0.2168565339936071	2.0063858636953342	2.8997266383951466e-12
119.20696927078512	1	1	1	1	4	0	119.20696927078512	10.0	0	4.257293817495296e-05	0.44627352947998256	0.8036708159452185	11.46567527007164	0.0	2.1286469087476485	0.0	9.337028361323991	0.22797905568809976	2.1286469087476485	1.8533762129282168e-12
119.20696927078512	2	1	1	2	4	0	119.20696927078512	10.0	0	5.4520764975305465e-05	1.4887231446700433	1.8565343852993903	12.348421389146914	0.0	2.726038248765273	0.0	9.622383140381645	0.28330177763604963	2.726038248765273	4.005614726197986e-12
131.81545979678634	1	1	1	1	4	0	131.81545979678634	11.0	0	4.9039524288287544e-05	0.4529939381767381	1.5247563438899656	11.955075028620614	0.0	2.451976214414377	0.0	9.50309881420624	0.2580185960761455	2.451976214414377	2.391368219986074e-12
131.81545979678634	2	1	1	2	4	0	131.81545979678634	11.0	0	6.797370341394278e-05	0.7369977544181622	1.252318721311665	13.366557498100445	0.0	3.398685170697139	0.0	9.967872327403304	0.3409639549007465	3.398685170697139	4.229542983160977e-12
144.55116659372186	1	1	1	1	4	0	144.55116659372186	12.0	0	6.345724681028904e-05	0.9106288151887404	1.5095932474423357	13.055500760938626	0.0	3.1728623405144525	0.0	9.882638420424172	0.3210541765807385	3.1728623405144525	4.37549784793081e-12
144.55116659372186	2	1	1	2	4	0	144.55116659372186	12.0	0	9.250213225489211e-05	1.4092531124834256	1.0566668896994968	15.238678023982557	0.0	4.625106612744607	0.0	10.613571411237947	0.4357728829946359	4.625106612744607	7.072679020363874e-12
157.41450874719058	1	1	1	1	4	0	157.41450874719058	13.0	0	8.449973020793198e-05	1.1015312490074984	1.2705415131192608	14.688285289118573	0.0	4.224986510396598	0.0	10.463298778721976	0.4037910605198883	4.224986510396598	6.233644464106881e-12
157.41450874719058	2	1	1	2	4	0	157.41450874719058	13.0	0	0.00012345285236854746	1.0977127933824946	1.4909292580375186	17.640288897690798	0.0	6.172642618427372	0.0	11.467646279263425	0.5382658714883074	6.172642618427372	9.07945021990813e-12
170.4058675216809	1	1	1	1	4	0	170.4058675216809	14.0	0	0.0001139665584441379	1.0730546922990425	1.2247892661414983	16.873920610446902	0.0	5.698327922206894	0.0	11.175592688240004	0.5098904443970299	5.698327922206894	8.24997321599485e-12
170.4058675216809	2	1	1	2	4	0	170.4058675216809	14.0	0	0.0001688022542923708	1.2540887678148065	1.001152887872276	21.003978190997145	0.0	8.44011271461854	0.0	12.563865476378606	0.6717767497978105	8.44011271461854	1.2500606439503815e-11
183.52558624759342	1	1	1	1	4	0	183.52558624759342	15.0	0	0.00015230146341460568	0.967144269642162	1.0532733171693789	19.659946388952946	0.0	7.6150731707302866	0.0	12.044873218222653	0.6322252657013826	7.6150731707302866	1.1602168459724615e-11
183.52558624759342	2	1	1	2	4	0	183.52558624759342	15.0	0	0.00021376512475677518	0.7171390262590835	1.106009071377624	24.271697682827412	0.0	10.68825623783876	0.0	13.58344144498865	0.7868592271792793	10.68825623783876	1.4385051749964512e-11
196.77397021950497	1	1	1	1	4	0	196.77397021950497	16.0	0	0.0001956172981967303	0.7551514675509848	1.4735824034124747	22.791519721965336	0.0	9.780864909836515	0.0	13.010654812128818	0.7517580822080208	9.780864909836515	2.254013410051305e-11
196.77397021950497	2	1	1	2	4	0	196.77397021950497	16.0	0	0.0002887071293569184	0.9941318153555538	1.2183551438711506	29.689725161894945	0.0	14.435356467845919	0.0	15.254368694049024	0.9463096610138568	14.435356467845919	3.3301528958852994e-11
210.1512866057031	1	1	1	1	4	0	210.1512866057031	17.0	0	0.00024221182129631065	0.6117866484670746	1.013520813589016	26.181803773987298	0.0	12.110591064815535	0.0	14.071212709171764	0.8606643446532312	12.110591064815535	2.3032545954380013e-11
210.1512866057031	2	1	1	2	4	0	210.1512866057031	17.0	0	0.00037672594599637255	0.8165272377023712	1.1801108142044114	36.09409997849811	0.0	18.836297299818632	0.0	17.257802678679482	1.0914655620144065	18.836297299818632	4.139886381195732e-11
223.65776436901845	1	1	1	1	4	0	223.65776436901845	18.0	0	0.000324063407926202	0.9395583862692876	1.5374844729592805	32.24263419275411	0.0	16.203170396310107	0.0	16.039463796444007	1.0102064883180442	16.203170396310107	4.240179781556435e-11
223.65776436901845	2	1	1	2	4	0	223.65776436901845	18.0	0	0.00048700762472842206	0.7799838158347233	1.054000817405282	44.26008161199014	0.0	24.350381236421107	0.0	19.909700375569027	1.2230410692820466	24.350381236421107	5.935281582743865e-11
237.29359419897813	1	1	1	1	4	0	237.29359419897813	19.0	0	0.0004193266570245209	0.8087506100558298	1.024560436130572	39.51354936551869	0.0	20.966332851226046	0.0	18.547216514292646	1.1304301556553895	20.966332851226046	5.400944488803848e-11
237.29359419897813	2	1	1	2	4	0	237.29359419897813	19.0	0	0.0006485373940829434	0.9574830029799104	1.2427714973432409	56.58875255245754	0.0	32.42686970414717	0.0	24.161882848310377	1.3420671686774095	32.42686970414717	8.482596395468321e-11
251.0589284553002	1	1	1	1	4	0	251.0589284553002	20.0	0	0.0005345906495624453	0.8888092501830996	1.1447730005916614	48.7403216950433	0.0	26.729532478122266	0.0	22.01078921692104	1.2143831924742454	26.729532478122266	7.032138481120408e-11
251.0589284553002	2	1	1	2	4	0	251.0589284553002	20.0	0	0.0008337909356001097	0.820253077323689	1.251856267767428	71.41812131872369	0.0	41.68954678000549	0.0	29.728574538718206	1.40233924521707	41.68954678000549	1.0370235269315387e-10
264.95388112274634	1	1	1	1	4	0	264.95388112274634	21.0	0	0.0006766590506658374	0.7442760601644645	1.2205880854489577	60.161536598789404	0.0	33.832952533291866	0.0	26.32858406549753	1.2850274230139285	33.832952533291866	8.525188627697805e-11
264.95388112274634	2	1	1	2	4	0	264.95388112274634	21.0	0	0.0011116863297389915	1.0023593384233307	1.2002639787237208	93.75878956423695	0.0	55.584316486949575	0.0	38.174473077287374	1.4560598223429184	55.584316486949575	1.6029194750031961e-10
278.9785277773454	1	1	1	1	4	0	278.9785277773454	22.0	0	0.0008716040939849067	0.8416311030525301	1.2780209329155272	76.22594103611252	0.0	43.580204699245336	0.0	32.645736336867174	1.3349432296317896	43.580204699245336	1.5418696236294804e-10
278.9785277773454	2	1	1	2	4	0	278.9785277773454	22.0	0	0.0014417551158949966	0.8758314839655259	1.2496878422523872	120.95803701710976	0.0	72.08775579474981	0.0	48.87028122235995	1.4750837112385395	72.08775579474981	2.86833491343928e-10
293.1329055639992	1	1	1	1	4	0	293.1329055639992	23.0	0	0.0011331585292764482	0.8681016723385783	1.1299708579339671	97.39971235666158	0.0	56.657926463822434	0.0	40.74178589283918	1.390658883065327	56.657926463822434	1.9435005411917126e-10
293.1329055639992	2	1	1	2	4	0	293.1329055639992	23.0	0	0.0018902255440111926	0.8969515140925604	1.1770014506364048	157.26332955927822	0.0	94.51127720055963	0.0	62.75205235871858	1.5061065518668817	94.51127720055963	3.544606368456933e-10
307.41701318547484	1	1	1	1	4	0	307.41701318547484	24.0	0	0.0014876724761447402	0.8964451804299727	1.2001617795788893	126.08474846829051	0.0	74.38362380723704	0.0	51.70112466105347	1.438723515105085	74.38362380723704	2.8005888181614993e-10
307.41701318547484	2	1	1	2	4	0	307.41701318547484	24.0	0	0.0024294415241596953	0.7942380499230094	1.1611468336125894	200.893291085936	0.0	121.47207620798477	0.0	79.42121487795119	1.5294663572529623	121.47207620798477	4.3976407610375946e-10
321.83081090278995	1	1	1	1	4	0	321.83081090278995	25.0	0	0.001924738869356866	0.8338385130905076	1.1292011891576046	161.98734279294513	0.0	96.2369434678433	0.0	65.75039932510182	1.4636708591228664	96.2369434678433	3.678472842157675e-10
321.83081090278995	2	1	1	2	4	0	321.83081090278995	25.0	0	0.0030694538057569627	0.9513674757077356	1.1457807799473148	270.7000681113794	0.0	153.47269028784808	0.0	99.99408085934508	1.5348177508999536	153.47269028784808	6.53497887547924e-10
336.3742205469876	1	1	1	1	4	0	336.3742205469876	26.0	0	0.002488027633068246	0.8624591445261887	1.1222761730174573	209.78332184165038	0.0	124.4013816534123	0.0	85.38194018823802	1.456998767879364	124.4013816534123	4.845428320458688e-10
336.3742205469876	2	1	1	2	4	0	336.3742205469876	26.0	0	0.0036868731194263393	0.9260188890446214	1.1761759286265334	360.9833018977406	0.0	184.343655971317	0.0	121.5121605137804	1.5170798971219919	184.343655971317	7.817893945275555e-10
351.0471255422998	1	1	1	1	4	0	351.0471255422998	27.0	0	0.0031533714747354665	0.8166716851855719	1.1269046856006164	271.3711681880183	0.0	157.66857373677337	0.0	107.84602058163044	1.4619785958391616	157.66857373677337	6.213393228268738e-10
351.0471255422998	2	1	1	2	4	0	351.0471255422998	27.0	0	0.0043522169610935605	0.9101533902456294	1.1726144637444809	474.50981153938216	0.0	217.610848054678	0.0	143.9762409071728	1.5114358222130575	217.610848054678	9.613806059340163e-10
365.84937094069124	1	1	1	1	4	0	365.84937094069124	28.0	0	0.0038240892889015547	0.8341765128652607	1.1870724530505607	357.7547873130262	0.0	191.20446444507783	0.0	131.25594835297758	1.4567298994395652	191.20446444507783	9.48083366317793e-10
365.84937094069124	2	1	1	2	4	0	365.84937094069124	28.0	0	0.00502293477525965	0.8971860912584086	1.108502117945962	611.1794408771154	0.0	251.14673876298244	0.0	167.38616867851997	1.5004031739643442	251.14673876298244	1.4433397421273435e-09
380.78076346777357	1	1	1	1	4	0	380.78076346777357	29.0	0	0.004480640262673404	0.8424475275531929	1.1392201272155855	469.1146141985395	0.0	224.0320131336702	0.0	155.61059865627658	1.4396963643108116	224.0320131336702	1.1669207947069205e-09
380.78076346777357	2	1	1	2	4	0	380.78076346777357	29.0	0	0.005679485749031497	0.8434401908405411	1.147745062452223	764.3024570239232	0.0	283.97428745157487	0.0	191.74081898181893	1.4810319939151904	283.97428745157487	1.6031336914012511e-09
395.84107158007737	1	1	1	1	4	0	395.84107158007737	30.0	0	0.005174362750123045	0.8298334973943925	1.1577713189605308	601.7582224927057	0.0	258.7181375061522	0.0	180.9078445899348	1.4301101098882172	258.7181375061522	1.4749731490179578e-09
395.84107158007737	2	1	1	2	4	0	395.84107158007737	30.0	0	0.006373208236481137	0.8510189234905801	1.1516910963152038	941.2400273613176	0.0	318.6604118240569	0.0	217.03806491547718	1.4682236129784667	318.6604118240569	1.8583558356262547e-09
411.03002553366304	1	1	1	1	4	0	411.03002553366304	31.0	0	0.0058745955748396635	0.8669633770747329	1.1127419152602098	765.0713963146553	0.0	293.7297787419832	0.0	207.14452716694507	1.4179943962760648	293.7297787419832	1.6984994024006102e-09
411.03002553366304	2	1	1	2	4	0	411.03002553366304	31.0	0	0.007073441061197756	0.8258708514248772	1.147307616592122	1137.6872244911126	0.0	353.67205305988784	0.0	243.27474749248745	1.4537968149399048	353.67205305988784	2.0474057975935215e-09
426.3473174640513	1	1	1	1	4	0	426.3473174640513	32.0	0	0.0065490748398014855	0.8377420203630491	1.1127021640002963	948.5822977392206	0.0	327.4537419900743	0.0	234.3164258794133	1.3974852200869283	327.4537419900743	1.8970916626324693e-09
426.3473174640513	2	1	1	2	4	0	426.3473174640513	32.0	0	0.0077479203261595795	0.8789805371272308	1.121641541625913	1369.8206747719266	0.0	387.396016307979	0.0	270.4466462049557	1.4324304691668988	387.396016307979	2.3131110520053687e-09
441.79260147745117	1	1	1	1	4	0	441.79260147745117	33.0	0	0.0072738945799654935	0.8273456416732886	1.102639438428326	1148.585366017386	0.0	363.6947289982746	11.86334260539778	262.4182299112536	1.431143224046139	375.55807160367243	2.1168093425250877e-09
441.79260147745117	2	1	1	2	4	0	441.79260147745117	33.0	0	0.008472740066323585	0.8298710507662743	1.0692984835637684	1609.3497500725764	0.0	423.6370033161793	11.86334260539778	298.548450236796	1.4587258636785978	435.50034592157715	2.494043361728089e-09
457.365493753255	1	1	1	1	4	0	457.365493753255	34.0	0	0.007999283959213881	0.8436668318519537	1.0863745458581642	1374.3415076496015	0.0	399.96419796069415	33.638863238761594	291.44351005299836	1.4877773779234469	433.60306119945574	2.8167498837747172e-09
457.365493753255	2	1	1	2	4	0	457.365493753255	34.0	0	0.009198129445571973	0.8238699961057874	1.124346374758355	1870.216903643068	0.0	459.9064722785988	33.638863238761594	327.57373037854074	1.506669460176262	493.5453355173604	3.4079880189883298e-09
473.0655726577729	1	1	1	1	4	0	473.0655726577729	35.0	0	0.008688730659804647	0.8205754731660455	1.1221914177704615	1617.6187806061419	0.0	434.43653299023237	63.26574790347243	321.38469137271284	1.5486185068986835	497.7022808937048	3.129441070517364e-09
473.0655726577729	2	1	1	2	4	0	473.0655726577729	35.0	0	0.00988757614616274	0.846468863388297	1.0953519645451015	2158.913429687146	0.0	494.37880730813714	63.26574790347243	357.51491169825516	1.5597798496367752	557.6445552116095	3.754567144622031e-09
488.8923788691719	1	1	1	1	4	0	488.8923788691719	36.0	0	0.009407188052699824	0.8307340166141762	1.1039707055549308	1885.9441783506709	0.0	470.35940263499117	98.57176754760937	352.2330266969467	1.6152124504556922	568.9311701826007	3.4343035747574648e-09
488.8923788691719	2	1	1	2	4	0	488.8923788691719	36.0	0	0.010606033539057915	0.7884508992281148	1.06970740168812	2450.9647445532905	0.0	530.301676952896	98.57176754760937	388.3632470224891	1.6192918596750965	628.8734445005052	3.746122973748723e-09
504.8454155135833	1	1	1	1	4	0	504.8454155135833	37.0	0	0.010118737218233887	0.8007037184764502	1.0611132432681136	2167.969146354369	7.015059303619688	505.9368609116944	137.2716074713363	383.97857095550165	1.6751155325737457	650.2235276866504	3.904845922139854e-09
504.8454155135833	2	1	1	2	4	0	504.8454155135833	37.0	0	0.011317582704591982	0.8140904860073186	1.0590208899636546	2776.8180482647685	7.015059303619688	565.879135229599	137.2716074713363	420.10879128104403	1.6737348927091178	710.1658020045551	4.411582648281387e-09
520.9241483123367	1	1	1	1	4	0	520.9241483123367	38.0	0	0.010785724397611786	0.8045996741505153	1.041015117612079	2477.13450390202	20.920301141753512	539.2862198805893	176.96529644246598	416.61015644354217	1.7192368098690836	737.1718174648088	4.379962883914871e-09
520.9241483123367	2	1	1	2	4	0	520.9241483123367	38.0	0	0.01198456988396988	0.788306771245314	1.0340591574758928	3117.484291758569	20.920301141753512	599.2284941984939	176.96529644246598	452.74037676908455	1.7144346527697691	797.1140917827133	4.7569519359693935e-09
537.1280057402779	1	1	1	1	4	0	537.1280057402779	39.0	0	0.011489347675105972	0.8028637130650534	1.055642280971568	2802.052151382752	41.57746167947757	574.4673837552987	228.13453234226182	450.1153690542279	1.7831026693977794	844.1793777770378	4.643771244290276e-09
537.1280057402779	2	1	1	2	4	0	537.1280057402779	39.0	0	0.012688193161464065	0.7820579129765121	1.0312557659749684	3469.6821141860883	41.57746167947757	634.4096580732033	228.13453234226182	486.24558937977025	1.7738858906991462	904.1216520949423	4.953426464344354e-09
553.4563791951257	1	1	1	1	4	0	553.4563791951257	40.0	0	0.012171659100044358	0.8120584751774802	1.0430702518928987	3154.306817066883	68.8346330571118	608.582955002218	285.8563949510358	484.48052553458933	1.846182256688862	963.2739830103656	6.139224394644096e-09
553.4563791951257	2	1	1	2	4	0	553.4563791951257	40.0	0	0.013370504586402451	0.8200102899546334	1.054716900298534	3859.9586857803365	68.8346330571118	668.5252293201223	285.8563949510358	520.6107458601317	1.8331961678861777	1023.21625732827	6.115088788463738e-09
569.9086231778117	1	1	1	1	4	0	569.9086231778117	41.0	0	0.012889231982749431	0.7711042942093792	1.0280667111838615	3516.5146233221785	102.52601851334668	644.4615991374716	344.97084620866616	519.69065181682	1.9038873258295432	1091.9584638594845	6.6444195892133625e-09
569.9086231778117	2	1	1	2	4	0	569.9086231778117	41.0	0	0.014088077469107528	0.8109232331785673	1.0282689799211702	4273.875895291671	102.52601851334668	704.4038734553762	344.97084620866616	555.8208721423624	1.887972856469604	1151.900738177389	7.159306849068458e-09
586.4840554837581	1	1	1	1	4	0	586.4840554837581	42.0	0	0.013625651378316991	0.7942246246416208	1.0656036749573137	3915.6405419976973	142.47170017444452	681.2825689158495	400.0782610971759	555.7294624765016	1.9458403828261124	1223.83253018747	7.527779567610872e-09
586.4840554837581	2	1	1	2	4	0	586.4840554837581	42.0	0	0.014824496864675085	0.8214383382854585	1.0503372772405837	4717.552412534604	142.47170017444452	741.2248432337543	400.0782610971759	591.859682802044	1.928333923553728	1283.7748045053745	8.207480639311732e-09
603.1819574050269	1	1	1	1	4	0	603.1819574050269	43.0	0	0.014339364433761643	0.7796167015851391	1.078669308275639	4334.840949197696	188.47742008486333	716.9682216880823	445.5372001664082	592.5793413685203	1.961771767422344	1350.9828419393539	7.543342319266595e-09
603.1819574050269	2	1	1	2	4	0	603.1819574050269	43.0	0	0.015538209920119738	0.8348713570590605	1.059930462349062	5192.0712899099735	188.47742008486333	776.9104960059868	445.5372001664082	628.7095616940627	1.944375862327432	1410.9251162572582	8.538802953083879e-09
620.0015739432909	1	1	1	1	4	0	620.0015739432909	44.0	0	0.014986976387421844	0.8269545548876457	1.0697287887958742	4805.313356920802	240.3343750448304	749.3488193710922	486.7965064426599	630.2213234905788	1.9614463677096303	1476.4797008585824	8.500018925644392e-09
620.0015739432909	2	1	1	2	4	0	620.0015739432909	44.0	0	0.016185821873779937	0.8084425911242739	1.046646033458626	5688.721320864055	240.3343750448304	809.2910936889969	486.7965064426599	666.3515438161212	1.9450507951240077	1536.4219751764872	9.220194947300757e-09
636.9421140335545	1	1	1	1	4	0	636.9421140335545	45.0	0	0.015654584155727968	0.7944605855305994	1.0665925377489331	5282.332423779875	297.8190258094122	782.7292077863988	539.6599945120054	668.6350781232392	1.97774428169422	1620.2082281078162	8.854975504164842e-09
636.9421140335545	2	1	1	2	4	0	636.9421140335545	45.0	0	0.01685342964208606	0.8124340166871813	1.0529744648474082	6206.821231953817	297.8190258094122	842.6714821043031	539.6599945120054	704.7652984487816	1.9614068394951891	1680.1505024257206	9.896910174959804e-09
654.0027507785644	1	1	1	1	4	0	654.0027507785644	46.0	0	0.01634258119826083	0.8007678316020409	1.0221382499600848	5784.932121382585	360.69292119149117	817.1290599130417	598.4568926302895	707.7988932943781	1.9999832804974167	1776.2788737348224	1.2064498521673063e-08
654.0027507785644	2	1	1	2	4	0	654.0027507785644	46.0	0	0.017541426684618926	0.8098638933180289	1.0291628885214816	6738.23899046567	360.69292119149117	877.0713342309461	598.4568926302895	743.9291136199204	1.983425839703184	1836.2211480527271	1.1233604683311009e-08
671.1826216938364	1	1	1	1	4	0	671.1826216938364	47.0	0	0.01708293887477219	0.8254051975848596	1.0441815579461349	6325.332348866957	428.702537597776	854.1469437386096	657.2664508030814	747.6896616147653	2.021444821475173	1940.1159321394668	1.1825480634664469e-08
671.1826216938364	2	1	1	2	4	0	671.1826216938364	47.0	0	0.018281784361130284	0.8028471658551992	1.0317699322192082	7300.3351202680715	428.702537597776	914.0892180565145	657.2664508030814	783.8198819403076	2.004740763872667	2000.058206457372	1.2157338475674416e-08
688.4808289632283	1	1	1	1	4	0	688.4808289632283	48.0	0	0.017830098856471768	0.7841689775762416	1.0409815704217826	6867.622747361956	501.57913451254234	891.5049428235883	709.916576233926	788.282867530215	2.031531554243923	2103.0006535700572	1.2094227973483407e-08
688.4808289632283	2	1	1	2	4	0	688.4808289632283	48.0	0	0.019028944342829857	0.7862069905400947	1.0440950285323936	7894.920590864073	501.57913451254234	951.4472171414927	709.916576233926	824.4130878557573	2.015207931373959	2162.9429278879606	1.3241326195470682e-08
705.8964397049822	1	1	1	1	4	0	705.8964397049822	49.0	0	0.01853659292707601	0.8021914742387705	1.040535028969428	7463.345056750323	579.0386264282525	926.8296463538004	752.8416297505372	829.5525760343961	2.02479182710017	2258.7099025325906	1.3351172407394788e-08
705.8964397049822	2	1	1	2	4	0	705.8964397049822	49.0	0	0.0197354384134341	0.7831744584426493	1.053117110910714	8506.811600307177	579.0386264282525	986.7719206717051	752.8416297505372	865.6827963599385	2.0095276904393238	2318.652176850495	1.391617074691324e-08
723.4284862481575	1	1	1	1	4	0	723.4284862481575	50.0	0	0.019293306334476526	0.7799361683664224	1.0278450179493277	8062.033047226278	660.7814717055172	964.665316723826	810.4757308638319	871.4714228849217	2.036946939362883	2435.9225192931754	1.3524326044204617e-08
723.4284862481575	2	1	1	2	4	0	723.4284862481575	50.0	0	0.02049215182083461	0.7706948543383688	1.0573104975969605	9124.120943072889	660.7814717055172	1024.6075910417308	810.4757308638319	907.6016432104643	2.0219039218729407	2495.86479361108	1.4027772013100382e-08
741.0759664193733	1	1	1	1	4	0	741.0759664193733	51.0	0	0.02002834528102236	0.8128257023231886	1.0506479094533958	8701.971184201811	746.4925788270981	1001.4172640511183	876.5594057224796	914.0106063637852	2.0546552268630296	2624.469248600696	1.5542381761620094e-08
741.0759664193733	2	1	1	2	4	0	741.0759664193733	51.0	0	0.021227190767380458	0.7758975302935479	1.0538126943502704	9773.570323229782	746.4925788270981	1061.3595383690226	876.5594057224796	950.1408266893277	2.0396123286734142	2684.411522918601	1.5806105318746806e-08
758.8378438397727	1	1	1	1	4	0	758.8378438397727	52.0	0	0.02083354627872409	0.7802442325799377	1.0416377506621464	9359.28778222753	835.8412304917856	1041.6773139362047	944.5756310611807	957.1398806215452	2.0751960974685932	2822.094175489171	1.711565491932026e-08
758.8378438397727	2	1	1	2	4	0	758.8378438397727	52.0	0	0.022032391765082183	0.7716343849423998	1.0267390919769972	10446.053783557254	835.8412304917856	1101.6195882541092	944.5756310611807	993.2701009470876	2.060059209840539	2882.0364498070758	1.6623855197965404e-08
776.7130482321257	1	1	1	1	4	0	776.7130482321257	53.0	0	0.021658788462911204	0.8024961391735155	1.0496625438421123	10052.473646396023	928.4810259740648	1082.9394231455603	1007.7495086544756	1000.8275506429268	2.088960211434015	3019.169957774101	1.7954451072877e-08
776.7130482321257	2	1	1	2	4	0	776.7130482321257	53.0	0	0.02285763394926929	0.7860157648124982	1.0312775867179127	11162.058602045254	928.4810259740648	1142.881697463465	1007.7495086544756	1036.9577709684693	2.073981473815808	3079.112232092005	1.8210837737636307e-08
794.7004757379742	1	1	1	1	4	0	794.7004757379742	54.0	0	0.02245199684713967	0.7599959268168696	1.0140331209715008	10754.900255322013	1024.0498421545199	1122.5998423569836	1059.048258242922	1045.0404688696517	2.087620686077013	3205.6979427544256	1.876210147711975e-08
794.7004757379742	2	1	1	2	4	0	794.7004757379742	54.0	0	0.02365084233349776	0.7625077415983972	1.0255324742982408	11893.495806531691	1024.0498421545199	1182.542116674888	1059.048258242922	1081.1706891951942	2.0732992461961883	3265.6402170723304	1.893985950667793e-08
812.7989892447298	1	1	1	1	4	0	812.7989892447298	55.0	0	0.023308206542922733	0.7688995619042069	1.023245790169745	11498.98810726322	1122.1698136039506	1165.4103271461365	1118.4605119973603	1089.7440335143906	2.095786504816259	3406.040652747448	1.9927534702763945e-08
812.7989892447298	2	1	1	2	4	0	812.7989892447298	55.0	0	0.02450705202928082	0.7605933860020597	1.0362034571807273	12661.868603465347	1122.1698136039506	1225.3526014640406	1118.4605119973603	1125.874253839933	2.0817716591950988	3465.982927065352	2.0124734364873998e-08
831.0074187226242	1	1	1	1	4	0	831.0074187226242	56.0	0	0.02414703144532215	0.7621013728756943	1.0072005476841457	12262.903118103113	1222.4473320812006	1207.3515722661075	1185.9135452722826	1134.9021885977106	2.1087853575254063	3615.7124496195897	2.240597460080328e-08
831.0074187226242	2	1	1	2	4	0	831.0074187226242	56.0	0	0.02534587693168024	0.7429127202269705	1.029348141277422	13438.051083671506	1222.4473320812006	1267.2938465840116	1185.9135452722826	1171.0324089232531	2.0949099044252595	3675.654723937495	2.2536287109850832e-08
849.3245615714155	1	1	1	1	4	0	849.3245615714155	57.0	0	0.024973411290830118	0.7602445669746788	1.0265114111362943	13062.712996673166	1324.473065780785	1248.670564541506	1254.223101530684	1180.477425737787	2.120238482754472	3827.3667318529747	2.3623026799400967e-08
849.3245615714155	2	1	1	2	4	0	849.3245615714155	57.0	0	0.02617225677718821	0.7587863792529036	1.0290460797734642	14269.348731590522	1324.473065780785	1308.6128388594107	1254.223101530684	1216.6076460633294	2.1065426875154527	3887.3090061708795	2.4410895004124755e-08
867.7491829767432	1	1	1	1	4	0	867.7491829767432	58.0	0	0.025810031473812247	0.7605219783564474	1.004880937143685	13895.388263477324	1427.8219986415347	1290.5015736906125	1315.9445103417586	1226.4307877204656	2.125228843020896	4034.268082673905	2.426633594211194e-08
867.7491829767432	2	1	1	2	4	0	867.7491829767432	58.0	0	0.027008876960170337	0.7616852856226395	1.0119570675994451	15128.544621255583	1427.8219986415347	1350.4438480085166	1315.9445103417586	1262.561008046008	2.1118887256599885	4094.2103569918104	2.562748834860844e-08
886.2800162760308	1	1	1	1	4	0	886.2800162760308	59.0	0	0.026599722259158902	0.7528727833666568	1.0163317137791217	14758.247813732933	1532.0534900017474	1329.9861129579456	1363.3739103596945	1272.7218738750084	2.1162204238049807	4225.413513319388	2.6021635474841018e-08
886.2800162760308	2	1	1	2	4	0	886.2800162760308	59.0	0	0.027798567745517002	0.7213001840358404	1.0036617971758082	15992.576536454077	1532.0534900017474	1389.92838727585	1363.3739103596945	1308.852094200551	2.1036007886874843	4285.3557876372915	2.6307967109514206e-08
