11.247441493196291	1	1	1	1	4	0	11.247441493196291	1.0	0	0.0			15.0	0.0	0.0	0.0	0.0		0.0	0.0
11.247441493196291	2	1	1	2	4	0	11.247441493196291	1.0	0	0.0			15.0	0.0	0.0	0.0	0.0		0.0	0.0
11.367595075476835	1	1	1	1	4	0	11.367595075476835	1.0	0	0.0			15.0	0.0	0.0	0.0	0.0		0.0	0.0
11.367595075476835	2	1	1	2	4	0	11.367595075476835	1.0	0	0.0			15.0	0.0	0.0	0.0	0.0		0.0	0.0
22.856168219862568	1	1	1	1	4	0	22.856168219862568	2.0	0	0.0			14.552750241652504	0.0	0.0	0.0	0.7285827694774977	0.0	0.0	0.0
22.856168219862568	2	1	1	2	4	0	22.856168219862568	2.0	0	0.0			14.552750241652504	0.0	0.0	0.0	0.7285827694774977	0.0	0.0	0.0
34.4665080713728	1	1	1	1	4	0	34.4665080713728	3.0	0	0.0			13.791431040067982	0.0	0.0	0.0	2.1993864847666735	0.0	0.0	0.0
34.4665080713728	2	1	1	2	4	0	34.4665080713728	3.0	0	0.0			13.791431040067982	0.0	0.0	0.0	2.1993864847666735	0.0	0.0	0.0
46.1993671861199	1	1	1	1	4	0	46.1993671861199	4.0	0	0.0			12.713098668736418	0.0	0.0	0.0	4.42587529936556	0.0	0.0	0.0
46.1993671861199	2	1	1	2	4	0	46.1993671861199	4.0	0	0.0			12.713098668736418	0.0	0.0	0.0	4.42587529936556	0.0	0.0	0.0
58.05546181511435	1	1	1	1	4	0	58.05546181511435	5.0	0	0.0			11.314922877436091	0.0	0.0	0.0	7.421310407022852	0.0	0.0	0.0
58.05546181511435	2	1	1	2	4	0	58.05546181511435	5.0	0	0.0			11.314922877436091	0.0	0.0	0.0	7.421310407022852	0.0	0.0	0.0
70.03547169202406	1	1	1	1	4	0	70.03547169202406	6.0	0	2.500826149469408e-05			10.075555122184273	0.0	1.2504130747347042	0.0	8.825142047449571	0.14168758621806754	1.2504130747347042	0.0
70.03547169202406	2	1	1	2	4	0	70.03547169202406	6.0	0	2.500826149469408e-05			10.075555122184273	0.0	1.2504130747347042	0.0	8.825142047449571	0.14168758621806754	1.2504130747347042	0.0
82.14003983175478	1	1	1	1	4	0	82.14003983175478	7.0	0	3.128994613888274e-05	0.9641903737834936	1.2458257531597705	10.612737828842556	0.0	1.5644973069441377	0.0	9.04824052189842	0.17290624659653595	1.5644973069441377	2.1420189504688603e-12
82.14003983175478	2	1	1	2	4	0	82.14003983175478	7.0	0	2.586413147742462e-05	0.1882433028387716	0.7641907603949211	10.148745449288024	0.0	1.2932065738712313	0.0	8.855538875416793	0.14603363974395805	1.2932065738712313	6.771244046124378e-13
94.36977233991071	1	1	1	1	4	0	94.36977233991071	8.0	0	3.973247709276462e-05	0.9278229480882948	1.2682294072324354	11.281860737982461	0.0	1.9866238546382315	0.0	9.295236883344227	0.21372493025949507	1.9866238546382315	2.619200481810273e-12
94.36977233991071	2	1	1	2	4	0	94.36977233991071	8.0	0	3.336053946835742e-05	1.0289071655502386	1.2854554321104164	10.74288224906916	0.0	1.6680269734178714	0.0	9.074855275651286	0.18380755645694413	1.6680269734178714	2.321462161427854e-12
106.72523823319248	1	1	1	1	4	0	106.72523823319248	9.0	0	5.2079341641097466e-05	1.0270387495408422	1.4866278451330142	12.228786299914315	0.0	2.603967082054874	0.0	9.624819217859443	0.2705471160666637	2.603967082054874	3.572511305225925e-12
106.72523823319248	2	1	1	2	4	0	106.72523823319248	9.0	0	3.669449348688089e-05	0.3320361727688791	0.7957175644484532	10.998575204158037	0.0	1.8347246743440448	0.0	9.16385052981399	0.2002132911678216	1.8347246743440448	1.3369825319808248e-12
119.20696927078512	1	1	1	1	4	0	119.20696927078512	10.0	0	7.012575417836159e-05	1.2732732091672343	1.1976628689192674	13.59533494742674	0.0	3.50628770891808	0.0	10.089047238508659	0.34753407591700125	3.50628770891808	5.0023918736054364e-12
119.20696927078512	2	1	1	2	4	0	119.20696927078512	10.0	0	4.5729142593661795e-05	0.7645971308184835	1.2032719021355078	11.682716026724671	0.0	2.28645712968309	0.0	9.396258897041584	0.24333696577932545	2.28645712968309	2.7030300252553218e-12
131.81545979678634	1	1	1	1	4	0	131.81545979678634	11.0	0	9.26167352334821e-05	0.9981239290628868	1.4031812389711902	15.297482031683181	0.0	4.6308367616741055	0.0	10.666645270009074	0.4341418172679297	4.6308367616741055	6.61253614992166e-12
131.81545979678634	2	1	1	2	4	0	131.81545979678634	11.0	0	5.5904607707623256e-05	0.6645930708677443	1.5784294740345983	12.452808635501265	0.0	2.7952303853811635	0.0	9.657578250120102	0.2894338842500605	2.7952303853811635	3.313470119070015e-12
144.55116659372186	1	1	1	1	4	0	144.55116659372186	12.0	0	0.0001207403433030934	0.9226189400694309	1.1196194391050682	17.444002881852125	0.0	6.037017165154671	0.0	11.406985716697454	0.5292386012474559	6.037017165154671	8.332643985796973e-12
144.55116659372186	2	1	1	2	4	0	144.55116659372186	12.0	0	6.394809039776236e-05	0.41830478892525097	1.045130420773922	13.066723580540364	0.0	3.1974045198881176	0.0	9.869319060652245	0.32397417696584296	3.1974045198881176	2.99000770869678e-12
157.41450874719058	1	1	1	1	4	0	157.41450874719058	13.0	0	0.00015382524270042845	0.8151568365809756	1.2733836573759652	20.01121469005581	0.0	7.691262135021423	0.0	12.319952555034385	0.6242931618984596	7.691262135021423	1.006133392985501e-11
157.41450874719058	2	1	1	2	4	0	157.41450874719058	13.0	0	7.449614519407909e-05	0.4771904156917761	1.2820318560525474	13.885196398047707	0.0	3.724807259703955	0.0	10.160389138343751	0.3666008465804822	3.724807259703955	3.7420126996865996e-12
170.4058675216809	1	1	1	1	4	0	170.4058675216809	14.0	0	0.00019029326413615632	0.6423313911602684	1.034514400038882	22.716147678091172	0.0	9.514663206807816	0.0	13.201484471283354	0.7207267658046086	9.514663206807816	1.0997217592719624e-11
170.4058675216809	2	1	1	2	4	0	170.4058675216809	14.0	0	0.00010286984944582907	1.4752268862058058	1.4378882720821229	15.98975172081404	0.0	5.143492472291454	0.0	10.846259248522584	0.4742181017839925	5.143492472291454	7.834239394755765e-12
183.52558624759342	1	1	1	1	4	0	183.52558624759342	15.0	0	0.0002331243768238862	0.5871629433003651	1.2033673740724409	25.82893964045654	0.0	11.656218841194306	0.0	14.172720799262235	0.8224404478356107	11.656218841194306	1.4221271385252133e-11
183.52558624759342	2	1	1	2	4	0	183.52558624759342	15.0	0	0.00013607784256616968	0.9202772490437728	0.9819383637572392	18.40317429110589	0.0	6.803892128308486	0.0	11.599282162797403	0.5865787238223014	6.803892128308486	1.0190901479194363e-11
196.77397021950497	1	1	1	1	4	0	196.77397021950497	16.0	0	0.00031563098407193924	1.0125426886487798	1.345366069056814	31.79385968309082	0.0	15.781549203596962	0.0	16.01231047949386	0.9855885085295828	15.781549203596962	4.3762241581575425e-11
196.77397021950497	2	1	1	2	4	0	196.77397021950497	16.0	0	0.0001770041526238999	0.8106491113619357	1.150864940556401	21.36199389691607	0.0	8.850207631194996	0.0	12.511786265721073	0.7073496496213479	8.850207631194996	2.243025332473569e-11
210.1512866057031	1	1	1	1	4	0	210.1512866057031	17.0	0	0.0004164125335382355	0.8604485046764062	1.6003624840746655	39.12686916927922	0.0	20.820626676911782	0.0	18.306242492367442	1.137351189660723	20.820626676911782	5.01719172986948e-11
210.1512866057031	2	1	1	2	4	0	210.1512866057031	17.0	0	0.00022948787671244825	0.8095325528178289	1.1157439030412457	25.180784624483987	0.0	11.474393835622413	0.0	13.70639078886157	0.8371564777612368	11.474393835622413	2.171388657080298e-11
223.65776436901845	1	1	1	1	4	0	223.65776436901845	18.0	0	0.00054208318066376	0.8909899958537751	1.2203219035247668	48.432351349954914	0.0	27.104159033188	0.0	21.328192316766923	1.2708137019132355	27.104159033188	7.369974043285416e-11
223.65776436901845	2	1	1	2	4	0	223.65776436901845	18.0	0	0.00029077330642730625	0.7069837809513452	1.2055276506112185	29.71876136918108	0.0	14.538665321365313	0.0	15.180096047815766	0.9577452787894092	14.538665321365313	3.126682149710502e-11
237.29359419897813	1	1	1	1	4	0	237.29359419897813	19.0	0	0.000711237403884687	0.8704155281820032	1.1893749927559325	61.34295454473877	0.0	35.561870194234345	0.0	25.781084350504425	1.3793783733358973	35.561870194234345	8.925408793196939e-11
237.29359419897813	2	1	1	2	4	0	237.29359419897813	19.0	0	0.0003696177570558705	0.7365008376592689	1.1477094861436885	35.736520765271564	0.0	18.480887852793533	0.0	17.255632912478028	1.0710060851740468	18.480887852793533	4.2134274600194975e-11
251.0589284553002	1	1	1	1	4	0	251.0589284553002	20.0	0	0.0009129650358674242	0.8077055209547249	1.1098889679878194	77.49105849200087	0.0	45.64825179337122	0.0	31.842806698629648	1.4335498822512929	45.64825179337122	1.1636362591341056e-10
251.0589284553002	2	1	1	2	4	0	251.0589284553002	20.0	0	0.0004830646372749243	0.8969132676564004	1.277652781747169	44.817834992103116	0.0	24.153231863746218	0.0	20.66460312835689	1.1688214728209356	24.153231863746218	6.377156977504122e-11
264.95388112274634	1	1	1	1	4	0	264.95388112274634	21.0	0	0.0011751497405417756	0.8166557889480012	1.1644706820752897	98.56870723939336	0.0	58.75748702708878	0.0	39.81122021230461	1.4759026905919446	58.75748702708878	1.5547114658839403e-10
264.95388112274634	2	1	1	2	4	0	264.95388112274634	21.0	0	0.0006369534543796009	0.951593625825098	1.2933850295116254	57.18932110573001	0.0	31.84767271898005	0.0	25.34164838674995	1.2567324837334504	31.84767271898005	8.99859132412529e-11
278.9785277773454	1	1	1	1	4	0	278.9785277773454	22.0	0	0.0015079679178875705	0.8281241874077145	1.272029390722176	125.9945176829287	0.0	75.39839589437852	0.0	50.59612178855018	1.4902010910931331	75.39839589437852	2.2672564263501098e-10
278.9785277773454	2	1	1	2	4	0	278.9785277773454	22.0	0	0.0008480819331566259	1.072056888468182	1.1893624359768735	74.58731806715953	0.0	42.404096657831296	0.0	32.18322140932823	1.3175839708059978	42.404096657831296	1.6904126037249868e-10
293.1329055639992	1	1	1	1	4	0	293.1329055639992	23.0	0	0.001982267156527036	0.9240176154128016	1.225595553078388	164.39074524171002	0.0	99.1133578263518	0.0	65.27738741535823	1.5183413698176398	99.1133578263518	3.5819329005658764e-10
293.1329055639992	2	1	1	2	4	0	293.1329055639992	23.0	0	0.0010618102897981163	0.6993568514077617	1.0968388149080237	91.889396478483	0.0	53.09051448990582	0.0	38.79888198857716	1.368351657801281	53.09051448990582	1.5729470987859183e-10
307.41701318547484	1	1	1	1	4	0	307.41701318547484	24.0	0	0.0025687749336679435	0.8603973107123686	1.165854666781509	211.84726117192403	0.0	128.4387466833972	0.0	83.4085144885268	1.5398757245708348	128.4387466833972	4.577014583513178e-10
307.41701318547484	2	1	1	2	4	0	307.41701318547484	24.0	0	0.0013609847385171276	0.7835451529256149	1.2055238701349589	116.09670888746359	0.0	68.04923692585638	0.0	48.047471961607215	1.4162917245725597	68.04923692585638	2.431715870023054e-10
321.83081090278995	1	1	1	1	4	0	321.83081090278995	25.0	0	0.0032087872152652104	0.8804077380469665	1.1746884938803135	281.64142501544114	0.0	160.43936076326057	0.0	103.98138046992071	1.542962403828364	160.43936076326057	6.478470086783754e-10
321.83081090278995	2	1	1	2	4	0	321.83081090278995	25.0	0	0.0017630889489047726	0.8419079518652131	1.1555783921987357	149.12735266605438	0.0	88.15444744523865	0.0	60.972905220815726	1.445797065532369	88.15444744523865	3.308261708233223e-10
336.3742205469876	1	1	1	1	4	0	336.3742205469876	26.0	0	0.0038262065289345884	0.9566248599558246	1.1601075423709168	382.2840003889298	0.0	191.31032644672942	0.0	125.49946012435603	1.52439162891348	191.31032644672942	8.66243343780698e-10
336.3742205469876	2	1	1	2	4	0	336.3742205469876	26.0	0	0.002278104346193697	0.8565954409951163	1.1628536307263126	192.82725709232955	0.0	113.90521730968487	0.0	78.92203978264469	1.4432624603138189	113.90521730968487	4.34705024221036e-10
351.0471255422998	1	1	1	1	4	0	351.0471255422998	27.0	0	0.0044915503706018075	0.9195611977199614	1.1755376385564282	502.0666721559793	0.0	224.57751853009046	0.0	147.96354051774844	1.5177895699457935	224.57751853009046	1.0200397444297358e-09
351.0471255422998	2	1	1	2	4	0	351.0471255422998	27.0	0	0.0029434481878609178	0.8774752115879968	1.1231580004269266	251.61840149321168	0.0	147.17240939304588	0.0	101.38612017603708	1.4516031300685923	147.17240939304588	5.958636460942145e-10
365.84937094069124	1	1	1	1	4	0	365.84937094069124	28.0	0	0.0051622681847678965	0.8615621658599676	1.1598536188354738	638.3224331067628	0.0	258.11340923839487	0.0	171.3734682890956	1.5061456817981578	258.11340923839487	1.369769323577807e-09
365.84937094069124	2	1	1	2	4	0	365.84937094069124	28.0	0	0.0036141660020270064	0.7843506399099812	1.1619208297274377	325.9121084302696	0.0	180.70830010135032	0.0	124.79604794738424	1.4480290287520918	180.70830010135032	9.089101411585843e-10
380.78076346777357	1	1	1	1	4	0	380.78076346777357	29.0	0	0.005818819158539745	0.8744266425297682	1.147246224690094	801.4699369261917	0.0	290.94095792698727	0.0	195.72811859239457	1.4864545780101952	290.94095792698727	1.6657391497219643e-09
380.78076346777357	2	1	1	2	4	0	380.78076346777357	29.0	0	0.004270716975798855	0.8764767471278183	1.1761947844496048	433.7379592359189	0.0	213.5358487899427	0.0	149.1506982506832	1.4316785056617365	213.5358487899427	1.12959569581322e-09
395.84107158007737	1	1	1	1	4	0	395.84107158007737	30.0	0	0.006512541645989385	0.8502984133663267	1.1329218182997438	983.1923142392717	0.0	325.6270822994693	0.0	221.0253645260528	1.4732566237260376	325.6270822994693	1.8490068886040471e-09
395.84107158007737	2	1	1	2	4	0	395.84107158007737	30.0	0	0.004964439463248495	0.8059669233717882	1.138192623953431	555.0884613760462	0.0	248.22197316242475	0.0	174.44794418434142	1.4228999620661926	248.22197316242475	1.3080261232423908e-09
411.03002553366304	1	1	1	1	4	0	411.03002553366304	31.0	0	0.007212774470706003	0.8246995139380816	1.139267063663464	1184.0938325245424	0.0	360.63872353530024	0.0	247.26204710306308	1.4585284226211224	360.63872353530024	2.0445970200042907e-09
411.03002553366304	2	1	1	2	4	0	411.03002553366304	31.0	0	0.005664672287965114	0.86401917208214	1.1523164409207545	710.007217363482	0.0	283.23361439825567	0.0	200.6846267613517	1.4113368770148442	283.23361439825567	1.6286334728927825e-09
426.3473174640513	1	1	1	1	4	0	426.3473174640513	32.0	0	0.007887253735667829	0.875391187523198	1.1285317206372434	1422.8137820608065	0.0	394.3626867833913	0.0	274.43394581553133	1.4370040324693418	394.3626867833913	2.4129790791779393e-09
426.3473174640513	2	1	1	2	4	0	426.3473174640513	32.0	0	0.006339151552926938	0.8249528171649922	1.1415994598016852	884.4576180320732	0.0	316.9575776463469	0.0	227.85652547382	1.3910401599745468	316.9575776463469	1.8382844362950706e-09
441.79260147745117	1	1	1	1	4	0	441.79260147745117	33.0	0	0.008612073475831834	0.8386985930870198	1.0712965902083862	1667.216859543894	0.0	430.60367379159175	11.86334260539778	302.5357498473716	1.462528037166559	442.4670163969895	2.466818907353993e-09
441.79260147745117	2	1	1	2	4	0	441.79260147745117	33.0	0	0.0070639712930909435	0.8238531533740121	1.123473827224856	1076.5636778299113	0.0	353.19856465454717	11.86334260539778	255.95832950566026	1.4262552344555448	365.0619072599449	2.068444497321179e-09
457.365493753255	1	1	1	1	4	0	457.365493753255	34.0	0	0.009337462855080223	0.8804676422162223	1.1501629795558372	1949.1892918898827	0.0	466.87314275401116	33.638863238761594	331.5610299891164	1.5095622245147515	500.5120059927728	3.507680257408145e-09
457.365493753255	2	1	1	2	4	0	457.365493753255	34.0	0	0.007789360672339335	0.859784296956294	1.0939628091845135	1298.5029787896744	0.0	389.4680336169668	33.638863238761594	284.983609647405	1.4846709864445045	423.1068968557283	2.6684303883781635e-09
473.0655726577729	1	1	1	1	4	0	473.0655726577729	35.0	0	0.010026909555670987	0.8679935505417131	1.0897001973349771	2249.7654214873146	0.0	501.3454777835495	63.26574790347243	361.50221130883085	1.5618472253401383	564.6112256870218	3.942666193330853e-09
473.0655726577729	2	1	1	2	4	0	473.0655726577729	35.0	0	0.008478807372930098	0.8243064175527957	1.111555864328891	1534.8251366995105	0.0	423.94036864650496	63.26574790347243	314.92479096711946	1.5470554574436328	487.20611654997737	3.0596991046047153e-09
488.8923788691719	1	1	1	1	4	0	488.8923788691719	36.0	0	0.010745366948566166	0.8740335598547827	1.0932391961263204	2578.236343865516	0.0	537.2683474283084	98.57176754760937	392.3505466330648	1.62059189271519	635.8401149759177	4.319729575868644e-09
488.8923788691719	2	1	1	2	4	0	488.8923788691719	36.0	0	0.009197264765825277	0.8034699845556728	1.1069573929441316	1788.5136074454351	0.0	459.8632382912638	98.57176754760937	345.7731262913534	1.6150329894878177	558.4350058388732	3.4750567775073515e-09
504.8454155135833	1	1	1	1	4	0	504.8454155135833	37.0	0	0.01145691611410023	0.8687591589593796	1.0845200616007074	2924.8558777539565	7.015059303619688	572.8458057050116	137.2716074713363	424.09609089161967	1.6744257455507243	717.1324724799673	4.522726088194476e-09
504.8454155135833	2	1	1	2	4	0	504.8454155135833	37.0	0	0.009908813931359338	0.850815751417371	1.100075851050644	2075.9913544112783	7.015059303619688	495.4406965679668	137.2716074713363	377.5186705499082	1.6759761924295564	639.7273633429229	4.0256708737826545e-09
520.9241483123367	1	1	1	1	4	0	520.9241483123367	38.0	0	0.012123903293478127	0.8361099868063921	1.081351764823462	3287.537751702455	20.920301141753512	606.1951646739062	176.96529644246598	456.7276763796602	1.7147208317311629	804.0807622581258	4.946742582814265e-09
520.9241483123367	2	1	1	2	4	0	520.9241483123367	38.0	0	0.010575801110737236	0.8282331380262283	1.0860388202272493	2382.999510744633	20.920301141753512	528.7900555368617	176.96529644246598	410.15025603794885	1.7207239093227051	726.6756531210813	4.222729020517291e-09
537.1280057402779	1	1	1	1	4	0	537.1280057402779	39.0	0	0.012827526570972312	0.8155243406236389	1.0741325103931356	3662.2307023108415	41.57746167947757	641.3763285486157	228.13453234226182	490.2328889903458	1.7736689651354678	911.0883225703551	5.39518752969661e-09
537.1280057402779	2	1	1	2	4	0	537.1280057402779	39.0	0	0.011279424388231424	0.8483286688169313	1.0612972792154391	2717.9512770274223	41.57746167947757	563.9712194115709	228.13453234226182	443.6554686486345	1.7854073886806143	833.6832134333104	4.7309972197056105e-09
553.4563791951257	1	1	1	1	4	0	553.4563791951257	40.0	0	0.0135098379959107	0.808615198628824	1.0721365623412724	4054.8279788859027	68.8346330571118	675.491899795535	285.8563949510358	524.5980454707073	1.8325426544126358	1030.1829278036826	7.0774841197526825e-09
553.4563791951257	2	1	1	2	4	0	553.4563791951257	40.0	0	0.011961735813169809	0.8320820434788847	1.0824188543435735	3069.6617697833717	68.8346330571118	598.0867906584904	285.8563949510358	478.0206251289959	1.8491737367419876	952.777818666638	6.1492293229972056e-09
569.9086231778117	1	1	1	1	4	0	569.9086231778117	41.0	0	0.014227410878615775	0.8157662365251346	1.0662164482097871	4475.432439518927	102.52601851334668	711.3705439307887	344.97084620866616	559.808171752938	1.8869702934698376	1158.8674086528015	7.370591698457244e-09
569.9086231778117	2	1	1	2	4	0	569.9086231778117	41.0	0	0.012679308695874884	0.8311977021688941	1.0548201400480433	3443.033960609877	102.52601851334668	633.9654347937442	344.97084620866616	513.2307514112266	1.9073998943177837	1081.462299515757	6.432639736744772e-09
586.4840554837581	1	1	1	1	4	0	586.4840554837581	42.0	0	0.014963830274183331	0.8498038965913013	1.0787537450609688	4940.592289132441	142.47170017444452	748.1915137091668	400.0782610971759	595.8469824126196	1.9271219099859005	1290.7414749807872	8.113204089891373e-09
586.4840554837581	2	1	1	2	4	0	586.4840554837581	42.0	0	0.013415728091442442	0.8219319546903179	1.1111742350292255	3840.3198192251125	142.47170017444452	670.7864045721219	400.0782610971759	549.2695620709081	1.9496158892035131	1213.3363658437424	6.781040013411198e-09
603.1819574050269	1	1	1	1	4	0	603.1819574050269	43.0	0	0.015677543329627987	0.8177791325662569	1.0488481490158914	5421.421658313187	188.47742008486333	783.8771664813993	445.5372001664082	632.6968613046382	1.9431333421075003	1417.8917867326709	8.829424677158367e-09
603.1819574050269	2	1	1	2	4	0	603.1819574050269	43.0	0	0.014129441146887097	0.8486916616568041	1.0632924741369592	4280.615162907881	188.47742008486333	706.4720573443547	445.5372001664082	586.1194409629269	1.9654854915205409	1340.4866775956261	7.749033968629263e-09
620.0015739432909	1	1	1	1	4	0	620.0015739432909	44.0	0	0.016325155283288185	0.8041231586414341	1.0339174288196726	5918.714870066833	240.3343750448304	816.2577641644092	486.7965064426599	670.3388434266968	1.9438740323416168	1543.3886456518994	9.149386391318214e-09
620.0015739432909	2	1	1	2	4	0	620.0015739432909	44.0	0	0.014777053100547296	0.808029700962188	1.058404454290609	4736.577130701944	240.3343750448304	738.8526550273648	486.7965064426599	623.7614230849855	1.9649326106257676	1465.9835365148551	8.254708087742836e-09
636.9421140335545	1	1	1	1	4	0	636.9421140335545	45.0	0	0.016992763051594313	0.8069204171127948	1.047060712530777	6446.836980797098	297.8190258094122	849.6381525797158	539.6599945120054	708.7525980593573	1.960201840382346	1687.117172901133	9.892829814502394e-09
636.9421140335545	2	1	1	2	4	0	636.9421140335545	45.0	0	0.015444660868853422	0.8136690528435833	1.059868641131203	5211.748190804401	297.8190258094122	772.233043442671	539.6599945120054	662.1751777176457	1.981187278080172	1609.7120637640885	8.818827989741816e-09
654.0027507785644	1	1	1	1	4	0	654.0027507785644	46.0	0	0.017680760094127175	0.8167389988474045	1.0600180697924664	7005.513782042068	360.69292119149117	884.0380047063588	598.4568926302895	747.9164132304961	1.9821665511166775	1843.1878185281396	1.2238952412834908e-08
654.0027507785644	2	1	1	2	4	0	654.0027507785644	46.0	0	0.016132657911386284	0.8137030405332256	1.0496754371978805	5717.121877119088	360.69292119149117	806.6328955693141	598.4568926302895	701.3389928887847	2.0034388540299184	1765.7827093910946	1.1090425303643278e-08
671.1826216938364	1	1	1	1	4	0	671.1826216938364	47.0	0	0.018421117770638533	0.7798318720435914	1.0431219907660714	7556.859557891825	428.702537597776	921.0558885319267	657.2664508030814	787.8071815508832	2.0034373591618078	2007.024876932784	1.1760976293496611e-08
671.1826216938364	2	1	1	2	4	0	671.1826216938364	47.0	0	0.016873015587897642	0.8265863540470759	1.0382184651518784	6255.899496137065	428.702537597776	843.6507793948821	657.2664508030814	741.2297612091718	2.0249014661115465	1929.6197677957393	1.1657993427644658e-08
688.4808289632283	1	1	1	1	4	0	688.4808289632283	48.0	0	0.019168277752338102	0.8002930405888258	1.0409305031017275	8157.5087908081205	501.57913451254234	958.4138876169052	709.916576233926	828.400387466333	2.013918014878565	2169.9095983633733	1.3434602544297391e-08
688.4808289632283	2	1	1	2	4	0	688.4808289632283	48.0	0	0.017620175569597215	0.8087217123980328	1.061121269812197	6814.7071291958755	501.57913451254234	881.0087784798607	709.916576233926	781.8229671246214	2.0348920684242255	2092.5044892263286	1.2178603745853039e-08
705.8964397049822	1	1	1	1	4	0	705.8964397049822	49.0	0	0.01987477182294235	0.7905025938173061	1.0402833788495391	8777.636057762862	579.0386264282525	993.7385911471176	752.8416297505372	869.670095970514	2.008325029215299	2325.618847325907	1.352462571296003e-08
705.8964397049822	2	1	1	2	4	0	705.8964397049822	49.0	0	0.018326669640201455	0.7841815613927302	1.0471137650249305	7387.308826769168	579.0386264282525	916.3334820100728	752.8416297505372	823.0926756288028	2.027930950163591	2248.213738188863	1.249903508619461e-08
723.4284862481575	1	1	1	1	4	0	723.4284862481575	50.0	0	0.02063148523034286	0.7481437560726676	1.019868855325988	9391.261605602962	660.7814717055172	1031.5742615171432	810.4757308638319	911.5889428210397	2.0207024305061148	2502.831464086493	1.4021856822218821e-08
723.4284862481575	2	1	1	2	4	0	723.4284862481575	50.0	0	0.019083383047601973	0.8319438447021661	1.063590942661346	8006.651493561781	660.7814717055172	954.1691523800986	810.4757308638319	865.0115224793283	2.0400247134119547	2425.426354949448	1.3312786560588951e-08
741.0759664193733	1	1	1	1	4	0	741.0759664193733	51.0	0	0.021366524176888703	0.7688033831836437	1.020654766827732	10039.331856925639	746.4925788270981	1068.3262088444353	876.5594057224796	954.1281262999032	2.03839040162159	2691.378193394013	1.5976226276595875e-08
741.0759664193733	2	1	1	2	4	0	741.0759664193733	51.0	0	0.019818421994147812	0.7703982165364796	1.036042159403042	8620.071518602193	746.4925788270981	990.9210997073908	876.5594057224796	907.5507059581917	2.0577147846060955	2613.973084256969	1.606885803660359e-08
758.8378438397727	1	1	1	1	4	0	758.8378438397727	52.0	0	0.022171725174590432	0.8057793101810989	1.030420641414976	10739.616619849743	835.8412304917856	1108.5862587295217	944.5756310611807	997.2574005576632	2.0588083764959584	2889.003120282488	1.7800177962605157e-08
758.8378438397727	2	1	1	2	4	0	758.8378438397727	52.0	0	0.02062362299184954	0.7815404996235229	1.04592296816518	9263.0580161444	835.8412304917856	1031.1811495924774	944.5756310611807	950.6799802159517	2.0782564288403917	2811.5980111454437	1.729266160523224e-08
776.7130482321257	1	1	1	1	4	0	776.7130482321257	53.0	0	0.022996967358777543	0.8005148663367899	1.0424202202059991	11474.136796279561	928.4810259740648	1149.8483679388773	1007.7495086544756	1040.945070579045	2.0727298083011707	3086.0789025674176	1.876336487575239e-08
776.7130482321257	2	1	1	2	4	0	776.7130482321257	53.0	0	0.02144886517603665	0.7909974955597624	1.0341909761207912	9937.765274414234	928.4810259740648	1072.4432588018328	1007.7495086544756	994.3676502373337	2.0919755051965057	3008.673793430373	1.7312704304181108e-08
794.7004757379742	1	1	1	1	4	0	794.7004757379742	54.0	0	0.02379017574300601	0.7846005436021329	1.0365505815619662	12243.474273978272	1024.0498421545199	1189.5087871503003	1059.048258242922	1085.15798880577	2.0721010844400527	3272.6068875477417	2.0117065145877796e-08
794.7004757379742	2	1	1	2	4	0	794.7004757379742	54.0	0	0.02224207356026512	0.7405555844487584	1.058166126846091	10622.523767324688	1024.0498421545199	1112.103678013256	1059.048258242922	1038.5805684640584	2.090499285449816	3195.2017784106984	1.8226549672750198e-08
812.7989892447298	1	1	1	1	4	0	812.7989892447298	55.0	0	0.024646385438789067	0.7511275550769756	1.04002007858949	13009.481750475508	1122.1698136039506	1232.3192719394533	1118.4605119973603	1129.8615534505088	2.0805910040550692	3472.949597540765	2.0215215749371334e-08
812.7989892447298	2	1	1	2	4	0	812.7989892447298	55.0	0	0.023098283256048176	0.7672248167838291	1.028964697567878	11345.461637895734	1122.1698136039506	1154.914162802409	1118.4605119973603	1083.2841331087973	2.098595008749609	3395.54448840372	1.8788613166580576e-08
831.0074187226242	1	1	1	1	4	0	831.0074187226242	56.0	0	0.025485210341188492	0.7506955820936966	1.0378896907886832	13794.247140593257	1222.4473320812006	1274.2605170594245	1185.9135452722826	1175.019708533829	2.093730040836057	3682.6213944129063	2.235394744601022e-08
831.0074187226242	2	1	1	2	4	0	831.0074187226242	56.0	0	0.0239371081584476	0.7646735510444195	1.0184670610337818	12105.091463527971	1222.4473320812006	1196.85540792238	1185.9135452722826	1128.4422881921175	2.1115558838300075	3605.216285275863	2.1355856463992568e-08
849.3245615714155	1	1	1	1	4	0	849.3245615714155	57.0	0	0.02631159018669646	0.7369538174273119	1.0058186596871947	14605.564722017663	1324.473065780785	1315.579509334823	1254.223101530684	1220.5949456739052	2.1053688776719355	3894.275676646292	2.426104990632514e-08
849.3245615714155	2	1	1	2	4	0	849.3245615714155	57.0	0	0.02476348800395557	0.7767194621287627	1.0253911546477432	12920.140919606943	1324.473065780785	1238.1744001977784	1254.223101530684	1174.0175253321934	2.1229644770619824	3816.870567509248	2.3642379774765723e-08
867.7491829767432	1	1	1	1	4	0	867.7491829767432	58.0	0	0.027148210369678585	0.7311230527006559	1.026606486979908	15445.355483013316	1427.8219986415347	1357.410518483929	1315.9445103417586	1266.5483076565838	2.110740674212444	4101.177027467223	2.509696642653688e-08
867.7491829767432	2	1	1	2	4	0	867.7491829767432	58.0	0	0.02560010818693769	0.768863095186095	1.0321901476069029	13751.549749030595	1427.8219986415347	1280.0054093468848	1315.9445103417586	1219.9708873148722	2.1278785802850337	4023.7719183301783	2.487408828399195e-08
886.2800162760308	1	1	1	1	4	0	886.2800162760308	59.0	0	0.027937901155025247	0.7465469826040838	1.0155649579896433	16333.127753568218	1532.0534900017474	1396.8950577512626	1363.3739103596945	1312.8393938111267	2.1025183896241817	4292.322458112704	2.641286074887681e-08
886.2800162760308	2	1	1	2	4	0	886.2800162760308	59.0	0	0.02638979897228436	0.7721414432293943	1.0169361737639289	14624.518455990396	1532.0534900017474	1319.489948614218	1363.3739103596945	1266.2619734694154	2.1187273369847537	4214.91734897566	2.5798139828287488e-08
