11.247441493196291	1	1	1	1	4	0	11.247441493196291	1.0	0	0.0			15.0	0.0	0.0	0.0	0.0		0.0	0.0
11.247441493196291	2	1	1	2	4	0	11.247441493196291	1.0	0	0.0			15.0	0.0	0.0	0.0	0.0		0.0	0.0
11.367595075476835	1	1	1	1	4	0	11.367595075476835	1.0	0	0.0			15.0	0.0	0.0	0.0	0.0		0.0	0.0
11.367595075476835	2	1	1	2	4	0	11.367595075476835	1.0	0	0.0			15.0	0.0	0.0	0.0	0.0		0.0	0.0
22.856168219862568	1	1	1	1	4	0	22.856168219862568	2.0	0	0.0			14.552750241652504	0.0	0.0	0.0	0.7285827694774977	0.0	0.0	0.0
22.856168219862568	2	1	1	2	4	0	22.856168219862568	2.0	0	0.0			14.552750241652504	0.0	0.0	0.0	0.7285827694774977	0.0	0.0	0.0
34.4665080713728	1	1	1	1	4	0	34.4665080713728	3.0	0	0.0			13.791431040067982	0.0	0.0	0.0	2.1993864847666735	0.0	0.0	0.0
34.4665080713728	2	1	1	2	4	0	34.4665080713728	3.0	0	0.0			13.791431040067982	0.0	0.0	0.0	2.1993864847666735	0.0	0.0	0.0
46.1993671861199	1	1	1	1	4	0	46.1993671861199	4.0	0	0.0			12.713098668736418	0.0	0.0	0.0	4.42587529936556	0.0	0.0	0.0
46.1993671861199	2	1	1	2	4	0	46.1993671861199	4.0	0	0.0			12.713098668736418	0.0	0.0	0.0	4.42587529936556	0.0	0.0	0.0
58.05546181511435	1	1	1	1	4	0	58.05546181511435	5.0	0	0.0			11.314922877436091	0.0	0.0	0.0	7.421310407022852	0.0	0.0	0.0
58.05546181511435	2	1	1	2	4	0	58.05546181511435	5.0	0	0.0			11.314922877436091	0.0	0.0	0.0	7.421310407022852	0.0	0.0	0.0
70.03547169202406	1	1	1	1	4	0	70.03547169202406	6.0	0	2.500826149469408e-05			10.075555122184273	0.0	1.2504130747347042	0.0	8.825142047449571	0.14168758621806754	1.2504130747347042	0.0
70.03547169202406	2	1	1	2	4	0	70.03547169202406	6.0	0	2.500826149469408e-05			10.075555122184273	0.0	1.2504130747347042	0.0	8.825142047449571	0.14168758621806754	1.2504130747347042	0.0
82.14003983175478	1	1	1	1	4	0	82.14003983175478	7.0	0	3.2317101510613956e-05	1.3117251041761686	1.3114247571145723	10.70057574717162	0.0	1.6158550755306982	0.0	9.084720671640925	0.17786513575203133	1.6158550755306982	2.419843449228002e-12
82.14003983175478	2	1	1	2	4	0	82.14003983175478	7.0	0	3.0229205324736e-05	0.7835632819210069	1.0178660713298842	10.522027827643532	0.0	1.5114602662368002	0.0	9.010567561406733	0.1677430701158663	1.5114602662368002	1.855157305093684e-12
94.36977233991071	1	1	1	1	4	0	94.36977233991071	8.0	0	4.0098727171351286e-05	0.8116756429950678	1.2669687718575324	11.317317815207055	0.0	2.0049363585675652	0.0	9.312381456639491	0.2152979200758681	2.0049363585675652	2.4660819438548145e-12
94.36977233991071	2	1	1	2	4	0	94.36977233991071	8.0	0	3.4620759439331744e-05	0.4880295566189826	1.2670906345833195	10.870085712282084	0.0	1.7310379719665874	0.0	9.139047740315496	0.189411197003642	1.7310379719665874	1.5971853052618581e-12
106.72523823319248	1	1	1	1	4	0	106.72523823319248	9.0	0	5.157484317109747e-05	0.9280341352513776	1.2643356713593887	12.197462531245279	0.0	2.578742158554874	0.0	9.618720372690404	0.26809617689651033	2.578742158554874	3.3676537573310924e-12
106.72523823319248	2	1	1	2	4	0	106.72523823319248	9.0	0	4.3992329526482654e-05	0.8784925709325361	1.4458640171270292	11.588825213814676	0.0	2.1996164763241333	0.0	9.389208737490543	0.2342706971186185	2.1996164763241333	2.8003731290009417e-12
119.20696927078512	1	1	1	1	4	0	119.20696927078512	10.0	0	6.218671558149692e-05	0.6129459584199869	1.2308047180076624	13.001037195188113	0.0	3.1093357790748466	0.0	9.891701416113266	0.31433781189652954	3.1093357790748466	3.2430833230694225e-12
119.20696927078512	2	1	1	2	4	0	119.20696927078512	10.0	0	4.970051663900093e-05	0.3936161928221487	1.1744253652390475	12.021072640401671	0.0	2.4850258319500464	0.0	9.536046808451623	0.2605928726930759	2.4850258319500464	2.0015202020584315e-12
131.81545979678634	1	1	1	1	4	0	131.81545979678634	11.0	0	8.304784779109493e-05	1.0927434306629606	1.1999704123957349	14.579835171044802	0.0	4.152392389554748	0.0	10.427442781490054	0.3982177103791676	4.152392389554748	6.097411405138652e-12
131.81545979678634	2	1	1	2	4	0	131.81545979678634	11.0	0	6.562481961149882e-05	1.0127527615702965	1.0037049729935232	13.22624487397493	0.0	3.2812409805749403	0.0	9.945003893399988	0.3299386320756033	3.2812409805749403	4.729415380904156e-12
144.55116659372186	1	1	1	1	4	0	144.55116659372186	12.0	0	0.00011066923422793347	1.043001140083981	0.9282830812672018	16.68802419680899	0.0	5.533461711396677	0.0	11.154562485412317	0.4960716046580233	5.533461711396677	8.054482576708004e-12
144.55116659372186	2	1	1	2	4	0	144.55116659372186	12.0	0	8.045436025908668e-05	0.6604989931151654	0.9880721223984478	14.358102426522427	0.0	4.022718012954334	0.0	10.33538441356809	0.38921803505183505	4.022718012954334	4.75039473178124e-12
157.41450874719058	1	1	1	1	4	0	157.41450874719058	13.0	0	0.00014758504878688002	1.0733594336476373	1.1949866123485178	19.552494597853	0.0	7.379252439344004	0.0	12.173242158508994	0.6061862849073422	7.379252439344004	1.0805718458687377e-11
157.41450874719058	2	1	1	2	4	0	157.41450874719058	13.0	0	9.796050915418988e-05	0.6324217904572255	1.137387419009637	15.716486250512554	0.0	4.898025457709494	0.0	10.81846079280306	0.452746980510193	4.898025457709494	5.6759480005900976e-12
170.4058675216809	1	1	1	1	4	0	170.4058675216809	14.0	0	0.00019698273312615744	0.9753539293993124	1.3009602233113855	23.216456080856947	0.0	9.849136656307872	0.0	13.367319424549073	0.7368071595730656	9.849136656307872	1.3822948103523036e-11
170.4058675216809	2	1	1	2	4	0	170.4058675216809	14.0	0	0.00012482110013406134	0.7693746951810884	1.3307002305049551	17.708809819468176	0.0	6.241055006703067	0.0	11.46775481276511	0.5442264077494887	6.241055006703067	7.884506779668506e-12
183.52558624759342	1	1	1	1	4	0	183.52558624759342	15.0	0	0.0002640040897653844	0.9713431450709764	1.2492711001421983	28.087297092493202	0.0	13.200204488269215	0.0	14.887092604223987	0.8866878737977258	13.200204488269215	2.0086929433868135e-11
183.52558624759342	2	1	1	2	4	0	183.52558624759342	15.0	0	0.00016031421664722557	0.7789552103502141	1.249916868665701	20.288305911642453	0.0	8.015710832361277	0.0	12.272595079281174	0.6531390289160237	8.015710832361277	1.111544357915459e-11
196.77397021950497	1	1	1	1	4	0	196.77397021950497	16.0	0	0.0003447762653481105	0.8554073086761876	1.4350436568563358	33.926824193299396	0.0	17.238813267405526	0.0	16.688010925893867	1.0330058713382675	17.238813267405526	4.633158340334576e-11
196.77397021950497	2	1	1	2	4	0	196.77397021950497	16.0	0	0.000214873028183452	0.9564347908478236	1.1677537411508307	24.23270453969805	0.0	10.7436514091726	0.0	13.489053130525456	0.7964718728003177	10.7436514091726	2.897793648710607e-11
210.1512866057031	1	1	1	1	4	0	210.1512866057031	17.0	0	0.0004571922771916329	0.8927383140066164	1.1591602020180327	42.106373779642055	0.0	22.859613859581643	0.0	19.246759920060413	1.1877123190878296	22.859613859581643	5.001418723793129e-11
210.1512866057031	2	1	1	2	4	0	210.1512866057031	17.0	0	0.0002802009315555898	0.8182110377151632	1.1051931745696597	28.9860560973747	0.0	14.010046577779493	0.0	14.976009519595213	0.9354993103769188	14.010046577779493	3.016707925814858e-11
223.65776436901845	1	1	1	1	4	0	223.65776436901845	18.0	0	0.0006031632549212753	0.8790838332131269	1.2182111694131337	52.91502610401695	0.0	30.158162746063766	0.0	22.75686335795319	1.3252337227539719	30.158162746063766	7.101532993991499e-11
223.65776436901845	2	1	1	2	4	0	223.65776436901845	18.0	0	0.0003744231401713047	0.9362739350756352	1.2661381902950315	35.96288882126193	0.0	18.721157008565235	0.0	17.2417318126967	1.0858049070673454	18.721157008565235	4.7324484296829467e-11
237.29359419897813	1	1	1	1	4	0	237.29359419897813	19.0	0	0.0008043218294041495	0.9499924054189204	1.2416283830268928	68.26834383339342	0.0	40.21609147020747	0.0	28.05225236318594	1.4336136346393569	40.21609147020747	1.0635715881233295e-10
237.29359419897813	2	1	1	2	4	0	237.29359419897813	19.0	0	0.0004820115699579795	0.7840207390841721	1.4477598878891926	44.17451664158217	0.0	24.10057849789898	0.0	20.073938143683183	1.2005904534224583	24.10057849789898	5.907619372354258e-11
251.0589284553002	1	1	1	1	4	0	251.0589284553002	20.0	0	0.0010507819811506284	0.8905710536960624	1.1312419188877911	87.99724319211242	0.0	52.53909905753142	0.0	35.458144134581005	1.481721628129206	52.53909905753142	1.3947633743839085e-10
251.0589284553002	2	1	1	2	4	0	251.0589284553002	20.0	0	0.0006392334624250668	1.0286460501837806	1.2154833945690562	56.75997871928625	0.0	31.961673121253327	0.0	24.798305598032915	1.288865200684866	31.961673121253327	8.707054208862198e-11
264.95388112274634	1	1	1	1	4	0	264.95388112274634	21.0	0	0.0013653575431372333	0.8611550743615406	1.1690131753406288	113.28671691752577	0.0	68.26787715686166	0.0	45.01883976066409	1.5164290665818487	68.26787715686166	1.8441465675849971e-10
264.95388112274634	2	1	1	2	4	0	264.95388112274634	21.0	0	0.0008413968658675853	0.9359388039794364	1.1795900116588247	73.01237304805299	0.0	42.06984329337927	0.0	30.94252975467373	1.3596122756260678	42.06984329337927	1.181916422530943e-10
278.9785277773454	1	1	1	1	4	0	278.9785277773454	22.0	0	0.001741090618069448	0.7916957616813959	1.1514750766832624	144.24892028225062	0.0	87.05453090347241	0.0	57.194389378778226	1.5220816560684127	87.05453090347241	3.034786873056345e-10
278.9785277773454	2	1	1	2	4	0	278.9785277773454	22.0	0	0.0010959804497722896	0.9445773637874509	1.3244934704673426	93.99127861711958	0.0	54.799022488614476	0.0	39.1922561285051	1.398210460478144	54.799022488614476	1.751782056999444e-10
293.1329055639992	1	1	1	1	4	0	293.1329055639992	23.0	0	0.002263077499516013	0.8757378837870936	1.1976577739849423	186.50563387136086	0.0	113.15387497580065	0.0	73.3517588955602	1.5426197909843111	113.15387497580065	4.059757986498074e-10
293.1329055639992	2	1	1	2	4	0	293.1329055639992	23.0	0	0.0014235547793009355	0.8539491072760379	1.212737385996397	120.50959759034036	0.0	71.1777389650468	0.0	49.3318586252936	1.4428351363301826	71.1777389650468	2.5840513504462994e-10
307.41701318547484	1	1	1	1	4	0	307.41701318547484	24.0	0	0.0028980499089348165	0.8578412345087073	1.1710220828377254	243.789139139497	0.0	144.90249544674083	0.0	92.98110720403523	1.5584079368808836	144.90249544674083	5.549860676273321e-10
307.41701318547484	2	1	1	2	4	0	307.41701318547484	24.0	0	0.001848700706290197	0.8429336570207563	1.1720504400116871	154.90972874492564	0.0	92.43503531450988	0.0	62.474693430415755	1.4795596462984473	92.43503531450988	3.4787155823349684e-10
321.83081090278995	1	1	1	1	4	0	321.83081090278995	25.0	0	0.0035380621905320834	0.8121659875420723	1.1052675331867858	319.1097058128558	0.0	176.9031095266041	0.0	113.55397318542913	1.5578768806066206	176.9031095266041	6.97066293836643e-10
321.83081090278995	2	1	1	2	4	0	321.83081090278995	25.0	0	0.002361929705615641	0.7769359373275098	1.1661200621685697	197.06866121971527	0.0	118.09648528078205	0.0	78.97217593893322	1.4954189102260835	118.09648528078205	4.4225480683515396e-10
336.3742205469876	1	1	1	1	4	0	336.3742205469876	26.0	0	0.00415548150420146	0.8222355052769768	1.1353484885130043	417.99651568826715	0.0	207.77407521007302	0.0	135.07205283986445	1.5382462237129164	207.77407521007302	8.646865143934345e-10
336.3742205469876	2	1	1	2	4	0	336.3742205469876	26.0	0	0.0029793490192850185	0.7814985055007204	1.114397065561707	252.55809506216397	0.0	148.9674509642509	0.0	100.49025559336854	1.4824069267675484	148.9674509642509	5.728639574715655e-10
351.0471255422998	1	1	1	1	4	0	351.0471255422998	27.0	0	0.004820825345868681	0.8313032722656443	1.1485725578322359	538.4482672846051	0.0	241.041267293434	0.0	157.53613323325686	1.53006972017356	241.041267293434	1.0273694242702827e-09
351.0471255422998	2	1	1	2	4	0	351.0471255422998	27.0	0	0.003644692860952239	0.8667998949016457	1.1231901588437274	335.97819660346875	0.0	182.2346430476119	0.0	122.95433598676097	1.4821327087418368	182.2346430476119	7.499310172932295e-10
365.84937094069124	1	1	1	1	4	0	365.84937094069124	28.0	0	0.005491543160034769	0.8910041559424274	1.0929213279813748	690.9072134181682	0.0	274.5771580017385	0.0	180.946061004604	1.5174530823014274	274.5771580017385	1.4079711540219986e-09
365.84937094069124	2	1	1	2	4	0	365.84937094069124	28.0	0	0.004315410675118327	0.7882325586309261	1.1280451624158092	433.6709794214943	0.0	215.7705337559164	0.0	146.3642637581081	1.4742022964875767	215.7705337559164	9.910133807382333e-10
380.78076346777357	1	1	1	1	4	0	380.78076346777357	29.0	0	0.006148094133806618	0.9182159637077788	1.1453604247401907	869.7033812258585	0.0	307.4047066903309	0.0	205.300711307903	1.4973387317167932	307.4047066903309	1.6494890788427608e-09
380.78076346777357	2	1	1	2	4	0	380.78076346777357	29.0	0	0.0049719616488901755	0.8087988034754703	1.150553970873314	557.5172389214499	0.0	248.59808244450883	0.0	170.71891406140708	1.4561835975309028	248.59808244450883	1.3433090425428356e-09
395.84107158007737	1	1	1	1	4	0	395.84107158007737	30.0	0	0.006841816621256257	0.8678336552378967	1.0926911588607966	1064.552697410087	0.0	342.09083106281287	0.0	230.59795724156123	1.4834946291586533	342.09083106281287	1.893519075407788e-09
395.84107158007737	2	1	1	2	4	0	395.84107158007737	30.0	0	0.005665684136339816	0.8094852861462769	1.1710808190383122	703.4481753837953	0.0	283.28420681699083	0.0	196.01615999506527	1.4452084298770187	283.28420681699083	1.550797335693417e-09
411.03002553366304	1	1	1	1	4	0	411.03002553366304	31.0	0	0.007542049445972876	0.8638525292288101	1.1034678353069136	1281.8393033950795	0.0	377.1024722986438	0.0	256.83463981857153	1.4682695160007615	377.1024722986438	2.147945858053313e-09
411.03002553366304	2	1	1	2	4	0	411.03002553366304	31.0	0	0.006365916961056434	0.8649042577716879	1.1023204143032894	883.8178137649313	0.0	318.2958480528218	0.0	222.25284257207556	1.4321339802418944	318.2958480528218	1.8495385614819768e-09
426.3473174640513	1	1	1	1	4	0	426.3473174640513	32.0	0	0.0082165287109347	0.9072444345874936	1.0918184780835367	1536.6086303366608	0.0	410.826435546735	0.0	284.0065385310397	1.4465386524959698	410.826435546735	2.5428650326238433e-09
426.3473174640513	2	1	1	2	4	0	426.3473174640513	32.0	0	0.007040396226018258	0.8253924582590731	1.077018733892896	1082.1853419239426	0.0	352.01981130091303	0.0	249.42474128454384	1.4113267572735644	352.01981130091303	2.0659698415835324e-09
441.79260147745117	1	1	1	1	4	0	441.79260147745117	33.0	0	0.008941348451098707	0.8763829076718171	1.1135820132073906	1798.3002432540009	0.0	447.0674225549352	11.86334260539778	312.10834256287995	1.4704213331557228	458.9307651603331	2.69882116673532e-09
441.79260147745117	2	1	1	2	4	0	441.79260147745117	33.0	0	0.007765215966182264	0.8060315684749554	1.0881378719311008	1293.5632851578462	0.0	388.26079830911317	11.86334260539778	277.5265453163841	1.4417508799324548	400.12414091451103	2.2048074393140767e-09
457.365493753255	1	1	1	1	4	0	457.365493753255	34.0	0	0.009666737830347095	0.8689842480704421	1.1028584456339665	2086.831718772697	0.0	483.3368915173548	33.638863238761594	341.1336227046248	1.5154640889905684	516.9757547561164	3.4752692219875127e-09
457.365493753255	2	1	1	2	4	0	457.365493753255	34.0	0	0.008490605345430655	0.785742988838152	1.0757440384157702	1521.464045287547	0.0	424.5302672715328	33.638863238761594	306.5518254581289	1.4945894705587863	458.16913051029434	3.1595954604972648e-09
473.0655726577729	1	1	1	1	4	0	473.0655726577729	35.0	0	0.010356184530937859	0.8121193911410114	1.076548890941282	2382.571221846798	0.0	517.809226546893	63.26574790347243	371.07480402433924	1.5659240890207464	581.0749744503654	3.713595967844688e-09
473.0655726577729	2	1	1	2	4	0	473.0655726577729	35.0	0	0.00918005204602142	0.7731471216400696	1.045551120422196	1767.762785801561	0.0	459.002602301071	63.26574790347243	336.49300677784333	1.5520927320470326	522.2683502045435	3.291462308728057e-09
488.8923788691719	1	1	1	1	4	0	488.8923788691719	36.0	0	0.011074641923833036	0.8528969177675817	1.0861222277316214	2711.8388093999506	0.0	553.732096191652	98.57176754760937	401.92313934857316	1.6229567294794198	652.3038637392614	4.175795553459904e-09
488.8923788691719	2	1	1	2	4	0	488.8923788691719	36.0	0	0.009898509438916596	0.8410878921248356	1.1195973149664429	2055.3467711297108	0.0	494.9254719458298	98.57176754760937	367.34134210207725	1.6156559893237323	593.4972394934392	3.61292029728985e-09
504.8454155135833	1	1	1	1	4	0	504.8454155135833	37.0	0	0.0117861910893671	0.8752161952466644	1.0571671507719662	3075.3765538312464	7.015059303619688	589.309554468355	137.2716074713363	433.668683607128	1.6754291684061755	733.596221243311	4.866529454887484e-09
504.8454155135833	2	1	1	2	4	0	504.8454155135833	37.0	0	0.01061005860445066	0.8182632261740802	1.0613793039900463	2359.780689682084	7.015059303619688	530.502930222533	137.2716074713363	399.0868863606321	1.6732560264845169	674.7895969974891	4.132984190257405e-09
520.9241483123367	1	1	1	1	4	0	520.9241483123367	38.0	0	0.012453178268745	0.8446716509663511	1.0828108355141886	3448.789726022721	20.920301141753512	622.6589134372499	176.96529644246598	466.30026909516863	1.7148268248511738	820.5445110214695	5.1043180214622335e-09
520.9241483123367	2	1	1	2	4	0	520.9241483123367	38.0	0	0.011277045783828559	0.7811854801533523	1.0760331923399822	2674.700716501491	20.920301141753512	563.8522891914279	176.96529644246598	431.7184718486727	1.7159737976038412	761.7378867756473	4.423519444864796e-09
537.1280057402779	1	1	1	1	4	0	537.1280057402779	39.0	0	0.013156801546239187	0.8742227456408286	1.0625260760570328	3854.939222147336	41.57746167947757	657.8400773119592	228.13453234226182	499.80548170585433	1.772638840675291	927.5520713336986	5.681887894923097e-09
537.1280057402779	2	1	1	2	4	0	537.1280057402779	39.0	0	0.011980669061322743	0.8149489188637109	1.0716634710282638	3019.269859774345	41.57746167947757	599.0334530661372	228.13453234226182	465.22368445935837	1.7780005899090456	868.7454470878764	4.936667358344851e-09
553.4563791951257	1	1	1	1	4	0	553.4563791951257	40.0	0	0.013839112971177571	0.8416590647969214	1.0574109096334543	4271.965557285992	68.8346330571118	691.9556485588786	285.8563949510358	534.1706381862157	1.8305237570340624	1046.6466765670261	7.2390016936848475e-09
553.4563791951257	2	1	1	2	4	0	553.4563791951257	40.0	0	0.012662980486261131	0.8014092584534913	1.047802673407093	3379.2351291336877	68.8346330571118	633.1490243130565	285.8563949510358	499.58884093971983	1.8395235120453368	987.8400523212041	5.8284383415933635e-09
569.9086231778117	1	1	1	1	4	0	569.9086231778117	41.0	0	0.014556685853882647	0.8533279516075332	1.0559080274777652	4717.4251367700845	102.52601851334668	727.8342926941324	344.97084620866616	569.3807644684464	1.884161190278936	1175.3311574161453	7.790232836277479e-09
569.9086231778117	2	1	1	2	4	0	569.9086231778117	41.0	0	0.013380553368966206	0.7937921450504742	1.0800460509730474	3763.203142144978	102.52601851334668	669.0276684483101	344.97084620866616	534.7989672219505	1.8960367854191271	1116.5245331703231	6.801642432803438e-09
586.4840554837581	1	1	1	1	4	0	586.4840554837581	42.0	0	0.015293105249450203	0.8298129899542968	1.054148296836654	5181.737884940415	142.47170017444452	764.6552624725102	400.0782610971759	605.4195751281279	1.9238451669211192	1307.2052237441308	8.370753289972837e-09
586.4840554837581	2	1	1	2	4	0	586.4840554837581	42.0	0	0.014116972764533763	0.820218599494865	1.0681439610800385	4182.221328508298	142.47170017444452	705.8486382266881	400.0782610971759	570.8377778816322	1.9373751040583491	1248.3985994983086	7.3742021671150835e-09
603.1819574050269	1	1	1	1	4	0	603.1819574050269	43.0	0	0.01600681830489486	0.8304980674053036	1.0376021753856148	5673.4069362443615	188.47742008486333	800.3409152447429	445.5372001664082	642.2694540201467	1.93980596089826	1434.3555354960145	8.981093911817297e-09
603.1819574050269	2	1	1	2	4	0	603.1819574050269	43.0	0	0.014830685819978416	0.8045855566738113	1.0563887662739608	4628.004045775975	188.47742008486333	741.5342909989207	445.5372001664082	607.6876567736507	1.9534237332838982	1375.5489112501925	7.791911606521884e-09
620.0015739432909	1	1	1	1	4	0	620.0015739432909	44.0	0	0.01665443025855506	0.8050386569103032	1.0438770594318634	6184.611591111566	240.3343750448304	832.7215129277529	486.7965064426599	679.9114361422053	1.9407204368517668	1559.852394415243	9.392430871418108e-09
620.0015739432909	2	1	1	2	4	0	620.0015739432909	44.0	0	0.015478297773638615	0.796659658127377	1.057045114628971	5101.091849832002	240.3343750448304	773.9148886819307	486.7965064426599	645.3296388957094	1.9535928913507288	1501.0457701694208	8.331128912996281e-09
636.9421140335545	1	1	1	1	4	0	636.9421140335545	45.0	0	0.017322038026861192	0.8026818443565776	1.0776126025850614	6719.223569785258	297.8190258094122	866.1019013430592	539.6599945120054	718.3251907748655	1.9569993004681532	1703.5809216644766	9.933734365906942e-09
636.9421140335545	2	1	1	2	4	0	636.9421140335545	45.0	0	0.01614590554194474	0.8047382231393211	1.0577485129004482	5597.3115463090035	297.8190258094122	807.2952770972372	539.6599945120054	683.7433935283698	1.969971899338513	1644.774297418655	9.100959607618109e-09
654.0027507785644	1	1	1	1	4	0	654.0027507785644	46.0	0	0.01801003506939405	0.8026702775973628	1.0681218141752242	7265.982142965875	360.69292119149117	900.5017534697023	598.4568926302895	757.4890059460042	1.9788520154533318	1859.651567291483	1.1005809472322457e-08
654.0027507785644	2	1	1	2	4	0	654.0027507785644	46.0	0	0.016833902584477603	0.7670622600576732	1.0383938873038188	6093.448754763011	360.69292119149117	841.6951292238803	598.4568926302895	722.9072086995085	1.9921671889881498	1800.844943045661	1.0294983475231073e-08
671.1826216938364	1	1	1	1	4	0	671.1826216938364	47.0	0	0.018750392745905408	0.8603027838547024	1.0672978761709475	7869.828346659349	428.702537597776	937.5196372952704	657.2664508030814	797.3797742663916	2.0000332834697154	2023.4886256961279	1.2829989878152084e-08
671.1826216938364	2	1	1	2	4	0	671.1826216938364	47.0	0	0.01757426026098896	0.7839851585017471	1.0318841211946574	6627.312006027979	428.702537597776	878.7130130494481	657.2664508030814	762.7979770198958	2.0136123982044425	1964.6820014503053	1.1654608600431864e-08
688.4808289632283	1	1	1	1	4	0	688.4808289632283	48.0	0	0.01949755272760498	0.8095692929516964	1.0335707966105558	8487.01135928867	501.57913451254234	974.8776363802488	709.916576233926	837.9729801818413	2.01055911402844	2186.373347126717	1.3711816319322618e-08
688.4808289632283	2	1	1	2	4	0	688.4808289632283	48.0	0	0.01832142024268853	0.7641586858956843	1.0499026464413452	7174.165566071965	501.57913451254234	916.0710121344267	709.916576233926	803.3911829353455	2.0239051945124564	2127.566722880895	1.20910638988052e-08
705.8964397049822	1	1	1	1	4	0	705.8964397049822	49.0	0	0.020204046798209217	0.7869727057199783	1.0384908738040706	9116.604601198504	579.0386264282525	1010.2023399104613	752.8416297505372	879.2426886860225	2.0051846803477726	2342.082596089251	1.3900370801514398e-08
705.8964397049822	2	1	1	2	4	0	705.8964397049822	49.0	0	0.019027914313292774	0.7871465284028383	1.0272172532428463	7777.766628057448	579.0386264282525	951.3957156646389	752.8416297505372	844.6608914395267	2.0176586399196292	2283.275971843429	1.3403286052145765e-08
723.4284862481575	1	1	1	1	4	0	723.4284862481575	50.0	0	0.020960760205609736	0.7848924180739789	1.02741056466099	9761.246666202984	660.7814717055172	1048.0380102804868	810.4757308638319	921.1615355365483	2.0175763635872963	2519.2952128498364	1.4463505212676319e-08
723.4284862481575	2	1	1	2	4	0	723.4284862481575	50.0	0	0.01978462772069329	0.7968589812225636	1.0518794680267145	8398.650839400061	660.7814717055172	989.2313860346646	810.4757308638319	886.5797382900522	2.029943883411541	2460.488588604014	1.3452016804041415e-08
741.0759664193733	1	1	1	1	4	0	741.0759664193733	51.0	0	0.021695799152155575	0.7986511644617554	1.022933023623427	10442.131327689538	746.4925788270981	1084.789957607779	876.5594057224796	963.7007190154117	2.035226626513384	2707.841942157356	1.683516055141017e-08
741.0759664193733	2	1	1	2	4	0	741.0759664193733	51.0	0	0.02051966666723913	0.7859120205072917	1.021544186559882	9040.515120615602	746.4925788270981	1025.983333361957	876.5594057224796	929.1189217689156	2.0476848490635136	2649.0353179115345	1.6432601335114346e-08
758.8378438397727	1	1	1	1	4	0	758.8378438397727	52.0	0	0.022501000149857304	0.7689225486117747	1.0196118955022329	11127.57942128611	835.8412304917856	1125.0500074928652	944.5756310611807	1006.8299932731717	2.0555860000016093	2905.466869045832	1.7862036870504352e-08
758.8378438397727	2	1	1	2	4	0	758.8378438397727	52.0	0	0.02132486766494086	0.7732289188415737	1.0296274914149932	9693.890928176934	835.8412304917856	1066.2433832470433	944.5756310611807	972.2481960266756	2.068215731873729	2846.660244800009	1.6838554257591527e-08
776.7130482321257	1	1	1	1	4	0	776.7130482321257	53.0	0	0.023326242334044414	0.7771383278639727	1.0312828300089296	11854.238641401807	928.4810259740648	1166.3121167022207	1007.7495086544756	1050.5176632945534	2.069514584398867	3102.542651330761	1.8944548581841705e-08
776.7130482321257	2	1	1	2	4	0	776.7130482321257	53.0	0	0.022150109849127967	0.7620057294077957	1.0403691595404387	10378.205743263166	928.4810259740648	1107.5054924563988	1007.7495086544756	1015.9358660480574	2.082075327588459	3043.7360270849395	1.7632951815006295e-08
794.7004757379742	1	1	1	1	4	0	794.7004757379742	54.0	0	0.024119450718272883	0.7757574822866515	1.0142351810590997	12626.920463291668	1024.0498421545199	1205.972535913644	1059.048258242922	1094.7305815212783	2.069021211601679	3289.0706363110853	2.071608684541319e-08
794.7004757379742	2	1	1	2	4	0	794.7004757379742	54.0	0	0.02294331823335644	0.7492836867356355	1.0431170800587592	11093.473702477195	1024.0498421545199	1147.165911667822	1059.048258242922	1060.1487842747822	2.0810420222478045	3230.264012065264	1.856794399588804e-08
812.7989892447298	1	1	1	1	4	0	812.7989892447298	55.0	0	0.024975660414055943	0.7517128635404153	1.0070336844987202	13394.18121547257	1122.1698136039506	1248.7830207027969	1118.4605119973603	1139.4341461660174	2.077560638906153	3489.4133463041085	2.0679840762211312e-08
812.7989892447298	2	1	1	2	4	0	812.7989892447298	55.0	0	0.023799527929139492	0.7708282634792404	1.032883155272446	11850.230111879655	1122.1698136039506	1189.976396456975	1118.4605119973603	1104.852348919521	2.089362357523924	3430.606722058287	2.0693776147584805e-08
831.0074187226242	1	1	1	1	4	0	831.0074187226242	56.0	0	0.025814485316455364	0.7739574814865415	1.0201857859706172	14205.315033082206	1222.4473320812006	1290.7242658227678	1185.9135452722826	1184.5923012493374	2.090709021562143	3699.0851431762494	2.331214491779152e-08
831.0074187226242	2	1	1	2	4	0	831.0074187226242	56.0	0	0.02463835283153892	0.7327398844149375	1.01468318007422	12597.604767125771	1222.4473320812006	1231.917641576946	1185.9135452722826	1150.0105040028411	2.102442698074047	3640.278518930429	2.1725409640388016e-08
849.3245615714155	1	1	1	1	4	0	849.3245615714155	57.0	0	0.02664086516196333	0.7904444139017435	1.025933925447	15068.904932957601	1324.473065780785	1332.0432580981665	1254.223101530684	1230.1675383894135	2.1023692130706833	3910.739425409635	2.5745031283299083e-08
849.3245615714155	2	1	1	2	4	0	849.3245615714155	57.0	0	0.025464732677046888	0.7544488375532379	1.0180478818263254	13406.492098217983	1324.473065780785	1273.2366338523445	1254.223101530684	1195.5857411429174	2.11399287262067	3851.9328011638136	2.3466250191236184e-08
867.7491829767432	1	1	1	1	4	0	867.7491829767432	58.0	0	0.02747748534494546	0.7483106373822238	1.001296832477657	15929.659294152114	1427.8219986415347	1373.8742672472729	1315.9445103417586	1276.120900372092	2.1078087325462125	4117.640776230566	2.611874060082029e-08
867.7491829767432	2	1	1	2	4	0	867.7491829767432	58.0	0	0.026301352860029013	0.7293884985894987	1.0175312667306868	14217.067874333654	1427.8219986415347	1315.0676430014507	1315.9445103417586	1241.539103125596	2.1191536752403457	4058.834151984744	2.4577370824528312e-08
886.2800162760308	1	1	1	1	4	0	886.2800162760308	59.0	0	0.02826717613029212	0.7692613465650285	1.003453614399507	16853.080448448538	1532.0534900017474	1413.358806514606	1363.3739103596945	1322.411986526635	2.0997485996534966	4308.786206876048	2.8253863387002695e-08
886.2800162760308	2	1	1	2	4	0	886.2800162760308	59.0	0	0.027091043645375675	0.753380067170645	1.0315094085887302	15106.326130202877	1532.0534900017474	1354.552182268784	1363.3739103596945	1287.830189280139	2.110469311289964	4249.979582630226	2.619900355791061e-08
