11.247441493196291	1	1	1	1	4	0	11.247441493196291	1.0	0	0.0			15.0	0.0	0.0	0.0	0.0		0.0	0.0
11.247441493196291	2	1	1	2	4	0	11.247441493196291	1.0	0	0.0			15.0	0.0	0.0	0.0	0.0		0.0	0.0
11.367595075476835	1	1	1	1	4	0	11.367595075476835	1.0	0	0.0			15.0	0.0	0.0	0.0	0.0		0.0	0.0
11.367595075476835	2	1	1	2	4	0	11.367595075476835	1.0	0	0.0			15.0	0.0	0.0	0.0	0.0		0.0	0.0
22.856168219862568	1	1	1	1	4	0	22.856168219862568	2.0	0	0.0			14.552750241652504	0.0	0.0	0.0	0.7285827694774977	0.0	0.0	0.0
22.856168219862568	2	1	1	2	4	0	22.856168219862568	2.0	0	0.0			14.552750241652504	0.0	0.0	0.0	0.7285827694774977	0.0	0.0	0.0
34.4665080713728	1	1	1	1	4	0	34.4665080713728	3.0	0	0.0			13.791431040067982	0.0	0.0	0.0	2.1993864847666735	0.0	0.0	0.0
34.4665080713728	2	1	1	2	4	0	34.4665080713728	3.0	0	0.0			13.791431040067982	0.0	0.0	0.0	2.1993864847666735	0.0	0.0	0.0
46.1993671861199	1	1	1	1	4	0	46.1993671861199	4.0	0	0.0			12.713098668736418	0.0	0.0	0.0	4.42587529936556	0.0	0.0	0.0
46.1993671861199	2	1	1	2	4	0	46.1993671861199	4.0	0	0.0			12.713098668736418	0.0	0.0	0.0	4.42587529936556	0.0	0.0	0.0
58.05546181511435	1	1	1	1	4	0	58.05546181511435	5.0	0	0.0			11.314922877436091	0.0	0.0	0.0	7.421310407022852	0.0	0.0	0.0
58.05546181511435	2	1	1	2	4	0	58.05546181511435	5.0	0	0.0			11.314922877436091	0.0	0.0	0.0	7.421310407022852	0.0	0.0	0.0
70.03547169202406	1	1	1	1	4	0	70.03547169202406	6.0	0	2.500826149469408e-05			10.075555122184273	0.0	1.2504130747347042	0.0	8.825142047449571	0.14168758621806754	1.2504130747347042	0.0
70.03547169202406	2	1	1	2	4	0	70.03547169202406	6.0	0	2.500826149469408e-05			10.075555122184273	0.0	1.2504130747347042	0.0	8.825142047449571	0.14168758621806754	1.2504130747347042	0.0
82.14003983175478	1	1	1	1	4	0	82.14003983175478	7.0	0	3.1018197252939006e-05	0.9160946874674459	1.0062561171634006	10.589499030597937	0.0	1.5509098626469509	0.0	9.038589167950988	0.1715876044179731	1.5509098626469509	2.0685230685107628e-12
82.14003983175478	2	1	1	2	4	0	82.14003983175478	7.0	0	2.7926488731758368e-05	0.4464515215935859	1.7860925098204523	10.325109389016239	0.0	1.3963244365879188	0.0	8.928784952428321	0.1563845970115079	1.3963244365879188	1.2327796709133266e-12
94.36977233991071	1	1	1	1	4	0	94.36977233991071	8.0	0	4.057226387788698e-05	1.1310308560748263	1.1060533043996899	11.346718031525874	0.0	2.028613193894349	0.0	9.318104837631523	0.21770662911000066	2.028613193894349	2.8933418753191267e-12
94.36977233991071	2	1	1	2	4	0	94.36977233991071	8.0	0	2.9526340081158064e-05	0.2348520980610761	0.8159598812050126	10.45190752513791	0.0	1.4763170040579037	0.0	8.975590521080006	0.1644813230495126	1.4763170040579037	8.762921325238614e-13
106.72523823319248	1	1	1	1	4	0	106.72523823319248	9.0	0	5.457445878806795e-05	1.3860066749267939	1.3235307482838017	12.420596847617107	0.0	2.728722939403398	0.0	9.691873908213713	0.2815475072463384	2.728722939403398	3.9794721648476644e-12
106.72523823319248	2	1	1	2	4	0	106.72523823319248	9.0	0	3.810260871984311e-05	0.9680863809074	1.2023195778773277	11.109652490928593	0.0	1.905130435992156	0.0	9.204522054936438	0.20697765996121695	1.905130435992156	2.551773139959415e-12
119.20696927078512	1	1	1	1	4	0	119.20696927078512	10.0	0	6.512815210978453e-05	0.5718576514520612	0.7882800659114393	13.21976595146378	0.0	3.256407605489227	0.0	9.963358345974553	0.32683835032440617	3.256407605489227	3.2629215962073047e-12
119.20696927078512	2	1	1	2	4	0	119.20696927078512	10.0	0	5.1833724357138205e-05	1.526493313085758	1.3333274871733494	12.149429092745487	0.0	2.5916862178569104	0.0	9.55774287488858	0.2711609060614244	2.5916862178569104	3.8269017113465644e-12
131.81545979678634	1	1	1	1	4	0	131.81545979678634	11.0	0	8.404382926539731e-05	0.8849655818981741	1.0786726100410853	14.651329325166953	0.0	4.202191463269866	0.0	10.44913786189709	0.402156763439136	4.202191463269866	5.690062406696816e-12
131.81545979678634	2	1	1	2	4	0	131.81545979678634	11.0	0	6.864470672292915e-05	1.0259761506033152	1.0420083199153274	13.421706391245227	0.0	3.4322353361464577	0.0	9.989471055098766	0.3435852926761919	3.4322353361464577	4.972515202412884e-12
144.55116659372186	1	1	1	1	4	0	144.55116659372186	12.0	0	0.00010953010959842832	0.9239508474757118	1.6142997186088843	16.596557405173332	0.0	5.476505479921419	0.0	11.120051925251913	0.4924892002963693	5.476505479921419	7.56827703012996e-12
144.55116659372186	2	1	1	2	4	0	144.55116659372186	12.0	0	8.244945301154079e-05	0.5801933539487089	1.2376702786410902	14.475347007571981	0.0	4.12247265057704	0.0	10.352874356994938	0.3981959510395955	4.12247265057704	4.5591669074892485e-12
157.41450874719058	1	1	1	1	4	0	157.41450874719058	13.0	0	0.0001424097539044367	0.9144500055666809	0.9490566310870158	19.147842512563464	0.0	7.120487695221838	0.0	12.027354817341628	0.5920244146248327	7.120487695221838	9.824980225807328e-12
157.41450874719058	2	1	1	2	4	0	157.41450874719058	13.0	0	0.00010561102192914324	0.8494764727421501	1.195627122655339	16.27256127465184	0.0	5.280551096457163	0.0	10.992010178194676	0.4803990362865948	5.280551096457163	7.055666422517421e-12
170.4058675216809	1	1	1	1	4	0	170.4058675216809	14.0	0	0.00018030990818311828	0.7355377328588888	1.1380127628676409	21.959000714296856	0.0	9.015495409155916	0.0	12.943505305140937	0.69652657426386	9.015495409155916	1.1130670493831802e-11
170.4058675216809	2	1	1	2	4	0	170.4058675216809	14.0	0	0.0001413184839405137	0.9952022474936912	1.0940648112752551	18.92108148800648	0.0	7.0659241970256845	0.0	11.855157290980792	0.5960211259618904	7.0659241970256845	1.0016842431832732e-11
183.52558624759342	1	1	1	1	4	0	183.52558624759342	15.0	0	0.00024235468106054131	0.9927789822250664	1.088866080025815	26.468163754904843	0.0	12.117734053027068	0.0	14.350429701877776	0.8444161119050979	12.117734053027068	1.8448517901784076e-11
183.52558624759342	2	1	1	2	4	0	183.52558624759342	15.0	0	0.00017865256891253433	0.7122575553187391	1.3193367373166296	21.63437171864912	0.0	8.932628445626717	0.0	12.701743273022403	0.7032600371162423	8.932628445626717	1.1970691791468256e-11
196.77397021950497	1	1	1	1	4	0	196.77397021950497	16.0	0	0.0003165724346355425	0.8203440410586353	1.1426929211128034	31.833830585536308	0.0	15.828621731777124	0.0	16.005208853759186	0.9889668967399584	15.828621731777124	3.8257727479215965e-11
196.77397021950497	2	1	1	2	4	0	196.77397021950497	16.0	0	0.000227555372421599	0.7215549093256318	0.9805737376770408	25.169862057201485	0.0	11.377768621079953	0.0	13.792093436121533	0.8249486326188556	11.377768621079953	2.8372982064647012e-11
210.1512866057031	1	1	1	1	4	0	210.1512866057031	17.0	0	0.00041985330681539734	0.8858627342767568	1.1037878619560089	39.348694362164046	0.0	20.992665340769868	0.0	18.356029021394182	1.143638709456313	20.992665340769868	4.96549822811624e-11
210.1512866057031	2	1	1	2	4	0	210.1512866057031	17.0	0	0.00028232155987582553	0.618855338381765	1.2987668038339215	29.154728079315177	0.0	14.116077993791276	0.0	15.038650085523901	0.938653264323193	14.116077993791276	2.6032328219400878e-11
223.65776436901845	1	1	1	1	4	0	223.65776436901845	18.0	0	0.0005425374611103872	0.7781281678367289	1.3923254766195965	48.433036949363355	0.0	27.12687305551936	0.0	21.30616389384399	1.273193672529533	27.12687305551936	6.779014083560857e-11
223.65776436901845	2	1	1	2	4	0	223.65776436901845	18.0	0	0.000383706827446238	1.0804216975807297	1.0134500974428358	36.66196085275009	0.0	19.185341372311896	0.0	17.476619480438195	1.0977718770947835	19.185341372311896	5.471621068898729e-11
237.29359419897813	1	1	1	1	4	0	237.29359419897813	19.0	0	0.0006921865293542652	0.7458520947394107	1.0814189614543042	59.85491990195412	0.0	34.609326467713274	0.0	25.245593434240853	1.3709056417256682	34.609326467713274	8.608707779188865e-11
237.29359419897813	2	1	1	2	4	0	237.29359419897813	19.0	0	0.0005056567979806647	0.8931606337447149	1.2758511497672511	45.969725383874035	0.0	25.28283989903323	0.0	20.6868854848408	1.222167537861623	25.28283989903323	6.416878726538893e-11
251.0589284553002	1	1	1	1	4	0	251.0589284553002	20.0	0	0.0009073822027122144	0.9079414536274356	1.2147301024601491	77.08112767641803	0.0	45.369110135610725	0.0	31.712017540807306	1.4306598461365432	45.369110135610725	1.214353433525704e-10
251.0589284553002	2	1	1	2	4	0	251.0589284553002	20.0	0	0.0006590086248892977	0.8811207885026052	1.305596595517362	58.2453924161181	0.0	32.95043124446489	0.0	25.29496117165321	1.3026480262555522	32.95043124446489	8.652456120097071e-11
264.95388112274634	1	1	1	1	4	0	264.95388112274634	21.0	0	0.0011514603870942438	0.7565744367739621	1.14789064025804	96.70315041682012	0.0	57.5730193547122	0.0	39.1301310621079	1.4713219146476018	57.5730193547122	1.479838569146934e-10
264.95388112274634	2	1	1	2	4	0	264.95388112274634	21.0	0	0.0008792724447270331	1.064706423007865	1.1587550466380834	75.95292204514494	0.0	43.963622236351654	0.0	31.989299808793305	1.3743227422647997	43.963622236351654	1.2649075250330817e-10
278.9785277773454	1	1	1	1	4	0	278.9785277773454	22.0	0	0.0015009120481161151	0.911578899883402	1.2010018164461806	125.49963951124454	0.0	75.04560240580577	0.0	50.45403710543878	1.4874053041380133	75.04560240580577	2.59718714577782e-10
278.9785277773454	2	1	1	2	4	0	278.9785277773454	22.0	0	0.0011284259680854778	0.8464125080839991	1.1533688331684158	96.4843646408058	0.0	56.4212984042739	0.0	40.0630662365319	1.4083120366065631	56.4212984042739	2.0093831090589044e-10
293.1329055639992	1	1	1	1	4	0	293.1329055639992	23.0	0	0.0019334362889443612	0.8142948665118749	1.1163997313935188	160.51403089666775	0.0	96.6718144472181	0.0	63.84221644944967	1.5142302354706456	96.6718144472181	3.41140573859098e-10
293.1329055639992	2	1	1	2	4	0	293.1329055639992	23.0	0	0.0014795044118065274	0.9103955707377736	1.096332987552678	124.90542610985656	0.0	73.97522059032637	0.0	50.93020551953019	1.452482271291034	73.97522059032637	2.6500710378550657e-10
307.41701318547484	1	1	1	1	4	0	307.41701318547484	24.0	0	0.002511072220876399	0.8433615524171272	1.2373551757775614	207.25269298095736	0.0	125.55361104381996	0.0	81.69908193713741	1.5367811738744632	125.55361104381996	4.602445746310976e-10
307.41701318547484	2	1	1	2	4	0	307.41701318547484	24.0	0	0.001955908530338333	0.9605880713364294	1.1670419557048142	163.45304733755003	0.0	97.79542651691663	0.0	65.65762082063338	1.4894756357998238	97.79542651691663	3.9096114739607515e-10
321.83081090278995	1	1	1	1	4	0	321.83081090278995	25.0	0	0.003151084502473666	0.9065174703038276	1.1677597409894265	276.81413318551563	0.0	157.55422512368332	0.0	102.27194791853131	1.54054194068142	157.55422512368332	6.535472262125382e-10
321.83081090278995	2	1	1	2	4	0	321.83081090278995	25.0	0	0.002530431143347914	0.8373946519200848	1.1489847201503631	210.64691221842295	0.0	126.52155716739573	0.0	84.12535505102727	1.5039646143621326	126.52155716739573	4.90402857274847e-10
336.3742205469876	1	1	1	1	4	0	336.3742205469876	26.0	0	0.0037685038161430428	0.8235109753480314	1.07848638556328	362.6655768080265	0.0	188.42519080715215	0.0	123.79002757296664	1.5221354619707719	188.42519080715215	7.779108604901595e-10
336.3742205469876	2	1	1	2	4	0	336.3742205469876	26.0	0	0.003147850457017291	0.8088803474156091	1.102275314540098	273.8733363761661	0.0	157.39252285086454	0.0	105.6434347054626	1.4898467026340076	157.39252285086454	6.14589442593424e-10
351.0471255422998	1	1	1	1	4	0	351.0471255422998	27.0	0	0.004433847657810264	0.894228040409912	1.1375069514614642	477.3278037724402	0.0	221.6923828905132	0.0	146.25410796635902	1.5158027762304378	221.6923828905132	9.63484484689565e-10
351.0471255422998	2	1	1	2	4	0	351.0471255422998	27.0	0	0.003813194298684512	0.8694850545856498	1.1034324875663926	363.5688558430844	0.0	190.65971493422558	0.0	128.107515098855	1.4882789256126132	190.65971493422558	7.951792665166884e-10
365.84937094069124	1	1	1	1	4	0	365.84937094069124	28.0	0	0.005104565471976352	0.8120915177019417	1.1072315317927024	604.5730834043115	0.0	255.2282735988176	0.0	169.66403573770617	1.50431570538255	255.2282735988176	1.3104896767210642e-09
365.84937094069124	2	1	1	2	4	0	365.84937094069124	28.0	0	0.0044839121128506	0.7592225849392693	1.0864971558701821	462.694077995012	0.0	224.19560564252998	0.0	151.51744287020216	1.479668620296	224.19560564252998	9.993230939868974e-10
380.78076346777357	1	1	1	1	4	0	380.78076346777357	29.0	0	0.005761116445748201	0.8374034450261004	1.096738427573074	759.4012621236086	0.0	288.05582228741	0.0	194.01868604100517	1.484680822065409	288.05582228741	1.5498381946475733e-09
380.78076346777357	2	1	1	2	4	0	380.78076346777357	29.0	0	0.0051404630866224476	0.8261646183555628	1.0724643800711058	595.0943805784717	0.0	257.02315433112244	0.0	175.87209317350113	1.4614209093284871	257.02315433112244	1.4284967631786034e-09
395.84107158007737	1	1	1	1	4	0	395.84107158007737	30.0	0	0.00645483893319784	0.8349480586206451	1.0902397686598544	936.4073872595736	0.0	322.74194665989205	0.0	219.31593197466339	1.4715845937593672	322.74194665989205	1.7991799033818348e-09
395.84107158007737	2	1	1	2	4	0	395.84107158007737	30.0	0	0.005834185574072089	0.7700061372315236	1.0875930750990312	739.3677386775502	0.0	291.7092787036044	0.0	201.16933910715937	1.4500682857451552	291.7092787036044	1.5012594371594945e-09
411.03002553366304	1	1	1	1	4	0	411.03002553366304	31.0	0	0.007155071757914461	0.8052706206376763	1.0845205246664955	1131.1852325871225	0.0	357.75358789572306	0.0	245.55261455167368	1.45693251342041	357.75358789572306	2.0183651331283966e-09
411.03002553366304	2	1	1	2	4	0	411.03002553366304	31.0	0	0.006534418398788708	0.7275092515585764	1.105766557262992	898.6424590963421	0.0	326.72091993943536	0.0	227.40602168416962	1.4367294125271592	326.72091993943536	1.7560066197304424e-09
426.3473174640513	1	1	1	1	4	0	426.3473174640513	32.0	0	0.007829551022876285	0.840041953433376	1.0972481980954625	1359.4914358601602	0.0	391.4775511438141	0.0	272.72451326414193	1.4354322112756193	391.4775511438141	2.284273072507793e-09
426.3473174640513	2	1	1	2	4	0	426.3473174640513	32.0	0	0.007208897663750532	0.7667515674381256	1.0997688296260903	1090.0251782554021	0.0	360.44488318752656	0.0	254.57792039663792	1.415852885536757	360.44488318752656	1.998659311796353e-09
441.79260147745117	1	1	1	1	4	0	441.79260147745117	33.0	0	0.008554370763040291	0.812568359086952	1.1086289654913293	1598.8901304717265	0.0	427.71853815201445	11.86334260539778	300.82631729598216	1.461248087297193	439.58188075741236	2.4836662489734953e-09
441.79260147745117	2	1	1	2	4	0	441.79260147745117	33.0	0	0.007933717403914537	0.7891686304113504	1.1128595482757917	1303.7367300811204	0.0	396.68587019572686	11.86334260539778	282.67972442847815	1.445272431997482	408.5492128011247	2.336993112182533e-09
457.365493753255	1	1	1	1	4	0	457.365493753255	34.0	0	0.009279760142288679	0.8113918334819622	1.0456859741579885	1858.9437191781274	0.0	463.9880071144339	33.638863238761594	329.85159743772687	1.5086386551368547	497.6268703531955	3.054980704056147e-09
457.365493753255	2	1	1	2	4	0	457.365493753255	34.0	0	0.008659106783162927	0.7747465226083485	1.0607086315045642	1533.9253947625725	0.0	432.9553391581464	33.638863238761594	311.7050045702229	1.4969095637083063	466.59420239690803	3.162040759355865e-09
473.0655726577729	1	1	1	1	4	0	473.0655726577729	35.0	0	0.009969206842879445	0.7985558904161629	1.0526164386575172	2137.295667593404	0.0	498.4603421439722	63.26574790347243	359.7927787574414	1.5612489277505457	561.7260900474446	3.3251146186491324e-09
473.0655726577729	2	1	1	2	4	0	473.0655726577729	35.0	0	0.00934855348375369	0.7562656569485401	1.0617338014955149	1781.0100902928725	0.0	467.4276741876848	63.26574790347243	341.6461858899374	1.5533421533999563	530.6934220911571	3.3390370015754887e-09
488.8923788691719	1	1	1	1	4	0	488.8923788691719	36.0	0	0.010687664235774622	0.7913870903070274	1.057635659249002	2435.2423130012025	0.0	534.383211788731	98.57176754760937	390.6411140816753	1.6202979064922545	632.9549793363404	3.868904682750655e-09
488.8923788691719	2	1	1	2	4	0	488.8923788691719	36.0	0	0.01006701087664887	0.7907252576058961	1.0733023707313258	2059.6520398669595	0.0	503.35054383244346	98.57176754760937	372.4945212141713	1.6159225897284235	601.9223113800529	3.6925546396536016e-09
504.8454155135833	1	1	1	1	4	0	504.8454155135833	37.0	0	0.011399213401308684	0.8498688482801054	1.0791912813568674	2775.8411490233198	7.015059303619688	569.9606700654342	137.2716074713363	422.38665834023016	1.674371724513843	714.2473368403903	4.624336626402905e-09
504.8454155135833	2	1	1	2	4	0	504.8454155135833	37.0	0	0.01077856004218293	0.8179269880042787	1.0918468540744737	2367.708504267727	7.015059303619688	538.9280021091466	137.2716074713363	404.2400654727261	1.6727674155448249	683.2146688841026	3.998026563403329e-09
520.9241483123367	1	1	1	1	4	0	520.9241483123367	38.0	0	0.012066200580686585	0.8466410618791848	1.0407797396908978	3140.989804639647	20.920301141753512	603.3100290343291	176.96529644246598	455.0182438282707	1.7148220671593117	801.1956266185484	4.9011496384657944e-09
520.9241483123367	2	1	1	2	4	0	520.9241483123367	38.0	0	0.011445547221560827	0.8400185827672316	1.0773837970950737	2706.066859110229	20.920301141753512	572.2773610780415	176.96529644246598	436.87165096076666	1.715017799559151	770.1629586622611	4.454910268395346e-09
537.1280057402779	1	1	1	1	4	0	537.1280057402779	39.0	0	0.01276982385818077	0.7902403507640661	1.033201855160899	3500.465693407975	41.57746167947757	638.4911929090384	228.13453234226182	488.5234564389564	1.7739695276220369	908.2031869307776	5.110009407106778e-09
537.1280057402779	2	1	1	2	4	0	537.1280057402779	39.0	0	0.012149170499055015	0.8479739150873752	1.0906548236070688	3069.82767111778	41.57746167947757	607.4585249527507	228.13453234226182	470.3768635714524	1.776433158192701	877.1705189744902	5.211919577416377e-09
553.4563791951257	1	1	1	1	4	0	553.4563791951257	40.0	0	0.013452135283119157	0.8054547410565227	1.0525001561490352	3891.971319513601	68.8346330571118	672.6067641559578	285.8563949510358	522.8886129193179	1.8330159338445664	1027.2977921641054	6.1630013938252216e-09
553.4563791951257	2	1	1	2	4	0	553.4563791951257	40.0	0	0.012831481923993405	0.8049576376129315	1.0684841733291497	3440.4515353175348	68.8346330571118	641.5740961996703	285.8563949510358	504.7420200518138	1.8374346781262665	996.2651242078177	6.410179191688423e-09
569.9086231778117	1	1	1	1	4	0	569.9086231778117	41.0	0	0.01416970816582423	0.8161425613997955	1.0353321811081573	4303.76439564562	102.52601851334668	708.4854082912116	344.97084620866616	558.0987392015486	1.88758042350538	1155.9822730132241	7.585833895833512e-09
569.9086231778117	2	1	1	2	4	0	569.9086231778117	41.0	0	0.013549054806698477	0.8157237244816119	1.048322475484218	3834.313987062616	102.52601851334668	677.4527403349239	344.97084620866616	539.9521463340445	1.8935448140825828	1124.949605056937	6.909626589039842e-09
586.4840554837581	1	1	1	1	4	0	586.4840554837581	42.0	0	0.014906127561391787	0.8337777485967679	1.0609583638032238	4752.817133414958	142.47170017444452	745.3063780695894	400.0782610971759	594.1375498612301	1.9278105540279136	1287.8563393412096	7.958947661230826e-09
586.4840554837581	2	1	1	2	4	0	586.4840554837581	42.0	0	0.014285474202266037	0.8089050955808619	1.080826567421702	4254.395330529096	142.47170017444452	714.2737101133017	400.0782610971759	575.9909569937262	1.9346692125630287	1256.8236713849226	7.4272660483301686e-09
603.1819574050269	1	1	1	1	4	0	603.1819574050269	43.0	0	0.01561984061683644	0.8526777645406015	1.0457839193089855	5249.792271064749	188.47742008486333	780.992030841822	445.5372001664082	630.9874287532489	1.9438251462976	1415.0066510930935	8.900618845576379e-09
603.1819574050269	2	1	1	2	4	0	603.1819574050269	43.0	0	0.014999187257710687	0.8287162625983241	1.040437204870417	4722.033951432171	188.47742008486333	749.9593628855345	445.5372001664082	612.8408358857448	1.9507455982825948	1383.973983136806	8.199426801692959e-09
620.0015739432909	1	1	1	1	4	0	620.0015739432909	44.0	0	0.01626745257049664	0.8237610724787984	1.0481053973395216	5758.517286102137	240.3343750448304	813.372628524832	486.7965064426599	668.6294108753075	1.9445287835385991	1540.5035100123223	9.118767511020014e-09
620.0015739432909	2	1	1	2	4	0	620.0015739432909	44.0	0	0.01564679921137089	0.8225537816850954	1.058883965703035	5216.201311099452	240.3343750448304	782.3399605685445	486.7965064426599	650.4828180078033	1.9510683939325504	1509.4708420560346	8.542815995628637e-09
636.9421140335545	1	1	1	1	4	0	636.9421140335545	45.0	0	0.01693506033880277	0.8137479100401697	1.0610620342696186	6285.95730776711	297.8190258094122	846.7530169401384	539.6599945120054	707.0431655079677	1.9608604949262043	1684.2320372615561	9.76730595910691e-09
636.9421140335545	2	1	1	2	4	0	636.9421140335545	45.0	0	0.016314406979677017	0.7980047420850914	1.0703328362269566	5705.161194737276	297.8190258094122	815.7203489838507	539.6599945120054	688.8965726404637	1.9674656506140464	1653.1993693052686	8.892866817284653e-09
654.0027507785644	1	1	1	1	4	0	654.0027507785644	46.0	0	0.01762305738133563	0.8029137152100682	1.0293724400757038	6825.104771266601	360.69292119149117	881.1528690667815	598.4568926302895	746.2069806791066	1.9828409543294687	1840.3026828885627	1.1056785208339189e-08
654.0027507785644	2	1	1	2	4	0	654.0027507785644	46.0	0	0.017002404022209882	0.8192379896643323	1.0679980796760908	6233.836628144769	360.69292119149117	850.1202011104939	598.4568926302895	728.0603878116025	1.9896386590882984	1809.2700149322745	1.0682409389971627e-08
671.1826216938364	1	1	1	1	4	0	671.1826216938364	47.0	0	0.018363415057846992	0.7931393651555273	1.030661370840183	7384.793948341612	428.702537597776	918.1707528923497	657.2664508030814	786.0977489994937	2.0041237946560333	2004.1397412932067	1.2224206126063915e-08
671.1826216938364	2	1	1	2	4	0	671.1826216938364	47.0	0	0.017742761698721236	0.8172332970897385	1.054901352826501	6779.0199768954635	428.702537597776	887.1380849360619	657.2664508030814	767.9511561319897	2.011071307605014	1973.107073336919	1.1735403709112687e-08
688.4808289632283	1	1	1	1	4	0	688.4808289632283	48.0	0	0.019110575039546558	0.7800085712367927	1.0306456492954177	7969.776219921967	501.57913451254234	955.528751977328	709.916576233926	826.6909549149435	2.014592416077188	2167.024462723796	1.3089050540537781e-08
688.4808289632283	2	1	1	2	4	0	688.4808289632283	48.0	0	0.01848992168042081	0.7683935943457384	1.0685223422315695	7335.845823637329	501.57913451254234	924.4960840210404	709.916576233926	808.5443620474394	2.0214260799694643	2135.9917947675085	1.2353373551353596e-08
705.8964397049822	1	1	1	1	4	0	705.8964397049822	49.0	0	0.019817069110150805	0.7884330005564449	1.0327364313402634	8588.598374019559	579.0386264282525	990.8534555075404	752.8416297505372	867.9606634191248	2.0089563487695457	2322.73371168633	1.361276748906865e-08
705.8964397049822	2	1	1	2	4	0	705.8964397049822	49.0	0	0.019196415751025053	0.8068549883555837	1.0415967914891768	7952.545602160679	579.0386264282525	959.8207875512527	752.8416297505372	849.8140705516206	2.0153377975844617	2291.7010437300423	1.3589355982637182e-08
723.4284862481575	1	1	1	1	4	0	723.4284862481575	50.0	0	0.02057378251755132	0.7766590637946091	1.0366665942670472	9218.498729580966	660.7814717055172	1028.689125877566	810.4757308638319	909.8795102696504	2.021327918678316	2499.946328446915	1.4153937427584844e-08
723.4284862481575	2	1	1	2	4	0	723.4284862481575	50.0	0	0.019953129158425568	0.7941078974671005	1.0502482363304453	8582.506500747424	660.7814717055172	997.6564579212784	810.4757308638319	891.7329174021463	2.027661145506076	2468.913660490628	1.4219476422052267e-08
741.0759664193733	1	1	1	1	4	0	741.0759664193733	51.0	0	0.02130882146409716	0.7859118440506436	1.0134144323516523	9879.383590609126	746.4925788270981	1065.4410732048582	876.5594057224796	952.4186937485138	2.0390196997121555	2688.4930577544355	1.6538682662153903e-08
741.0759664193733	2	1	1	2	4	0	741.0759664193733	51.0	0	0.02068816810497141	0.7870121075240919	1.041049344777641	9234.67141358376	746.4925788270981	1034.4084052485705	876.5594057224796	934.2721008810097	2.045408194431821	2657.460389798148	1.5870258442337657e-08
758.8378438397727	1	1	1	1	4	0	758.8378438397727	52.0	0	0.022114022461798888	0.7728020013327637	1.0436507690928052	10563.008980064371	835.8412304917856	1105.7011230899443	944.5756310611807	995.5479680062738	2.0594454712785923	2886.117984642911	1.786878922494007e-08
758.8378438397727	2	1	1	2	4	0	758.8378438397727	52.0	0	0.02149336910267314	0.7963624521568563	1.0211458706512686	9921.500306457629	835.8412304917856	1074.6684551336568	944.5756310611807	977.4013751387697	2.065931292462269	2855.0853166866227	1.789660161805508e-08
776.7130482321257	1	1	1	1	4	0	776.7130482321257	53.0	0	0.022939264645986	0.7623463427278276	1.016967566581764	11261.311077109991	928.4810259740648	1146.9632322993	1007.7495086544756	1039.2356380276556	2.073363020001086	3083.1937669278404	1.887349272466457e-08
776.7130482321257	2	1	1	2	4	0	776.7130482321257	53.0	0	0.022318611286860246	0.7505419330679091	1.0411338170724478	10603.847976815696	928.4810259740648	1115.9305643430123	1007.7495086544756	1021.0890451601514	2.0798186828695258	3052.1610989715527	1.8139530440571904e-08
794.7004757379742	1	1	1	1	4	0	794.7004757379742	54.0	0	0.02373247303021447	0.7456927099991694	1.0126356252197648	11983.883862537645	1024.0498421545199	1186.6236515107232	1059.048258242922	1083.4485562543803	2.0727074643185817	3269.721751908165	1.900921906790873e-08
794.7004757379742	2	1	1	2	4	0	794.7004757379742	54.0	0	0.023111819671088715	0.7710001271516335	1.032251227029355	11333.244845244311	1024.0498421545199	1155.5909835544355	1059.048258242922	1065.3019633868762	2.0788840328017746	3238.689083951877	1.8849947647346955e-08
812.7989892447298	1	1	1	1	4	0	812.7989892447298	55.0	0	0.024588682725997527	0.7343876854236077	1.0220059487012652	12721.117188207543	1122.1698136039506	1229.4341362998762	1118.4605119973603	1128.1521208991196	2.081186220193428	3470.0644619011878	1.9614608850661615e-08
812.7989892447298	2	1	1	2	4	0	812.7989892447298	55.0	0	0.023968029366871767	0.7596292375664321	1.0090914407507117	12080.271092029121	1122.1698136039506	1198.4014683435885	1118.4605119973603	1110.005528031615	2.0872526503984767	3439.0317939449	1.9986648473684974e-08
831.0074187226242	1	1	1	1	4	0	831.0074187226242	56.0	0	0.025427507628396944	0.7475945806713415	1.0260132315679678	13505.60500488094	1222.4473320812006	1271.3753814198474	1185.9135452722826	1173.3102759824396	2.0943214910775283	3679.7362587733296	2.2505838542306592e-08
831.0074187226242	2	1	1	2	4	0	831.0074187226242	56.0	0	0.024806854269271192	0.7653115769465115	1.02100976875711	12864.77653408939	1222.4473320812006	1240.3427134635597	1185.9135452722826	1155.1636831149353	2.100357113195738	3648.7035908170424	2.3612192284415e-08
849.3245615714155	1	1	1	1	4	0	849.3245615714155	57.0	0	0.026253887473904915	0.7576855538940952	1.0239120614130768	14328.61521277913	1324.473065780785	1312.6943736952458	1254.223101530684	1218.8855131225155	2.105954536000722	3891.3905410067146	2.4660580714946203e-08
849.3245615714155	2	1	1	2	4	0	849.3245615714155	57.0	0	0.025633234114779163	0.7186740797425107	1.0271808792444677	13646.807885566799	1324.473065780785	1281.661705738958	1254.223101530684	1200.7389202550114	2.111936878610609	3860.3578730504273	2.302398650955499e-08
867.7491829767432	1	1	1	1	4	0	867.7491829767432	58.0	0	0.02709050765688704	0.7391274086495416	0.9914321061938484	15170.777814961115	1427.8219986415347	1354.525382844352	1315.9445103417586	1264.8388751051946	2.1113123147515624	4098.2918918276455	2.592482266488753e-08
867.7491829767432	2	1	1	2	4	0	867.7491829767432	58.0	0	0.026469854297761292	0.7307541754760625	1.0166569129346892	14471.966882891447	1427.8219986415347	1323.4927148880645	1315.9445103417586	1246.69228223769	2.117152133558004	4067.259223871357	2.51212531887566e-08
886.2800162760308	1	1	1	1	4	0	886.2800162760308	59.0	0	0.027880198442233703	0.7350710735732922	1.0211672735964925	16055.447131907902	1532.0534900017474	1394.0099221116852	1363.3739103596945	1311.1299612597372	2.103059127580364	4289.437322473127	2.698576153542521e-08
886.2800162760308	2	1	1	2	4	0	886.2800162760308	59.0	0	0.02725954508310795	0.7297269767713414	0.9867384501146412	15324.966180267407	1532.0534900017474	1362.9772541553975	1363.3739103596945	1292.983368392233	2.1085740398232558	4258.404654516839	2.5716362068932643e-08
