NumAxe Jour Diam     X1       Y1       Z1      X2       Y2       Z2
    1     7    0.70  -50.00    0.00   10.00  -50.76    0.45   14.92
    1     7    0.70  -50.76    0.45   14.92  -51.75    0.75   19.81
    1     7    0.70  -51.75    0.75   19.81  -53.02    1.18   24.63
    1     7    0.70  -53.02    1.18   24.63  -53.82    1.61   29.55
    1     7    0.70  -53.82    1.61   29.55  -54.29    2.15   34.50
    1     7    0.70  -54.29    2.15   34.50  -54.69    3.11   39.39
    1     7    0.70  -54.69    3.11   39.39  -55.51    4.08   44.22
    1     9    0.70  -55.51    4.08   44.22  -56.58    5.30   48.95
    1     9    0.70  -56.58    5.30   48.95  -57.79    6.15   53.73
    1     9    0.70  -57.79    6.15   53.73  -58.59    7.21   58.55
    1     9    0.70  -58.59    7.21   58.55  -59.86    8.35   63.25
    1     9    0.70  -59.86    8.35   63.25  -60.74    9.81   67.95
    1     9    0.70  -60.74    9.81   67.95  -61.66   11.54   72.55
    1     9    0.70  -61.66   11.54   72.55  -62.82   12.87   77.23
    1    11    0.70  -62.82   12.87   77.23  -63.58   14.14   82.00
    1    11    0.70  -63.58   14.14   82.00  -64.35   14.98   86.87
    1    11    0.70  -64.35   14.98   86.87  -64.75   15.61   91.82
    1    11    0.70  -64.75   15.61   91.82  -65.08   15.80   96.80
    1    11    0.70  -65.08   15.80   96.80  -65.68   15.69  101.76
    1    11    0.70  -65.68   15.69  101.76  -66.57   15.25  106.66
    1    11    0.70  -66.57   15.25  106.66  -67.15   14.50  111.57
    1    11    0.70  -67.15   14.50  111.57  -67.57   13.76  116.50
    1    13    0.70  -67.57   13.76  116.50  -67.92   13.26  121.46
    1    13    0.70  -67.92   13.26  121.46  -68.59   12.86  126.40
    1    13    0.70  -68.59   12.86  126.40  -69.03   12.88  131.38
    1    13    0.70  -69.03   12.88  131.38  -69.84   13.08  136.31
    1    13    0.70  -69.84   13.08  136.31  -70.73   13.05  141.23
    1    13    0.70  -70.73   13.05  141.23  -71.72   12.59  146.11
    1    13    0.70  -71.72   12.59  146.11  -72.74   11.82  150.94
    2     9    0.70  -50.00    0.00   10.00  -50.09   -1.99   14.59
    2     9    0.70  -50.09   -1.99   14.59  -50.39   -4.34   18.99
    2     9    0.70  -50.39   -4.34   18.99  -50.30   -6.54   23.48
    2     9    0.70  -50.30   -6.54   23.48  -50.29   -8.43   28.11
    2     9    0.70  -50.29   -8.43   28.11  -49.95  -10.18   32.78
    2     9    0.70  -49.95  -10.18   32.78  -49.53  -12.07   37.39
    2     9    0.70  -49.53  -12.07   37.39  -49.31  -13.60   42.14
    2    11    0.70  -49.31  -13.60   42.14  -49.01  -14.87   46.97
    2    11    0.70  -49.01  -14.87   46.97  -48.98  -15.94   51.85
    2    11    0.70  -48.98  -15.94   51.85  -48.65  -17.27   56.66
    2    11    0.70  -48.65  -17.27   56.66  -48.59  -18.84   61.41
    2    11    0.70  -48.59  -18.84   61.41  -48.28  -20.00   66.26
    2    11    0.70  -48.28  -20.00   66.26  -48.24  -21.34   71.08
    2    11    0.70  -48.24  -21.34   71.08  -48.61  -22.70   75.88
    2    13    0.70  -48.61  -22.70   75.88  -49.20  -24.26   80.59
    2    13    0.70  -49.20  -24.26   80.59  -49.70  -25.76   85.33
    2    13    0.70  -49.70  -25.76   85.33  -50.40  -27.41   90.00
    2    13    0.70  -50.40  -27.41   90.00  -50.73  -29.21   94.65
    2    13    0.70  -50.73  -29.21   94.65  -50.96  -31.34   99.17
    2    13    0.70  -50.96  -31.34   99.17  -51.18  -33.46  103.70
    2    13    0.70  -51.18  -33.46  103.70  -51.66  -35.69  108.14
    2    13    0.70  -51.66  -35.69  108.14  -51.95  -37.93  112.61
    3    11    0.70  -50.00    0.00   10.00  -53.18   -1.22   13.66
    3    11    0.70  -53.18   -1.22   13.66  -56.26   -2.58   17.35
    3    11    0.70  -56.26   -2.58   17.35  -59.64   -4.10   20.72
    3    11    0.70  -59.64   -4.10   20.72  -63.20   -5.78   23.80
    3    11    0.70  -63.20   -5.78   23.80  -66.68   -7.86   26.72
    3    11    0.70  -66.68   -7.86   26.72  -70.32  -10.15   29.28
    3    11    0.70  -70.32  -10.15   29.28  -73.62  -12.45   32.24
    3    13    0.70  -73.62  -12.45   32.24  -77.05  -15.00   34.84
    3    13    0.70  -77.05  -15.00   34.84  -80.56  -17.25   37.61
    3    13    0.70  -80.56  -17.25   37.61  -83.85  -19.35   40.73
    3    13    0.70  -83.85  -19.35   40.73  -87.14  -21.82   43.56
    3    13    0.70  -87.14  -21.82   43.56  -90.66  -24.40   46.01
    3    13    0.70  -90.66  -24.40   46.01  -94.47  -26.85   48.13
    3    13    0.70  -94.47  -26.85   48.13  -98.48  -28.87   50.33
    4    13    0.17  -50.38    0.22   12.46  -45.82    0.22   14.52
    5    13    0.17  -50.76    0.45   14.92  -55.74    0.59   15.31
    6    13    0.17  -51.75    0.75   19.81  -56.56   -0.65   19.81
    7    13    0.14  -52.39    0.96   22.22  -57.25   -0.21   22.34
    8    13    0.28  -53.02    1.18   24.63  -57.47    3.33   25.40
    8    13    0.28  -57.47    3.33   25.40  -62.06    5.24   25.93
    9    13    0.23  -53.42    1.40   27.09  -50.77   -2.47   28.82
    9    13    0.23  -50.77   -2.47   28.82  -47.92   -6.37   30.13
   10    13    0.23  -53.82    1.61   29.55  -56.20   -2.44   31.27
   10    13    0.23  -56.20   -2.44   31.27  -58.35   -6.67   32.83
   11    13    0.17  -54.05    1.88   32.02  -52.46   -2.54   33.73
   12    13    0.23  -54.29    2.15   34.50  -50.04    0.39   36.46
   12    13    0.23  -50.04    0.39   36.46  -45.66   -1.02   38.41
   13    13    0.21  -54.49    2.63   36.94  -56.76   -1.29   39.06
   13    13    0.21  -56.76   -1.29   39.06  -58.95   -5.02   41.57
   14    13    0.20  -54.69    3.11   39.39  -52.22    7.27   40.65
   14    13    0.20  -52.22    7.27   40.65  -49.47   11.32   41.67
   15    13    0.26  -55.10    3.60   41.80  -59.34    6.24   41.90
   15    13    0.26  -59.34    6.24   41.90  -63.56    8.93   41.87
   16    13    0.70  -50.00    0.00   10.00  -52.46   -2.49   13.57
   16    13    0.70  -52.46   -2.49   13.57  -54.67   -5.10   17.22
   16    13    0.70  -54.67   -5.10   17.22  -57.21   -7.41   20.86
   16    13    0.70  -57.21   -7.41   20.86  -59.92   -9.28   24.62
   16    13    0.70  -59.92   -9.28   24.62  -62.22  -11.29   28.58
   16    13    0.70  -62.22  -11.29   28.58  -64.63  -13.16   32.54
   16    13    0.70  -64.63  -13.16   32.54  -67.16  -15.19   36.34
