1.0
1.0
1.0
1.0
1.0
1.0
1.0
0.0
0.03144858088948592
0.07013945854589758
0.09015118094712987
0.08482672360911475
0.11622722645403522
0.12455135319066288
0.22396298258090738
0.17385896721718636
0.1308745839993589
0.21548119649021177
0.2000636504338822
0.29167275191520065
0.24680602611515995
0.24011060375645193
0.3065545016624227
0.4070885076385627
0.2828277883072788
0.7052633905405585
0.22945083446363215
0.4336861934474334
0.2276997301768442
0.44942849803383916
0.3515705665729681
0.5382090484517428
0.32329068026422425
0.48651033569549834
0.5037166134460851
0.34839697261456287
0.5105086301681168
0.4550812616384556
0.37616286051326914
0.5013391530717486
0.5019231699731586
0.4287190090218537
0.5126585431366399
0.5361046385953437
0.6557935619630382
0.5893784141015358
0.6000743017704099
1.0
1.0
1.0
1.0
1.0
1.0
1.0
1.0
1.0
1.0
1.0
1.0
1.0
