0.0
0.0
0.7285827694774977
2.1993864847666735
4.42587529936556
7.421310407022852
8.825142047449571
8.825142047449571
8.825142047449571
8.825142047449571
8.825142047449571
8.825142047449571
8.828492932365355
8.836601235701151
8.864048758039722
8.88944295918958
8.900039046817001
8.933399202298972
8.96447414802926
9.020355280529543
9.07510111817477
9.139993463684439
9.218163831830404
9.32760136613611
9.414096319955604
9.703371612963977
9.769075330670457
10.102668116769047
10.489082866821583
11.018448132840858
11.827357433458328
12.667416825033802
13.672716618983523
14.94305945030762
16.265035669745732
18.074785952389494
20.157742655876273
22.82747119716353
26.504996507839408
30.427118976171798
34.891162811173466
40.652568267352976
48.260713677822466
57.747155083976686
69.04579911384275
80.77319030686377
93.5568589980442
108.50875548319159
125.69857673535282
146.7867125181896
167.97995323144204
190.4665974980433
215.40553826435917
243.97587190919563
276.8018196531329
312.2919614444731
350.711278368398
393.74434767327165
439.6977096559504
485.9887958104932
