0.0
0.0
0.7285827694774977
2.1993864847666735
4.42587529936556
7.421310407022852
8.825142047449571
8.825142047449571
8.825142047449571
8.825142047449571
8.82769977649367
8.830381620976187
8.840815327211528
8.850489237771733
8.885943507838553
8.914037327545982
8.93124529392677
8.96698642270291
9.007103109559703
9.079205129291958
9.141172117537193
9.209121248856663
9.28969329132507
9.411262562853082
9.516820278391089
9.872208887538662
10.014234371967516
10.243707346523175
10.365394812654293
10.642304378794096
10.840909955340924
11.199543019174275
11.501704443669482
11.931995067440177
12.393264278170085
12.749983080950447
13.37882638606718
14.023621862791552
14.741605517764587
15.784321436921127
17.145647621652806
18.741532789030245
21.25598858279524
24.75184685596485
29.366930447339183
34.14129899223826
39.52196153388565
46.35570736085722
53.9243845060939
65.31736893896128
77.01099160396151
89.90370319458994
103.69698575259928
120.28710704515869
139.45735985093827
161.28147120444262
184.62345634326752
210.4393435669397
240.59452819236625
276.15377795405965
