0.0
0.0
0.7285827694774977
2.1993864847666735
4.42587529936556
7.421310407022852
8.825142047449571
8.825142047449571
8.825142047449571
8.825142047449571
8.825943158237868
8.826814193783314
8.8377563655268
8.846484039377211
8.884397183161377
8.912003567020298
8.929097762141948
8.957113538187041
8.993870927308341
9.043347010637694
9.103466436098593
9.169761712478447
9.260566444353236
9.38063186186108
9.495425938588859
9.785333255480776
9.861643281585614
10.090508755151493
10.197556198395054
10.436758434286638
10.637937883673324
10.99287302001253
11.277621624994286
11.6942800088515
12.131789770389302
12.433002225410164
12.965698394999638
13.61797809235328
14.291733562233908
15.255962102676182
16.468600517893442
17.91520856094688
20.28741816468394
23.358194663288717
27.706214504546036
33.315459598376606
39.255654621292265
46.70099470334736
55.734471166513615
67.33208799671057
79.05687774166422
92.15280052612438
106.43204865292213
123.0912567647762
142.71305656265517
163.98845325285484
187.00380502550155
212.58107508587761
242.34688611335216
277.6335892852772
