0.0
0.0
0.7285827694774977
2.1993864847666735
4.42587529936556
7.421310407022852
8.825142047449571
8.825142047449571
8.825142047449571
8.825142047449571
8.825850523820158
8.827664639475728
8.835188413589274
8.84522818623825
8.875004586885199
8.897102157854732
8.910090773801802
8.942471052972513
8.974263404639354
9.040996890655526
9.098623137416974
9.15881963154561
9.228122738902783
9.453920236509688
9.642943974103867
10.045733569882136
10.6486365490416
11.268838866578063
11.893320332583109
12.777225834739195
13.846850417593028
15.2218707719574
17.180511342052668
19.224984842711123
21.469722529843928
23.89546063607635
27.16831558348137
31.001889494526853
36.06273922828676
41.6475531881032
47.821513337026
55.37271872146181
64.81328060086528
76.47756095319917
90.53447662445805
105.2524847921077
121.22878571396728
138.84887282842612
159.4649396586731
183.47132462369302
209.24972134277326
236.33400867645787
265.73736542659015
298.32693577572456
337.09145518259555
378.3933143923378
422.97308539366037
468.54832253373655
514.5016845164154
560.7927706709581
