0.0
0.0
0.7285827694774977
2.1993864847666735
4.42587529936556
7.421310407022852
8.825142047449571
8.825142047449571
8.825142047449571
8.825142047449571
8.828257096453868
8.829582169930806
8.832523421848055
8.845734261138649
8.877785756128045
8.904998742940663
8.919969869501047
8.962135636194846
9.003412311211507
9.066057555449378
9.132254372330276
9.202018952830107
9.524501843060444
9.860921090866873
10.33639909921543
10.894831256629452
11.585512860509493
12.328321082865376
13.167372275123745
14.28249098413881
15.768122960417381
17.760483764086217
20.2293280613786
23.132924970896802
26.196755387174
29.91629509884289
34.42209070945569
39.84507087543257
46.46204970401128
53.243001435392074
61.44000169377271
70.2148027011862
81.63001861479661
95.7490211389782
111.91806785617266
129.66624965240146
148.19032204457338
169.2280231007501
192.36669432657425
219.86894067947011
248.52715836041926
279.0740876532877
311.7020655547941
348.18999192039337
392.03409357166186
436.73765821640086
481.89581329972117
527.4710504397973
573.4244124224759
619.7154985770189
