0.0
0.0
0.7285827694774977
2.1993864847666735
4.42587529936556
7.421310407022852
8.825142047449571
8.976020189718382
9.143661644919886
9.410174072030882
9.722817572669252
10.174651241396619
10.770106716930947
11.6098425145602
12.470409546076903
13.513070651683275
15.001661520246664
17.164472789250222
20.253876968042814
24.477880082700306
30.644223439967732
38.756555756605024
49.499984530942285
63.644998375473385
82.63270210283078
103.20556808422468
124.72364773865999
147.1877281320524
170.59765590339956
194.95230620669847
220.24955214035683
246.486234717367
273.65813342983535
301.75993746167563
330.7852176034204
360.72639892313487
391.5747342473687
423.3202785059236
455.95186399396414
489.4570766046497
523.8222330850112
559.032359367242
595.0711700269235
631.9210489189422
669.5630310410007
707.9767856736612
747.1406008447998
787.0313691651871
827.6245750806369
868.8942835848179
910.8131304353436
953.3523139142073
996.4815881719674
1040.169258193349
1084.3821764200736
1129.0857410648127
1174.243896148133
1219.819133288209
1265.7724952708875
1312.0635814254304
