11.247441493196291	1	1	1	1	4	0	11.247441493196291	1.0	0	0.0			15.0	0.0	0.0	0.0	0.0		0.0	0.0
11.367595075476835	1	1	1	1	4	0	11.367595075476835	1.0	0	0.0			15.0	0.0	0.0	0.0	0.0		0.0	0.0
22.856168219862568	1	1	1	1	4	0	22.856168219862568	2.0	0	0.0			14.552750241652504	0.0	0.0	0.0	0.7285827694774977	0.0	0.0	0.0
34.4665080713728	1	1	1	1	4	0	34.4665080713728	3.0	0	0.0			13.791431040067982	0.0	0.0	0.0	2.1993864847666735	0.0	0.0	0.0
46.1993671861199	1	1	1	1	4	0	46.1993671861199	4.0	0	0.0			12.713098668736418	0.0	0.0	0.0	4.42587529936556	0.0	0.0	0.0
58.05546181511435	1	1	1	1	4	0	58.05546181511435	5.0	0	0.0			11.314922877436091	0.0	0.0	0.0	7.421310407022852	0.0	0.0	0.0
70.03547169202406	1	1	1	1	4	0	70.03547169202406	6.0	0	2.500826149469408e-05			10.075555122184273	0.0	1.2504130747347042	0.0	8.825142047449571	0.14168758621806754	1.2504130747347042	0.0
82.14003983175478	1	1	1	1	4	0	82.14003983175478	7.0	0	2.500826149469408e-05	0.6616511701126073	1.1369384681358414	10.075555122184273	0.0	1.2504130747347042	0.0	8.825142047449571	0.14168758621806754	1.2504130747347042	2.783477622569281e-13
94.36977233991071	1	1	1	1	4	0	94.36977233991071	8.0	0	2.500826149469408e-05	0.6730035085256589	1.277797481592705	10.075555122184273	0.0	1.2504130747347042	0.0	8.825142047449571	0.14168758621806754	1.2504130747347042	3.331048377138643e-13
106.72523823319248	1	1	1	1	4	0	106.72523823319248	9.0	0	2.500826149469408e-05	0.7021478989149913	1.0987625991995582	10.075555122184273	0.0	1.2504130747347042	0.0	8.825142047449571	0.14168758621806754	1.2504130747347042	4.103888140521221e-13
119.20696927078512	1	1	1	1	4	0	119.20696927078512	10.0	0	2.5110289164545405e-05	0.9493405632027644	1.4205461421829608	10.083281077354382	0.0	1.2555144582272706	0.0	8.827766619127111	0.1422233405567099	1.2555144582272706	4.703501602092302e-13
131.81545979678634	1	1	1	1	4	0	131.81545979678634	11.0	0	2.520191287904703e-05	1.0668610615276004	0.8652093027260921	10.090215280807113	0.0	1.260095643952352	0.0	8.830119636854759	0.1427042549562999	1.260095643952352	6.078502738185961e-13
144.55116659372186	1	1	1	1	4	0	144.55116659372186	12.0	0	2.549325205906665e-05	0.7648235364450758	1.4209206448974034	10.112451603502096	0.0	1.2746626029533326	0.0	8.837789000548765	0.14422867561945468	1.2746626029533326	6.542846581366762e-13
157.41450874719058	1	1	1	1	4	0	157.41450874719058	13.0	0	2.5953765059337758e-05	0.9398302922453884	1.1582264215883524	10.148184957197063	0.0	1.2976882529668885	0.0	8.850496704230174	0.14662321181890806	1.2976882529668885	6.985908302821877e-13
170.4058675216809	1	1	1	1	4	0	170.4058675216809	14.0	0	2.740916057568736e-05	0.8652774182101292	1.0159096287570204	10.256135627066856	0.0	1.3704580287843684	0.0	8.885677598282488	0.15423224775218766	1.3704580287843684	9.231772884940324e-13
183.52558624759342	1	1	1	1	4	0	183.52558624759342	15.0	0	2.8463096807769342e-05	0.8344233803917461	0.9864409527951864	10.332731447866307	0.0	1.4231548403884673	0.0	8.90957660747784	0.15973316164025214	1.4231548403884673	1.0074631449942915e-12
196.77397021950497	1	1	1	1	4	0	196.77397021950497	16.0	0	2.9194754582288647e-05	0.981216367033656	1.1007650986566102	10.385627576663099	0.0	1.4597377291144331	0.0	8.92588984754867	0.1635397427087142	1.4597377291144331	9.616132987509317e-13
210.1512866057031	1	1	1	1	4	0	210.1512866057031	17.0	0	3.0994850922865036e-05	1.0363097269626955	1.2504836443950291	10.516605157494144	0.0	1.5497425461432526	0.0	8.966862611350892	0.17282996442718754	1.5497425461432526	1.2196846591305739e-12
223.65776436901845	1	1	1	1	4	0	223.65776436901845	18.0	0	3.258277318736619e-05	0.9057488145828692	1.2063127672268246	10.63418537749456	0.0	1.6291386593683097	0.0	9.00504671812625	0.18091395973426969	1.6291386593683097	1.4035875288528688e-12
237.29359419897813	1	1	1	1	4	0	237.29359419897813	19.0	0	3.5167156439899396e-05	0.8316677653138179	1.4508190002701893	10.831437010006995	0.0	1.7583578219949705	0.0	9.073079188012027	0.1937994572248673	1.7583578219949705	1.7164255199967308e-12
251.0589284553002	1	1	1	1	4	0	251.0589284553002	20.0	0	3.711430232847287e-05	0.6879328293835352	1.4574855792917916	10.987304175551571	0.0	1.855715116423644	0.0	9.13158905912793	0.2032192978032309	1.855715116423644	1.6839773385420369e-12
264.95388112274634	1	1	1	1	4	0	264.95388112274634	21.0	0	3.876538868702242e-05	0.4824209777180849	1.561261810454177	11.120038914446214	0.0	1.9382694343511209	0.0	9.181769480095094	0.21109977097040414	1.9382694343511209	1.8891230861176823e-12
278.9785277773454	1	1	1	1	4	0	278.9785277773454	22.0	0	4.165746864552293e-05	0.8265118913853882	1.0820838685332144	11.358360142457066	0.0	2.082873432276146	0.0	9.275486710180918	0.2245567803994536	2.082873432276146	2.342730381233705e-12
293.1329055639992	1	1	1	1	4	0	293.1329055639992	23.0	0	4.6069322683042046e-05	0.9420052751000212	1.017388749776634	11.715515578899753	0.0	2.303466134152102	0.0	9.412049444747648	0.24473587263585198	2.303466134152102	2.9714910625751536e-12
307.41701318547484	1	1	1	1	4	0	307.41701318547484	24.0	0	3.6563444454654763e-05	0.6015957574384102	1.3378929581625496	11.355144182427713	0.0	1.8281722227327384	0.0	9.526971959694977	0.19189436375661076	1.8281722227327384	2.507017514564965e-12
321.83081090278995	1	1	1	1	4	0	321.83081090278995	25.0	0	4.14357177584723e-05	0.6535502582037577	1.790658585299291	11.890899450826907	0.0	2.071785887923615	0.0	9.819113562903294	0.21099520589626766	2.071785887923615	3.2909276340324135e-12
336.3742205469876	1	1	1	1	4	0	336.3742205469876	26.0	0	4.313121151935183e-05	0.9560877797554485	1.8387401274105557	12.072534280503286	0.0	2.1565605759675908	0.0	9.915973704535695	0.21748349080243654	2.1565605759675908	2.404996602507084e-12
351.0471255422998	1	1	1	1	4	0	351.0471255422998	27.0	0	4.798457817488879e-05	0.7656094499280207	1.1645912166008374	12.534795955165215	0.0	2.39922890874444	0.0	10.135567046420775	0.2367138313777611	2.39922890874444	4.570758228910004e-12
365.84937094069124	1	1	1	1	4	0	365.84937094069124	28.0	0	5.081949161254622e-05	0.8262887880753567	1.1791004428015266	12.788969113850579	0.0	2.540974580627311	0.0	10.247994533223268	0.2479484715170029	2.540974580627311	3.863468153044416e-12
380.78076346777357	1	1	1	1	4	0	380.78076346777357	29.0	0	5.6535945951936865e-05	0.5697334683350399	1.3405984366600798	13.286842763607268	0.0	2.826797297596843	0.0	10.460045466010424	0.27024713293861186	2.826797297596843	5.272079643869476e-12
395.84107158007737	1	1	1	1	4	0	395.84107158007737	30.0	0	6.218819806908283e-05	0.8256190662946515	1.2995219451869915	13.775570083162469	0.0	3.109409903454141	0.0	10.666160179708331	0.2915210207858672	3.109409903454141	5.697033466712856e-12
411.03002553366304	1	1	1	1	4	0	411.03002553366304	31.0	0	7.107651889141459e-05	0.706008974887548	1.0185662706103924	14.553018287049385	0.0	3.55382594457073	0.0	10.999192342478654	0.32309880888671505	3.55382594457073	8.283009380060024e-12
426.3473174640513	1	1	1	1	4	0	426.3473174640513	32.0	0	7.832931583926551e-05	0.9789982349942692	1.1463087011606934	15.207842452458374	0.0	3.916465791963277	0.0	11.2913766604951	0.3468545873299695	3.916465791963277	9.454399032324037e-12
441.79260147745117	1	1	1	1	4	0	441.79260147745117	33.0	0	8.872181904233324e-05	0.9482519797946938	1.2422218476082498	16.300489967583207	0.0	4.436090952116662	0.17009722444616238	11.694301791020381	0.39388312862763175	4.606188176562824	1.3452274646758306e-11
457.365493753255	1	1	1	1	4	0	457.365493753255	34.0	0	9.900058650448488e-05	0.8569796799181234	1.2494193419644808	17.534275684746856	0.0	4.9500293252242455	0.4786563505661897	12.105590008956424	0.4484445344484635	5.428685675790434	1.6489933674407865e-11
473.0655726577729	1	1	1	1	4	0	473.0655726577729	35.0	0	0.00010644253045539277	0.75731546964673	1.0946621638658012	18.549355447790386	0.0	5.322126522769639	0.7984513614435591	12.428777563577187	0.4924521219327063	6.120577884213197	1.8054752113686435e-11
488.8923788691719	1	1	1	1	4	0	488.8923788691719	36.0	0	0.00011895328259548724	0.8694909501473279	1.0091539020484122	20.326862185020023	0.0	5.9476641297743615	1.4132475416890715	12.965950513556587	0.5677109182058971	7.360911671463435	2.883103713550645e-11
504.8454155135833	1	1	1	1	4	0	504.8454155135833	37.0	0	0.00013249484335020682	0.8297398500572877	1.2447744327218415	22.478097389063073	0.1335042697810307	6.624742167510341	2.14974792551249	13.570103026259213	0.6466045302709571	8.907994362803864	4.3521857593810474e-11
520.9241483123367	1	1	1	1	4	0	520.9241483123367	38.0	0	0.00014630044319836918	0.8902197088261301	1.1857411294746607	24.95321529066665	0.4213212032163223	7.31502215991846	2.971345706363314	14.245526221168554	0.7220770722387527	10.707689069498095	5.318784884889135e-11
537.1280057402779	1	1	1	1	4	0	537.1280057402779	39.0	0	0.00016685476449238856	0.9586579152085288	1.1594632246836534	29.0578900121408	1.0247604700731894	8.342738224619428	4.4661071059569535	15.224284211491227	0.8413430249093954	13.833605800649572	8.853975059272026e-11
553.4563791951257	1	1	1	1	4	0	553.4563791951257	40.0	0	0.00019119332647091815	1.055468922846147	1.1632219330538276	34.53191519355453	1.9970442845994687	9.559666323545912	6.525089381897419	16.450115203511736	0.9777898517093416	18.0817999900428	1.2599606309868155e-10
569.9086231778117	1	1	1	1	4	0	569.9086231778117	41.0	0	0.00022009824935728399	0.7098381070520718	1.2470152633708529	41.133838280118475	3.3541843354834	11.004912467864198	8.906309040909965	17.86843243586091	1.1143239106309908	23.265405844257565	1.7431213296863515e-10
586.4840554837581	1	1	1	1	4	0	586.4840554837581	42.0	0	0.0002761204043728059	0.8540643532625457	1.1762074520430892	53.90759367049016	6.3930005096473215	13.806020218640294	13.098534500981454	20.61003844122108	1.3054102153352285	33.29755522926907	4.019420539434543e-10
603.1819574050269	1	1	1	1	4	0	603.1819574050269	43.0	0	0.0003541641185010471	0.8206984708803368	1.1568942581936037	71.84082874017196	11.423673867185615	17.708205925052358	18.069417992922045	24.63953095501193	1.4520415986529516	47.20129778516003	5.459161766683181e-10
620.0015739432909	1	1	1	1	4	0	620.0015739432909	44.0	0	0.0004391267426456884	0.7021717988218446	1.1566270760292732	93.24362088513591	18.226980922665078	21.95633713228442	23.48238004806216	29.57792278212425	1.5362376024528668	63.66569810301166	6.246445905577512e-10
636.9421140335545	1	1	1	1	4	0	636.9421140335545	45.0	0	0.0005397771706288776	0.856545793780838	1.1579727010116485	120.7039044461878	26.89352882188941	26.988858531443878	31.452228440275675	35.369288652578845	1.6523116296108626	85.33461579360895	8.776938961395737e-10
654.0027507785644	1	1	1	1	4	0	654.0027507785644	46.0	0	0.0006523791231140263	0.8587434951904164	1.1311260461941572	152.65721255536664	37.1838686673996	32.61895615570132	41.07530109741274	41.779086634853	1.763903023950666	110.87812592051365	1.2563782195763662e-09
671.1826216938364	1	1	1	1	4	0	671.1826216938364	47.0	0	0.0007964176132806848	0.7970124001701188	1.182834809098621	192.2929852330853	50.41531446010699	39.82088066403424	52.516851898226605	49.53993821071748	1.863904879523739	142.75304702236784	1.4532983798384913e-09
688.4808289632283	1	1	1	1	4	0	688.4808289632283	48.0	0	0.0009636228014593293	0.8068944789275059	1.1855627194753977	237.82883560706216	66.72419796486136	48.181140072966464	64.29930056506825	58.62419700416608	1.9186691909833988	179.20463860289607	1.6424652791612505e-09
705.8964397049822	1	1	1	1	4	0	705.8964397049822	49.0	0	0.0011643364260822396	0.8573603892235874	1.1710070680862672	293.7901835823851	88.7302926098655	58.216821304111974	76.49422680285362	70.34884286555399	1.9149006951602083	223.44134071683112	2.1518740258130387e-09
723.4284862481575	1	1	1	1	4	0	723.4284862481575	50.0	0	0.0013833408071267836	0.8748490028403264	1.188174406870912	357.2101654225321	112.38791656589524	69.16704035633919	93.17441314279922	82.48079535749842	1.9682333662702705	274.72937006503366	2.275947759365156e-09
741.0759664193733	1	1	1	1	4	0	741.0759664193733	51.0	0	0.0016197765067663273	0.9076295709122384	1.172564822735597	431.5422259524481	139.9581095120005	80.98882533831636	114.43116419440086	96.16412690773036	2.032150613920958	335.37809904471766	3.242768261037337e-09
758.8378438397727	1	1	1	1	4	0	758.8378438397727	52.0	0	0.0019011869113872894	0.8711533543295124	1.169130177431424	515.6836233825786	171.1846483377897	95.0593455693645	138.2022145880129	111.23741488741152	2.09697034395731	404.4462084951672	3.532029817884133e-09
776.7130482321257	1	1	1	1	4	0	776.7130482321257	53.0	0	0.0022260106921908472	0.8780972550158331	1.179874221374147	610.4505855616729	207.64862121511356	111.30053460954235	163.0681002165917	128.43332952042542	2.1362728495059358	482.01725604124766	3.86247003090076e-09
794.7004757379742	1	1	1	1	4	0	794.7004757379742	54.0	0	0.002598034170188604	0.8716890025494769	1.186802036060029	718.6706132797685	252.47144973093108	129.9017085094302	187.1277793857581	149.1696756536491	2.1252944776208134	569.5009376261194	4.058379178513793e-09
812.7989892447298	1	1	1	1	4	0	812.7989892447298	55.0	0	0.0030239468491784593	0.8592110663561795	1.1856872616314558	840.5663542664448	301.28021714884153	151.19734245892298	216.68179201374585	171.4070026449346	2.14623165212638	669.1593516215103	4.5702376086677355e-09
831.0074187226242	1	1	1	1	4	0	831.0074187226242	56.0	0	0.0034611105919027108	0.8235455267995707	1.1650427447475662	973.3740656689438	353.5410586703785	173.05552959513557	251.83575608922703	194.94172131420257	2.179581070793628	778.4323443547412	5.5306327708786835e-09
849.3245615714155	1	1	1	1	4	0	849.3245615714155	57.0	0	0.0039462243958625215	0.826438481301992	1.167948597742004	1124.3767689806493	413.43372430814264	197.3112197931261	291.9358491196304	221.6959757597504	2.2068378428436084	902.6807932208991	6.371853203605613e-09
867.7491829767432	1	1	1	1	4	0	867.7491829767432	58.0	0	0.004507692380794849	0.8613728713208498	1.1699230897798285	1294.0712479883568	482.79269778090105	225.38461903974243	333.35798515848643	252.53594600922702	2.2125270205209278	1041.5353019791298	7.102461311844465e-09
886.2800162760308	1	1	1	1	4	0	886.2800162760308	59.0	0	0.005128466180747351	0.8448770357293909	1.1694209891412706	1480.7194544971023	564.7287924739543	256.42330903736746	370.64210879895217	288.9252441868288	2.1703379349948317	1191.7942103102741	7.814807080984311e-09
