0.0
0.0009714436926366636
0.0019610716203855693
0.0029686517527985155
0.00399391347687639
0.0038260367040410317
0.00218663673450248
0.0027744936372193366
0.003415211993148585
0.0036116045208369595
0.0044751340497198415
0.005290416606829563
0.00606852237365532
0.007543278532334854
0.008913810120671358
0.010187602182949576
0.01256145194045307
0.015246940609336831
0.018748209372579823
0.02118572546143608
0.02242344076860863
0.023667835992736544
0.024917871593227805
0.026172464411300014
0.027430487975191882
0.02869077287258051
0.029952107191189844
0.031213237028462917
0.03247286707106531
0.033729661244877605
0.034982243436013735
0.036229198283291054
0.037469072042453665
0.03870037352232646
0.03992157509295249
0.04113111376564518
0.04232739234473991
0.043508780650720835
0.04467361681424734
0.04582020864048195
0.046946835042974394
0.04805174754624216
0.049133171856025004
0.05018930949607819
0.0512183395102137
0.052218420228184875
0.053187691093849715
0.054124274553933
0.055026278005574795
0.05589179580070095
0.0567189113051511
0.05750569901034669
0.05825022669517557
0.05895055763563323
0.05960475285965208
0.060210873444427084
0.06076698285343492
0.061271149310237895
0.06172144820605786
1.872352940578419
