0.0
0.0009714436926366636
0.0019610716203855693
0.0029686517527985155
0.00399391347687639
0.003676633717627132
0.0021899808581679957
0.0029118055408957687
0.0030589598185842993
0.003711757680222725
0.004090263108898537
0.0051070633825211304
0.006156312146605601
0.007529867971559312
0.00856728670486769
0.010535746592279325
0.012900663819326908
0.015209080032671525
0.01853621179868951
0.021185725461436093
0.02242344076860863
0.02366783599273657
0.024917871593227746
0.02617246441130007
0.02743048797519191
0.028690772872580397
0.0299521071911899
0.031213237028462917
0.03247286707106531
0.033729661244877716
0.03498224343601368
0.03622919828329094
0.037469072042453665
0.03870037352232635
0.0399215750929526
0.04113111376564518
0.0423273923447398
0.043508780650720835
0.04467361681424734
0.045820208640482064
0.046946835042974276
0.04805174754624216
0.049133171856025004
0.050189309496078076
0.05121833951021335
0.052218420228185326
0.05318769109384948
0.05412427455393322
0.055026278005574795
0.05589179580070072
0.056718911305151325
0.05750569901034669
0.05825022669517557
0.05895055763563323
0.05960475285965208
0.060210873444426855
0.06076698285343514
0.061271149310238575
0.061721448206056954
1.8716852243730573
