0.0
0.0009714436926366636
0.0019610716203855693
0.0029686517527985155
0.00399391347687639
0.0036444906214849167
0.0020192027009583156
0.0029491268794566835
0.003252324880220396
0.0037219139769228424
0.004172274841940041
0.005498818611875273
0.006341284367702961
0.007700883717446011
0.008750291831309803
0.010361903411728058
0.012555996884438586
0.015098655199235781
0.018049277770034493
0.02110266081568999
0.02242344076860866
0.02366783599273657
0.024917871593227718
0.0261724644113001
0.027430487975191882
0.028690772872580397
0.0299521071911899
0.031213237028462973
0.032472867071065364
0.03372966124487755
0.03498224343601379
0.03622919828329094
0.03746907204245372
0.03870037352232646
0.03992157509295249
0.041131113765645294
0.04232739234473968
0.043508780650720724
0.044673616814247454
0.04582020864048195
0.046946835042974394
0.04805174754624216
0.049133171856025004
0.05018930949607795
0.0512183395102137
0.052218420228185326
0.05318769109384948
0.054124274553933
0.055026278005574795
0.05589179580070095
0.0567189113051511
0.05750569901034669
0.05825022669517557
0.05895055763563323
0.05960475285965231
0.06021087344442663
0.06076698285343514
0.06127114931023835
0.061721448206057405
1.8715369722491482
