0.0
0.0009714436926366636
0.0019610716203855693
0.0029686517527985155
0.00399391347687639
0.003900145461634969
0.002159051817865679
0.0027963147427943445
0.0032317891144254818
0.003769978969661843
0.004343712113699851
0.005249787760359159
0.0062293065381710385
0.007770068072718857
0.008869024200191625
0.010612951127853244
0.01239853119275034
0.014925651434134025
0.018758293907127212
0.021185725461436065
0.02242344076860863
0.0236678359927366
0.024917871593227718
0.026172464411300042
0.027430487975191827
0.02869077287258051
0.029952107191189955
0.031213237028462862
0.03247286707106531
0.033729661244877716
0.034982243436013624
0.03622919828329094
0.037469072042453776
0.03870037352232646
0.03992157509295249
0.04113111376564518
0.0423273923447398
0.043508780650720724
0.04467361681424768
0.045820208640481724
0.046946835042974394
0.04805174754624193
0.04913317185602523
0.050189309496078076
0.05121833951021359
0.0522184202281851
0.05318769109384994
0.05412427455393276
0.055026278005574795
0.05589179580070117
0.05671891130515087
0.05750569901034669
0.05825022669517557
0.058950557635633005
0.05960475285965231
0.060210873444426855
0.06076698285343514
0.06127114931023835
0.061721448206057405
1.8725181976535277
