0.0
0.0009714436926366636
0.0019610716203855693
0.0029686517527985155
0.00399391347687639
0.0036591137960445674
0.001973064991929947
0.0025805380132473492
0.002765494157557573
0.003334409259304753
0.0038276648645325833
0.004630704986934596
0.006142459394990966
0.007163251759104591
0.008539318674263718
0.009756081202851364
0.011864479821140961
0.01417218385939336
0.017106342399131846
0.021185725461436093
0.02242344076860863
0.02366783599273657
0.024917871593227774
0.026172464411300042
0.027430487975191882
0.028690772872580456
0.0299521071911899
0.031213237028462917
0.03247286707106531
0.033729661244877605
0.034982243436013735
0.036229198283291
0.037469072042453665
0.03870037352232635
0.0399215750929526
0.04113111376564518
0.0423273923447398
0.043508780650720835
0.04467361681424768
0.045820208640481724
0.046946835042974394
0.04805174754624216
0.049133171856025115
0.050189309496078076
0.0512183395102137
0.052218420228184875
0.053187691093849715
0.054124274553933
0.055026278005574795
0.05589179580070072
0.056718911305151325
0.05750569901034647
0.05825022669517557
0.05895055763563346
0.05960475285965231
0.060210873444426855
0.06076698285343492
0.06127114931023835
0.061721448206057176
1.8650186983805679
