1	0	0.0	1.0	0.0	0.0	0.1	0.0		0.0	
2	0	0.0	1.0	0.0	0.0	0.1	0.0		0.0	
3	0	0.0	1.0	0.0	0.0	0.09868366698887	0.0		0.0	
4	0	0.00011257771665567784	1.0	0.0	0.0	0.0935692587304462	0.0	0.0	0.00011257771665567784	
5	0	0.00033581469321961526	1.0	5.13712399910295e-05	66.61900505670306	0.08650010349477343	0.0	0.0	0.00033581469321961526	0.9662470959481988
6	0	0.0006675093645202824	1.0	0.00020617621767460845	255.45798638716667	0.0807797693594944	0.0	0.0	0.0006675093645202824	0.9891394647790496
7	0	0.0009789841439646462	1.0	0.0003879017421610551	493.4977546380513	0.08218019009051386	0.0	0.0	0.0009789841439646462	1.005188468651682
8	0	0.0011844383401902318	1.0	0.0007840442207934287	933.3131235655733	0.0989140013315544	0.0	0.0	0.0011844383401902318	1.152530072740947
9	0	0.0014690146345065975	1.0	0.0011401479836615869	1286.4270169091526	0.12206941738911775	0.0	0.0	0.0014690146345065975	1.1098145367797756
10	0	0.0017863280085169946	1.0	0.0012198178085980895	1461.7047916525473	0.14831882376943034	0.0	0.0	0.0017863280085169946	1.092126903598816
11	0	0.0021563335923303127	1.0	0.0014123119378952561	1725.556170229067	0.17927994054143104	0.0	0.0	0.0021563335923303127	1.1796114324091065
12	0	0.0025964228049008904	1.0	0.0016770146267876425	2070.894058540352	0.2164292968728916	0.0	0.0	0.0025964228049008904	1.1871478805240456
13	0	0.0031281806283884922	1.0	0.0020144951907586557	2519.6895165482674	0.2616402372643738	0.0	0.0	0.0031281806283884922	1.1765635805691304
14	0	0.003784865208619611	1.0	0.002511753510695464	3128.588389318507	0.3178213572754494	0.0	0.0	0.003784865208619611	1.1333858297296655
15	0	0.004611976247974809	1.0	0.0031950402765505525	3958.196881274469	0.3889831855174676	0.0	0.0	0.004611976247974809	1.1995116417599843
16	0	0.005625662540710643	1.0	0.0039380344968506	4903.018178529896	0.4771609600642899	0.0	0.0	0.005625662540710643	1.142567113757286
17	0	0.006819002424903374	1.0	0.004589937570967005	5830.053718169947	0.5819187249532819	0.0	0.0	0.006819002424903374	1.112375346570392
18	0	0.008270867909683116	1.0	0.00557512926903945	7148.523861186709	0.7103873817410234	0.0	0.0	0.008270867909683116	1.1610614980123048
19	0	0.01000433225067436	1.0	0.006644921128913006	8600.073130411643	0.86487741299321	0.0	0.0	0.01000433225067436	1.1308783029633356
20	0	0.012149507543229222	1.0	0.008274361790529573	10707.25935658486	1.0573438086903384	0.0	0.0	0.012149507543229222	1.1238955703283289
21	0	0.01471943743677826	1.0	0.009952830743326157	13015.930956401644	1.2918029621910372	0.0	0.0	0.01471943743677826	1.1459768038452856
22	0	0.017481199649781766	1.0	0.01248416858226195	16229.391522566531	1.6006823668740928	0.0	0.0	0.017481199649781766	1.1588064031540979
23	0	0.020416040631088327	1.0	0.015319119701573904	19870.80750357626	1.9952900327492995	0.0	0.0	0.020416040631088327	1.1517716578194226
24	0	0.023503933267164618	1.0	0.017570561994519462	22974.131269436268	2.461370482833691	0.0	0.0	0.023503933267164618	1.1475022721827504
25	0	0.026723544170976613	1.0	0.020329556071931675	26656.988931529064	3.0143575614570612	0.0	0.0	0.026723544170976613	1.1409738117028188
26	0	0.03013845762141429	1.0	0.022534630479031387	30260.26097214077	3.6485598777116834	0.0	0.0	0.03013845762141429	1.1250948997904102
27	0	0.03372172943096293	1.0	0.02661874915934246	34842.146203794735	4.390085523615643	0.0	0.0	0.03372172943096293	1.1353424099134506
28	0	0.03744475162377413	1.0	0.029204740840310123	39103.761881404665	5.230572993988474	0.0	0.0	0.03744475162377413	1.1214301073328792
29	0	0.04127721578289202	1.0	0.03231290249957662	43472.90313966795	6.1730974978041875	0.0	0.0	0.04127721578289202	1.1267957446005017
30	0	0.04518707747034737	1.0	0.035691532322033565	48118.20233925887	7.2252259636680485	0.0	0.0	0.04518707747034737	1.1223450974281024
31	0	0.0492345637358555	1.0	0.03895702554296383	53143.5549343288	8.39330885539346	0.0	0.0	0.0492345637358555	1.1216083757149071
32	0	0.053380506110461634	1.0	0.042059529450533435	57854.14897698233	9.669470541936024	0.0	0.0	0.053380506110461634	1.1303417441669843
33	0	0.05758360893424505	1.0	0.04637445801332244	63360.52669978576	11.075313911120174	0.0	0.0	0.05758360893424505	1.1161913341801928
34	0	0.06180041243598301	1.0	0.05027815552835944	68975.21576710457	12.614178155272025	0.0	0.0	0.06180041243598301	1.1209065101944056
35	0	0.06598525750465949	1.0	0.053283667103749516	74121.99481096753	14.274242237097152	0.0	0.0	0.06598525750465949	1.1178861606446722
36	0	0.07019231897198204	1.0	0.05738216794974446	79601.74025322786	16.06072876012434	0.0	0.0	0.07019231897198204	1.110664227338157
37	0	0.07436716680024016	1.0	0.060205621054383984	84665.63424779098	17.963605648850688	0.0	0.0	0.07436716680024016	1.099429762582689
38	0	0.07845275874369087	1.0	0.06383625685205835	90022.20970632484	19.9917433314126	0.0	0.0	0.07845275874369087	1.1111295660314322
39	0	0.08238940714376775	1.0	0.0673094159372461	95111.73065666194	22.139256049258485	0.0	0.0	0.08238940714376775	1.0982324641958667
40	0	0.08642672716528871	1.0	0.06973483595272044	99614.0923443622	24.38127420952408	0.0	0.0	0.08642672716528871	1.0956119118162646
41	0	0.09054135166788564	1.0	0.07328246162479317	105123.65803193398	26.744853475877356	0.0	0.0	0.09054135166788564	1.0986670551348847
42	0	0.09468107123132484	1.0	0.07588403233990157	109755.93208497307	29.20794088345049	0.0	0.0	0.09468107123132484	1.1040007075770435
43	0	0.0987912671316924	1.0	0.07981544712628598	115449.80668951992	31.799982524836178	0.0	0.0	0.0987912671316924	1.0970338405925406
44	0	0.10287890242466076	1.0	0.08270898731884782	120689.89241180131	34.507551947782176	0.0	0.0	0.10287890242466076	1.086195030107569
45	0	0.10706707162490993	1.0	0.08636634002804923	126594.51487958447	37.34198506976641	0.0	0.0	0.10706707162490993	1.0828999341874368
46	0	0.1112991244461158	1.0	0.08986982509760666	131605.5100758686	40.28093988853397	0.0	0.0	0.1112991244461158	1.0810885275375937
47	0	0.11551591766961895	1.0	0.09178211300826797	136067.5810041118	43.31148346221878	0.0	0.0	0.11551591766961895	1.0913961913282586
48	0	0.11966151377994437	1.0	0.09573786450847388	142207.4721155125	46.47946447981492	0.0	0.0	0.11966151377994437	1.087617907535475
49	0	0.12392230452326712	1.0	0.098601982439516	147629.49507594755	49.75685591329778	0.0	0.0	0.12392230452326712	1.0849698529752791
50	0	0.12823681785245333	1.0	0.10175719620162922	152870.74640955747	53.14050273007142	0.0	0.0	0.12823681785245333	1.089031072080846
51	0	0.13254102343593532	1.0	0.10510645227330384	158575.37936661337	56.64439633750565	0.0	0.0	0.13254102343593532	1.0827902247662111
52	0	0.1367970769605243	1.0	0.10778786525555667	163918.70991723327	60.25952386603058	0.0	0.0	0.1367970769605243	1.0779405996324951
53	0	0.14117902863930626	1.0	0.11012579445461752	168926.1149725647	63.96870261504568	0.0	0.0	0.14117902863930626	1.0742355752744417
54	0	0.14562035570385398	1.0	0.11430195377033035	174597.53781497554	67.7914392473601	0.0	0.0	0.14562035570385398	1.0671840249910989
55	0	0.15005193323533406	1.0	0.116553977687892	179647.7345424279	71.71323710959265	0.0	0.0	0.15005193323533406	1.072762235675077
56	0	0.15444412548307518	1.0	0.12007280088983815	185819.63706444332	75.7640920074161	0.0	0.0	0.15444412548307518	1.0743926319872426
57	0	0.15896730325003713	1.0	0.12296045168239655	191609.7828818817	79.9256088558928	0.0	0.0	0.15896730325003713	1.0667244292898592
58	0	0.16354970073083694	1.0	0.12600949601290576	197481.70665789282	84.20199427772349	0.0	0.0	0.16354970073083694	1.0728682129728713
59	0	0.16811693081786988	1.0	0.12869570374456304	202670.46805022671	88.57732921985098	0.0	0.0	0.16811693081786988	1.0638457485561443
60	0	0.17263604093326596	1.0	0.13251200115348705	208799.03595897526	93.07695023052558	0.0	0.0	0.17263604093326596	1.06474782159332
