11.247441493196291	1	1	1	1	0	0	11.247441493196291	1.0	0	0.0			100.0	0.0	0.0	0.0	0.0		0.0	0.0
11.367595075476835	1	1	1	1	0	0	11.367595075476835	1.0	0	0.0			100.0	0.0	0.0	0.0	0.0		0.0	0.0
22.856168219862568	1	1	1	1	0	0	22.856168219862568	2.0	0	0.0			98.68366698886999	0.0	0.0	0.0	0.9714436926366636	0.0	0.0	0.0
34.4665080713728	1	1	1	1	0	0	34.4665080713728	3.0	0	0.00011257771665567784			93.56925873044621	0.0	4.740114385502225	3.1600762570014824	2.932515313022233	2.6939980867011464	7.900190642503707	0.0
46.1993671861199	1	1	1	1	0	0	46.1993671861199	4.0	0	0.00033581469321961526	0.3616511311049002	1.739085647455746	86.12488239218077	0.0	14.139566030299589	9.426377353533061	5.901167065820748	3.993437759172312	23.56594338383265	6.85809145341363e-12
58.05546181511435	1	1	1	1	0	0	58.05546181511435	5.0	0	0.0006675093645202824	0.6180392363340924	0.9928051767679046	80.48263725650784	0.0	28.105657453485573	18.737104968990387	9.895080542697137	4.73394453136082	46.842762422475964	3.235702622571793e-11
70.03547169202406	1	1	1	1	0	0	70.03547169202406	6.0	0	0.0009743217374279114	0.567616924071712	1.1161359939827382	81.79934845139726	0.0	41.02407315485943	27.349382103239623	13.425893193298206	5.092655980030362	68.37345525809906	6.056528463087121e-11
82.14003983175478	1	1	1	1	0	0	82.14003983175478	7.0	0	0.0011570741312151747	0.6927735154626076	1.156007912321031	96.68414573305796	0.0	48.718910788007356	32.479273858671576	15.485961086379008	5.243341643038123	81.19818464667894	1.0278705662879836e-10
94.36977233991071	1	1	1	1	0	0	94.36977233991071	8.0	0	0.0013819719028006505	0.7151286794822038	1.1136594947978526	114.98363720683193	0.0	58.18829064423792	38.79219376282528	18.003152799768763	5.386861150692941	96.9804844070632	1.2540550404506943e-10
106.72523823319248	1	1	1	1	0	0	106.72523823319248	9.0	0	0.0016522034800236325	0.7297839095641305	1.184433067767325	137.33825276453126	0.0	69.56646231678454	46.980374544371	20.791415903375736	5.605526694419728	116.54683686115557	1.5989882271906148e-10
119.20696927078512	1	1	1	1	0	0	119.20696927078512	10.0	0	0.0019835131717682642	0.7669689147663299	1.1054067754654744	165.06139669139833	0.0	83.51634407445323	57.505437279594574	24.03961533735051	5.8662245370848884	141.02178135404782	2.213191973734595e-10
131.81545979678634	1	1	1	1	0	0	131.81545979678634	11.0	0	0.002417927834901717	0.8506528388524666	1.134514325226926	201.73174591921082	0.0	101.8074877853355	71.75939941775553	28.164858716119745	6.162533565409031	173.56688720309106	3.6927936520611005e-10
144.55116659372186	1	1	1	1	0	0	144.55116659372186	12.0	0	0.0029230915032521475	0.7985413701607474	1.1455892396570162	244.68160671851555	0.0	123.0775369790378	88.7312702326259	32.87279950685186	6.443284733553503	211.8088072116637	4.2692465898888873e-10
157.41450874719058	1	1	1	1	0	0	157.41450874719058	13.0	0	0.003573823882329868	0.8689918954908972	1.139792047323319	300.3535000210678	0.0	150.47679504546812	110.99438305039021	38.88232192520944	6.724680141242619	261.4711780958584	5.598385094875333e-10
170.4058675216809	1	1	1	1	0	0	170.4058675216809	14.0	0	0.004373414106156812	0.871515774870403	1.1526644680509823	369.14753064642184	0.0	184.1437518381816	138.7496079403345	46.25417086790573	6.980848509870518	322.89335977851607	6.894513479823676e-10
183.52558624759342	1	1	1	1	0	0	183.52558624759342	15.0	0	0.005293575879302681	0.8049267769499484	1.123596804284448	449.1898652034751	0.0	222.88740544432343	171.88575697465396	54.41670278449767	7.254632166567818	394.7731624189775	8.091890183409093e-10
196.77397021950497	1	1	1	1	0	0	196.77397021950497	16.0	0	0.006384255172157111	0.7833660144028531	1.1368414663476494	544.9355336786629	0.0	268.8107440908258	212.27689572098438	63.84789386685286	7.534902260285372	481.08763981181016	1.1546693324681593e-09
210.1512866057031	1	1	1	1	0	0	210.1512866057031	17.0	0	0.007761800302890621	0.8436653032319026	1.1417836399232817	666.8279365665766	0.0	326.81264433223674	264.43740451911384	75.57788771522596	7.8230560118212615	591.2500488513506	1.5296527038131234e-09
223.65776436901845	1	1	1	1	0	0	223.65776436901845	18.0	0	0.00939089760672933	0.8019115297231437	1.0981209754356087	812.0165553523414	0.0	395.4062150201825	327.2587450713738	89.35159526078503	8.08787977408079	722.6649600915563	2.0998799361420376e-09
237.29359419897813	1	1	1	1	0	0	237.29359419897813	19.0	0	0.011381981428399688	0.8165097483068953	1.088765515813777	990.6577731669254	0.0	479.24132330103936	405.232817163022	106.18363270286406	8.329665485631901	884.4741404640614	2.5238651855222763e-09
251.0589284553002	1	1	1	1	0	0	251.0589284553002	20.0	0	0.013825910143398328	0.8316003306300476	1.1056462517809529	1211.9372976455375	0.0	582.1435849851928	503.4630701369993	126.33064252334556	8.593375553532669	1085.606655122192	3.5893192596061485e-09
264.95388112274634	1	1	1	1	0	0	264.95388112274634	21.0	0	0.016587672356401836	0.8058234634742631	1.0852840789002385	1482.4743438513067	0.0	698.4283097432353	616.8661607486208	148.75408329195415	8.842073046898319	1315.294470491856	4.413248217889807e-09
278.9785277773454	1	1	1	1	0	0	278.9785277773454	22.0	0	0.0195225133377084	0.8449458571956593	1.1067489519932057	1837.4757220295126	0.0	822.0005615877221	739.580456356907	172.42191928469074	9.056743043013332	1561.5810179446291	5.819770545597742e-09
293.1329055639992	1	1	1	1	0	0	293.1329055639992	23.0	0	0.022610405973784692	0.8247466031599748	1.130933377753513	2266.1892182356273	0.0	952.0170936330397	870.7520358687582	197.33979087791852	9.23670346154075	1822.769129501798	7.813637530563422e-09
307.41701318547484	1	1	1	1	0	0	307.41701318547484	24.0	0	0.025830016877596687	0.8383190831982663	1.1008993557443778	2781.8601578156313	0.0	1087.579658004071	1009.4687595196216	223.51225528921856	9.38225250696062	2097.0484175236925	7.750626484696136e-09
321.83081090278995	1	1	1	1	0	0	321.83081090278995	25.0	0	0.029244930328034362	0.8355622190672719	1.1180732056853022	3382.9423849793066	0.0	1231.3654874961835	1159.6012482050771	250.9427432644104	9.527937347771696	2390.9667357012604	9.61960475097482e-09
336.3742205469876	1	1	1	1	0	0	336.3742205469876	26.0	0	0.032828202137582994	0.8248479195051299	1.1076156504262653	4071.846600386744	0.0	1382.240090003495	1319.9536044846095	279.63351613699086	9.663339830710116	2702.1936944881045	1.2569106437942054e-08
351.0471255422998	1	1	1	1	0	0	351.0471255422998	27.0	0	0.036551224330394205	0.8376711312023547	1.1131630915569826	4863.399182343223	0.0	1538.9989191744926	1489.2526258174219	309.5856233281808	9.781628463353329	3028.251544991915	1.4344234405268988e-08
365.84937094069124	1	1	1	1	0	0	365.84937094069124	28.0	0	0.040383688489512085	0.854827176013345	1.0986621821559823	5767.469985429039	0.0	1700.365831137351	1666.146055763183	340.7988603566437	9.878295612190437	3366.511886900534	1.6577981559577998e-08
380.78076346777357	1	1	1	1	0	0	380.78076346777357	29.0	0	0.04429355017696745	0.8383327895524398	1.087962335498539	6772.460590471355	0.0	1864.991586398629	1849.200884559038	373.271727427709	9.950371801670913	3714.1924709576674	1.8352926437285883e-08
395.84107158007737	1	1	1	1	0	0	395.84107158007737	30.0	0	0.04834103644247557	0.834646580212823	1.106057595615468	7882.429663549878	0.0	2035.4120607358136	2042.1812501043853	407.0013886725866	10.01862260013179	4077.5933108402	2.053642086894983e-08
411.03002553366304	1	1	1	1	0	0	411.03002553366304	31.0	0	0.0524869788170817	0.8458784919076325	1.1111599920053838	9114.351845275394	0.0	2209.9780554560707	2243.2884591199913	441.9836321086003	10.075636722859104	4453.266514576062	2.487782708001476e-08
426.3473174640513	1	1	1	1	0	0	426.3473174640513	32.0	0	0.05669008164086513	0.8323932435997634	1.1087682256687281	10459.559899453192	0.0	2386.950805931163	2450.6219262985283	478.2128303918913	10.115940904942557	4837.572732229692	2.766600318602588e-08
441.79260147745117	1	1	1	1	0	0	441.79260147745117	33.0	0	0.06090688514260309	0.8542078379916278	1.1078814725285206	11943.601854137129	0.0	2564.500427056972	2662.1773489168104	515.681902434345	10.135468689710756	5226.6777759737815	3.0637154821358645e-08
457.365493753255	1	1	1	1	0	0	457.365493753255	34.0	0	0.06509173021127956	0.8392640383640898	1.1017037095905615	13540.349979852163	0.0	2740.7044299486124	2875.8449619331154	554.3822759566714	10.13118498817357	5616.549391881727	3.158953883724706e-08
473.0655726577729	1	1	1	1	0	0	473.0655726577729	35.0	0	0.06929879167860213	0.8357865740563568	1.0923517582819815	15254.226250474863	0.0	2917.8438601516673	3095.137939890337	594.303851049624	10.11768944357711	6012.981800042005	3.4346561378439556e-08
488.8923788691719	1	1	1	1	0	0	488.8923788691719	36.0	0	0.07347363950686024	0.8413932742283121	1.0921336981388554	17099.25795269306	0.0	3093.626926604641	3317.4907705577025	635.4349648152693	10.089337307754473	6411.117697162345	4.3565534355407446e-08
504.8454155135833	1	1	1	1	0	0	504.8454155135833	37.0	0	0.07755923145031096	0.8517144957687527	1.0923107355115775	19069.901450730053	0.0	3265.6518505394088	3540.2099051866994	677.762357160009	10.041663842536703	6805.861755726109	4.54541757106921e-08
520.9241483123367	1	1	1	1	0	0	520.9241483123367	38.0	0	0.08149587985038782	0.8388496688280888	1.0924359480001808	21158.582367482373	0.0	3431.405467384749	3760.472062103472	721.2711378107297	9.971115094550557	7191.877529488222	4.749422997191927e-08
537.1280057402779	1	1	1	1	0	0	537.1280057402779	39.0	0	0.08553319987190879	0.8438829356375926	1.0965678314961078	23363.015919420468	0.0	3601.3978893435274	3987.128624715175	765.9447546249772	9.907407118120688	7588.526514058703	5.406915299838952e-08
553.4563791951257	1	1	1	1	0	0	553.4563791951257	40.0	0	0.0896478243745057	0.8339979251300744	1.1001953272074052	25674.32118773269	0.0	3774.645236821291	4218.125088018861	811.7649632654592	9.846163220309373	7992.770324840152	6.058818644683393e-08
569.9086231778117	1	1	1	1	0	0	569.9086231778117	41.0	0	0.09378754393794493	0.8402277897593179	1.0933877738121842	28108.32532386767	0.0	3948.949218439786	4450.530396843519	858.7117983084336	9.781488541125604	8399.479615283304	6.453304840449831e-08
586.4840554837581	1	1	1	1	0	0	586.4840554837581	42.0	0	0.09789773983831247	0.8337792253926442	1.0827489771700614	30662.483087054112	0.0	4122.010098455261	4681.278236864153	906.7635458546756	9.708471823293053	8803.288335319414	6.852249723331377e-08
603.1819574050269	1	1	1	1	0	0	603.1819574050269	43.0	0	0.10198537513128084	0.83105453468343	1.091336253706348	33328.92876047216	0.0	4294.121058159193	4910.759516469396	955.8967177107007	9.629576505580618	9204.880574628587	7.182685345922019e-08
620.0015739432909	1	1	1	1	0	0	620.0015739432909	44.0	0	0.10617354433152999	0.8233163069578379	1.0887855334871337	36099.91561314136	0.0	4470.465024485474	5145.884804904436	1006.0860272067787	9.558178495021961	9616.34982938991	7.434187405274539e-08
636.9421140335545	1	1	1	1	0	0	636.9421140335545	45.0	0	0.11040559715273587	0.829272341958593	1.086749011989144	38995.8205533946	0.0	4648.656722220458	5383.473735217748	1057.3043667169923	9.48840350351404	10032.130457438205	8.070758928989668e-08
654.0027507785644	1	1	1	1	0	0	654.0027507785644	46.0	0	0.11462239037623903	0.8241563677607445	1.0792163875117735	42009.81546587448	0.0	4826.205910578486	5620.205986361783	1109.5227869451774	9.41522970042114	10446.41189694027	8.559244649379507e-08
671.1826216938364	1	1	1	1	0	0	671.1826216938364	47.0	0	0.11876798648656445	0.8185715866787068	1.0810305239293063	45131.039449031865	0.0	5000.757325750084	5852.941206590581	1162.7104780390268	9.334824736976655	10853.698532340664	9.060848591052136e-08
688.4808289632283	1	1	1	1	0	0	688.4808289632283	48.0	0	0.12302877722988717	0.8184151455370989	1.082951590472616	48346.86811956165	0.0	5180.159041258408	6092.143493935015	1216.8347525929598	9.263626397235294	11272.302535193423	9.421467389822725e-08
705.8964397049822	1	1	1	1	0	0	705.8964397049822	49.0	0	0.1273432905590734	0.8150059463490008	1.0744748731179343	51680.45841880745	0.0	5361.82276038204	6334.361786099855	1271.8610305985346	9.196118337691106	11696.184546481894	1.0856371697098956e-07
723.4284862481575	1	1	1	1	0	0	723.4284862481575	50.0	0	0.1316474961425554	0.8086787500166822	1.07837016934139	55131.06819166582	0.0	5543.052469160227	6576.001397804106	1327.7528263992358	9.127492426305189	12119.05386696433	1.0586705388421352e-07
741.0759664193733	1	1	1	1	0	0	741.0759664193733	51.0	0	0.13590354966714435	0.8035905535785042	1.0722431764008231	58683.150809285995	0.0	5722.254722827131	6814.937736026645	1384.471737704387	9.055578468970324	12537.192458853777	1.1481018529742903e-07
758.8378438397727	1	1	1	1	0	0	758.8378438397727	52.0	0	0.14028550134592627	0.7949798567689285	1.0687270403604816	62329.28288044133	0.0	5906.757951407423	7060.942040800367	1441.9774367147336	8.992997852832001	12967.699992207792	1.2849046404427915e-07
776.7130482321257	1	1	1	1	0	0	776.7130482321257	53.0	0	0.14472682841047402	0.7932467713317595	1.0617334980687057	66086.51580953764	0.0	6093.761196230485	7310.279700564451	1500.2276634099094	8.934671199388847	13404.040896794939	1.3060332723295539e-07
794.7004757379742	1	1	1	1	0	0	794.7004757379742	54.0	0	0.14915840594195404	0.7974616357307245	1.0654599621986776	69972.57033744978	0.0	6280.3539343980665	7559.070018121226	1559.1782210455426	8.876101375530341	13839.423952519292	1.3636479828407344e-07
812.7989892447298	1	1	1	1	0	0	812.7989892447298	55.0	0	0.1535505981896952	0.7874984857099777	1.0662969799333315	73925.09977853393	0.0	6465.288344829272	7805.649232029502	1618.7829739051945	8.815843634944585	14270.937576858774	1.3843401595812546e-07
831.0074187226242	1	1	1	1	0	0	831.0074187226242	56.0	0	0.15807377595665714	0.7828805935751155	1.0686233509123502	77985.3287666537	0.0	6655.737935017143	8059.582018946665	1678.9938473496215	8.764368003606862	14715.319953963808	1.5214543740388687e-07
849.3245615714155	1	1	1	1	0	0	849.3245615714155	57.0	0	0.162656173437457	0.7749690320071365	1.0604794308815269	82143.39101849504	0.0	6848.680986840295	8316.839421377532	1739.7608302030567	8.717014514258134	15165.520408217828	1.568602948165591e-07
867.7491829767432	1	1	1	1	0	0	867.7491829767432	58.0	0	0.16722340352448992	0.7767299902232284	1.0619516850655129	86451.65512943706	0.0	7040.985411557471	8573.245321000433	1801.0319795132946	8.66960215596918	15614.230732557902	1.6407507890844e-07
886.2800162760308	1	1	1	1	0	0	886.2800162760308	59.0	0	0.17174251363988602	0.7746237408749852	1.0577989511698511	90876.73744307428	0.0	7231.263732205727	8826.94974853144	1862.7534277193522	8.620686582441522	16058.213480737168	1.6735400094195115e-07
