11.247441493196291	1	1	1	1	0	0	11.247441493196291	1.0	0	0.0			100.0	0.0	0.0	0.0	0.0		0.0	0.0
11.367595075476835	1	1	1	1	0	0	11.367595075476835	1.0	0	0.0			100.0	0.0	0.0	0.0	0.0		0.0	0.0
22.856168219862568	1	1	1	1	0	0	22.856168219862568	2.0	0	0.0			98.68366698886999	0.0	0.0	0.0	0.9714436926366636	0.0	0.0	0.0
34.4665080713728	1	1	1	1	0	0	34.4665080713728	3.0	0	0.00011257771665567784			93.56925873044621	0.0	4.740114385502225	3.1600762570014824	2.932515313022233	2.6939980867011464	7.900190642503707	0.0
46.1993671861199	1	1	1	1	0	0	46.1993671861199	4.0	0	0.00033581469321961526	0.4822637769163528	0.9887700982163872	86.5510667702747	0.0	14.139566030299589	9.426377353533061	5.901167065820748	3.993437759172312	23.56594338383265	8.762367042275195e-12
58.05546181511435	1	1	1	1	0	0	58.05546181511435	5.0	0	0.0006675093645202824	0.6852857959329778	0.878774366160585	81.47180600567843	0.0	28.105657453485573	18.737104968990387	9.895080542697137	4.73394453136082	46.842762422475964	3.489087276893662e-11
70.03547169202406	1	1	1	1	0	0	70.03547169202406	6.0	0	0.0009889417623835726	0.6077882335299206	1.0375634575946109	82.99356311804415	0.0	41.63965315299253	27.75976876866169	13.594141196389966	5.105097918218166	69.39942192165421	6.379227894870747e-11
82.14003983175478	1	1	1	1	0	0	82.14003983175478	7.0	0	0.001191501977752126	0.7770375165716756	1.0723050421712177	99.49166571800352	0.0	50.1685043264053	33.44566955093687	15.877491840661364	5.266207957557313	83.61417387734218	1.1311789596469293e-10
94.36977233991071	1	1	1	1	0	0	94.36977233991071	8.0	0	0.001451337309405841	0.8321467997898797	1.134032131876162	120.63395807004335	0.0	61.108939343403826	40.739292895602546	18.785725831036967	5.42157557046516	101.84823223900636	1.435965039165689e-10
106.72523823319248	1	1	1	1	0	0	106.72523823319248	9.0	0	0.0017352340446819812	0.7304066939058453	1.1380804362110666	144.1190090785245	0.0	73.06248609187287	49.34153625894391	21.7149867277077	5.6368453679335095	122.4040223508168	1.6796580862355224e-10
119.20696927078512	1	1	1	1	0	0	119.20696927078512	10.0	0	0.0020933332284174466	0.7851490459585969	1.096073016102221	174.0838288775299	0.0	88.14034645968195	60.71764890569746	25.22583351215048	5.90101394642438	148.85799536537942	2.6140106424565014e-10
131.81545979678634	1	1	1	1	0	0	131.81545979678634	11.0	0	0.002529619269985221	0.8032165631823033	1.1150229062097343	210.9121472222892	0.0	106.5102850520093	75.03301448994971	29.36884768033016	6.181492087057539	181.54329954195904	2.912056528793052e-10
144.55116659372186	1	1	1	1	0	0	144.55116659372186	12.0	0	0.0030512784500789426	0.7867430056737731	1.1643639860774282	255.264484045852	0.0	128.47488210858705	92.55908132459028	34.23052061267458	6.4572188642475625	221.0339634331773	4.0290093172951237e-10
157.41450874719058	1	1	1	1	0	0	157.41450874719058	13.0	0	0.0037079986716201147	0.8318446936597264	1.1498044731991877	311.44865326620965	0.0	156.12625985768904	115.02705257046566	40.295340838054926	6.7291480054209485	271.15331242815466	5.25214647659154e-10
170.4058675216809	1	1	1	1	0	0	170.4058675216809	14.0	0	0.004523902545684044	0.8518702552636852	1.1897951616418387	381.6462550215895	0.0	190.48010718669656	143.34855380748215	47.81759402741078	6.9812935548956325	333.8286609941787	6.854438904790843e-10
183.52558624759342	1	1	1	1	0	0	183.52558624759342	15.0	0	0.005481492329065158	0.8113616318722557	1.1735967911835739	464.9443489510543	0.0	230.79967701326984	177.83253119265026	56.31214074513411	7.256556096053402	408.6322082059201	8.368837152694737e-10
196.77397021950497	1	1	1	1	0	0	196.77397021950497	16.0	0	0.00664714006163906	0.8174080586708555	1.1505506132894756	567.2711484906241	0.0	279.8795815426973	220.99997702589732	66.39158992202957	7.544322393195111	500.8795585685946	1.3320208172499982e-09
210.1512866057031	1	1	1	1	0	0	210.1512866057031	17.0	0	0.008056893673621017	0.8157493024531441	1.1498448927611349	692.0135263703937	0.0	339.23762836299016	274.38005441169224	78.3958435957113	7.827171118141407	613.6176827746824	1.5742361609185142e-09
223.65776436901845	1	1	1	1	0	0	223.65776436901845	18.0	0	0.009798543139923614	0.8349349771984289	1.1307584692536994	847.233033410026	0.0	412.570237470468	341.54163769308576	93.12115824647205	8.098179719453004	754.1118751635538	2.2041912371079844e-09
237.29359419897813	1	1	1	1	0	0	237.29359419897813	19.0	0	0.011927021872530143	0.8512783729940414	1.1330632905067872	1038.20140387586	0.0	502.19039463284815	424.8963173582391	111.1146918847728	8.343511521883052	927.0867119910872	2.7823100314147795e-09
251.0589284553002	1	1	1	1	0	0	251.0589284553002	20.0	0	0.014496951766079182	0.8709339563706321	1.1298110926223608	1276.8263237684575	0.0	610.3979690980708	528.1910092285167	132.30041734620886	8.606087578296021	1138.5889783265875	3.2561984436322544e-09
264.95388112274634	1	1	1	1	0	0	264.95388112274634	21.0	0	0.017258713979082685	0.8589604125676066	1.117982933105364	1585.1061465181585	0.0	726.6826938561132	641.5940998401381	154.72385811481752	8.843347175849768	1368.2767936962516	6.015966907128638e-09
278.9785277773454	1	1	1	1	0	0	278.9785277773454	22.0	0	0.020193554960389246	0.8584431470303531	1.1466215989850514	1964.8303346681798	0.0	850.2549457005999	764.3083954484242	178.39169410755406	9.050664321712135	1614.5633411490244	5.9030001022687215e-09
293.1329055639992	1	1	1	1	0	0	293.1329055639992	23.0	0	0.023281447596465544	0.8386506772903207	1.0949193831381383	2418.159144531851	0.0	980.2714777459178	895.4799749602756	203.30956570078183	9.226085581564844	1875.7514527061933	7.338319279131577e-09
307.41701318547484	1	1	1	1	0	0	307.41701318547484	24.0	0	0.02650105850027754	0.8586336347763305	1.1242898407384156	2963.068739232732	0.0	1115.834042116949	1034.1966986111388	229.48203011208187	9.369059266549048	2150.030740728088	8.081664628505423e-09
321.83081090278995	1	1	1	1	0	0	321.83081090278995	25.0	0	0.029915971950715207	0.8743582402991953	1.1366484404235722	3602.821195275149	0.0	1259.6198716090614	1184.3291872965942	256.91251808727367	9.512767525307744	2443.9490589056563	9.895869029756546e-09
336.3742205469876	1	1	1	1	0	0	336.3742205469876	26.0	0	0.03349924376026385	0.8707090553381212	1.1256769583198225	4337.22408240719	0.0	1410.4944741163727	1344.6815435761273	285.6032909598542	9.646863691356348	2755.1760176925	1.2133772425268774e-08
351.0471255422998	1	1	1	1	0	0	351.0471255422998	27.0	0	0.037222265953075054	0.8678602522632906	1.1400874879125114	5174.370563488429	0.0	1567.2533032873705	1513.9805649089394	315.55539815104413	9.764478396663154	3081.2338681963106	1.4205637048569498e-08
365.84937094069124	1	1	1	1	0	0	365.84937094069124	28.0	0	0.04105473011219293	0.8617338783898308	1.1363439266415438	6108.531769748613	0.0	1728.620215250229	1690.8739948547006	346.768635179507	9.861025084736417	3419.494210104929	1.697391357412315e-08
380.78076346777357	1	1	1	1	0	0	380.78076346777357	29.0	0	0.0449645917996483	0.8564705195880303	1.1251526149597135	7155.251786541895	0.0	1893.245970511507	1873.928823650556	379.2415022505723	9.933445500574502	3767.1747941620624	1.8389593334964837e-08
395.84107158007737	1	1	1	1	0	0	395.84107158007737	30.0	0	0.049012078065156416	0.8621980805830071	1.122926566346338	8324.580721406151	0.0	2063.6664448486913	2066.9091891959038	412.97116349544996	10.002092153560511	4130.575634044595	2.1101206825092714e-08
411.03002553366304	1	1	1	1	0	0	411.03002553366304	31.0	0	0.05315802043976254	0.8613007200846401	1.1107033713659653	9603.210903591993	0.0	2238.2324395689493	2268.0163982115077	447.95340693146363	10.059637382041183	4506.2488377804575	2.5351825422631663e-08
426.3473174640513	1	1	1	1	0	0	426.3473174640513	32.0	0	0.05736112326354598	0.8551473374352425	1.1106996128114772	10992.563929059439	0.0	2415.20519004404	2475.3498653900447	484.1826052147546	10.100641788370165	4890.555055434085	2.7089971166608767e-08
441.79260147745117	1	1	1	1	0	0	441.79260147745117	33.0	0	0.061577926765283925	0.8470539273167744	1.1129388093382429	12504.694102798228	0.0	2592.754811169849	2686.9052880083277	521.6516772572083	10.121044998720398	5279.660099178176	3.134434587643513e-08
457.365493753255	1	1	1	1	0	0	457.365493753255	34.0	0	0.06576277183396041	0.8497867741035473	1.0993564763818957	14143.265274622128	0.0	2768.9588140614906	2900.572901024632	560.3520507795347	10.117803097532962	5669.531715086123	3.335516907021238e-08
473.0655726577729	1	1	1	1	0	0	473.0655726577729	35.0	0	0.06996983330128295	0.8554212316284702	1.0977096622802955	15915.445146951035	0.0	2946.0982442645454	3119.865878981854	600.2736258724873	10.10533173838785	6065.9641232464	3.5342639213603996e-08
488.8923788691719	1	1	1	1	0	0	488.8923788691719	36.0	0	0.07414468112954109	0.8397508896919008	1.1182706018384798	17792.761177609573	0.0	3121.8813107175188	3342.21870964922	641.4047396381325	10.078035943441348	6464.10002036674	4.151067302771399e-08
504.8454155135833	1	1	1	1	0	0	504.8454155135833	37.0	0	0.07823027307299181	0.8416969226447265	1.1075004714016856	19783.43797610428	0.0	3293.906234652285	3564.9378442782167	683.7321319828723	10.031478349627012	6858.844078930501	4.3752833975870217e-08
520.9241483123367	1	1	1	1	0	0	520.9241483123367	38.0	0	0.08216692147306866	0.8361375251879146	1.1008190462043974	21899.81257634743	0.0	3459.659851497628	3785.200001194989	727.2409126335931	9.962118091591481	7244.859852692616	4.836889864410953e-08
537.1280057402779	1	1	1	1	0	0	537.1280057402779	39.0	0	0.08620424149458962	0.8351085326548457	1.1038401854263529	24115.47307985152	0.0	3629.652273456405	4011.856563806692	771.9145294478408	9.899423505772274	7641.508837263097	5.124601727523263e-08
553.4563791951257	1	1	1	1	0	0	553.4563791951257	40.0	0	0.09031886599718654	0.8348522152088093	1.0947662650673116	26441.706560004248	0.0	3802.8996209341694	4242.853027110378	817.7347380883225	9.83907405823762	8045.752648044549	5.720604422761255e-08
569.9086231778117	1	1	1	1	0	0	569.9086231778117	41.0	0	0.09445858556062577	0.8298885086156801	1.0843823037919955	28897.070055034037	0.0	3977.203602552663	4475.258335935037	864.6815731312969	9.775230791467603	8452.4619384877	6.670992440485947e-08
586.4840554837581	1	1	1	1	0	0	586.4840554837581	42.0	0	0.09856878146099332	0.8274998020561659	1.0963446762353253	31455.834728249924	0.0	4150.264482568139	4706.00617595567	912.733320677539	9.703021088295136	8856.270658523808	6.484594609504643e-08
603.1819574050269	1	1	1	1	0	0	603.1819574050269	43.0	0	0.10265641675396167	0.8297692049844363	1.0875541699739724	34140.84550303839	0.0	4322.375442272071	4935.487455560914	961.866492533564	9.62489385969533	9257.862897832983	7.139786510097222e-08
620.0015739432909	1	1	1	1	0	0	620.0015739432909	44.0	0	0.10684458595421084	0.8298451333371714	1.0900448800573843	36933.84522854422	0.0	4498.719408598352	5170.612743995954	1012.055802029642	9.554149221023982	9669.332152594308	7.269153170964682e-08
636.9421140335545	1	1	1	1	0	0	636.9421140335545	45.0	0	0.11107663877541672	0.8134888354408288	1.0922798482191267	39815.000022328764	0.0	4676.911106333336	5408.201674309265	1063.2741415398557	9.484960074395424	10085.1127806426	8.006700892967098e-08
654.0027507785644	1	1	1	1	0	0	654.0027507785644	46.0	0	0.11529343199891985	0.8190715649176153	1.0900557541911509	42819.62827605804	0.0	4854.460294691362	5644.933925453302	1115.4925617680408	9.412339068853369	10499.394220144664	8.869336999085436e-08
671.1826216938364	1	1	1	1	0	0	671.1826216938364	47.0	0	0.1194390281092453	0.8125507262087879	1.083527462795857	45941.819008227314	0.0	5029.01170986296	5877.669145682098	1168.6802528618905	9.332476379947837	10906.68085554506	8.760851695426116e-08
688.4808289632283	1	1	1	1	0	0	688.4808289632283	48.0	0	0.12369981885256802	0.8191351774479749	1.0792401850666338	49196.45865177616	0.0	5208.413425371286	6116.871433026532	1222.8045274158235	9.261729576951897	11325.284858397818	9.684722084162805e-08
705.8964397049822	1	1	1	1	0	0	705.8964397049822	49.0	0	0.12801433218175426	0.8112757863929528	1.0712005634360842	52533.46688566793	0.0	5390.077144494915	6359.089725191372	1277.8308054213985	9.194618583179086	11749.166869686289	1.0791638243513804e-07
723.4284862481575	1	1	1	1	0	0	723.4284862481575	50.0	0	0.13231853776523622	0.8092019925933178	1.0787883729781138	55999.221316309726	0.0	5571.306853273103	6600.7293368956225	1333.7226012220992	9.126362692673428	12172.036190168728	1.1230608307825561e-07
741.0759664193733	1	1	1	1	0	0	741.0759664193733	51.0	0	0.1365745912898252	0.8055353219222924	1.0777042758696336	59585.10625343826	0.0	5750.509106940009	6839.6656751181645	1390.4415125272503	9.05480357758768	12590.174782058171	1.1456825440365946e-07
758.8378438397727	1	1	1	1	0	0	758.8378438397727	52.0	0	0.14095654296860716	0.8039294698499135	1.0781996012546262	63277.69284047363	0.0	5935.0123355203	7085.669979891884	1447.947211537597	8.992511751575064	13020.682315412185	1.197330150850847e-07
776.7130482321257	1	1	1	1	0	0	776.7130482321257	53.0	0	0.1453978700331549	0.8014556654817414	1.0766212830374962	67076.54141880655	0.0	6122.015580343363	7335.007639655971	1506.1974382327726	8.934435073657086	13457.023219999332	1.3148107836106492e-07
794.7004757379742	1	1	1	1	0	0	794.7004757379742	54.0	0	0.14982944756463493	0.7986271865663499	1.0681243687007291	70994.34621831072	0.0	6308.608318510944	7583.797957212743	1565.1479958684058	8.87609753991068	13892.406275723686	1.392806430244287e-07
812.7989892447298	1	1	1	1	0	0	812.7989892447298	55.0	0	0.15422163981237608	0.8012978642322446	1.0763515419178926	75047.64841576686	0.0	6493.54272894215	7830.377171121019	1624.752748728058	8.81606134304231	14323.919900063169	1.4470602342089515e-07
831.0074187226242	1	1	1	1	0	0	831.0074187226242	56.0	0	0.15874481757933806	0.7909741494760978	1.0708830632117672	79183.94176680874	0.0	6683.99231913002	8084.309958038182	1684.963622172485	8.764760308668798	14768.302277168203	1.5126648341681968e-07
849.3245615714155	1	1	1	1	0	0	849.3245615714155	57.0	0	0.1633272150601379	0.7928841050322805	1.0643245629595832	83451.7319108563	0.0	6876.935370953172	8341.567360469051	1745.73060502592	8.717555095619272	15218.502731422219	1.6078529674134153e-07
867.7491829767432	1	1	1	1	0	0	867.7491829767432	58.0	0	0.16789444514717078	0.7846568240034344	1.05807544452078	87804.38064186099	0.0	7069.239795670345	8597.973260091949	1807.0017543361585	8.670281043262179	15667.213055762295	1.5867754887723374e-07
886.2800162760308	1	1	1	1	0	0	886.2800162760308	59.0	0	0.1724135552625669	0.7907198098163091	1.0595088449524686	92302.46936737113	0.0	7259.5181163186035	8851.677687622958	1868.7232025422156	8.621499311414263	16111.195803941562	1.69138825241352e-07
