11.247441493196291	1	1	1	1	0	0	11.247441493196291	1.0	0	0.0			100.0	0.0	0.0	0.0	0.0		0.0	0.0
11.367595075476835	1	1	1	1	0	0	11.367595075476835	1.0	0	0.0			100.0	0.0	0.0	0.0	0.0		0.0	0.0
22.856168219862568	1	1	1	1	0	0	22.856168219862568	2.0	0	0.0			98.68366698886999	0.0	0.0	0.0	0.9714436926366636	0.0	0.0	0.0
34.4665080713728	1	1	1	1	0	0	34.4665080713728	3.0	0	0.00011257771665567784			93.56925873044621	0.0	4.740114385502225	3.1600762570014824	2.932515313022233	2.6939980867011464	7.900190642503707	0.0
46.1993671861199	1	1	1	1	0	0	46.1993671861199	4.0	0	0.00033581469321961526	0.4410828064703965	0.8701898527420588	86.44318108866251	0.0	14.139566030299589	9.426377353533061	5.901167065820748	3.993437759172312	23.56594338383265	8.276850690101802e-12
58.05546181511435	1	1	1	1	0	0	58.05546181511435	5.0	0	0.0006675093645202824	0.533595921717168	0.979288975741604	79.9734731544038	0.0	28.105657453485573	18.737104968990387	9.895080542697137	4.73394453136082	46.842762422475964	2.8674361559009824e-11
70.03547169202406	1	1	1	1	0	0	70.03547169202406	6.0	0	0.0009854705529487758	0.6867842308627503	1.1182572863616325	82.71002261584877	0.0	41.493496966264246	27.662331310842827	13.554194338741704	5.1021718110858325	69.15582827710708	6.859958989879928e-11
82.14003983175478	1	1	1	1	0	0	82.14003983175478	7.0	0	0.0011605047601145409	0.6461940498090439	1.151016143393329	96.9661898650254	0.0	48.86335832061225	32.57557221374149	15.52725933067165	5.244900519789992	81.43893053435373	9.891029876993085e-11
94.36977233991071	1	1	1	1	0	0	94.36977233991071	8.0	0	0.0013910621886901364	0.7453716321291551	1.1729829041548228	115.72619655024435	0.0	58.571039523795214	39.04735968253013	18.107797343919	5.390959339353762	97.61839920632534	1.283379327322495e-10
106.72523823319248	1	1	1	1	0	0	106.72523823319248	9.0	0	0.001659087055866755	0.7171261782624138	1.2043307301749322	137.89826440111864	0.0	69.85629708912653	47.16867581051554	20.873291501476572	5.6064455810126415	117.02497289964208	1.5888654581092692e-10
119.20696927078512	1	1	1	1	0	0	119.20696927078512	10.0	0	0.0019991899732848747	0.7837325025643828	1.2008695376432257	166.35720286403998	0.0	84.17641992778418	57.97308217547443	24.207700760781325	5.872077794912009	142.14950210325858	2.1123991595886582e-10
131.81545979678634	1	1	1	1	0	0	131.81545979678634	11.0	0	0.002402267704715539	0.7611572728890188	1.1449753467863677	200.38230015449696	0.0	101.14811388275952	71.19882064642351	28.035365625313908	6.147483033842307	172.34693452918305	3.3041400276185e-10
144.55116659372186	1	1	1	1	0	0	144.55116659372186	12.0	0	0.002899143944717006	0.7868267956495004	1.1406467427078153	242.6275499212339	0.0	122.06921872492659	87.89226058405883	32.666070612248504	6.427509503706824	209.96147930898545	4.201537724177602e-10
157.41450874719058	1	1	1	1	0	0	157.41450874719058	13.0	0	0.0035642712106176452	0.91056753787403	1.1378257900186488	299.53096424390765	0.0	150.074577289164	110.64785694750408	38.80853000723947	6.718173406414312	260.722434236668	5.742492850038473e-10
170.4058675216809	1	1	1	1	0	0	170.4058675216809	14.0	0	0.004341235866555951	0.8479470562395433	1.184357554656715	366.37836775469117	0.0	182.78887859182956	137.61770739651752	45.97178176634406	6.9696360175214425	320.40658598834705	6.368754238557319e-10
183.52558624759342	1	1	1	1	0	0	183.52558624759342	15.0	0	0.00530387279013062	0.8688750079499635	1.1460738877097831	450.1154984880297	0.0	223.32095958444717	172.28343846297471	54.51110044060778	7.25731813978788	395.60439804742185	1.0062935758326577e-09
196.77397021950497	1	1	1	1	0	0	196.77397021950497	16.0	0	0.0064321243179004395	0.8150858842956171	1.103099551831258	549.159458928279	0.0	270.82628706949225	214.06599021532762	64.26718164345914	7.544943856024379	484.8922772848198	1.4523975498102554e-09
210.1512866057031	1	1	1	1	0	0	210.1512866057031	17.0	0	0.007825463190671077	0.8380385123438399	1.1372343262576756	672.4493747720637	0.0	329.4931869756243	266.8245263318393	76.1316614646001	7.832716399927003	596.3177133074638	1.8265147037691268e-09
223.65776436901845	1	1	1	1	0	0	223.65776436901845	18.0	0	0.009501690628960795	0.8277641805470796	1.1346446063653863	821.8383314431132	0.0	400.07118437729673	331.4633017418232	90.30384532399346	8.100812135900856	731.5344861191201	2.0799314140789477e-09
237.29359419897813	1	1	1	1	0	0	237.29359419897813	19.0	0	0.011525222344361862	0.8171206658289267	1.0980434269316983	1003.3907934697618	0.0	485.2725197626048	410.70808598403175	107.4101877231253	8.341672468315895	895.9806057466367	2.645525465766391e-09
251.0589284553002	1	1	1	1	0	0	251.0589284553002	20.0	0	0.014095152237910897	0.8860305648789245	1.1162502397943608	1237.6623234905796	0.0	593.4800942278274	514.0027778543094	128.5959131845614	8.612115615934643	1107.482872082137	3.3822582307681047e-09
264.95388112274634	1	1	1	1	0	0	264.95388112274634	21.0	0	0.016856914450914404	0.8524450036224918	1.1214547234371244	1529.9029460946688	0.0	709.7648189858701	627.4058684659308	151.01935395317003	8.854300143983185	1337.1706874518006	4.8669263913034296e-09
278.9785277773454	1	1	1	1	0	0	278.9785277773454	22.0	0	0.01979175543222097	0.8494288486358131	1.115000970509341	1893.377493589038	0.0	833.3370708303568	750.1201640742171	174.6871899459066	9.064529776882353	1583.457234904574	5.908784621284925e-09
293.1329055639992	1	1	1	1	0	0	293.1329055639992	23.0	0	0.022879648068297263	0.8534757428591319	1.117027761559196	2335.222599314072	0.0	963.3536028756745	881.2917435860683	199.60506153913437	9.241475803458439	1844.6453464617427	7.521862696569864e-09
307.41701318547484	1	1	1	1	0	0	307.41701318547484	24.0	0	0.026099258972109254	0.8412179533443662	1.1125855086065477	2862.089862933855	0.0	1098.9161672467058	1020.0084672369317	225.7775259504344	9.385011309534903	2118.9246344836374	8.554824560530859e-09
321.83081090278995	1	1	1	1	0	0	321.83081090278995	25.0	0	0.029514172422546926	0.8560547740939765	1.1085869014358738	3479.989252849304	0.0	1242.7019967388178	1170.1409559223869	253.2080139256263	9.529093946331095	2412.8429526612053	9.984446067420602e-09
336.3742205469876	1	1	1	1	0	0	336.3742205469876	26.0	0	0.03309744423209557	0.8655063063532493	1.1243336914300204	4198.305969686041	0.0	1393.5765992461293	1330.49331220192	281.89878679820674	9.663290652605882	2724.069911448049	1.1479758759129929e-08
351.0471255422998	1	1	1	1	0	0	351.0471255422998	27.0	0	0.036820466424906766	0.8590357950351358	1.116191855776135	5013.726107785895	0.0	1550.3354284171273	1499.7923335347323	311.85089398939664	9.780724765392426	3050.1277619518596	1.4238653309460848e-08
365.84937094069124	1	1	1	1	0	0	365.84937094069124	28.0	0	0.04065293058402465	0.8702669097692652	1.1081020852477372	5942.334472764084	0.0	1711.7023403799853	1676.685763480493	343.06413101785955	9.876835837682147	3388.3881038604786	1.6818830254927855e-08
380.78076346777357	1	1	1	1	0	0	380.78076346777357	29.0	0	0.044562792271480016	0.8813373469584248	1.1191632247504442	6986.7265942371	0.0	1876.328095641264	1859.7405922763485	375.53699808892486	9.948603484956584	3736.0686879176124	1.9372221192404868e-08
395.84107158007737	1	1	1	1	0	0	395.84107158007737	30.0	0	0.048610278536988134	0.8848584398811863	1.107564622670061	8145.792585999203	0.0	2046.748569978448	2052.7209578216957	409.26665933380247	10.016622254236864	4099.469527800144	2.238443541281528e-08
411.03002553366304	1	1	1	1	0	0	411.03002553366304	31.0	0	0.052756220911594265	0.8663853166687209	1.1215085033656087	9410.440721552524	0.0	2221.314564698706	2253.828166837301	444.2489027698162	10.073503172735498	4475.142731536007	2.492909937461161e-08
426.3473174640513	1	1	1	1	0	0	426.3473174640513	32.0	0	0.0569593237353777	0.8666615105115331	1.1101998601111671	10798.812090766318	0.0	2398.287315173797	2461.161634015838	480.4781010531072	10.11377821078368	4859.448949189635	2.8482086531167417e-08
441.79260147745117	1	1	1	1	0	0	441.79260147745117	33.0	0	0.06117612723711565	0.8599628179189797	1.097643227150701	12300.586303272199	0.0	2575.836936299607	2672.7170566341197	517.9471730955609	10.133377042228537	5248.5539929337265	2.949946550926836e-08
457.365493753255	1	1	1	1	0	0	457.365493753255	34.0	0	0.06536097230579213	0.8590232979809339	1.1038747540321407	13928.924154139762	0.0	2752.040939191247	2886.3846696504247	556.6475466178872	10.129256192899724	5638.425608841671	3.31374125346197e-08
473.0655726577729	1	1	1	1	0	0	473.0655726577729	35.0	0	0.06956803377311467	0.863180367167525	1.0977147400260252	15686.60287348505	0.0	2929.1803693943016	3105.677647607647	596.5691217108398	10.115940965390893	6034.8580170019495	3.6433726274986506e-08
488.8923788691719	1	1	1	1	0	0	488.8923788691719	36.0	0	0.07374288160137281	0.8570658877890084	1.1068449282704569	17559.76037645706	0.0	3104.963435847276	3328.0304782750122	637.700235476485	10.087802318773806	6432.993914122288	4.4007211982361194e-08
504.8454155135833	1	1	1	1	0	0	504.8454155135833	37.0	0	0.07782847354482353	0.8564157852628327	1.0963517832451644	19552.768812159906	0.0	3276.988359782042	3550.7496129040087	680.0276278212248	10.040383204079207	6827.737972686053	4.684867566764512e-08
520.9241483123367	1	1	1	1	0	0	520.9241483123367	38.0	0	0.08176512194490038	0.8576033563071194	1.092258715773634	21672.744859963364	0.0	3442.7419766273842	3771.0117698207814	723.5364084719456	9.970132341623373	7213.753746448167	4.909387319681131e-08
537.1280057402779	1	1	1	1	0	0	537.1280057402779	39.0	0	0.08580244196642134	0.8545456871294133	1.082053578073901	23903.43715171791	0.0	3612.7343985861617	3997.668332432485	768.2100252861933	9.906669374932234	7610.4027310186475	5.634134755159885e-08
553.4563791951257	1	1	1	1	0	0	553.4563791951257	40.0	0	0.08991706646901826	0.8561297062096855	1.0952324455324731	26246.09536462981	0.0	3785.9817460639256	4228.664795736171	814.030233926675	9.845637431842649	8014.646541800096	5.706404467320581e-08
569.9086231778117	1	1	1	1	0	0	569.9086231778117	41.0	0	0.09405678603245747	0.8531871318536453	1.0969804443502675	28709.082144141004	0.0	3960.28572768242	4461.070104560829	860.9770689696494	9.781161584618363	8421.355832243251	6.493961741564718e-08
586.4840554837581	1	1	1	1	0	0	586.4840554837581	42.0	0	0.09816698193282504	0.8508640850667575	1.0931659084873646	31293.828607257983	0.0	4133.346607697896	4691.817944581464	909.0288165158915	9.708344105200409	8825.164552279359	6.740991758751197e-08
603.1819574050269	1	1	1	1	0	0	603.1819574050269	43.0	0	0.1022546172257934	0.8414204780701738	1.0905273434722096	33989.447202976975	0.0	4305.457567401828	4921.299224186707	958.1619883719167	9.62964185968846	9226.756791588534	7.111294609799181e-08
620.0015739432909	1	1	1	1	0	0	620.0015739432909	44.0	0	0.10644278642604256	0.8458488389198664	1.0816275259368862	36807.729454722095	0.0	4481.8015337281095	5156.4245126217465	1008.3512978679947	9.558400992519589	9638.226046349855	7.63798499113733e-08
636.9421140335545	1	1	1	1	0	0	636.9421140335545	45.0	0	0.11067483924724844	0.8293795622499656	1.0880672077886229	39705.433907519735	0.0	4659.993231463092	5394.013442935058	1059.5696373782084	9.488764418802823	10054.006674398152	8.412208871347153e-08
654.0027507785644	1	1	1	1	0	0	654.0027507785644	46.0	0	0.11489163247075156	0.8354120200245491	1.0755398307307051	42745.958352092166	0.0	4837.5424198211185	5630.745694079094	1111.7880576063933	9.415722756041967	10468.288113900213	9.029241345815204e-08
671.1826216938364	1	1	1	1	0	0	671.1826216938364	47.0	0	0.119037228581077	0.8303441948937192	1.0841891447068142	45909.509715501445	0.0	5012.093834992716	5863.480914307891	1164.975748700243	9.335451627584886	10875.574749300607	9.24958455071089e-08
688.4808289632283	1	1	1	1	0	0	688.4808289632283	48.0	0	0.12329801932439975	0.8255086756341093	1.0821743146429113	49172.98354005833	0.0	5191.495550501042	6102.683201652324	1219.100023254176	9.26435775302958	11294.178752153366	9.940246860700848e-08
705.8964397049822	1	1	1	1	0	0	705.8964397049822	49.0	0	0.12761253265358596	0.8233284126478891	1.0781118592957823	52548.11417234165	0.0	5373.159269624673	6344.901493817166	1274.1263012597508	9.19693813074574	11718.060763441836	1.0607998785457248e-07
723.4284862481575	1	1	1	1	0	0	723.4284862481575	50.0	0	0.13191673823706795	0.8237374505651252	1.0723131405110442	56047.34557558416	0.0	5554.3889784028615	6586.5411055214145	1330.0180970604515	9.128394651740175	12140.930083924275	1.1006857817104706e-07
741.0759664193733	1	1	1	1	0	0	741.0759664193733	51.0	0	0.13617279176165692	0.8178062164110537	1.0695126738053171	59666.7013404985	0.0	5733.591232069764	6825.477443743957	1386.7370083656028	9.056561265798873	12559.068675813724	1.1797665997929725e-07
758.8378438397727	1	1	1	1	0	0	758.8378438397727	52.0	0	0.14055474344043886	0.8055094435738185	1.0757747221083784	63363.73803620482	0.0	5918.094460650057	7071.481748517679	1444.2427073759493	8.994039674099204	12989.576209167737	1.2402883644406956e-07
776.7130482321257	1	1	1	1	0	0	776.7130482321257	53.0	0	0.1449960705049866	0.7959689211887543	1.0688407875817605	67164.80720259325	0.0	6105.09770547312	7320.819408281763	1502.4929340711249	8.935760567855906	13425.917113754882	1.3894032102347935e-07
794.7004757379742	1	1	1	1	0	0	794.7004757379742	54.0	0	0.14942764803646666	0.8050422554213773	1.0679366624284359	71106.29130967014	0.0	6291.6904436407	7569.609725838536	1561.4434917067583	8.877234586522206	13861.300169479237	1.3801248862909018e-07
812.7989892447298	1	1	1	1	0	0	812.7989892447298	55.0	0	0.1538198402842078	0.8022652597826626	1.0642073077566183	75158.98808219121	0.0	6476.624854071907	7816.188939746813	1621.0482445664106	8.817019383430928	14292.813793818721	1.4223299120913066e-07
831.0074187226242	1	1	1	1	0	0	831.0074187226242	56.0	0	0.15834301805116974	0.8027952727293951	1.0620053380137908	79339.28342004356	0.0	6667.074444259779	8070.121726663976	1681.2591180108375	8.765571001547876	14737.196170923755	1.4788140680676867e-07
849.3245615714155	1	1	1	1	0	0	849.3245615714155	57.0	0	0.1629254155319696	0.7925854886909376	1.0684298353817183	83600.23971856385	0.0	6860.017496082928	8327.379129094843	1742.0261008642724	8.718237124944821	15187.396625177771	1.6684492734561044e-07
867.7491829767432	1	1	1	1	0	0	867.7491829767432	58.0	0	0.1674926456190025	0.7933890886049036	1.0598111378452402	87994.40899576421	0.0	7052.321920800104	8583.785028717743	1803.2972501745107	8.670842784241305	15636.106949517844	1.6922629482486926e-07
886.2800162760308	1	1	1	1	0	0	886.2800162760308	59.0	0	0.1720117557343986	0.7893317947462758	1.0632314574274726	92475.41469833227	0.0	7242.600241448362	8837.489456248752	1865.018698380568	8.621945566368728	16080.089697697113	1.6909264504702266e-07
