11.247441493196291	1	1	1	1	0	0	11.247441493196291	1.0	0	0.0			100.0	0.0	0.0	0.0	0.0		0.0	0.0
11.367595075476835	1	1	1	1	0	0	11.367595075476835	1.0	0	0.0			100.0	0.0	0.0	0.0	0.0		0.0	0.0
22.856168219862568	1	1	1	1	0	0	22.856168219862568	2.0	0	0.0			98.68366698886999	0.0	0.0	0.0	0.9714436926366636	0.0	0.0	0.0
34.4665080713728	1	1	1	1	0	0	34.4665080713728	3.0	0	0.00011257771665567784			93.56925873044621	0.0	4.740114385502225	3.1600762570014824	2.932515313022233	2.6939980867011464	7.900190642503707	0.0
46.1993671861199	1	1	1	1	0	0	46.1993671861199	4.0	0	0.00033581469321961526	0.2171526076340534	1.1767778022541395	85.64159784036994	0.0	14.139566030299589	9.426377353533061	5.901167065820748	3.993437759172312	23.56594338383265	4.6882894398408085e-12
58.05546181511435	1	1	1	1	0	0	58.05546181511435	5.0	0	0.0006675093645202824	0.5101790601270467	1.0716460998053132	78.99261760605573	0.0	28.105657453485573	18.737104968990387	9.895080542697137	4.73394453136082	46.842762422475964	2.7840162304297734e-11
70.03547169202406	1	1	1	1	0	0	70.03547169202406	6.0	0	0.0009783618111955544	0.6823647716249536	1.1283786536652642	82.12935577780651	0.0	41.194181524023335	27.46278768268223	13.472386571100964	5.096125236933051	68.65696920670555	6.922946153777579e-11
82.14003983175478	1	1	1	1	0	0	82.14003983175478	7.0	0	0.0011481634115553905	0.627890122016779	1.0838756326865298	95.9593382315514	0.0	48.34372259180593	32.22914839453728	15.386467245208197	5.2366062788997905	80.5728709863432	9.615320591457277e-11
94.36977233991071	1	1	1	1	0	0	94.36977233991071	8.0	0	0.0013742663608808795	0.7281201508447942	1.1278974366465049	114.35689265909453	0.0	57.86384677393178	38.575897849287855	17.917148035874874	5.382538807522366	96.43974462321964	1.2594598332798516e-10
106.72523823319248	1	1	1	1	0	0	106.72523823319248	9.0	0	0.0016278223369042195	0.6787182478137106	1.0425281019625143	135.33203710596982	0.0	68.53988786965135	46.25879779479361	20.533351441524857	5.590840150540943	114.79868566444496	1.5115189064761556e-10
119.20696927078512	1	1	1	1	0	0	119.20696927078512	10.0	0	0.0019519401540224546	0.7527288337786026	1.1080282730549027	162.45338343880437	0.0	82.18695385357705	56.55538869984498	23.711040885382342	5.851381355381808	138.74234255342202	2.390474696555437e-10
131.81545979678634	1	1	1	1	0	0	131.81545979678634	11.0	0	0.0023847235556268822	0.8738402489455106	1.2000172652898635	198.98603259562978	0.0	100.40941286850031	70.75582607918571	27.82079364794374	6.152421139155281	171.16523894768602	3.776564943190923e-10
144.55116659372186	1	1	1	1	0	0	144.55116659372186	12.0	0	0.002887835457078829	0.8124099444598737	1.1163394477368047	241.76144873827462	0.0	121.59307187700331	87.65876414032701	32.50961272094428	6.436614235103455	209.25183601733036	4.2289620188051725e-10
157.41450874719058	1	1	1	1	0	0	157.41450874719058	13.0	0	0.0035077391169566433	0.8450809005291279	1.151771980484239	294.7958627618889	0.0	147.6942786087008	108.86715265722368	38.2344314959644	6.71021959076348	256.5614312659245	4.96945734887606e-10
170.4058675216809	1	1	1	1	0	0	170.4058675216809	14.0	0	0.00426460294947868	0.8333827892604917	1.1596296421978278	359.9138596084996	0.0	179.56222945173386	135.13926711876908	45.21236303799661	6.960518659598192	314.7014965705029	6.250713247947561e-10
183.52558624759342	1	1	1	1	0	0	183.52558624759342	15.0	0	0.005174417993099593	0.8227679075676972	1.1743680983731122	439.0561607036362	0.0	217.8702312884039	167.90281778879816	53.28311162643414	7.24006232559844	385.773049077202	7.796534415329267e-10
196.77397021950497	1	1	1	1	0	0	196.77397021950497	16.0	0	0.006290053478925237	0.8430105046946875	1.135846202645265	536.9926174282014	0.0	264.8443570073784	209.218159515312	62.93010090551099	7.5331599616293525	474.0625165226904	1.4861515427579404e-09
210.1512866057031	1	1	1	1	0	0	210.1512866057031	17.0	0	0.00767672225377932	0.8690001060290169	1.1543797175644943	659.6923280987345	0.0	323.23041068544507	261.7241335245659	74.73778388872361	7.826757949913851	584.9545442100109	1.675728506795467e-09
223.65776436901845	1	1	1	1	0	0	223.65776436901845	18.0	0	0.009351972624458148	0.8542865989175792	1.1559556555951471	808.9942064248926	0.0	393.76726839823783	326.32523119916715	88.90170682748754	8.09987260418671	720.092499597405	2.032013048342933e-09
237.29359419897813	1	1	1	1	0	0	237.29359419897813	19.0	0	0.011398630716958624	0.8691361836163022	1.1468925579344258	992.6215806796021	0.0	479.94234597720526	406.4756818806998	106.20355282169676	8.34640654014745	886.4180278579051	2.5108088230772654e-09
251.0589284553002	1	1	1	1	0	0	251.0589284553002	20.0	0	0.013864528093947307	0.8420223514781567	1.1183340304896792	1215.8902037144667	0.0	583.7696039556761	505.58893410565287	126.53166565313762	8.609374834656782	1089.358538061329	3.242421095263345e-09
264.95388112274634	1	1	1	1	0	0	264.95388112274634	21.0	0	0.016626290306950814	0.8475874688899601	1.1232571692799151	1499.4505087575735	0.0	700.0543287137185	618.9920247172743	148.95510642174625	8.855328193289939	1319.0463534309931	4.655349393112264e-09
278.9785277773454	1	1	1	1	0	0	278.9785277773454	22.0	0	0.019561131288257372	0.8707976627466769	1.0975230630432218	1865.0935020647546	0.0	823.6265805582052	741.7063203255605	172.6229424144828	9.067930826513571	1565.332900883766	5.840556771611707e-09
293.1329055639992	1	1	1	1	0	0	293.1329055639992	23.0	0	0.022649023924333676	0.8574881394214982	1.1123027601837772	2308.3106926856594	0.0	953.6431126035233	872.8778998374116	197.54081400771057	9.2462968810569	1826.5210124409348	7.188273662652309e-09
307.41701318547484	1	1	1	1	0	0	307.41701318547484	24.0	0	0.02586863482814566	0.8879690202233461	1.1307014462849323	2844.072383924449	0.0	1089.2056769745545	1011.594623488275	223.7132784190106	9.390592794979613	2100.8003004628295	8.008213284218009e-09
321.83081090278995	1	1	1	1	0	0	321.83081090278995	25.0	0	0.029283548278583336	0.864962769718978	1.1110228474264647	3462.791079478297	0.0	1232.9915064666666	1161.7271121737306	251.1437663942025	9.5352500801536	2394.718618640397	9.442519868780628e-09
336.3742205469876	1	1	1	1	0	0	336.3742205469876	26.0	0	0.03286682008813198	0.8736168954057487	1.1118877910537073	4178.817180416887	0.0	1383.866108973978	1322.0794684532636	279.83453926678294	9.669805537648454	2705.945577427241	1.1707721092145584e-08
351.0471255422998	1	1	1	1	0	0	351.0471255422998	27.0	0	0.03658984228094318	0.862916652635486	1.09512023429951	4991.768513492915	0.0	1540.6249381449759	1491.3784897860755	309.7866464579728	9.787392266898076	3032.003427931052	1.5241167834476234e-08
365.84937094069124	1	1	1	1	0	0	365.84937094069124	28.0	0	0.04042230644006106	0.8705833569640026	1.1046605095968696	5916.787218434212	0.0	1701.9918501078346	1668.2719197318368	340.99988348643575	9.883474842811005	3370.263769839671	1.6547651339443952e-08
380.78076346777357	1	1	1	1	0	0	380.78076346777357	29.0	0	0.044332168127516426	0.8675800977339013	1.102401228360368	6951.945528534449	0.0	1866.6176053691127	1851.326748527692	373.47275055750106	9.95506191106807	3717.944353896805	1.8288486981536294e-08
395.84107158007737	1	1	1	1	0	0	395.84107158007737	30.0	0	0.04837965439302455	0.8773124330202472	1.1109940320250022	8106.183478692159	0.0	2037.0380797062967	2044.3071140730397	407.2024118023787	10.022890521974787	4081.345193779336	2.132953050335316e-08
411.03002553366304	1	1	1	1	0	0	411.03002553366304	31.0	0	0.05252559676763067	0.8756268670410198	1.1132187103158169	9374.486487522172	0.0	2211.6040744265547	2245.4143230886452	442.1846552383924	10.079541080213	4457.0183975152	2.5404322257600812e-08
426.3473174640513	1	1	1	1	0	0	426.3473174640513	32.0	0	0.0567286995914141	0.8706846147062436	1.1181241436032143	10762.126501065042	0.0	2388.576824901646	2452.7477902671812	478.41385352168334	10.119532658870636	4841.324615168827	2.9794878557989383e-08
441.79260147745117	1	1	1	1	0	0	441.79260147745117	33.0	0	0.060945503093152074	0.8571430061798238	1.0968608978720495	12265.823679069134	0.0	2566.126446027455	2664.3032128854634	515.8829255641369	10.138791961748396	5230.429658912919	3.207150432929629e-08
457.365493753255	1	1	1	1	0	0	457.365493753255	34.0	0	0.06513034816182854	0.8539173179524163	1.100301611777154	13885.528876744018	0.0	2742.3304489190955	2877.970825901768	554.5832990864634	10.134277905733725	5620.301274820864	3.5122083578921144e-08
473.0655726577729	1	1	1	1	0	0	473.0655726577729	35.0	0	0.06933740962915108	0.8556463793972416	1.1083336785077351	15635.47149011181	0.0	2919.469879122151	3097.2638038589903	594.504874179416	10.120579232064204	6016.733682981141	3.9152183581624233e-08
488.8923788691719	1	1	1	1	0	0	488.8923788691719	36.0	0	0.07351225745740922	0.8706160631695974	1.1099639406366053	17518.973311752816	0.0	3095.252945575125	3319.6166345263555	635.6359879450613	10.092049068587233	6414.869580101479	4.3390681679761565e-08
504.8454155135833	1	1	1	1	0	0	504.8454155135833	37.0	0	0.07759784940085994	0.8672295768529312	1.0938217887972532	19530.089178820042	0.0	3267.2778695098914	3542.335769155353	677.9633802898011	10.044220435260707	6809.613638665244	4.6008804695136463e-08
520.9241483123367	1	1	1	1	0	0	520.9241483123367	38.0	0	0.0815344978009368	0.8516193011145267	1.1069395937676398	21641.76837555453	0.0	3433.031486355233	3762.597926072125	721.4721609405217	9.973537167459147	7195.629412427358	4.8385984503271014e-08
537.1280057402779	1	1	1	1	0	0	537.1280057402779	39.0	0	0.08557181782245776	0.8540593787164068	1.0963124707597267	23874.65324323333	0.0	3603.0239083140114	3989.2544886838286	766.1457777547693	9.90970467689245	7592.278396997841	5.604774957960304e-08
553.4563791951257	1	1	1	1	0	0	553.4563791951257	40.0	0	0.08968644232505467	0.8572353441115801	1.104304378957595	26205.193152795484	0.0	3776.271255791775	4220.250951987516	811.9659863952512	9.848346287607571	7996.5222077792905	5.8625808188302455e-08
569.9086231778117	1	1	1	1	0	0	569.9086231778117	41.0	0	0.0938261618884939	0.8370750381598986	1.0975211707694057	28639.529982384924	0.0	3950.575237410269	4452.656260812173	858.9128214382256	9.783567422071387	8403.231498222442	6.507826210414808e-08
586.4840554837581	1	1	1	1	0	0	586.4840554837581	42.0	0	0.09793635778886144	0.8407691946637109	1.0862319599375347	31200.43014959873	0.0	4123.636117425745	4683.404100832807	906.9645689844676	9.71045674708091	8807.040218258553	6.651670637319649e-08
603.1819574050269	1	1	1	1	0	0	603.1819574050269	43.0	0	0.10202399308182984	0.8372467927430863	1.0910966130176336	33865.939692937114	0.0	4295.747077129678	4912.8853804380515	956.0977408404925	9.631476013605619	9208.632457567728	6.909816640124166e-08
620.0015739432909	1	1	1	1	0	0	620.0015739432909	44.0	0	0.10621216228207896	0.8414417703276088	1.0851424199972222	36664.40856157263	0.0	4472.091043455957	5148.010668873089	1006.2870503365707	9.559997526661435	9620.101712329048	7.720940738539657e-08
636.9421140335545	1	1	1	1	0	0	636.9421140335545	45.0	0	0.11044421510328484	0.8301981336258517	1.0784575021017944	39553.13262962368	0.0	4650.282741190941	5385.599599186402	1057.5053898467843	9.49014769733834	10035.882340377342	7.996491808461748e-08
654.0027507785644	1	1	1	1	0	0	654.0027507785644	46.0	0	0.11466100832678798	0.8324143782947304	1.0834409262689235	42572.852592383904	0.0	4827.831929548968	5622.331850330438	1109.7238100749694	9.416905075843538	10450.163779879407	8.738949868037668e-08
671.1826216938364	1	1	1	1	0	0	671.1826216938364	47.0	0	0.11880660443711342	0.8212327679180346	1.0838238039544712	45701.91387101203	0.0	5002.383344720566	5855.067070559235	1162.9115011688189	9.336437385275833	10857.4504152798	8.961199153354058e-08
688.4808289632283	1	1	1	1	0	0	688.4808289632283	48.0	0	0.12306739518043615	0.8261863656037287	1.0830779398862949	48954.18588841197	0.0	5181.785060228891	6094.2693579036695	1217.035775722752	9.265179087637037	11276.054418132559	9.981277053958047e-08
705.8964397049822	1	1	1	1	0	0	705.8964397049822	49.0	0	0.1273819085096224	0.8160476776437413	1.0790978082867204	52313.67125072701	0.0	5363.44877935252	6336.4876500685095	1272.0620537283266	9.19761453077648	11699.936429421034	1.0655973378264683e-07
723.4284862481575	1	1	1	1	0	0	723.4284862481575	50.0	0	0.13168611409310435	0.8279894650438414	1.0796319839865414	55808.6576595957	0.0	5544.678488130709	6578.127261772761	1327.9538495290278	9.128936035091089	12122.80574990347	1.07812654069266e-07
741.0759664193733	1	1	1	1	0	0	741.0759664193733	51.0	0	0.13594216761769334	0.8149671763518225	1.0678381722562007	59408.002851232326	0.0	5723.880741797613	6817.063599995299	1384.6727608341791	9.056973384987927	12540.944341792914	1.1472271085328369e-07
758.8378438397727	1	1	1	1	0	0	758.8378438397727	52.0	0	0.14032411929647529	0.8067113249598173	1.0716337057100336	63111.631412821844	0.0	5908.383970377907	7063.067904769021	1442.1784598445254	8.99434587072207	12971.451875146926	1.2164457817810359e-07
776.7130482321257	1	1	1	1	0	0	776.7130482321257	53.0	0	0.14476544636102304	0.8008565742411126	1.0737288675713834	66907.62080740434	0.0	6095.387215200969	7312.4055645331055	1500.4286865397012	8.935974698441159	13407.792779734074	1.331800824053964e-07
794.7004757379742	1	1	1	1	0	0	794.7004757379742	54.0	0	0.14919702389250306	0.801201681258525	1.065959291330077	70815.48287226711	0.0	6281.97995336855	7561.195882089879	1559.3792441753344	8.877363147653849	13843.17583545843	1.3697275942756462e-07
812.7989892447298	1	1	1	1	0	0	812.7989892447298	55.0	0	0.1535892161402442	0.8034816856493581	1.0711451101937042	74848.46170985639	0.0	6466.914363799756	7807.775095998156	1618.9839970349865	8.817066435456207	14274.689459797912	1.3743250643745042e-07
831.0074187226242	1	1	1	1	0	0	831.0074187226242	56.0	0	0.15811239390720616	0.8034285232553503	1.0655273713953746	78996.1361177201	0.0	6657.363953987629	8061.707882915319	1679.1948704794133	8.765553120526517	14719.071836902947	1.5632640032041746e-07
849.3245615714155	1	1	1	1	0	0	849.3245615714155	57.0	0	0.16269479138800602	0.7872091296789433	1.0656885268852958	83228.54103287858	0.0	6850.30700581078	8318.965285346185	1739.9618533328485	8.718163712670279	15169.272291156964	1.599765896407356e-07
867.7491829767432	1	1	1	1	0	0	867.7491829767432	58.0	0	0.16726202147503896	0.7989350363314457	1.065445073738635	87617.23792372496	0.0	7042.611430527954	8575.371184969086	1801.2330026430868	8.670717554352812	15617.982615497041	1.6450673621558055e-07
886.2800162760308	1	1	1	1	0	0	886.2800162760308	59.0	0	0.17178113159043498	0.7884486228686851	1.0606163345205344	92099.79735803598	0.0	7232.889751176211	8829.075612500093	1862.954450849144	8.621770304880604	16061.965363676303	1.7372471501496485e-07
