0.0
0.0007285827694774977
0.001470803715289176
0.0022264888145988866
0.002995435107657292
0.0014038316404267192
0.0
5.350992618383011e-05
0.00017960403585692397
0.0002120093046229759
0.00020516380505502418
0.0002788357077355865
0.000552850421649687
0.0003494551938477013
0.0006661061080233815
0.0005015352962703918
0.00046070300527531146
0.0005765182442694794
0.0015840298553572972
0.0015870114459023662
0.002941920365120957
0.0013402970391771022
0.003776975731341196
0.002817499413284647
0.00679276200420954
0.007981565864975643
0.0064075430040148335
0.012167113523633326
0.01843753873336988
0.007275909756627088
0.025904129725726723
0.024508932307238555
0.02810180403184026
0.020151198085456148
0.02994118131971442
0.03084833532423389
0.031745544258554845
0.03263158548804057
0.03350521261068565
0.03436515648036152
0.03521012628223077
0.036038810659681585
0.0368498788920187
0.03764198212205849
0.03841375463266025
0.03916381517113882
0.03989076832038723
0.040593205915449744
0.04126970850418116
0.041918846850525715
0.04253918347886338
0.043129274257760024
0.043687670021381686
0.044212918226724816
0.044703564644739124
0.04515815508332026
0.04557523714007607
0.045953361982678874
0.04629108615454266
1.1659160278055256
