0.0
0.0007285827694774977
0.001470803715289176
0.0022264888145988866
0.002995435107657292
0.0014038316404267192
0.0
3.0047126277912286e-05
0.00014210040258996062
0.0001685513821670135
0.0001439288410472699
0.0003800610708054091
0.0003808267355227173
0.0003667261116589132
0.0003913111031984063
0.0003145388930360191
0.0005973725570655227
0.0003959214488974716
0.0013250080815812597
0.0018701970362881152
0.0026222369224329347
0.0038039400036979708
0.004503285680514574
0.005441636255088124
0.0076160497803843446
0.01042998419094871
0.013788399792115541
0.01759828494300816
0.02435465030329897
0.025297245933658247
0.026236682577010274
0.027171898712468223
0.02810180403184029
0.029025280141744787
0.029941181319714447
0.03084833532423392
0.03174554425855479
0.032631585488040626
0.03350521261068576
0.03436515648036141
0.03521012628223077
0.036038810659681474
0.03684987889201875
0.03764198212205861
0.03841375463266025
0.03916381517113882
0.03989076832038723
0.040593205915449744
0.04126970850418116
0.041918846850525826
0.04253918347886327
0.043129274257760024
0.043687670021381686
0.0442129182267247
0.044703564644739124
0.04515815508332026
0.045575237140075844
0.045953361982678874
0.04629108615454266
1.2226014759278068
