0.0
0.0007285827694774977
0.001470803715289176
0.0022264888145988866
0.002995435107657292
0.0014038316404267192
0.0
3.8385804351076304e-05
7.809308173288977e-05
0.00017970661302119952
6.48449010209653e-05
0.0003131825207770849
0.00039479980258183117
0.0002991714139532178
0.0005433800398125381
0.0004634490257275701
0.0006798191266139072
0.000446887814832353
0.0015704177015104844
0.0015573872236128194
0.0021363753736414444
0.00112572973760334
0.0033805659759245225
0.002345875241942569
0.005082469984240355
0.005885255873081548
0.005298185881732736
0.010939110750673891
0.013423534604584808
0.00581368361261356
0.019141935090201147
0.017673333504449277
0.028101804031840247
0.02902528014174473
0.029941181319714478
0.030848335324233974
0.03174554425855482
0.032631585488040515
0.03350521261068576
0.034365156480361356
0.03521012628223077
0.03603881065968153
0.03684987889201875
0.037641982122058555
0.03841375463266019
0.03916381517113882
0.03989076832038734
0.040593205915449744
0.04126970850418116
0.041918846850525826
0.04253918347886338
0.043129274257760024
0.043687670021381686
0.0442129182267247
0.044703564644739006
0.04515815508332026
0.04557523714007607
0.045953361982678645
0.04629108615454266
1.1461061707432818
