0.0
0.0007285827694774977
0.001470803715289176
0.0022264888145988866
0.002995435107657292
0.0014038316404267192
0.0
0.0
5.42328382151851e-05
0.00010560271353071828
7.818444481022802e-05
0.00032096378175855737
0.00041906302062076335
0.0002730760321901311
0.00041282500333638517
0.0003518817225032791
0.00047707280309385784
0.0004277085565368779
0.0013216850313797705
0.0016013976639574373
0.002069683913264285
0.0011227633616059764
0.003507502192170325
0.002201031163967283
0.005226064013709721
0.006079833718996618
0.005511374675606213
0.009939168293238211
0.013566321273052951
0.005293533934165055
0.018805161996373047
0.017838039702181063
0.022570075798405115
0.01379881021435665
0.026575298484871553
0.023089035326780333
0.02510723013403563
0.032631585488040626
0.0335052126106857
0.03436515648036141
0.02877110359974728
0.036038810659681585
0.03684987889201875
0.03764198212205849
0.03841375463266025
0.03916381517113882
0.03989076832038723
0.040593205915449744
0.04126970850418116
0.041918846850525715
0.04253918347886338
0.043129274257760024
0.043687670021381686
0.044212918226724816
0.044703564644739006
0.04515815508332037
0.04557523714007619
0.04595336198267876
0.04629108615454289
1.0992740440931867
