0.0
0.0007285827694774977
0.001470803715289176
0.0022264888145988866
0.002995435107657292
0.0014038316404267192
0.0
4.499160967409211e-05
9.941255040263999e-06
0.00010673592837185098
0.0001151070596016055
6.016166158516257e-05
0.00018673326752298715
0.0002067328256988983
0.00028675125647452583
0.0002529975044852382
0.0002536738728778865
0.0001840431589474072
0.0005064403870366104
0.0009681232890127464
0.0009842547101664217
0.00041988791771978566
0.001272245100982909
0.0009336302263052333
0.0019822232234668782
0.0024920861102907354
0.0027597847120135167
0.0048227103405660155
0.0058096359493927
0.007319744709136786
0.010158445852899739
0.013207776109553046
0.014971965191304124
0.015562977020898176
0.017868716017217297
0.021299387220289647
0.022125279657209975
0.02708868234426672
0.026124841274223144
0.027869116808556756
0.030749764311812783
0.03552170710610466
0.0368498788920187
0.037641982122058555
0.03841375463266025
0.03916381517113882
0.03989076832038717
0.04059320591544986
0.04126970850418116
0.041918846850525826
0.04253918347886315
0.043129274257760135
0.043687670021381686
0.044212918226724816
0.044703564644739124
0.04515815508332014
0.045575237140076524
0.045953361982678645
0.04629108615454289
1.0203448484366633
