0.0
0.0007285827694774977
0.001470803715289176
0.0022264888145988866
0.002995435107657292
0.0014038316404267192
0.0
4.557298790667908e-05
4.7235784923042705e-05
0.00012586215109472578
0.0001591504868054621
0.00026846763730574175
0.00046477710352263023
0.0003937707447956438
0.0005676951951310302
0.0004500586817874819
0.0005104923379576362
0.0004126215029138312
0.0014369663863236309
0.0018853280429427866
0.002701239954524427
0.0011137707324786845
0.0035067537112194675
0.002803559009940031
0.006252186933479606
0.007397375725470923
0.01010814723521579
0.0131769950041693
0.01873745719394328
0.02331963466638263
0.026236682577010256
0.02717189871246825
0.02810180403184026
0.029025280141744787
0.02994118131971442
0.030848335324234002
0.03174554425855479
0.032631585488040515
0.03350521261068576
0.03436515648036141
0.035210126282230705
0.03603881065968165
0.0368498788920187
0.03764198212205861
0.03841375463266025
0.03916381517113882
0.03989076832038723
0.040593205915449744
0.041269708504181046
0.041918846850525826
0.04253918347886338
0.043129274257760024
0.04368767002138157
0.044212918226724816
0.044703564644739235
0.04515815508332026
0.04557523714007607
0.045953361982678645
0.04629108615454311
1.1965242905427582
