0.0
0.0007285827694774977
0.001470803715289176
0.0022264888145988866
0.002995435107657292
0.0014038316404267192
0.0
3.9647568971030726e-05
9.338815627661035e-05
0.000280080516153987
0.00019144567809026115
0.00036783821639124704
0.0005058629853320049
0.00034170457934721025
0.0005958239735409645
0.00040084848636942817
0.0007008758538441616
0.0004554138594961739
0.0018076900276314909
0.0021087608803742096
0.003054728607285007
0.0014594485950379656
0.0038601176209591874
0.0032042073451410222
0.007122435325050859
0.008156528806068644
0.007772218377221328
0.012482580939490312
0.019378925314940582
0.007310146279653382
0.026222371283044357
0.025821626729409505
0.028101804031840233
0.0233327977178723
0.029941181319714478
0.03084833532423389
0.03174554425855482
0.032631585488040626
0.0335052126106857
0.034365156480361356
0.03521012628223077
0.036038810659681585
0.03684987889201864
0.03764198212205861
0.03841375463266025
0.03916381517113882
0.03989076832038723
0.040593205915449744
0.04126970850418127
0.041918846850525604
0.04253918347886338
0.043129274257760024
0.04368767002138157
0.044212918226725045
0.044703564644738895
0.04515815508332049
0.04557523714007607
0.045953361982678416
0.04629108615454289
1.175272823624293
