0.0
0.0007285827694774977
0.001470803715289176
0.0022264888145988866
0.002995435107657292
0.0014038316404267192
0.0
1.0381562245065368e-05
0.00010568450790963801
0.0001136484845221233
6.34923485650738e-05
8.79782614479101e-05
0.00038164177032721017
0.00024157031368097928
0.0004321220597671918
0.0002415243469777657
0.0004932280691316375
0.00038631328094259135
0.0012400053788706967
0.001454217772197133
0.001845034778752419
0.0009017297357638157
0.003002656070661086
0.0017277421650577836
0.0037974891829976373
0.004968594048256243
0.0047146666827203995
0.007202935835268278
0.011797371821619735
0.00431836354757899
0.016161788154833306
0.023228632665764366
0.022700278644983318
0.02528784937625771
0.029941181319714447
0.03084833532423389
0.03174554425855488
0.0326315854880406
0.0335052126106857
0.03436515648036147
0.035210126282230705
0.036038810659681585
0.0368498788920187
0.03764198212205861
0.03841375463266025
0.03916381517113882
0.03989076832038723
0.040593205915449744
0.041269708504181046
0.041918846850525826
0.04253918347886338
0.043129274257760024
0.0436876700213818
0.0442129182267247
0.044703564644738895
0.04515815508332049
0.04557523714007607
0.045953361982678645
0.04629108615454289
1.12701044673656
