0.0
0.0007285827694774977
0.001470803715289176
0.0022264888145988866
0.002995435107657292
0.0014038316404267192
0.0
4.134481734230811e-05
0.00019157083048999902
0.00016450315246130566
0.00017724413144939712
0.0002776536742778024
0.000540675454798219
0.0007226645574407975
0.000691310340303014
0.0010167981845849532
0.0014293520110583327
0.001891370553933426
0.0029403543114556855
0.0037188672599368006
0.004876995625436092
0.007207132818421766
0.009534239947772584
0.011498888601792075
0.015892129425725536
0.02151807965443534
0.022464080393392368
0.023409927771347174
0.02435465030329897
0.02529724593365822
0.026236682577010274
0.02717189871246828
0.02810180403184029
0.02902528014174476
0.029941181319714533
0.030848335324233863
0.03174554425855491
0.032631585488040515
0.03350521261068565
0.03436515648036141
0.03521012628223082
0.03603881065968153
0.03684987889201875
0.03764198212205861
0.03841375463266025
0.03916381517113894
0.03989076832038723
0.040593205915449515
0.04126970850418138
0.041918846850525486
0.04253918347886361
0.043129274257759906
0.04368767002138157
0.04421291822672493
0.044703564644739124
0.04515815508332003
0.04557523714007607
0.045953361982678645
0.04629108615454311
1.2804962510873357
