0.0
0.0007285827694774977
0.001470803715289176
0.0022264888145988866
0.002995435107657292
0.0014038316404267192
0.0
5.993472381244303e-05
0.00017130446190356886
0.00026460989080276143
0.0002523565844068756
0.0005097206779333714
0.0006322642189353173
0.0005462343171967561
0.00070857810746433
0.0006142164659012473
0.0008714224567899454
0.0006816403864383372
0.0016205825863244369
0.002873747376677132
0.003724563406264078
0.004557852997012479
0.00620692607184953
0.0071546337986995645
0.009225704291435209
0.013496481980939196
0.018061956384886415
0.023409927771347188
0.024354650303298957
0.025297245933658247
0.026236682577010246
0.02717189871246828
0.028101804031840233
0.029025280141744787
0.029941181319714478
0.03084833532423392
0.031745544258554845
0.032631585488040626
0.03350521261068565
0.03436515648036141
0.03521012628223082
0.03603881065968153
0.03684987889201875
0.03764198212205861
0.038413754632660134
0.03916381517113905
0.039890768320387
0.04059320591544986
0.041269708504181046
0.041918846850525826
0.04253918347886338
0.043129274257760024
0.04368767002138191
0.0442129182267247
0.044703564644738666
0.04515815508332049
0.04557523714007607
0.045953361982678416
0.04629108615454311
1.2459357265265008
