1	4	0.0	10.0	0.0	0.0	0.15	0.0		0.0	
2	4	0.0	10.0	0.0	0.0	0.15	0.0		0.0	
3	4	0.0	10.0	0.0	0.0	0.145527502416525	0.0		0.0	
4	4	0.0	10.0	0.0	0.0	0.1379143104006798	0.0		0.0	
5	4	0.0	10.0	0.0	0.0	0.12713098668736414	0.0		0.0	
6	4	0.0	10.0	0.0	0.0	0.11314922877436093	0.0		0.0	
7	4	0.00025008261494694075	10.0	0.0	0.0	0.10075555122184272	0.0	0.0	5.001652298938816e-05	
8	4	0.00025008261494694075	10.0	0.00012497195508201508	0.0	0.10075555122184272	0.0	0.0	5.001652298938816e-05	0.8907360776827102
9	4	0.0002715200845239985	10.0	0.000358159893308404	126.25984986512104	0.102454603566022	0.0	0.0	5.4304016904799704e-05	1.8395732146653088
10	4	0.00032996846918390986	10.0	0.00026963168580896067	277.4305283626453	0.10693722093591687	0.0	0.0	6.599369383678198e-05	1.819646866545364
11	4	0.00042891095862584213	10.0	0.00032565407898388387	441.78471888936747	0.11442955354491545	0.0	0.0	8.578219172516842e-05	1.4499696954208106
12	4	0.000513832476631936	10.0	0.00042742797169659284	386.70207946828515	0.12085652593489013	0.0	0.0	0.00010276649532638722	0.978074421145058
13	4	0.0006381336158002649	10.0	0.0003764010235845764	554.4530320452201	0.13034375055643055	0.0	0.0	0.000127626723160053	1.173752729564339
14	4	0.0008633699543413477	10.0	0.0008740458250299039	989.9430162067767	0.14782088962809434	0.0	0.0	0.00017267399086826955	1.2499715856904876
15	4	0.0010558395663982595	10.0	0.0009335254451655789	822.7172208211467	0.1620968876765396	0.0	0.0	0.000211167913279652	1.5016215619356748
16	4	0.0012961284494412007	10.0	0.0008114350495919857	1000.0126664733564	0.1795601114138042	0.0	0.0	0.00025922568988824015	1.1448550190072333
17	4	0.0014803584690302515	10.0	0.0008128585891688991	781.768869481275	0.19287925484916305	0.0	0.0	0.00029607169380605034	1.1692271956149676
18	4	0.0017900472806606812	10.0	0.0013551363794592904	1284.8021321216836	0.21541265511417693	0.0	0.0	0.00035800945613213625	1.1348679424900538
19	4	0.002027248123052445	10.0	0.00178451461615775	1023.6316381735486	0.2329765673132851	0.0	0.0	0.0004054496246104889	1.3599374748081168
20	4	0.002644670187409008	10.0	0.0018177629011376603	2628.8480092859786	0.2801009673124553	0.0	0.0	0.0005289340374818015	1.1941071854148708
21	4	0.003396559726396529	10.0	0.002666565465979642	3351.6557036177483	0.34028900557519803	0.0	0.0	0.0006793119452793057	1.2598087499806632
22	4	0.004295902289156929	10.0	0.002540817076022495	4027.444911486592	0.4125892820729747	0.0	0.0	0.0008591804578313858	1.2220743300541748
23	4	0.004738412147200982	10.0	0.003943613403419569	2113.3856112907733	0.4490542119121359	0.0	0.0	0.0009476824294401963	1.1418016907468829
24	4	0.006095242086741986	10.0	0.003856449408448069	6095.43828390834	0.5588944707045079	0.0	0.0	0.0012190484173483973	1.1359864638064614
25	4	0.007061874274040139	10.0	0.005151904133171857	4421.875148543072	0.6371082601597694	0.0	0.0	0.0014123748548080278	1.1688385175387506
26	4	0.009268475727829456	10.0	0.0064341042439615215	10023.367243614151	0.8183684029251755	0.0	0.0	0.0018536951455658914	1.1771943760722965
27	4	0.011675384183361306	10.0	0.00843060263512433	11327.829515721844	1.0225985483212523	0.0	0.0	0.002335076836672261	1.241754642228987
28	4	0.01370823017666989	10.0	0.008942756334935178	9560.591359834576	1.192876060280283	0.0	0.0	0.0027416460353339787	1.1370939966297178
29	4	0.01747411907437172	10.0	0.011996155819919484	17704.28907490865	1.512610561218943	0.0	0.0	0.0034948238148743444	1.1932378999137356
30	4	0.022566338352209458	10.0	0.015108967395612547	24509.33480247786	1.9561165610392253	0.0	0.0	0.004513267670441893	1.1648228194570542
31	4	0.024621221510207947	10.0	0.01927567807287722	10279.100423275246	2.1337939747485826	0.0	0.0	0.00492424430204159	1.1395751675865764
32	4	0.031449291008535364	10.0	0.020158340858606547	33660.500897216676	2.747468550873534	0.0	0.0	0.006289858201707072	1.1659756004230832
33	4	0.03762200523652907	10.0	0.0263874082714468	30464.59688139067	3.2883431531964966	0.0	0.0	0.007524401047305814	1.131605384213891
34	4	0.04487020263816912	10.0	0.030443617959815494	44701.416718714834	4.112535959068806	0.0	0.0	0.008974040527633825	1.1333153550450614
35	4	0.050019202310652135	10.0	0.0371325350158472	32485.25938955397	4.668451573309689	0.0	0.0	0.010003840462130428	1.1527198114235906
36	4	0.056913669316559785	10.0	0.04240709061514391	60646.17500454309	5.824828116260022	0.0	0.0	0.01138273386331196	1.1711414525542103
37	4	0.06409824324551155	10.0	0.047789021801313815	57687.28412886831	6.858221268150023	0.0	0.0	0.012819648649102313	1.125200744625264
38	4	0.07121373490085219	10.0	0.05440316777759035	69354.4266484673	8.143422116404938	0.07015059303619688	0.014199471640995448	0.014242746980170437	1.116101512921032
39	4	0.07788360669463118	10.0	0.06178669673406816	106397.44764483583	10.367177140154546	0.20920301141753514	0.036008336803732784	0.015576721338926234	1.1255882216534556
40	4	0.08491983946957306	10.0	0.06492804749455569	85186.41329443148	11.921107377104844	0.4157746167947757	0.06043301647865256	0.016983967893914608	1.1044353816959556
41	4	0.09174295371895687	10.0	0.07083757930216139	128936.97933678162	14.560842594019293	0.6883463305711178	0.08528773807646746	0.018348590743791374	1.1003107670208512
42	4	0.09891868254600764	10.0	0.07474319355203282	73374.27620742311	15.664910689071979	1.0252601851334668	0.10956308225414976	0.019783736509201528	1.1032101074929908
43	4	0.10628287650168322	10.0	0.0800126695542238	126702.8385140766	18.15001503101161	1.424717001744445	0.13344474429188313	0.021256575300336644	1.0628723180134103
44	4	0.11342000705612976	10.0	0.08675294463211444	164212.4363405807	21.620000529839434	1.884774200848633	0.15774862554694422	0.02268400141122595	1.1056793981161648
45	4	0.11989612659273174	10.0	0.0939302915279068	124099.26433596664	24.0032192375209	2.4033437504483035	0.1820311161879211	0.02397922531854635	1.110931969040911
46	4	0.12657220427579302	10.0	0.0954005722873573	164655.08255277257	27.354462594777885	2.9781902580941217	0.20342533059572485	0.025314440855158604	1.0682774278744789
47	4	0.13345217470112164	10.0	0.10312279391801432	157091.14267636515	30.41970202723065	3.606929211914912	0.2226373092408787	0.026690434940224328	1.074465854224494
48	4	0.14085575146623522	10.0	0.11027229991628194	211259.3799549213	34.85132063868224	4.287025375977758	0.24031367064774456	0.028171150293247044	1.0770862171089792
49	4	0.14832735128323093	10.0	0.11291931033334575	222434.94959040094	39.53922777176377	5.0157913451254235	0.25764104533165405	0.029665470256646186	1.0658129223418058
50	4	0.1553922919892734	10.0	0.11650441558804593	232541.88169517647	44.47968011786051	5.7903862642825255	0.2754018013024933	0.03107845839785468	1.0607699037170422
51	4	0.1629594260632785	10.0	0.12336779588683815	247704.22247635512	49.681105851462796	6.607814717055173	0.2898500429784617	0.032591885212655713	1.067003884066677
52	4	0.17030981552873695	10.0	0.1271326871269394	256602.7344060059	55.01945950586868	7.46492578827098	0.3024340284984819	0.0340619631057474	1.0624748071311596
53	4	0.17836182550575425	10.0	0.1322116959388501	272912.24828492576	60.699001479329475	8.358412304917856	0.313529744015218	0.03567236510115085	1.0615543334745048
54	4	0.1866142473476253	10.0	0.1410462250696977	289402.865260205	66.76283915904942	9.284810259740649	0.3243054542174809	0.03732284946952506	1.042649819639351
55	4	0.19454633118991	10.0	0.14712804331460622	303733.0260588958	73.1934583075561	10.2404984215452	0.3358078795629933	0.038909266237982014	1.0457753997031038
56	4	0.20310842814774052	10.0	0.15381968221198822	318063.8034278338	79.88331165622738	11.221698136039505	0.3452985560736534	0.04062168562954811	1.0530082262343878
57	4	0.2114966771717348	10.0	0.15618890637818816	331139.58848153084	86.81630545924124	12.224473320812006	0.35335692975631483	0.04229933543434696	1.061421573140314
58	4	0.21976047562681447	10.0	0.16440223204353815	348120.52984409354	94.12501719528493	13.244730657807848	0.3607758597713994	0.0439520951253629	1.0519392305064137
59	4	0.2281266774566357	10.0	0.16987876841609872	361765.24772083655	101.74700211697115	14.278219986415348	0.3681774376817487	0.04562533549132715	1.0449252565316307
60	4	0.2360235853101024	10.0	0.1748557117580927	374130.8171334714	109.69299238314474	15.320534900017474	0.3764974600273579	0.04720471706202048	1.041986708821223
