1	4	0.0	10.0	0.0	0.0	0.15	0.0		0.0	
2	4	0.0	10.0	0.0	0.0	0.15	0.0		0.0	
3	4	0.0	10.0	0.0	0.0	0.145527502416525	0.0		0.0	
4	4	0.0	10.0	0.0	0.0	0.1379143104006798	0.0		0.0	
5	4	0.0	10.0	0.0	0.0	0.12713098668736414	0.0		0.0	
6	4	0.0	10.0	0.0	0.0	0.11314922877436093	0.0		0.0	
7	4	0.00025008261494694075	10.0	0.0	0.0	0.10075555122184272	0.0	0.0	5.001652298938816e-05	
8	4	0.00025008261494694075	10.0	0.00019426078297467996	0.0	0.10075555122184272	0.0	0.0	5.001652298938816e-05	1.8103092663463285
9	4	0.00026174825751933557	10.0	0.0001723902217766192	84.36039731599854	0.10168012570521352	0.0	0.0	5.234965150386712e-05	1.1514981862605336
10	4	0.0002712517826658468	10.0	4.677455792738365e-05	64.82532438409447	0.10240898531604553	0.0	0.0	5.425035653316937e-05	1.8283669865323493
11	4	0.0003591200909805924	10.0	0.00031473794671817515	394.8738183618012	0.10906273534191764	0.0	0.0	7.182401819611848e-05	1.9984516821686544
12	4	0.0004109723983602767	10.0	0.0002604381738680917	249.47502108358032	0.1129869862939767	0.0	0.0	8.219447967205534e-05	0.963844087886522
13	4	0.0005084808546313544	10.0	0.00042435511668836016	441.13913549067206	0.12042927228856133	0.0	0.0	0.00010169617092627087	1.1947710129668796
14	4	0.0006216768273209902	10.0	0.00033839034729981536	516.2305328949501	0.1292126762892802	0.0	0.0	0.00012433536546419807	1.1655537644379308
15	4	0.0006827140631021691	10.0	0.00025441335433528506	288.96780707625754	0.1337399751682167	0.0	0.0	0.0001365428126204338	1.2311424745038404
16	4	0.0008453210304606991	10.0	0.0005395050222663063	684.9189185177518	0.14555759159832274	0.0	0.0	0.00016906420609213982	1.5789346535993498
17	4	0.0009902411840406226	10.0	0.0006818782573604021	616.4291413058	0.156034778304978	0.0	0.0	0.00019804823680812455	1.3568916633251755
18	4	0.0011749612178389554	10.0	0.0007886939207391722	780.3157615399574	0.16947527180111352	0.0	0.0	0.0002349922435677912	1.1292498595808689
19	4	0.001294504875020901	10.0	0.0009304214278019207	536.6471751531028	0.17832707130373152	0.0	0.0	0.00025890097500418015	1.101713074307477
20	4	0.001592414957357083	10.0	0.0008086234528213494	1290.9016340192434	0.20106489473805647	0.0	0.0	0.0003184829914714166	1.1258725028574543
21	4	0.002002393432017792	10.0	0.0014886588808479802	1844.012373095268	0.2338832794079743	0.0	0.0	0.0004004786864035584	1.1658067218137629
22	4	0.002590437619408145	10.0	0.0017031554599762915	2637.264702755996	0.2811575429663864	0.0	0.0	0.000518087523881629	1.1351167340192847
23	4	0.002841095043113472	10.0	0.0022005562207748886	1213.2883057706485	0.30181291414722394	0.0	0.0	0.0005682190086226945	1.22112064882921
24	4	0.0036860667224252923	10.0	0.002486363459181655	3803.514073792383	0.3702164076308896	0.0	0.0	0.0007372133444850582	1.2724790025124246
25	4	0.004254591978104632	10.0	0.0030102789929956557	2614.8736165133605	0.4162178911651713	0.0	0.0	0.0008509183956209264	1.131312222302986
26	4	0.005464372392209401	10.0	0.003510931698499562	5518.170291290576	0.5155946817491041	0.0	0.0	0.0010928744784418805	1.2341434526271122
27	4	0.006751823010776263	10.0	0.004400205411751224	6085.767912677205	0.6248369865055926	0.0	0.0	0.0013503646021552527	1.1085409014175611
28	4	0.007969333944005532	10.0	0.005468118223906124	5730.244255969044	0.7268194943667905	0.0	0.0	0.0015938667888011069	1.077451035790792
29	4	0.009970889102859764	10.0	0.0061243912696087215	9441.392882989345	0.8967571258800311	0.0	0.0	0.0019941778205719526	1.1345210008350692
30	4	0.012597571011793741	10.0	0.007677710918089305	12682.182534158723	1.1255275543848835	0.0	0.0	0.0025195142023587483	1.1542234913231475
31	4	0.0164082030391886	10.0	0.011633696371953531	18209.104106500017	1.4550174529176263	0.0	0.0	0.00328164060783772	1.1814208046736856
32	4	0.021222133759614792	10.0	0.014447053630994522	23275.76908584596	1.876084813900839	0.0	0.0	0.00424442675192296	1.1221233715950891
33	4	0.02730172083760779	10.0	0.018924626489170617	30885.230530283097	2.4395125736968515	0.0	0.0	0.005460344167521558	1.2278356015807417
34	4	0.03382959503304851	10.0	0.024633426758606462	40246.130099148104	3.1861557178092403	0.0	0.0	0.006765919006609703	1.129722277804437
35	4	0.04065536655398881	10.0	0.029046240736047974	48582.145720172804	4.089205829491856	0.0	0.0	0.008131073310797763	1.1855952862551278
36	4	0.047274178541954655	10.0	0.03266539101532173	56047.942196987424	5.145488631288126	0.0	0.0	0.009454835708390931	1.1597325110894472
37	4	0.05445875247090642	10.0	0.04072798479812323	68911.88736245075	6.481392711528852	0.0	0.0	0.010891750494181285	1.1543805998835144
38	4	0.06157424412624705	10.0	0.04638901263406699	80348.15380706606	8.060285376143316	0.07015059303619688	0.015640837547085732	0.01231484882524941	1.1247817747325537
39	4	0.06824411592002604	10.0	0.05313250393223934	91753.1701117419	9.8980918380164	0.20920301141753514	0.03906995815826299	0.013648823184005208	1.1370534883860774
40	4	0.0752803486949679	10.0	0.05962168067586266	104997.30523860504	11.979370255363795	0.4157746167947757	0.06471552442169365	0.015056069738993582	1.124063695443942
41	4	0.08210346294435174	10.0	0.06680489392593646	117721.88914568695	14.322435434787865	0.6883463305711178	0.0903863983817303	0.01642069258887035	1.121713470671241
42	4	0.08927919177140249	10.0	0.0727698628195757	130408.53251306455	16.934695766280402	1.0252601851334668	0.11516618425819895	0.0178558383542805	1.1174954280510685
43	4	0.09664338572707808	10.0	0.07604285972790477	140001.45406935268	19.75953528487777	1.424717001744445	0.13938867529508162	0.01932867714541562	1.1118988570773372
44	4	0.1037805162815246	10.0	0.0814955981152278	152649.33324820586	22.909699801163555	1.884774200848633	0.16399772566596876	0.02075610325630492	1.0933086110985095
45	4	0.1102566358181266	10.0	0.08612894706544046	164859.81265392128	26.357634254287014	2.4033437504483035	0.1885322451477898	0.022051327163625317	1.112272352922385
46	4	0.11693271350118788	10.0	0.09165452891532427	175462.55394316206	29.97306996592773	2.9781902580941217	0.2099543951754824	0.023386542700237583	1.0921897389807729
47	4	0.12381268392651648	10.0	0.09336145833844324	184370.42111126095	33.735078558392004	3.606929211914912	0.2290747149705194	0.024762536785303296	1.0728114932354504
48	4	0.1312162606916301	10.0	0.10016485813879347	195577.21328542312	37.722755487988366	4.287025375977758	0.2466073087811621	0.02624325213832602	1.0796982303089724
49	4	0.1386878605086258	10.0	0.10858217529166918	213303.14482211825	42.14368527071487	5.0157913451254235	0.26381041697746405	0.02773757210172516	1.0758776992379766
50	4	0.14575280121466824	10.0	0.1105278723252858	223315.0780792426	46.81705452303871	5.7903862642825255	0.2814972660532951	0.02915056024293365	1.0664650547498116
51	4	0.15331993528867335	10.0	0.11802768386669005	239198.23417781922	51.772834759983226	6.607814717055173	0.2957564467689319	0.030663987057734675	1.090472552108313
52	4	0.16067032475413182	10.0	0.12414960995440627	252279.2698961002	56.978197450363886	7.46492578827098	0.3081172498928802	0.032134064950826366	1.067476587484591
53	4	0.1687223347311491	10.0	0.1257589495374289	260373.0595566196	62.309000964764536	8.358412304917856	0.3189771268937072	0.03374446694622982	1.0539137809651034
54	4	0.17697475657302014	10.0	0.13269942049965708	274811.26264818106	67.9730427905425	9.284810259740649	0.32954592822901474	0.03539495131460404	1.0570810196822094
55	4	0.18490684041530486	10.0	0.14449694776898422	296417.92335786374	74.19960750444228	10.2404984215452	0.3408972812213305	0.03698136808306097	1.0713953107816812
56	4	0.19346893737313545	10.0	0.14775658717627058	309399.8600553164	80.65162542164687	11.221698136039505	0.35020459995634023	0.03869378747462709	1.0460540337353244
57	4	0.20185718639712966	10.0	0.15128539046121606	318578.78805294336	87.24602390465465	12.224473320812006	0.3580691300144129	0.04037143727942593	1.04930886040351
58	4	0.2101209848522093	10.0	0.1584738996918356	336049.47090205026	94.23211979226605	13.244730657807848	0.3653061362628952	0.042024196970441866	1.0619335363112017
59	4	0.2184871866820306	10.0	0.15786377327006176	341102.8999634023	101.30753083569662	14.278219986415348	0.3725510704992623	0.043697437336406124	1.045378838114654
60	4	0.22638409453549724	10.0	0.17244151664507526	368701.6324751735	109.11411329331469	15.320534900017474	0.3807574634601973	0.04527681890709945	1.0487863153111845
