1	4	0.0	10.0	0.0	0.0	0.15	0.0		0.0	
2	4	0.0	10.0	0.0	0.0	0.15	0.0		0.0	
3	4	0.0	10.0	0.0	0.0	0.145527502416525	0.0		0.0	
4	4	0.0	10.0	0.0	0.0	0.1379143104006798	0.0		0.0	
5	4	0.0	10.0	0.0	0.0	0.12713098668736414	0.0		0.0	
6	4	0.0	10.0	0.0	0.0	0.11314922877436093	0.0		0.0	
7	4	0.00025008261494694075	10.0	0.0	0.0	0.10075555122184272	0.0	0.0	5.001652298938816e-05	
8	4	0.00025008261494694075	10.0	0.0001627236167402685	0.0	0.10075555122184272	0.0	0.0	5.001652298938816e-05	1.4809902854596335
9	4	0.0002546810632032545	10.0	9.004512335237882e-05	47.18943873222325	0.1011200067496462	0.0	0.0	5.09362126406509e-05	1.2877750916323354
10	4	0.00028836344370576183	10.0	0.00013531603992738585	174.21794037826984	0.10370322996066343	0.0	0.0	5.767268874115235e-05	1.8088173023569831
11	4	0.0003208061843416888	10.0	0.00010771536829507462	168.25333117375962	0.10615992783599326	0.0	0.0	6.416123686833777e-05	1.87015918110882
12	4	0.00035530584032472684	10.0	0.00018583870313636886	177.43732338289848	0.1087709072635007	0.0	0.0	7.106116806494539e-05	1.6279410796699998
13	4	0.0004700278375718661	10.0	0.0004538056505000825	510.7799061120389	0.11752700848829675	0.0	0.0	9.400556751437324e-05	1.4881917860756488
14	4	0.0005935791144830285	10.0	0.00037878397529195136	558.7117946520298	0.12711392888952752	0.0	0.0	0.00011871582289660572	1.0372852891386484
15	4	0.0006762876722144242	10.0	0.0003482035942169379	375.21439442092924	0.13324864904687886	0.0	0.0	0.0001352575344428849	1.0233496758705187
16	4	0.0008461299471913419	10.0	0.0006229094988599041	713.199153901103	0.14559209835842227	0.0	0.0	0.00016922598943826838	1.0442418547611054
17	4	0.0010043972383009117	10.0	0.0007661637077344674	668.6448533969099	0.15703423333792338	0.0	0.0	0.0002008794476601824	1.5275538746169888
18	4	0.0011683120341418314	10.0	0.0006956347602549615	698.7584172487993	0.16896090800400473	0.0	0.0	0.0002336624068283663	1.3764808048221742
19	4	0.0013062491355225162	10.0	0.0009679048979774057	610.1548858787312	0.17917467922513913	0.0	0.0	0.00026124982710450323	1.3320515810543725
20	4	0.001675765650727663	10.0	0.0010879428919159026	1586.8658410347507	0.2073778243248753	0.0	0.0	0.0003351531301455326	1.1129853246330872
21	4	0.002006339188917561	10.0	0.00105397070983918	1502.2871298422533	0.2338399197970588	0.0	0.0	0.0004012678377835121	1.1456440190097241
22	4	0.0026312918598109195	10.0	0.0018738655683444292	2797.774064810219	0.2840813436711023	0.0	0.0	0.000526258371962184	1.1597286426593507
23	4	0.002916333437508127	10.0	0.002656629003662213	1367.57352078614	0.3075701336788895	0.0	0.0	0.0005832666875016254	1.1528373755125405
24	4	0.003734411761692232	10.0	0.002358999767899518	3687.693900656524	0.3737965134352278	0.0	0.0	0.0007468823523384464	1.1536594116072378
25	4	0.004247594215806892	10.0	0.0026540680257876696	2373.833359014924	0.4153200059752896	0.0	0.0	0.0008495188431613782	1.0720801063420629
26	4	0.005416318692425075	10.0	0.0033254302385909047	5335.410119426392	0.5113242776671465	0.0	0.0	0.0010832637384850148	1.1674589389776542
27	4	0.006786600124783743	10.0	0.004902066969160347	6464.546944737087	0.6275949133537528	0.0	0.0	0.0013573200249567489	1.2414708933406624
28	4	0.008020235135798809	10.0	0.005541381271525097	5804.252214928018	0.7309280241907967	0.0	0.0	0.001604047027159762	1.2046241812610314
29	4	0.0101039647037057	10.0	0.0066611590304218645	9820.241895418354	0.9078424928816864	0.0	0.0	0.00202079294074114	1.1376232804276438
30	4	0.0129496242051149	10.0	0.008382266626496784	13717.751029677549	1.1556847387592974	0.0	0.0	0.00258992484102298	1.1347592169988845
31	4	0.0141318227697492	10.0	0.011120090578421287	5924.01779282592	1.2579046545912669	0.0	0.0	0.00282636455394984	1.1784860433402886
32	4	0.018120988841641542	10.0	0.01158470347971545	19305.743449268717	1.6068310783323148	0.0	0.0	0.0036241977683283077	1.1745507564358808
33	4	0.021675508674295726	10.0	0.015740310279298456	17909.64726219753	1.9277535444627325	0.0	0.0	0.004335101734859145	1.127866149886419
34	4	0.026250160846871637	10.0	0.01847010607195703	26677.64108944228	2.4087235505580864	0.0	0.0	0.005250032169374327	1.13418847924441
35	4	0.0290727710856014	10.0	0.02192332677817325	19150.398800400388	2.7475283936959314	0.0	0.0	0.00581455421712028	1.1342986333721332
36	4	0.033566191994952664	10.0	0.023364687071570883	34094.58892000688	3.360430165330838	0.0	0.0	0.006713238398990531	1.108938396491129
37	4	0.03768967962977828	10.0	0.02632434917584912	32840.4224043735	3.946288391096174	0.0	0.0	0.007537935925955656	1.1276353094216227
38	4	0.042117701366035834	10.0	0.030524413983065532	39401.46859605528	4.649731400055473	0.0436552195999684	0.014819960091102431	0.008423540273207167	1.1128444561026432
39	4	0.048271747565033864	10.0	0.034769511415094406	61274.655172443876	5.7530510733736095	0.1719537886368282	0.045879494678241886	0.009654349513006772	1.1452466093984381
40	4	0.05286082442262256	10.0	0.0397870047397968	51540.108920887214	6.669484532926821	0.3066811354988673	0.06898136969635425	0.010572164884524513	1.140460479513536
41	4	0.05916610779412757	10.0	0.04422207840917432	78994.44892288472	8.087615973149768	0.5585663936962939	0.10070763831678428	0.011833221558825515	1.115181115529847
42	4	0.0661037249082139	10.0	0.04860779047447348	90112.16267225656	9.715231609510651	0.8843004591438617	0.1302249891057476	0.01322074498164278	1.136034538283206
43	4	0.07346791886388948	10.0	0.0531298555350364	101412.21925149376	11.58605897091857	1.28375727575484	0.15830680138131806	0.014693583772777897	1.1083468825633465
44	4	0.08060504941833603	10.0	0.060315774186120726	115349.33020508492	13.824840893673336	1.743814474859028	0.1858918190338928	0.016121009883667204	1.072279476852921
45	4	0.08708116895493799	10.0	0.06680281677941728	127164.65004255965	16.35916061304859	2.2623840244586986	0.21271461809625636	0.017416233790987598	1.0983714690957087
46	4	0.09375724663799928	10.0	0.07251479527652183	140307.7627124766	19.136285170222976	2.8372305321045164	0.2350051556086109	0.018751449327599857	1.1255225261089357
47	4	0.10063721706332787	10.0	0.07555847658764736	150869.97761215025	22.11121211481107	3.4659694859253065	0.2542195786681233	0.020127443412665574	1.0896216658243798
48	4	0.10804079382844148	10.0	0.08140945210542126	163527.879832565	25.35720914324349	4.146065649988153	0.2714791372626223	0.0216081587656883	1.0780534905554422
49	4	0.1155123936454372	10.0	0.08801710057034469	176882.34471804215	28.927701195524467	4.8748316191358185	0.2884348356370178	0.02310247872908744	1.0989042838408951
50	4	0.12257733435147965	10.0	0.0915929441081917	186834.53621573406	32.75670911607721	5.64942653829292	0.3060680521561186	0.02451546687029593	1.082472913453596
51	4	0.13014446842548474	10.0	0.09802003107504056	201538.11501891306	36.844579355174325	6.466854991065568	0.3196634321255982	0.02602889368509696	1.087198915880328
52	4	0.1374948578909432	10.0	0.10355340994875754	212539.0302884666	41.13491557711907	7.323966062281376	0.3311664145146761	0.027498971578188643	1.0852902180383086
53	4	0.14554686786796048	10.0	0.1090181571568982	227815.06117222927	45.74858212304074	8.217452578928249	0.3410875487197444	0.0291093735735921	1.0855949000688163
54	4	0.15379928970983156	10.0	0.11421139179705098	237091.22393326226	50.56563237608804	9.143850533751044	0.3508408457700797	0.030759857941966312	1.061814735045463
55	4	0.16173137355211625	10.0	0.12121504285214815	255731.83411976145	55.8745069112966	10.099538695555594	0.3616283100084748	0.03234627471042325	1.0649759898294768
56	4	0.1702934705099468	10.0	0.12741840083328929	266034.0485383503	61.346333114922494	11.080738410049904	0.3702047188252843	0.03405869410198936	1.073163888990477
57	4	0.17868171953394105	10.0	0.13231739367440168	281659.87310641195	67.13959836061268	12.0835135948224	0.3772785167550545	0.03573634390678821	1.0690983726419114
58	4	0.18694551798902076	10.0	0.1391389211176174	297919.5234012495	73.29979268441431	13.103770931818245	0.3837723966161057	0.03738910359780415	1.0654749794728904
59	4	0.19531171981884196	10.0	0.1460579470735937	313134.25481966004	79.82505462814991	14.13726026042574	0.3903847933854822	0.0390623439637684	1.0649975380543877
60	4	0.20320862767230866	10.0	0.15052812137107524	326263.7707977962	86.70436519618308	15.17957517402787	0.39815164897726935	0.04064172553446173	1.0547778746235843
