11.247441493196291	1	1	1	1	4	0	11.247441493196291	1.0	0	0.0			15.0	0.0	0.0	0.0	0.0		0.0	0.0
11.247441493196291	2	1	1	2	4	0	11.247441493196291	1.0	0	0.0			15.0	0.0	0.0	0.0	0.0		0.0	0.0
11.367595075476835	1	1	1	1	4	0	11.367595075476835	1.0	0	0.0			15.0	0.0	0.0	0.0	0.0		0.0	0.0
11.367595075476835	2	1	1	2	4	0	11.367595075476835	1.0	0	0.0			15.0	0.0	0.0	0.0	0.0		0.0	0.0
22.856168219862568	1	1	1	1	4	0	22.856168219862568	2.0	0	0.0			14.552750241652504	0.0	0.0	0.0	0.7285827694774977	0.0	0.0	0.0
22.856168219862568	2	1	1	2	4	0	22.856168219862568	2.0	0	0.0			14.552750241652504	0.0	0.0	0.0	0.7285827694774977	0.0	0.0	0.0
34.4665080713728	1	1	1	1	4	0	34.4665080713728	3.0	0	0.0			13.791431040067982	0.0	0.0	0.0	2.1993864847666735	0.0	0.0	0.0
34.4665080713728	2	1	1	2	4	0	34.4665080713728	3.0	0	0.0			13.791431040067982	0.0	0.0	0.0	2.1993864847666735	0.0	0.0	0.0
46.1993671861199	1	1	1	1	4	0	46.1993671861199	4.0	0	0.0			12.713098668736418	0.0	0.0	0.0	4.42587529936556	0.0	0.0	0.0
46.1993671861199	2	1	1	2	4	0	46.1993671861199	4.0	0	0.0			12.713098668736418	0.0	0.0	0.0	4.42587529936556	0.0	0.0	0.0
58.05546181511435	1	1	1	1	4	0	58.05546181511435	5.0	0	0.0			11.314922877436091	0.0	0.0	0.0	7.421310407022852	0.0	0.0	0.0
58.05546181511435	2	1	1	2	4	0	58.05546181511435	5.0	0	0.0			11.314922877436091	0.0	0.0	0.0	7.421310407022852	0.0	0.0	0.0
70.03547169202406	1	1	1	1	4	0	70.03547169202406	6.0	0	2.500826149469408e-05			10.075555122184273	0.0	1.2504130747347042	0.0	8.825142047449571	0.14168758621806754	1.2504130747347042	0.0
70.03547169202406	2	1	1	2	4	0	70.03547169202406	6.0	0	2.500826149469408e-05			10.075555122184273	0.0	1.2504130747347042	0.0	8.825142047449571	0.14168758621806754	1.2504130747347042	0.0
82.14003983175478	1	1	1	1	4	0	82.14003983175478	7.0	0	2.500826149469408e-05	0.3119607538919688	1.978338018539128	10.075555122184273	0.0	1.2504130747347042	0.0	8.825142047449571	0.14168758621806754	1.2504130747347042	2.783477622568739e-13
82.14003983175478	2	1	1	2	4	0	82.14003983175478	7.0	0	2.500826149469408e-05	0.3144039426710063	1.747716596516261	10.075555122184273	0.0	1.2504130747347042	0.0	8.825142047449571	0.14168758621806754	1.2504130747347042	2.783477622568739e-13
94.36977233991071	1	1	1	1	4	0	94.36977233991071	8.0	0	2.731639965531877e-05	1.7389261440291173	0.9785712615489623	10.25848937841272	0.0	1.365819982765939	0.0	8.892669395646779	0.15358942540184248	1.365819982765939	1.075499716079745e-12
94.36977233991071	2	1	1	2	4	0	94.36977233991071	8.0	0	2.583363679006256e-05	0.5465589569752789	2.685387451439439	10.14097123043262	0.0	1.291681839503128	0.0	8.849289390929492	0.14596447041579405	1.291681839503128	7.04941415853432e-13
106.72523823319248	1	1	1	1	4	0	106.72523823319248	9.0	0	3.3299101992315066e-05	0.8613427499200076	1.0305863270911215	10.717324392772397	0.0	1.6649550996157545	0.0	9.05236929315664	0.18392478761051184	1.6649550996157545	1.930600068522515e-12
106.72523823319248	2	1	1	2	4	0	106.72523823319248	9.0	0	3.151044279724187e-05	0.8707481702821214	2.9761256210545803	10.576345952272607	0.0	1.5755221398620936	0.0	9.000823812410513	0.17504199312175542	1.5755221398620936	1.839009718298944e-12
119.20696927078512	1	1	1	1	4	0	119.20696927078512	10.0	0	4.298281773204407e-05	0.938766856343092	1.3827183692034537	11.450615212745396	0.0	2.149140886602204	0.0	9.30147432614319	0.2310537890280169	2.149140886602204	2.8186317733823295e-12
119.20696927078512	2	1	1	2	4	0	119.20696927078512	10.0	0	4.161741896424115e-05	1.082495232063828	0.8197114504900032	11.341687794200105	0.0	2.080870948212058	0.0	9.260816845988048	0.22469626414364616	2.080870948212058	2.8983590101592364e-12
131.81545979678634	1	1	1	1	4	0	131.81545979678634	11.0	0	5.270188704449507e-05	1.4459026111647681	1.352003145435155	12.186167185837665	0.0	2.6350943522247543	0.0	9.551072833612908	0.27589511650996074	2.6350943522247543	3.289427794511665e-12
131.81545979678634	2	1	1	2	4	0	131.81545979678634	11.0	0	4.709190473648606e-05	0.6326298308588474	1.2556380360982071	11.756004091572493	0.0	2.3545952368243035	0.0	9.401408854748187	0.25045131779745045	2.3545952368243035	2.2645619565590795e-12
144.55116659372186	1	1	1	1	4	0	144.55116659372186	12.0	0	6.881608974231933e-05	0.9516039441405826	1.637498088497373	13.416075951068384	0.0	3.440804487115966	0.0	9.975271463952419	0.34493341855908205	3.440804487115966	4.8353394063526186e-12
144.55116659372186	2	1	1	2	4	0	144.55116659372186	12.0	0	6.3049522602783e-05	1.1837185067415579	1.1131044514751764	12.973961594900345	0.0	3.1524761301391497	0.0	9.821485464761196	0.3209775284451638	3.1524761301391497	4.704551682793375e-12
157.41450874719058	1	1	1	1	4	0	157.41450874719058	13.0	0	9.237094440692365e-05	1.2180603229499634	1.2155972073770986	15.243807095397164	0.0	4.6185472203461835	0.0	10.625259875050984	0.4346761655393413	4.6185472203461835	6.9209218507211426e-12
157.41450874719058	2	1	1	2	4	0	157.41450874719058	13.0	0	7.328130797014417e-05	0.4697318287174869	1.3687856003194865	13.767893590843215	0.0	3.664065398507209	0.0	10.103828192336007	0.36264130077810397	3.664065398507209	3.651195668737297e-12
170.4058675216809	1	1	1	1	4	0	170.4058675216809	14.0	0	0.00011273530328963902	0.9605042984760204	1.1149506315105604	16.754287345035323	0.0	5.636765164481952	0.0	11.117522180553369	0.5070163182891337	5.636765164481952	6.579329755422058e-12
170.4058675216809	2	1	1	2	4	0	170.4058675216809	14.0	0	8.673161828211968e-05	0.7775718368294472	1.1412415683224524	14.7655399294661	0.0	4.336580914105984	0.0	10.428959015360117	0.4158210716639048	4.336580914105984	4.637594981529878e-12
183.52558624759342	1	1	1	1	4	0	183.52558624759342	15.0	0	0.00013353148165475186	0.5695717224042252	1.0417595806066973	18.265669440915	0.0	6.676574082737593	0.0	11.58909535817741	0.576108304952942	6.676574082737593	7.656305350044214e-12
183.52558624759342	2	1	1	2	4	0	183.52558624759342	15.0	0	0.00010971988464210893	0.8776235204391762	1.9304503177881016	16.43623411095507	0.0	5.4859942321054485	0.0	10.950239878849628	0.5009930643347492	5.4859942321054485	7.499195160158683e-12
196.77397021950497	1	1	1	1	4	0	196.77397021950497	16.0	0	0.00016043184745745067	1.03787026926279	1.702330561070308	20.21046557885701	0.0	8.021592372872533	0.0	12.188873205984475	0.6581077871032494	8.021592372872533	1.008424215907292e-11
196.77397021950497	2	1	1	2	4	0	196.77397021950497	16.0	0	0.00012364314097898076	0.5622145011799349	1.1568295795637549	17.442833625256412	0.0	6.182157048949039	0.0	11.260676576307374	0.5490040502500878	6.182157048949039	6.418969053692877e-12
210.1512866057031	1	1	1	1	4	0	210.1512866057031	17.0	0	0.00019662261821120868	0.9933418255533636	1.4934141220677948	22.843757750441736	0.0	9.831130910560436	0.0	13.012626839881305	0.7555070188003725	9.831130910560436	2.087535100054009e-11
210.1512866057031	2	1	1	2	4	0	210.1512866057031	17.0	0	0.00014977829419935708	0.9106799381454248	1.2867970013964272	19.34446470260057	0.0	7.4889147099678555	0.0	11.855549992632715	0.6316800751227587	7.4889147099678555	1.3223881756016536e-11
223.65776436901845	1	1	1	1	4	0	223.65776436901845	18.0	0	0.00021898665078183357	0.805967576779231	1.405754701103594	24.49973797600813	0.0	10.949332539091674	0.0	13.550405436916456	0.8080446441300961	10.949332539091674	1.8198630737682843e-11
223.65776436901845	2	1	1	2	4	0	223.65776436901845	18.0	0	0.0001664830488951732	0.7513414503148644	1.3076499064273317	20.581394731290647	0.0	8.32415244475866	0.0	12.257242286531987	0.6791211473322243	8.32415244475866	1.184831178485384e-11
237.29359419897813	1	1	1	1	4	0	237.29359419897813	19.0	0	0.00029387203273350117	1.058665604459592	1.2678372216474083	30.215323629492428	0.0	14.69360163667506	0.0	15.521721992817364	0.94664764924114	14.69360163667506	3.845707139368065e-11
237.29359419897813	2	1	1	2	4	0	237.29359419897813	19.0	0	0.00021035919742994625	0.7174673372431356	1.271931573511367	23.93021767322811	0.0	10.517959871497313	0.0	13.412257801730805	0.7842050180499817	10.517959871497313	2.291446873502356e-11
251.0589284553002	1	1	1	1	4	0	251.0589284553002	20.0	0	0.00036438140718027403	0.785112760073763	0.9819603070899272	35.85953159759244	0.0	18.2190703590137	0.0	17.640461238578734	1.032800112911423	18.2190703590137	4.2672470915229185e-11
251.0589284553002	2	1	1	2	4	0	251.0589284553002	20.0	0	0.0002707330244274943	1.1095343669609756	1.347540153431463	28.763084764702487	0.0	13.536651221374715	0.0	15.226433543327776	0.8890231046459646	13.536651221374715	3.4106510895047196e-11
264.95388112274634	1	1	1	1	4	0	264.95388112274634	21.0	0	0.000477757344083205	0.9443806431952666	1.165028012047478	44.97409141684148	0.0	23.88786720416025	0.0	21.08622421268122	1.1328660343938737	23.88786720416025	6.731971014811506e-11
264.95388112274634	2	1	1	2	4	0	264.95388112274634	21.0	0	0.0003428079857834141	0.7531858529404876	1.3311893250818931	34.557361440105296	0.0	17.140399289170706	0.0	17.416962150934587	0.9841210620217692	17.140399289170706	4.259628507655353e-11
278.9785277773454	1	1	1	1	4	0	278.9785277773454	22.0	0	0.0005261148564869872	0.8627742130582209	1.2652725793627568	48.958981843451454	0.0	26.305742824349366	0.0	22.653239019102088	1.161235388995249	26.305742824349366	5.603333585135152e-11
278.9785277773454	2	1	1	2	4	0	278.9785277773454	22.0	0	0.0003758153798332723	0.8349423617219724	1.0902828491349337	37.277328659641924	0.0	18.790768991663622	0.0	18.486559667978295	1.0164557023669611	18.790768991663622	3.09754996147677e-11
293.1329055639992	1	1	1	1	4	0	293.1329055639992	23.0	0	0.0007000912652053161	1.04737714528935	1.2869677393172032	63.04299723881722	0.0	35.004563260265805	0.0	28.038433978551424	1.2484492995237628	35.004563260265805	1.251582408230742e-10
293.1329055639992	2	1	1	2	4	0	293.1329055639992	23.0	0	0.00048527609659200076	0.92822177636495	1.215579185933075	46.13856698140575	0.0	24.263804829600037	0.0	21.87476215180572	1.1092145670528861	24.263804829600037	9.201490538421557e-11
307.41701318547484	1	1	1	1	4	0	307.41701318547484	24.0	0	0.0009110839656456392	0.8539455750902614	1.3595858712472482	80.11519788109355	0.0	45.55419828228196	0.0	34.56099959881158	1.318081039642395	45.55419828228196	1.7042557561481177e-10
307.41701318547484	2	1	1	2	4	0	307.41701318547484	24.0	0	0.0006092710169701474	0.7170425232731703	1.1912263593562122	56.171455109293994	0.0	30.46355084850737	0.0	25.707904260786613	1.1849877197097995	30.46355084850737	8.814435549201631e-11
321.83081090278995	1	1	1	1	4	0	321.83081090278995	25.0	0	0.0012112464462137099	0.9991877122035674	1.2081517709427063	104.77189063689451	0.0	60.56232231068551	0.0	44.20956832620901	1.369891736191914	60.56232231068551	2.487419586209443e-10
321.83081090278995	2	1	1	2	4	0	321.83081090278995	25.0	0	0.0008033756748579844	0.9396843063384924	1.1384469428832176	72.1160825089363	0.0	40.16878374289923	0.0	31.947298766037054	1.2573452308776218	40.16878374289923	1.6497597825020332e-10
336.3742205469876	1	1	1	1	4	0	336.3742205469876	26.0	0	0.001528759990901005	0.751235131317461	1.10872689860699	131.7134376856298	0.0	76.43799954505027	0.0	55.27543814057953	1.3828565112527726	76.43799954505027	2.770590613615617e-10
336.3742205469876	2	1	1	2	4	0	336.3742205469876	26.0	0	0.0010119087094276565	0.7417589855562675	1.1417031036259115	89.81045383916559	0.0	50.59543547138285	0.0	39.215018367782775	1.2902055788133884	50.59543547138285	1.8946183202190024e-10
351.0471255422998	1	1	1	1	4	0	351.0471255422998	27.0	0	0.001973798575083088	0.8365024995313809	1.161585832470871	168.99125562645546	0.0	98.68992875415438	0.0	70.3013268723011	1.4038131731627168	98.68992875415438	3.864871423085334e-10
351.0471255422998	2	1	1	2	4	0	351.0471255422998	27.0	0	0.0013123869661707786	0.8946060408512956	1.1486816622468567	114.97944850202823	0.0	65.61934830853892	0.0	49.36010019348932	1.3294006302927688	65.61934830853892	2.6342742196281675e-10
365.84937094069124	1	1	1	1	4	0	365.84937094069124	28.0	0	0.002549932825649555	0.8459746883358256	1.1767301485223505	217.9066649979201	0.0	127.49664128247775	0.0	90.41002371544235	1.4102047100857122	127.49664128247775	5.573875937984546e-10
365.84937094069124	2	1	1	2	4	0	365.84937094069124	28.0	0	0.0017098109817613985	0.8927075116320351	1.096032070038307	148.72185905573602	0.0	85.49054908806991	0.0	63.23130996766614	1.3520287517653236	85.49054908806991	4.3397440090519394e-10
380.78076346777357	1	1	1	1	4	0	380.78076346777357	29.0	0	0.003206483799421403	0.8477387429732803	1.1178975666074182	284.8591820109844	0.0	160.32418997107015	0.0	114.76467401874132	1.396982053422544	160.32418997107015	8.278007384838234e-10
380.78076346777357	2	1	1	2	4	0	380.78076346777357	29.0	0	0.002180831112732404	0.8121005908968026	1.222135466785839	189.74527983239966	0.0	109.04155563662022	0.0	80.70372419577951	1.3511341232790677	109.04155563662022	5.104347692275584e-10
395.84107158007737	1	1	1	1	4	0	395.84107158007737	30.0	0	0.003900206286871043	0.8207761038408112	1.230541722184782	371.8715055650734	0.0	195.0103143435521	0.0	140.06191995239956	1.3923150161716114	195.0103143435521	1.0258933857197873e-09
395.84107158007737	2	1	1	2	4	0	395.84107158007737	30.0	0	0.002779561152929979	0.7883093808209741	1.1353088806417295	241.51503843805324	0.0	138.97805764649894	0.0	102.5369807915543	1.3553944788858674	138.97805764649894	6.340646617494092e-10
411.03002553366304	1	1	1	1	4	0	411.03002553366304	31.0	0	0.004600439111587661	0.8478233097717885	1.1705835665371205	486.73724823958213	0.0	230.02195557938316	0.0	166.29860252940983	1.3831863412003351	230.02195557938316	1.281997430469858e-09
411.03002553366304	2	1	1	2	4	0	411.03002553366304	31.0	0	0.0034797939776465983	0.9023210446645646	1.1410691677751794	320.229826890556	0.0	173.9896988823299	0.0	128.77366336856457	1.351127973927029	173.9896988823299	9.545965966714566e-10
426.3473174640513	1	1	1	1	4	0	426.3473174640513	32.0	0	0.005274918376549486	0.8491553808401359	1.1659519084392544	628.0687237142077	0.0	263.74591882747427	0.0	193.47050124187808	1.3632358273457792	263.74591882747427	1.5167002634884641e-09
426.3473174640513	2	1	1	2	4	0	426.3473174640513	32.0	0	0.004154273242608423	0.9058296956660516	1.1784330745046063	425.4367771916022	0.0	207.7136621304211	0.0	155.94556208103282	1.3319626372085434	207.7136621304211	1.1603275506214115e-09
441.79260147745117	1	1	1	1	4	0	441.79260147745117	33.0	0	0.005999738116713492	0.8851677589731878	1.178009408071803	793.9506471934783	0.0	299.98690583567463	11.86334260539778	221.57230527371837	1.407442360884541	311.8502484410724	1.8305641631391079e-09
441.79260147745117	2	1	1	2	4	0	441.79260147745117	33.0	0	0.004879092982772428	0.8500406740871594	1.1382413971635836	544.3483236636822	0.0	243.95464913862145	11.86334260539778	184.04736611287308	1.3899573634057356	255.8179917440192	1.4375620124946264e-09
457.365493753255	1	1	1	1	4	0	457.365493753255	34.0	0	0.006725127495961882	0.8961559390376663	1.1467221740158098	983.2005939374848	0.0	336.25637479809416	33.638863238761594	250.5975854154631	1.4760526819267243	369.8952380368557	2.584944491645445e-09
457.365493753255	2	1	1	2	4	0	457.365493753255	34.0	0	0.005604482362020818	0.8789306508672109	1.1717241718322566	689.3550777511667	0.0	280.2241181010409	33.638863238761594	213.07264625461784	1.473032727836599	313.8629813398025	1.7378408671781567e-09
473.0655726577729	1	1	1	1	4	0	473.0655726577729	35.0	0	0.007414574196552647	0.8462141476096838	1.1425724874073044	1185.8364211929656	0.0	370.7287098276324	63.26574790347243	280.53876673517755	1.5470035132106577	433.99445773110483	2.4783211444629627e-09
473.0655726577729	2	1	1	2	4	0	473.0655726577729	35.0	0	0.0062939290626115845	0.8782298878486878	1.1206694156309651	861.0990533356845	0.0	314.6964531305792	63.26574790347243	243.0138275743323	1.5553115014347965	377.96220103405153	2.3614623798488155e-09
488.8923788691719	1	1	1	1	4	0	488.8923788691719	36.0	0	0.008133031589447825	0.8914990424319373	1.1538731730794418	1423.9075407570374	0.0	406.6515794723912	98.57176754760937	311.3871020594114	1.6224928511123942	505.22334702000063	3.254740875295057e-09
488.8923788691719	2	1	1	2	4	0	488.8923788691719	36.0	0	0.007012386455506761	0.8213755491571296	1.1122540839299304	1044.2699114845218	0.0	350.619322775338	98.57176754760937	273.86216289856617	1.6402086566785787	449.1910903229474	2.5560527660581963e-09
504.8454155135833	1	1	1	1	4	0	504.8454155135833	37.0	0	0.008844580754981884	0.8297471182417642	1.0825286696002658	1670.4165282442425	7.015059303619688	442.2290377490943	137.2716074713363	343.1326463179663	1.6888531343165532	586.5157045240502	3.3931204105447186e-09
504.8454155135833	2	1	1	2	4	0	504.8454155135833	37.0	0	0.007723935621040823	0.8215083387338796	1.121546699263219	1251.1564669828858	7.015059303619688	386.1967810520411	137.2716074713363	305.60770715712107	1.7128769211774109	530.4834478269971	3.115336185033629e-09
520.9241483123367	1	1	1	1	4	0	520.9241483123367	38.0	0	0.009511567934359784	0.8156482077807073	1.1126688402890148	1938.154289435652	20.920301141753512	475.57839671798934	176.96529644246598	375.7642318060069	1.7365774544963593	673.4639943022088	3.75211156682107e-09
520.9241483123367	2	1	1	2	4	0	520.9241483123367	38.0	0	0.00839092280041872	0.8225422887018586	1.120927244226176	1482.0952734245843	20.920301141753512	419.546140020936	176.96529644246598	338.23929264516164	1.7635781809926714	617.4317376051555	3.36557996922985e-09
537.1280057402779	1	1	1	1	4	0	537.1280057402779	39.0	0	0.010215191211853972	0.8441725456929844	1.1209510686315252	2229.803839182534	41.57746167947757	510.7595605926986	228.13453234226182	409.26944441669264	1.805397649433767	780.471554614438	4.256453183776608e-09
537.1280057402779	2	1	1	2	4	0	537.1280057402779	39.0	0	0.009094546077912907	0.8388859175150573	1.0851857843454882	1739.8783217578907	41.57746167947757	454.7273038956454	228.13453234226182	371.7445052558474	1.836911713780243	724.4392979173848	3.955744938391404e-09
553.4563791951257	1	1	1	1	4	0	553.4563791951257	40.0	0	0.010897502636792357	0.8226908233697375	1.1196338426431254	2536.714803078747	68.8346330571118	544.8751318396179	285.8563949510358	443.634600897054	1.872558013082992	899.5661598477653	5.0415248879376235e-09
553.4563791951257	2	1	1	2	4	0	553.4563791951257	40.0	0	0.009776857502851292	0.8787818004055654	1.0818091933412946	2032.6752869754007	68.8346330571118	488.84287514256476	285.8563949510358	406.1096617362088	1.9076110299410003	843.5339031507123	5.51244192619445e-09
569.9086231778117	1	1	1	1	4	0	569.9086231778117	41.0	0	0.011615075519497432	0.8569394259561022	1.0872813908862	2882.9476485094115	102.52601851334668	580.7537759748717	344.97084620866616	478.8447271792848	1.93324593472434	1028.2506406968846	6.263597136081222e-09
569.9086231778117	2	1	1	2	4	0	569.9086231778117	41.0	0	0.010494430385556369	0.8565856184199409	1.1083150418350094	2334.7145199053048	102.52601851334668	524.7215192778184	344.97084620866616	441.3197880184395	1.9706625197829253	972.2183839998312	5.26786332478549e-09
586.4840554837581	1	1	1	1	4	0	586.4840554837581	42.0	0	0.012351494915064992	0.8265852178001091	1.1080184142141458	3250.18980959556	142.47170017444452	617.5747457532495	400.0782610971759	514.8835378389663	1.9764722156813332	1160.12470702487	6.542270170132981e-09
586.4840554837581	2	1	1	2	4	0	586.4840554837581	42.0	0	0.011230849781123924	0.8292286939452179	1.1008555195549574	2661.7195772540367	142.47170017444452	561.5424890561964	400.0782610971759	477.3585986781211	2.014461984797691	1104.0924503278168	6.030794013134874e-09
603.1819574050269	1	1	1	1	4	0	603.1819574050269	43.0	0	0.013065207970509642	0.8393594741153226	1.0935190934363055	3658.117616614679	188.47742008486333	653.2603985254823	445.5372001664082	551.733416730985	1.9915371543058882	1287.2750187767538	7.554264029435655e-09
603.1819574050269	2	1	1	2	4	0	603.1819574050269	43.0	0	0.011944562836568579	0.8121526517890351	1.0961720452454489	3017.6765531986853	188.47742008486333	597.228141828429	445.5372001664082	514.2084775701398	2.027903831773369	1231.2427620797005	6.654502993047736e-09
620.0015739432909	1	1	1	1	4	0	620.0015739432909	44.0	0	0.01371281992416984	0.8164647309664976	1.0813855340131706	4082.9158691235134	240.3343750448304	685.6409962084923	486.7965064426599	589.3753988530436	1.9892881598600465	1412.7718776959823	7.846416092879454e-09
620.0015739432909	2	1	1	2	4	0	620.0015739432909	44.0	0	0.012592174790228778	0.8309795333312053	1.073504351006995	3414.5971489340727	240.3343750448304	629.608739511439	486.7965064426599	551.8504596921985	2.023021320987552	1356.7396209989292	7.525217349591959e-09
636.9421140335545	1	1	1	1	4	0	636.9421140335545	45.0	0	0.014380427692475972	0.7985740810942185	1.0522103792368331	4524.237449574352	297.8190258094122	719.0213846237987	539.6599945120054	627.7891534857039	2.00494285724302	1556.5004049452164	8.501344087387517e-09
636.9421140335545	2	1	1	2	4	0	636.9421140335545	45.0	0	0.013259782558534905	0.8204249534119679	1.0658684894944177	3828.3092045227772	297.8190258094122	662.9891279267455	539.6599945120054	590.2642143248588	2.037475918838033	1500.468148248163	7.747436644269533e-09
654.0027507785644	1	1	1	1	4	0	654.0027507785644	46.0	0	0.015068424735008832	0.8270313699783067	1.103110320162129	5005.465416646738	360.69292119149117	753.4212367504417	598.4568926302895	666.9529686568427	2.0269467157530454	1712.5710505722227	1.0432956988360814e-08
654.0027507785644	2	1	1	2	4	0	654.0027507785644	46.0	0	0.013947779601067769	0.8138900195587399	1.0648121805624542	4258.670721863313	360.69292119149117	697.3889800533885	598.4568926302895	629.4280294959975	2.058767344252689	1656.5387938751694	9.512149929990688e-09
671.1826216938364	1	1	1	1	4	0	671.1826216938364	47.0	0	0.01580878241152019	0.8145042992483387	1.059638335310633	5499.1163342074415	428.702537597776	790.4391205760097	657.2664508030814	706.8437369772299	2.0481267579311195	1876.408108976867	1.1124260581555905e-08
671.1826216938364	2	1	1	2	4	0	671.1826216938364	47.0	0	0.014688137277579125	0.7791912417131807	1.0408164281076229	4698.299803789956	428.702537597776	734.4068638789563	657.2664508030814	669.3187978163847	2.07923835281826	1820.3758522798134	9.857365742074243e-09
688.4808289632283	1	1	1	1	4	0	688.4808289632283	48.0	0	0.016555942393219766	0.8186292772109417	1.0658530464766476	6024.2675096870435	501.57913451254234	827.7971196609883	709.916576233926	747.4369428926798	2.057315617747979	2039.2928304074564	1.1755427687267132e-08
688.4808289632283	2	1	1	2	4	0	688.4808289632283	48.0	0	0.015435297259278696	0.8287775612925268	1.0661071949160907	5196.482062977852	501.57913451254234	771.7648629639351	709.916576233926	709.9120037318346	2.0871339425295283	1983.2605737104034	1.122774417418744e-08
705.8964397049822	1	1	1	1	4	0	705.8964397049822	49.0	0	0.01726243646382401	0.8089183620837767	1.0512437437739028	6574.2337814785915	579.0386264282525	863.1218231912004	752.8416297505372	788.7066513968608	2.048877678512969	2195.0020793699905	1.177914173597894e-08
705.8964397049822	2	1	1	2	4	0	705.8964397049822	49.0	0	0.01614179132988294	0.8354248018674691	1.042748167099198	5733.115278649861	579.0386264282525	807.0895664941472	752.8416297505372	751.1817122360156	2.076636279657679	2138.969822672937	1.2133928637158498e-08
723.4284862481575	1	1	1	1	4	0	723.4284862481575	50.0	0	0.018019149871224518	0.7966041432416302	1.0581966647053922	7142.8883057778	660.7814717055172	900.9574935612262	810.4757308638319	830.6254982473865	2.060414986099234	2372.214696130575	1.3216148683569008e-08
723.4284862481575	2	1	1	2	4	0	723.4284862481575	50.0	0	0.016898504737283455	0.8182118235954544	1.0654973653980309	6275.610980464093	660.7814717055172	844.9252368641728	810.4757308638319	793.1005590865415	2.08725230207204	2316.182439433522	1.245253936566792e-08
741.0759664193733	1	1	1	1	4	0	741.0759664193733	51.0	0	0.01875418881777037	0.810173769579409	1.0621406034695249	7744.8392174016135	746.4925788270981	937.7094408885183	876.5594057224796	873.1646817262498	2.0778083270892056	2560.761425438096	1.6217149623519213e-08
741.0759664193733	2	1	1	2	4	0	741.0759664193733	51.0	0	0.017633543683829297	0.7776695202320117	1.046028165846696	6822.947152085279	746.4925788270981	881.6771841914651	876.5594057224796	835.6397425654048	2.104060518371443	2504.7291687410425	1.4153166391713652e-08
758.8378438397727	1	1	1	1	4	0	758.8378438397727	52.0	0	0.01955938981547209	0.7666333412281117	1.0715909851308612	8349.683217942424	835.8412304917856	977.9694907736048	944.5756310611807	916.29395598401	2.0981750553730985	2758.386352326571	1.672840161027605e-08
758.8378438397727	2	1	1	2	4	0	758.8378438397727	52.0	0	0.018438744681531026	0.8016259990898822	1.0364438209182472	7416.138815005171	835.8412304917856	921.9372340765517	944.5756310611807	878.7690168231649	2.124008504402394	2702.3540956295183	1.6313864673811102e-08
776.7130482321257	1	1	1	1	4	0	776.7130482321257	53.0	0	0.020384631999659203	0.7670006195481155	1.0509326540446422	8997.1045379682	928.4810259740648	1019.2315999829602	1007.7495086544756	959.9816260053917	2.1114790676483755	2955.462134611501	1.7223884947161058e-08
776.7130482321257	2	1	1	2	4	0	776.7130482321257	53.0	0	0.019263986865718136	0.79593715490091	1.0662283976450166	8023.665184070234	928.4810259740648	963.1993432859069	1007.7495086544756	922.4566868445463	2.1366302397161	2899.429877914448	1.6292468432191598e-08
794.7004757379742	1	1	1	1	4	0	794.7004757379742	54.0	0	0.021177840383887668	0.7488470682286399	1.0366310153067897	9664.33599615916	1024.0498421545199	1058.8920191943837	1059.048258242922	1004.1945442321164	2.1090935910798483	3141.990119591825	1.8073753583305882e-08
794.7004757379742	2	1	1	2	4	0	794.7004757379742	54.0	0	0.0200571952499466	0.7826530165731496	1.0692009292676732	8666.391212502898	1024.0498421545199	1002.8597624973303	1059.048258242922	966.6696050712712	2.1330018135702433	3085.9578628947716	1.7074577214458882e-08
812.7989892447298	1	1	1	1	4	0	812.7989892447298	55.0	0	0.022034050079670728	0.7896733177499382	1.0537993280504558	10383.016629897116	1122.1698136039506	1101.7025039835364	1118.4605119973603	1048.8981088768553	2.11666223553231	3342.3328295848482	1.923501675327593e-08
812.7989892447298	2	1	1	2	4	0	812.7989892447298	55.0	0	0.020913404945729658	0.7788399028905778	1.0596074350916898	9348.42074772598	1122.1698136039506	1045.6702472864833	1118.4605119973603	1011.3731697160102	2.1397945131286438	3286.3005728877947	1.8259958615920447e-08
831.0074187226242	1	1	1	1	4	0	831.0074187226242	56.0	0	0.02287287498207015	0.7825763405610466	1.050306992669162	11126.94819229522	1222.4473320812006	1143.6437491035076	1185.9135452722826	1094.0562639601756	2.1292847279567217	3552.0046264569896	2.2252363887392078e-08
831.0074187226242	2	1	1	2	4	0	831.0074187226242	56.0	0	0.021752229848129082	0.7759033290540709	1.0366702299739143	10049.375096949912	1222.4473320812006	1087.6114924064543	1185.9135452722826	1056.5313247993306	2.151876602532871	3495.972369759937	2.078193043596555e-08
849.3245615714155	1	1	1	1	4	0	849.3245615714155	57.0	0	0.02369925482757812	0.7674496580694149	1.0356449800563323	11890.866506641472	1324.473065780785	1184.962741378906	1254.223101530684	1139.6315011002514	2.14032855405865	3763.6589086903746	2.3186176480526036e-08
849.3245615714155	2	1	1	2	4	0	849.3245615714155	57.0	0	0.022578609693637054	0.7757853876905453	1.0249778147764903	10788.314958336898	1324.473065780785	1128.930484681853	1254.223101530684	1102.1065619394067	2.162362214792404	3707.6266519933215	2.1882682503969052e-08
867.7491829767432	1	1	1	1	4	0	867.7491829767432	58.0	0	0.024535875010560246	0.8128093450518782	1.046840646379687	12719.829656766899	1427.8219986415347	1226.7937505280122	1315.9445103417586	1185.5848630829305	2.1447121501347217	3970.560259511305	2.4148542428963378e-08
867.7491829767432	2	1	1	2	4	0	867.7491829767432	58.0	0	0.023415229876619183	0.776115173203745	1.0370925876355994	11558.356872860546	1427.8219986415347	1170.7614938309594	1315.9445103417586	1148.0599239220853	2.166007150286592	3914.528002814253	2.3009731537742608e-08
886.2800162760308	1	1	1	1	4	0	886.2800162760308	59.0	0	0.02532556579590691	0.7760743474714547	1.0211181393176556	13559.613287452748	1532.0534900017474	1266.2782897953455	1363.3739103596945	1231.8759492374734	2.1346728960678107	4161.705690156788	2.543634339574024e-08
886.2800162760308	2	1	1	2	4	0	886.2800162760308	59.0	0	0.02420492066196584	0.7751562633937592	1.0462210506872165	12375.346424187848	1532.0534900017474	1210.2460330982926	1363.3739103596945	1194.3510100766282	2.154827116772703	4105.673433459735	2.4595384296248767e-08
