11.247441493196291	1	1	1	1	4	0	11.247441493196291	1.0	0	0.0			15.0	0.0	0.0	0.0	0.0		0.0	0.0
11.247441493196291	2	1	1	2	4	0	11.247441493196291	1.0	0	0.0			15.0	0.0	0.0	0.0	0.0		0.0	0.0
11.367595075476835	1	1	1	1	4	0	11.367595075476835	1.0	0	0.0			15.0	0.0	0.0	0.0	0.0		0.0	0.0
11.367595075476835	2	1	1	2	4	0	11.367595075476835	1.0	0	0.0			15.0	0.0	0.0	0.0	0.0		0.0	0.0
22.856168219862568	1	1	1	1	4	0	22.856168219862568	2.0	0	0.0			14.552750241652504	0.0	0.0	0.0	0.7285827694774977	0.0	0.0	0.0
22.856168219862568	2	1	1	2	4	0	22.856168219862568	2.0	0	0.0			14.552750241652504	0.0	0.0	0.0	0.7285827694774977	0.0	0.0	0.0
34.4665080713728	1	1	1	1	4	0	34.4665080713728	3.0	0	0.0			13.791431040067982	0.0	0.0	0.0	2.1993864847666735	0.0	0.0	0.0
34.4665080713728	2	1	1	2	4	0	34.4665080713728	3.0	0	0.0			13.791431040067982	0.0	0.0	0.0	2.1993864847666735	0.0	0.0	0.0
46.1993671861199	1	1	1	1	4	0	46.1993671861199	4.0	0	0.0			12.713098668736418	0.0	0.0	0.0	4.42587529936556	0.0	0.0	0.0
46.1993671861199	2	1	1	2	4	0	46.1993671861199	4.0	0	0.0			12.713098668736418	0.0	0.0	0.0	4.42587529936556	0.0	0.0	0.0
58.05546181511435	1	1	1	1	4	0	58.05546181511435	5.0	0	0.0			11.314922877436091	0.0	0.0	0.0	7.421310407022852	0.0	0.0	0.0
58.05546181511435	2	1	1	2	4	0	58.05546181511435	5.0	0	0.0			11.314922877436091	0.0	0.0	0.0	7.421310407022852	0.0	0.0	0.0
70.03547169202406	1	1	1	1	4	0	70.03547169202406	6.0	0	2.500826149469408e-05			10.075555122184273	0.0	1.2504130747347042	0.0	8.825142047449571	0.14168758621806754	1.2504130747347042	0.0
70.03547169202406	2	1	1	2	4	0	70.03547169202406	6.0	0	2.500826149469408e-05			10.075555122184273	0.0	1.2504130747347042	0.0	8.825142047449571	0.14168758621806754	1.2504130747347042	0.0
82.14003983175478	1	1	1	1	4	0	82.14003983175478	7.0	0	3.2184043630600864e-05	1.234494172265303	1.626491131861747	10.689197208423456	0.0	1.6092021815300432	0.0	9.079995026893414	0.17722500692608945	1.6092021815300432	2.3838521090732034e-12
82.14003983175478	2	1	1	2	4	0	82.14003983175478	7.0	0	2.736152839351907e-05	0.3725661659695932	1.895174501918553	10.276796405980592	0.0	1.3680764196759536	0.0	8.908719986304641	0.15356599172261504	1.3680764196759536	1.0802499599468997e-12
94.36977233991071	1	1	1	1	4	0	94.36977233991071	8.0	0	4.050381167092657e-05	0.8804040802594979	1.6126622205573844	11.348590395717869	0.0	2.0251905835463293	0.0	9.32339981217154	0.2172158895194516	2.0251905835463293	2.598766567372936e-12
94.36977233991071	2	1	1	2	4	0	94.36977233991071	8.0	0	3.576975048028865e-05	1.15568762323118	0.9123292333298068	10.943200124738263	0.0	1.7884875240144331	0.0	9.15471260072383	0.19536249820371465	1.7884875240144331	2.565930650616149e-12
106.72523823319248	1	1	1	1	4	0	106.72523823319248	9.0	0	4.783766797812079e-05	0.5605414554730259	1.001497918306058	11.911050279976912	0.0	2.39188339890604	0.0	9.519166881070873	0.2512702454730956	2.39188339890604	2.3777927612206166e-12
106.72523823319248	2	1	1	2	4	0	106.72523823319248	9.0	0	4.735826846883548e-05	1.1430839012658178	0.9837843438627704	11.831965354591201	0.0	2.3679134234417747	0.0	9.464051931149427	0.2502008062369314	2.3679134234417747	3.3453347277465116e-12
119.20696927078512	1	1	1	1	4	0	119.20696927078512	10.0	0	5.97702709568362e-05	0.7611452891214452	1.7792229011017515	12.814636099496164	0.0	2.98851354784181	0.0	9.826122551654352	0.3041396575436214	2.98851354784181	3.5126434772970687e-12
119.20696927078512	2	1	1	2	4	0	119.20696927078512	10.0	0	6.353037835531256e-05	1.2260628033589205	1.4872621289549872	13.056584089597573	0.0	3.176518917765629	0.0	9.880065171831944	0.3215078911444714	3.176518917765629	4.5066445325466434e-12
131.81545979678634	1	1	1	1	4	0	131.81545979678634	11.0	0	7.762713871721838e-05	0.9196925631512848	1.451546141651722	14.166067382897975	0.0	3.88135693586092	0.0	10.284710447037057	0.37739097817567707	3.88135693586092	5.351974277343513e-12
131.81545979678634	2	1	1	2	4	0	131.81545979678634	11.0	0	8.354052631756496e-05	0.9792740316735666	1.3116479839939166	14.570978456211185	0.0	4.1770263158782495	0.0	10.393952140332937	0.401870843687034	4.1770263158782495	5.919301946414043e-12
144.55116659372186	1	1	1	1	4	0	144.55116659372186	12.0	0	9.723808607831026e-05	0.7439669111461347	0.9319265458398174	15.662863501587848	0.0	4.861904303915512	0.0	10.800959197672336	0.4501363457574471	4.861904303915512	6.077559109719914e-12
144.55116659372186	2	1	1	2	4	0	144.55116659372186	12.0	0	0.00010618284483429185	0.8056687207319955	1.750474082745458	16.299142519371962	0.0	5.309142241714594	0.0	10.990000277657368	0.4830884538290742	5.309142241714594	6.889396933155562e-12
157.41450874719058	1	1	1	1	4	0	157.41450874719058	13.0	0	0.00012608043611073779	0.9037835102392628	1.1191011761820968	17.900876097314704	0.0	6.30402180553689	0.0	11.596854291777818	0.5435975693862471	6.30402180553689	8.657582245771428e-12
157.41450874719058	2	1	1	2	4	0	157.41450874719058	13.0	0	0.00013619657034760359	0.8492956108104744	1.1039162278742414	18.628047607478848	0.0	6.809828517380183	0.0	11.818219090098665	0.5762144419107508	6.809828517380183	9.085423639028574e-12
170.4058675216809	1	1	1	1	4	0	170.4058675216809	14.0	0	0.00017072735400499247	1.1019579373948067	1.1474715579089934	21.212460226964254	0.0	8.536367700249626	0.0	12.676092526714633	0.6734226404753191	8.536367700249626	1.2386459800586534e-11
170.4058675216809	2	1	1	2	4	0	170.4058675216809	14.0	0	0.00017937604817970426	0.911316098873076	1.0870072306588972	21.83078769032205	0.0	8.968802408985217	0.0	12.861985281336837	0.6973108904112371	8.968802408985217	1.222216137501216e-11
183.52558624759342	1	1	1	1	4	0	183.52558624759342	15.0	0	0.00022207333826738197	0.8313733764505823	1.1832544111756067	24.944078601601824	0.0	11.103666913369102	0.0	13.840411688232725	0.8022642074158507	11.103666913369102	1.5895457203030935e-11
183.52558624759342	2	1	1	2	4	0	183.52558624759342	15.0	0	0.00023620266937166744	0.8859591739829465	1.2429496334774095	25.960716580668148	0.0	11.810133468583373	0.0	14.150583112084773	0.8346040141976465	11.810133468583373	1.730577612991955e-11
196.77397021950497	1	1	1	1	4	0	196.77397021950497	16.0	0	0.0002998031471363987	0.9957220709067186	1.2032204905034989	30.563653933780692	0.0	14.990157356819939	0.0	15.573496576960757	0.9625428228491858	14.990157356819939	4.09675824819448e-11
196.77397021950497	2	1	1	2	4	0	196.77397021950497	16.0	0	0.00031468615505196465	0.9218798018204876	1.1686754634286871	31.634779935894194	0.0	15.734307752598234	0.0	15.900472183295948	0.98954971721706	15.734307752598234	3.138051613541362e-11
210.1512866057031	1	1	1	1	4	0	210.1512866057031	17.0	0	0.00040019404141497717	0.9148367721659756	1.0668663895896446	37.868238790535095	0.0	20.009702070748855	0.0	17.858536719786233	1.1204558573144048	20.009702070748855	4.947189275782425e-11
210.1512866057031	2	1	1	2	4	0	210.1512866057031	17.0	0	0.00042461791760262416	1.0167855852690022	1.2028414537275622	39.6335719954168	0.0	21.230895880131214	0.0	18.402676115285583	1.1536852437725869	21.230895880131214	5.046293319098745e-11
223.65776436901845	1	1	1	1	4	0	223.65776436901845	18.0	0	0.000523836208336957	0.8369644523355187	1.1514966613564257	47.02351894058798	0.0	26.191810416847854	0.0	20.83170852374013	1.2573049583042737	26.191810416847854	6.306426892910199e-11
223.65776436901845	2	1	1	2	4	0	223.65776436901845	18.0	0	0.0005701201592459213	0.9997312202553365	1.159131608575365	50.40751601360649	0.0	28.50600796229607	0.0	21.901508051310426	1.3015545731149083	28.50600796229607	7.918459967301634e-11
237.29359419897813	1	1	1	1	4	0	237.29359419897813	19.0	0	0.0007129715405197379	1.1554684771131056	1.3189282992707083	61.459169304080774	0.0	35.6485770259869	0.0	25.81059227809387	1.3811607514424526	35.6485770259869	9.998441879829776e-11
237.29359419897813	2	1	1	2	4	0	237.29359419897813	19.0	0	0.0007439280979866876	0.8426650667771921	1.340217537413717	63.67331148981263	0.0	37.1964048993344	0.0	26.47690659047823	1.404862187061957	37.1964048993344	9.700250208690119e-11
251.0589284553002	1	1	1	1	4	0	251.0589284553002	20.0	0	0.0009037537313697703	0.7539281910578519	1.221037854794162	76.73110116018047	0.0	45.18768656848853	0.0	31.543414591691946	1.4325553258394	45.18768656848853	1.0893380016803843e-10
251.0589284553002	2	1	1	2	4	0	251.0589284553002	20.0	0	0.000981850498561668	0.9815476705449434	1.1886812809150993	82.71877203532523	0.0	49.092524928083414	0.0	33.626247107241824	1.459946593847243	49.092524928083414	1.3194666325447158e-10
264.95388112274634	1	1	1	1	4	0	264.95388112274634	21.0	0	0.0011706053392053699	0.8462668344588957	1.1429625413830429	98.18393329476969	0.0	58.5302669602685	0.0	39.653666334501175	1.4760367040599098	58.5302669602685	1.5693747914456731e-10
264.95388112274634	2	1	1	2	4	0	264.95388112274634	21.0	0	0.0012831803738692512	0.8886713230855064	1.212744786315448	106.9433936688318	0.0	64.15901869346257	0.0	42.784374975369246	1.499589949143784	64.15901869346257	1.7642317067429825e-10
278.9785277773454	1	1	1	1	4	0	278.9785277773454	22.0	0	0.0015326956496584233	0.9339522974472688	1.2129291632729522	128.02190758187862	0.0	76.63478248292117	0.0	51.387125098957455	1.491322628680699	76.63478248292117	2.955322013543988e-10
278.9785277773454	2	1	1	2	4	0	278.9785277773454	22.0	0	0.001625579885147047	0.7683208202263865	1.0884096362294264	135.15875187778937	0.0	81.27899425735237	0.0	53.87975762043701	1.5085256104886895	81.27899425735237	2.2094095054738215e-10
293.1329055639992	1	1	1	1	4	0	293.1329055639992	23.0	0	0.0019766490398573505	0.8175903952936999	1.1883529278606448	163.96152967460546	0.0	98.8324519928675	0.0	65.12907768173793	1.5174858221672616	98.8324519928675	3.5998882777039465e-10
293.1329055639992	2	1	1	2	4	0	293.1329055639992	23.0	0	0.0020477332014005247	0.7231694333915494	1.162591847794388	169.333579655415	0.0	102.38666007002622	0.0	66.94691958538878	1.529370741837272	102.38666007002622	3.210314567885952e-10
307.41701318547484	1	1	1	1	4	0	307.41701318547484	24.0	0	0.002584752869288609	0.8752064058317611	1.1751071441674874	213.16546216004863	0.0	129.23764346443042	0.0	83.92781869561827	1.5398665838455503	129.23764346443042	4.855958963766838e-10
307.41701318547484	2	1	1	2	4	0	307.41701318547484	24.0	0	0.00266110391990872	0.8474561889921028	1.2483901635303416	218.9636756379577	0.0	133.05519599543604	0.0	85.90847964252163	1.5488016613621745	133.05519599543604	4.919708637263754e-10
321.83081090278995	1	1	1	1	4	0	321.83081090278995	25.0	0	0.0032247651508858755	0.8788920475304349	1.1283486929779225	283.50601165888247	0.0	161.23825754429382	0.0	104.50068467701216	1.5429397237218547	161.23825754429382	6.558056950251558e-10
321.83081090278995	2	1	1	2	4	0	321.83081090278995	25.0	0	0.003301116201505987	0.8882915808535151	1.1334929548517938	292.8948651292404	0.0	165.0558100752994	0.0	106.48134562391552	1.5500913245242476	165.0558100752994	6.943066945522051e-10
336.3742205469876	1	1	1	1	4	0	336.3742205469876	26.0	0	0.003842184464555253	0.7661930226843869	1.1609610880444663	365.6236746443476	0.0	192.10922322776264	0.0	126.01876433144749	1.52444934884846	192.10922322776264	7.461640989482083e-10
336.3742205469876	2	1	1	2	4	0	336.3742205469876	26.0	0	0.003918535515175364	0.789389690185747	1.137508138388922	379.8142419196023	0.0	195.92677575876823	0.0	127.99942527835086	1.5306848084098883	195.92677575876823	7.800156391761521e-10
351.0471255422998	1	1	1	1	4	0	351.0471255422998	27.0	0	0.004507528306222473	0.8345333570518325	1.116516057888364	475.4805960097274	0.0	225.37641531112362	0.0	148.48284472483988	1.5178616474433706	225.37641531112362	9.848948939576938e-10
351.0471255422998	2	1	1	2	4	0	351.0471255422998	27.0	0	0.004583879356842585	0.8798807183835007	1.1412036636073333	498.2994156365638	0.0	229.1939678421293	0.0	150.46350567174326	1.5232528766287508	229.1939678421293	1.0036631799343404e-09
365.84937094069124	1	1	1	1	4	0	365.84937094069124	28.0	0	0.005178246120388561	0.8238096228973872	1.1371647283709003	607.0015492966472	0.0	258.9123060194281	0.0	171.892772496187	1.5062431204032811	258.9123060194281	1.290197234491201e-09
365.84937094069124	2	1	1	2	4	0	365.84937094069124	28.0	0	0.005254597171008672	0.8015549763591551	1.1232518997001495	628.7957519518562	0.0	262.7298585504337	0.0	173.8734334430904	1.5110408378541993	262.7298585504337	1.2777383604595446e-09
380.78076346777357	1	1	1	1	4	0	380.78076346777357	29.0	0	0.0058347970941604104	0.806433625944412	1.084309593544018	759.5356350287192	0.0	291.7398547080205	0.0	196.247422799486	1.4865920303376567	291.7398547080205	1.5899223590488459e-09
380.78076346777357	2	1	1	2	4	0	380.78076346777357	29.0	0	0.0059111481447805215	0.8352931997023335	1.105725406637322	788.7353024245099	0.0	295.55740723902613	0.0	198.2280837463894	1.4909966421163547	295.55740723902613	1.6187499682094798e-09
395.84107158007737	1	1	1	1	4	0	395.84107158007737	30.0	0	0.00652851958161005	0.8985472499235214	1.0685751014216456	948.6833620460533	0.0	326.4259790805025	0.0	221.54466873314428	1.473409317168856	326.4259790805025	1.9026980266742974e-09
395.84107158007737	2	1	1	2	4	0	395.84107158007737	30.0	0	0.006604870632230162	0.8160181956124807	1.0855120953189048	966.8697068431983	0.0	330.24353161150816	0.0	223.5253296800476	1.4774322538041489	330.24353161150816	1.7656035035000668e-09
411.03002553366304	1	1	1	1	4	0	411.03002553366304	31.0	0	0.007228752406326669	0.8131023602017861	1.1194036407616346	1147.3995000443565	0.0	361.4376203163335	0.0	247.78135131015446	1.4586958155051482	361.4376203163335	2.1049449652183824e-09
411.03002553366304	2	1	1	2	4	0	411.03002553366304	31.0	0	0.007305103456946781	0.8086430193337542	1.110151205474542	1168.1492369348387	0.0	365.2551728473391	0.0	249.76201225705788	1.4624128367103897	365.2551728473391	2.1336715944249063e-09
426.3473174640513	1	1	1	1	4	0	426.3473174640513	32.0	0	0.007903231671288492	0.8370194655330502	1.1136953034544734	1377.3439540335794	0.0	395.1615835644246	0.0	274.95325002262274	1.4371955360844482	395.1615835644246	2.3066096056794804e-09
426.3473174640513	2	1	1	2	4	0	426.3473174640513	32.0	0	0.007979582721908605	0.8446472983694681	1.1264532181616669	1403.1023164989083	0.0	398.97913609543025	0.0	276.9339109695261	1.440701626964471	398.97913609543025	2.3856383124585422e-09
441.79260147745117	1	1	1	1	4	0	441.79260147745117	33.0	0	0.008628051411452498	0.8449315200212308	1.083483274780165	1626.5980838047608	0.0	431.402570572625	11.86334260539778	303.055054054463	1.462658045948186	443.26591317802274	2.6179998881699042e-09
441.79260147745117	2	1	1	2	4	0	441.79260147745117	33.0	0	0.008704402462072611	0.8092162494038159	1.1044561517541414	1645.9902797960672	0.0	435.2201231036306	11.86334260539778	305.0357150013664	1.4656758003141557	447.0834657090284	2.54258782065754e-09
457.365493753255	1	1	1	1	4	0	457.365493753255	34.0	0	0.009353440790700888	0.842725427696795	1.0843518564139567	1897.9151510985207	0.0	467.6720395350444	33.638863238761594	332.0803341962078	1.5096073183231902	501.310902773806	3.301381300317654e-09
457.365493753255	2	1	1	2	4	0	457.365493753255	34.0	0	0.009429791841320999	0.8323844168748413	1.1024836650928689	1917.5028780116752	0.0	471.48959206605014	33.638863238761594	334.0609951431112	1.5120845074667144	505.1284553048117	3.254671009848709e-09
473.0655726577729	1	1	1	1	4	0	473.0655726577729	35.0	0	0.010042887491291655	0.8011362401861031	1.0681975997706796	2178.632969722505	0.0	502.1443745645827	63.26574790347243	362.0215155159223	1.5618135890688174	565.4101224680551	3.606998274729763e-09
473.0655726577729	2	1	1	2	4	0	473.0655726577729	35.0	0	0.010119238541911766	0.8266595114433618	1.0470955847198788	2204.2844871185616	0.0	505.96192709558835	63.26574790347243	364.0021764628256	1.5638029435167242	569.2276749990607	3.941991136178448e-09
488.8923788691719	1	1	1	1	4	0	488.8923788691719	36.0	0	0.010761344884186829	0.8502638952487722	1.0881942434638778	2496.2339590830225	0.0	538.0672442093415	98.57176754760937	392.8698508401562	1.620483247557663	636.6390117569509	4.132259514124233e-09
488.8923788691719	2	1	1	2	4	0	488.8923788691719	36.0	0	0.010837695934806943	0.8194044557863769	1.0967796729525967	2513.972372289999	0.0	541.8847967403469	98.57176754760937	394.8505117870595	1.6220228799737526	640.4565642879564	4.008946303683878e-09
504.8454155135833	1	1	1	1	4	0	504.8454155135833	37.0	0	0.011472894049720891	0.8310717344702535	1.0555354018197116	2833.9203580429394	7.015059303619688	573.6447024860448	137.2716074713363	424.615395098711	1.674259384288488	717.9313692610008	4.553824706127152e-09
504.8454155135833	2	1	1	2	4	0	504.8454155135833	37.0	0	0.011549245100341004	0.8404300171343516	1.0611581465097029	2858.2777645929636	7.015059303619688	577.4622550170502	137.2716074713363	426.5960560456144	1.6754347640100138	721.7489217920062	4.710985302257724e-09
520.9241483123367	1	1	1	1	4	0	520.9241483123367	38.0	0	0.012139881229098792	0.8189535871577303	1.080612644347708	3188.346276715779	20.920301141753512	606.9940614549397	176.96529644246598	457.24698058675165	1.7145205789908289	804.8796590391589	4.767130987650848e-09
520.9241483123367	2	1	1	2	4	0	520.9241483123367	38.0	0	0.012216232279718905	0.8186076146177632	1.0650356864861683	3218.0547046558117	20.920301141753512	610.8116139859451	176.96529644246598	459.22764153365495	1.7154387915272693	808.6972115701645	4.968815858356238e-09
537.1280057402779	1	1	1	1	4	0	537.1280057402779	39.0	0	0.012843504506592978	0.802450578332348	1.0904035518771464	3555.4255211912073	41.57746167947757	642.1752253296489	228.13453234226182	490.7521931974373	1.7734200065444667	911.8872193513882	5.132793624423229e-09
537.1280057402779	2	1	1	2	4	0	537.1280057402779	39.0	0	0.01291985555721309	0.8063516346502027	1.057955703060496	3589.5935857624654	41.57746167947757	645.9927778606544	228.13453234226182	492.73285414434076	1.774039021044962	915.7047718823936	5.352429027717983e-09
553.4563791951257	1	1	1	1	4	0	553.4563791951257	40.0	0	0.013525815931531364	0.8209550553085737	1.0718268339097858	3953.369411682494	68.8346330571118	676.2907965765683	285.8563949510358	525.1173496777989	1.8322517664250817	1030.981824584716	7.210322495815187e-09
553.4563791951257	2	1	1	2	4	0	553.4563791951257	40.0	0	0.01360216698215148	0.8054465122734222	1.0537207788767282	3983.4948460307783	68.8346330571118	680.1083491075738	285.8563949510358	527.0980106247019	1.8326093526966163	1034.7993771157212	6.2506724661316646e-09
569.9086231778117	1	1	1	1	4	0	569.9086231778117	41.0	0	0.014243388814236441	0.8348065315187688	1.0647203585728766	4380.492226902112	102.52601851334668	712.1694407118221	344.97084620866616	560.3274759600296	1.886647241613935	1159.6663054338346	7.644295121087517e-09
569.9086231778117	2	1	1	2	4	0	569.9086231778117	41.0	0	0.01431973986485655	0.8240734509947967	1.05634292022846	4410.372974834912	102.52601851334668	715.9869932428275	344.97084620866616	562.3081369069329	1.8867908355149623	1163.4838579648406	7.35427710256541e-09
586.4840554837581	1	1	1	1	4	0	586.4840554837581	42.0	0	0.014979808209803996	0.8044356475570907	1.0543523632800909	4820.6802166970065	142.47170017444452	748.9904104901999	400.0782610971759	596.366286619711	1.9267834171184637	1291.5403717618206	7.817353642451743e-09
586.4840554837581	2	1	1	2	4	0	586.4840554837581	42.0	0	0.015056159260424109	0.8175172779473733	1.0502818637371778	4863.600128418933	142.47170017444452	752.8079630212054	400.0782610971759	598.3469475666142	1.9267855026368792	1295.3579242928258	8.249651372267861e-09
603.1819574050269	1	1	1	1	4	0	603.1819574050269	43.0	0	0.01569352126524865	0.808106933275636	1.0497461174256482	5296.336531995205	188.47742008486333	784.6760632624325	445.5372001664082	633.2161655117297	1.9428014166925944	1418.690683513704	8.598626913293196e-09
603.1819574050269	2	1	1	2	4	0	603.1819574050269	43.0	0	0.015769872315868762	0.8282626550714725	1.0561210122102176	5355.496438322976	188.47742008486333	788.4936157934379	445.5372001664082	635.1968264586329	1.9427534341439472	1422.5082360447095	8.900027681243303e-09
620.0015739432909	1	1	1	1	4	0	620.0015739432909	44.0	0	0.01634113321890885	0.8032737975618074	1.0535538717092667	5799.50147866206	240.3343750448304	817.0566609454423	486.7965064426599	670.8581476337882	1.943560157966296	1544.1875424329328	9.187142574009863e-09
620.0015739432909	2	1	1	2	4	0	620.0015739432909	44.0	0	0.016417484269528958	0.8084611982849629	1.0339583994433157	5862.222379369767	240.3343750448304	820.8742134764481	486.7965064426599	672.8388085806916	1.9435126262671316	1548.005094963938	9.121604966761648e-09
636.9421140335545	1	1	1	1	4	0	636.9421140335545	45.0	0	0.017008740987214978	0.825973415064873	1.0419772508013168	6334.937815546319	297.8190258094122	850.4370493607489	539.6599945120054	709.2719022664487	1.9598930106081427	1687.9160696821664	9.750036755327724e-09
636.9421140335545	2	1	1	2	4	0	636.9421140335545	45.0	0	0.017085092037835092	0.8087434776350316	1.0411739030137634	6392.133378960961	297.8190258094122	854.2546018917543	539.6599945120054	711.2525632133519	1.959802563109544	1691.7336222131719	9.862474157059481e-09
654.0027507785644	1	1	1	1	4	0	654.0027507785644	46.0	0	0.01769673802974784	0.8121028423395403	1.0425814773646964	6885.330052311761	360.69292119149117	884.836901487392	598.4568926302895	748.4357174375874	1.9818586413754025	1843.9867153091727	1.1278573845144336e-08
654.0027507785644	2	1	1	2	4	0	654.0027507785644	46.0	0	0.01777308908036795	0.7643025486064355	1.0467959929270656	6913.633787843315	360.69292119149117	888.6544540183975	598.4568926302895	750.4163783844908	1.981714937845794	1847.8042678401785	1.1325319664474409e-08
671.1826216938364	1	1	1	1	4	0	671.1826216938364	47.0	0	0.0184370957062592	0.7943326713922678	1.0424492587204588	7449.764844924319	428.702537597776	921.8547853129598	657.2664508030814	788.3264857579748	2.0031310182325277	2007.8237737138168	1.220803893320239e-08
671.1826216938364	2	1	1	2	4	0	671.1826216938364	47.0	0	0.01851344675687931	0.7822593559371329	1.0420019236959184	7473.7121355763	428.702537597776	925.6723378439656	657.2664508030814	790.3071467048779	2.0029412554941235	2011.6413262448227	1.2602087190077766e-08
688.4808289632283	1	1	1	1	4	0	688.4808289632283	48.0	0	0.019184255687958767	0.8127479562786091	1.0356578147663926	8057.515158378548	501.57913451254234	959.2127843979384	709.916576233926	828.9196916734244	2.0136201098832913	2170.7084951444067	1.3262721231105836e-08
688.4808289632283	2	1	1	2	4	0	688.4808289632283	48.0	0	0.01926060673857888	0.8072229285296642	1.0464865828821683	8081.799520083492	501.57913451254234	963.0303369289439	709.916576233926	830.9003526203278	2.0134146145046925	2174.526047675412	1.3610706955638742e-08
705.8964397049822	1	1	1	1	4	0	705.8964397049822	49.0	0	0.019890749758563014	0.7820006325566888	1.0516202216237347	8673.92007183303	579.0386264282525	994.5374879281508	752.8416297505372	870.1894001776054	2.0080445904328967	2326.4177441069405	1.3570107312974417e-08
705.8964397049822	2	1	1	2	4	0	705.8964397049822	49.0	0	0.019967100809183125	0.7653884256622021	1.0417931161760523	8699.21588979731	579.0386264282525	998.3550404591564	752.8416297505372	872.1700611245088	2.0078614805372195	2330.2352966379462	1.3984577808148229e-08
723.4284862481575	1	1	1	1	4	0	723.4284862481575	50.0	0	0.020647463165963532	0.7924405375484954	1.0396149805898185	9318.076503449698	660.7814717055172	1032.3731582981763	810.4757308638319	912.1082470281312	2.0204278331727124	2503.630360867525	1.4501083755641792e-08
723.4284862481575	2	1	1	2	4	0	723.4284862481575	50.0	0	0.02072381421658364	0.7797983380496522	1.0189376614738026	9343.625087997274	660.7814717055172	1036.190710829182	810.4757308638319	914.0889079750343	2.020226288254501	2507.4479133985315	1.4531688773730731e-08
741.0759664193733	1	1	1	1	4	0	741.0759664193733	51.0	0	0.021382502112509368	0.7543034264869297	1.0203768336882912	9964.353194262725	746.4925788270981	1069.1251056254687	876.5594057224796	954.6474305069946	2.0381184185606966	2692.177090175046	1.5958436324399282e-08
741.0759664193733	2	1	1	2	4	0	741.0759664193733	51.0	0	0.021458853163129482	0.7682939170820579	1.0341490640799935	9999.77671526429	746.4925788270981	1072.9426581564744	876.5594057224796	956.628091453898	2.037889208246092	2695.9946427060518	1.713774622966988e-08
758.8378438397727	1	1	1	1	4	0	758.8378438397727	52.0	0	0.022187703110211097	0.7658245399741413	1.0379229656087776	10650.78022162288	835.8412304917856	1109.385155510555	944.5756310611807	997.7767047647546	2.0585375232387264	2889.802017063521	1.8288331115313988e-08
758.8378438397727	2	1	1	2	4	0	758.8378438397727	52.0	0	0.022264054160831208	0.7690303520744007	1.023239426547675	10682.317205674824	835.8412304917856	1113.2027080415608	944.5756310611807	999.757365711658	2.058277747859304	2893.619569594527	1.8457706491959913e-08
776.7130482321257	1	1	1	1	4	0	776.7130482321257	53.0	0	0.02301294529439821	0.7500377833078246	1.029765169036091	11352.505724047483	928.4810259740648	1150.6472647199105	1007.7495086544756	1041.4643747861364	2.07246337525238	3086.877799348451	1.8673925598979016e-08
776.7130482321257	2	1	1	2	4	0	776.7130482321257	53.0	0	0.023089296345018318	0.7683536370912636	1.039465440322399	11398.062732950431	928.4810259740648	1154.4648172509162	1007.7495086544756	1043.4450357330395	2.0721880423595054	3090.6953518794567	1.906779650606265e-08
794.7004757379742	1	1	1	1	4	0	794.7004757379742	54.0	0	0.023806153678626683	0.7625501076739686	1.0067645719371048	12104.27849773806	1024.0498421545199	1190.3076839313335	1059.048258242922	1085.6772930128614	2.071845802293674	3273.4057843287765	1.9717245319715626e-08
794.7004757379742	2	1	1	2	4	0	794.7004757379742	54.0	0	0.023882504729246787	0.7638838409716195	1.0298603612832038	12151.038501062263	1024.0498421545199	1194.1252364623394	1059.048258242922	1087.6579539597647	2.0715827862079994	3277.2233368597813	1.9885754391863208e-08
812.7989892447298	1	1	1	1	4	0	812.7989892447298	55.0	0	0.02466236337440973	0.7456662978472993	0.9989448643451678	12866.193371618196	1122.1698136039506	1233.1181687204867	1118.4605119973603	1130.3808576576002	2.0803419173170004	3473.7484943217983	1.9929959498226345e-08
812.7989892447298	2	1	1	2	4	0	812.7989892447298	55.0	0	0.024738714425029843	0.7711339270633459	1.0203958839236609	12931.025268742384	1122.1698136039506	1236.9357212514924	1118.4605119973603	1132.3615186045035	2.0800744237154842	3477.5660468528026	2.0648999786641078e-08
831.0074187226242	1	1	1	1	4	0	831.0074187226242	56.0	0	0.025501188276809156	0.7533943856418057	1.0190841390183134	13658.043284270912	1222.4473320812006	1275.0594138404574	1185.9135452722826	1175.5390127409205	2.093484718448148	3683.4202911939396	2.214885203116195e-08
831.0074187226242	2	1	1	2	4	0	831.0074187226242	56.0	0	0.025577539327429264	0.7673364771609008	1.0002155265566055	13737.36684753542	1222.4473320812006	1278.8769663714634	1185.9135452722826	1177.5196736878238	2.09320537628418	3687.237843724946	2.4908823731443746e-08
849.3245615714155	1	1	1	1	4	0	849.3245615714155	57.0	0	0.026327568122317124	0.7239321443753167	1.0122481824680352	14464.283827987932	1324.473065780785	1316.3784061158565	1254.223101530684	1221.1142498809966	2.1051277617119433	3895.074573427325	2.4277854661073955e-08
849.3245615714155	2	1	1	2	4	0	849.3245615714155	57.0	0	0.02640391917293724	0.7435221457532171	0.9953649224499344	14551.422282032125	1324.473065780785	1320.195958646862	1254.223101530684	1223.0949108278999	2.104839973894544	3898.8921259583312	2.4864422430798723e-08
867.7491829767432	1	1	1	1	4	0	867.7491829767432	58.0	0	0.02716418830529925	0.7340662285741886	0.9894759125193436	15305.984623504351	1427.8219986415347	1358.2094152649624	1315.9445103417586	1267.0676118636752	2.110506101306956	4101.975924248256	2.577413891156602e-08
867.7491829767432	2	1	1	2	4	0	867.7491829767432	58.0	0	0.02724053935591936	0.7604240768474995	1.0081579249348132	15415.552321539648	1427.8219986415347	1362.0269677959684	1315.9445103417586	1269.0482728105785	2.1102203403238446	4105.793476779261	2.601690048650672e-08
886.2800162760308	1	1	1	1	4	0	886.2800162760308	59.0	0	0.027953879090645912	0.7238821072849637	1.0113988327529977	16173.661262441072	1532.0534900017474	1397.6939545322955	1363.3739103596945	1313.3586980182179	2.102295335659848	4293.121354893738	2.683254946018836e-08
886.2800162760308	2	1	1	2	4	0	886.2800162760308	59.0	0	0.028030230141266026	0.7448640779172703	1.0106308460407158	16307.96685695791	1532.0534900017474	1401.5115070633015	1363.3739103596945	1315.3393589651214	2.1020319954527507	4296.938907424745	2.6666189837756947e-08
