11.247441493196291	1	1	1	1	4	0	11.247441493196291	1.0	0	0.0			15.0	0.0	0.0	0.0	0.0		0.0	0.0
11.247441493196291	2	1	1	2	4	0	11.247441493196291	1.0	0	0.0			15.0	0.0	0.0	0.0	0.0		0.0	0.0
11.367595075476835	1	1	1	1	4	0	11.367595075476835	1.0	0	0.0			15.0	0.0	0.0	0.0	0.0		0.0	0.0
11.367595075476835	2	1	1	2	4	0	11.367595075476835	1.0	0	0.0			15.0	0.0	0.0	0.0	0.0		0.0	0.0
22.856168219862568	1	1	1	1	4	0	22.856168219862568	2.0	0	0.0			14.552750241652504	0.0	0.0	0.0	0.7285827694774977	0.0	0.0	0.0
22.856168219862568	2	1	1	2	4	0	22.856168219862568	2.0	0	0.0			14.552750241652504	0.0	0.0	0.0	0.7285827694774977	0.0	0.0	0.0
34.4665080713728	1	1	1	1	4	0	34.4665080713728	3.0	0	0.0			13.791431040067982	0.0	0.0	0.0	2.1993864847666735	0.0	0.0	0.0
34.4665080713728	2	1	1	2	4	0	34.4665080713728	3.0	0	0.0			13.791431040067982	0.0	0.0	0.0	2.1993864847666735	0.0	0.0	0.0
46.1993671861199	1	1	1	1	4	0	46.1993671861199	4.0	0	0.0			12.713098668736418	0.0	0.0	0.0	4.42587529936556	0.0	0.0	0.0
46.1993671861199	2	1	1	2	4	0	46.1993671861199	4.0	0	0.0			12.713098668736418	0.0	0.0	0.0	4.42587529936556	0.0	0.0	0.0
58.05546181511435	1	1	1	1	4	0	58.05546181511435	5.0	0	0.0			11.314922877436091	0.0	0.0	0.0	7.421310407022852	0.0	0.0	0.0
58.05546181511435	2	1	1	2	4	0	58.05546181511435	5.0	0	0.0			11.314922877436091	0.0	0.0	0.0	7.421310407022852	0.0	0.0	0.0
70.03547169202406	1	1	1	1	4	0	70.03547169202406	6.0	0	2.500826149469408e-05			10.075555122184273	0.0	1.2504130747347042	0.0	8.825142047449571	0.14168758621806754	1.2504130747347042	0.0
70.03547169202406	2	1	1	2	4	0	70.03547169202406	6.0	0	2.500826149469408e-05			10.075555122184273	0.0	1.2504130747347042	0.0	8.825142047449571	0.14168758621806754	1.2504130747347042	0.0
82.14003983175478	1	1	1	1	4	0	82.14003983175478	7.0	0	2.500826149469408e-05	0.30607360334112843	0.8053262347110322	10.075555122184273	0.0	1.2504130747347042	0.0	8.825142047449571	0.14168758621806754	1.2504130747347042	2.783477622568739e-13
82.14003983175478	2	1	1	2	4	0	82.14003983175478	7.0	0	2.500826149469408e-05	0.5300964981030981	1.2801038423072209	10.075555122184273	0.0	1.2504130747347042	0.0	8.825142047449571	0.14168758621806754	1.2504130747347042	2.783477622568739e-13
94.36977233991071	1	1	1	1	4	0	94.36977233991071	8.0	0	2.526441975540943e-05	0.33249487586639503	2.5170409622504293	10.09585725214345	0.0	1.2632209877704716	0.0	8.832636264372978	0.1430174355606329	1.2632209877704716	5.635490023375181e-13
94.36977233991071	2	1	1	2	4	0	94.36977233991071	8.0	0	2.500826149469408e-05	0.22908940808801884	0.7641907069353192	10.075555122184273	0.0	1.2504130747347042	0.0	8.825142047449571	0.14168758621806754	1.2504130747347042	4.903601526550026e-13
106.72523823319248	1	1	1	1	4	0	106.72523823319248	9.0	0	2.790972115241121e-05	0.4267224871880442	0.8302112704068841	10.298734954577894	0.0	1.3954860576205603	0.0	8.903248896957331	0.15673896953475774	1.3954860576205603	1.1038848503694901e-12
106.72523823319248	2	1	1	2	4	0	106.72523823319248	9.0	0	2.9893587088570866e-05	0.7694121514962358	0.8012754951582504	10.450228357246733	0.0	1.4946793544285435	0.0	8.95554900281819	0.1668998018946899	1.4946793544285435	1.6387301262217065e-12
119.20696927078512	1	1	1	1	4	0	119.20696927078512	10.0	0	3.763198537830702e-05	1.467120727396991	2.0106453956119914	11.034944824612843	0.0	1.8815992689153511	0.0	9.153345555697493	0.20556410303379746	1.8815992689153511	2.767182864839025e-12
119.20696927078512	2	1	1	2	4	0	119.20696927078512	10.0	0	3.751550960506044e-05	0.8138365248081486	1.7978846820844794	11.02739170674048	0.0	1.875775480253022	0.0	9.15161622648746	0.20496658009150098	1.875775480253022	2.2938673687155905e-12
131.81545979678634	1	1	1	1	4	0	131.81545979678634	11.0	0	4.525403964858776e-05	1.0387143351954096	1.0441114379438765	11.61179193592411	0.0	2.2627019824293884	0.0	9.349089953494722	0.2420237684827904	2.2627019824293884	2.6910591716695733e-12
131.81545979678634	2	1	1	2	4	0	131.81545979678634	11.0	0	4.3144357008307146e-05	0.7357955925355616	1.2067805084373933	11.453390295760656	0.0	2.1572178504153574	0.0	9.2961724453453	0.2320544141256224	2.1572178504153574	2.220155464075554e-12
144.55116659372186	1	1	1	1	4	0	144.55116659372186	12.0	0	6.192862303169997e-05	1.5900245340806058	1.279939922037119	12.88447148725117	0.0	3.096431151584998	0.0	9.788040335666171	0.3163484257724256	3.096431151584998	4.842586473532293e-12
144.55116659372186	2	1	1	2	4	0	144.55116659372186	12.0	0	5.743147076910594e-05	1.1091441930352992	1.1701868952127858	12.543847377241175	0.0	2.871573538455297	0.0	9.672273838785877	0.2968871215101737	2.871573538455297	4.245076941198582e-12
157.41450874719058	1	1	1	1	4	0	157.41450874719058	13.0	0	8.257259470211054e-05	1.1238289155184642	1.7010357588173106	14.486333629977505	0.0	4.128629735105527	0.0	10.357703894871976	0.3986047271683042	4.128629735105527	6.1120799923333604e-12
157.41450874719058	2	1	1	2	4	0	157.41450874719058	13.0	0	7.645076473011761e-05	1.1083202189061756	1.2472566415817352	14.019643191338133	0.0	3.8225382365058818	0.0	10.197104954832255	0.37486504781873775	3.8225382365058818	5.64982878851595e-12
170.4058675216809	1	1	1	1	4	0	170.4058675216809	14.0	0	0.00010253064094039856	1.2146954978668627	1.4792949497883103	15.96667655842031	0.0	5.1265320470199285	0.0	10.840144511400382	0.4729210059541594	5.1265320470199285	6.2963339548799516e-12
170.4058675216809	2	1	1	2	4	0	170.4058675216809	14.0	0	9.094370590277944e-05	0.8057570661527653	1.2729916950551599	15.094624315298491	0.0	4.547185295138973	0.0	10.547439020159516	0.4311174766166321	4.547185295138973	4.93618420262332e-12
183.52558624759342	1	1	1	1	4	0	183.52558624759342	15.0	0	0.00013212309281523339	0.975153742299544	1.7816766651812015	18.117336220574238	0.0	6.60615464076167	0.0	11.511181579812567	0.5738902296830275	6.60615464076167	9.438304582073577e-12
183.52558624759342	2	1	1	2	4	0	183.52558624759342	15.0	0	0.00011806025979759895	1.077761523626332	1.3434292034011122	17.065345730505214	0.0	5.903012989879949	0.0	11.162332740625265	0.5288332758972466	5.903012989879949	8.546536450056949e-12
196.77397021950497	1	1	1	1	4	0	196.77397021950497	16.0	0	0.00015299259702238882	0.7036592237798583	1.2665495442521482	19.62612355382189	0.0	7.649629851119442	0.0	11.976493702702456	0.6387203167312089	7.649629851119442	1.1411747597734989e-11
196.77397021950497	2	1	1	2	4	0	196.77397021950497	16.0	0	0.00012874194996435512	0.3929647407761717	0.9049249513631724	17.83759209828198	0.0	6.437097498217758	0.0	11.400494600064222	0.5646331781238242	6.437097498217758	5.883726559457024e-12
210.1512866057031	1	1	1	1	4	0	210.1512866057031	17.0	0	0.00019010607708373016	1.21911012917748	1.2970120357290935	22.32655337253881	0.0	9.505303854186511	0.0	12.821249518352301	0.741371099640534	9.505303854186511	2.0898159052408507e-11
210.1512866057031	2	1	1	2	4	0	210.1512866057031	17.0	0	0.0001513846401814472	0.7438287631095315	1.1268439532746928	19.485106579196852	0.0	7.569232009072362	0.0	11.915874570124489	0.6352225314665497	7.569232009072362	9.344697346443838e-12
223.65776436901845	1	1	1	1	4	0	223.65776436901845	18.0	0	0.00021766642438137275	1.105598697949209	1.2076400553832367	24.36730295517828	0.0	10.883321219068637	0.0	13.483981736109646	0.807129632185979	10.883321219068637	1.866151158089007e-11
223.65776436901845	2	1	1	2	4	0	223.65776436901845	18.0	0	0.00017129064396400332	0.9176900460664676	1.156032857501812	20.95907816861677	0.0	8.564532198200167	0.0	12.394545970416601	0.6909920071813892	8.564532198200167	1.3143344655176147e-11
237.29359419897813	1	1	1	1	4	0	237.29359419897813	19.0	0	0.00029234202162426294	0.9879941009761216	1.0933746936821218	30.066876905970283	0.0	14.617101081213145	0.0	15.449775824757133	0.9461044125824992	14.617101081213145	4.042721273239622e-11
237.29359419897813	2	1	1	2	4	0	237.29359419897813	19.0	0	0.0002246012965086478	0.9116382355501992	1.0700094363425436	25.02798444806548	0.0	11.230064825432391	0.0	13.797919622633088	0.8138955097992758	11.230064825432391	2.5370157825779422e-11
251.0589284553002	1	1	1	1	4	0	251.0589284553002	20.0	0	0.00036403052471659976	0.8168479683048259	1.221859743420079	35.80547299407456	0.0	18.201526235829988	0.0	17.603946758244568	1.033945767150514	18.201526235829988	4.4671046266240606e-11
251.0589284553002	2	1	1	2	4	0	251.0589284553002	20.0	0	0.00028234101945242424	0.8602895444833638	1.0212354373744386	29.649994030084486	0.0	14.117050972621213	0.0	15.532943057463276	0.9088458587915988	14.117050972621213	3.5212333745980385e-11
264.95388112274634	1	1	1	1	4	0	264.95388112274634	21.0	0	0.00047740903779130647	0.9100301990255804	1.2219483828526516	44.92023991786797	0.0	23.87045188956533	0.0	21.04978802830264	1.1339996325602022	23.87045188956533	6.648729776178112e-11
264.95388112274634	2	1	1	2	4	0	264.95388112274634	21.0	0	0.00036414907788651383	0.8324838666330436	1.1862083015417948	36.226737408465816	0.0	18.207453894325692	0.0	18.01928351414012	1.0104427226553103	18.207453894325692	4.813038991734378e-11
278.9785277773454	1	1	1	1	4	0	278.9785277773454	22.0	0	0.0005245089041565005	0.8671936071139652	1.3535767725444614	48.80149429270199	0.0	26.22544520782502	0.0	22.576049084876967	1.1616490161421862	26.22544520782502	4.883793482250974e-11
278.9785277773454	2	1	1	2	4	0	278.9785277773454	22.0	0	0.0003957054653112618	0.7237358369258161	1.2077878182677326	38.82713473861132	0.0	19.785273265563095	0.0	19.041861473048233	1.0390409201099948	19.785273265563095	3.669387664186849e-11
293.1329055639992	1	1	1	1	4	0	293.1329055639992	23.0	0	0.0006607625296959963	0.7258405287408547	1.2072269202181445	59.83171484909686	0.0	33.038126484799825	0.0	26.793588364297037	1.2330609112747195	33.038126484799825	9.100257017224169e-11
293.1329055639992	2	1	1	2	4	0	293.1329055639992	23.0	0	0.0005259990846041741	0.9771725082974829	1.1466198916855803	49.37487137461866	0.0	26.2999542302087	0.0	23.074917144409962	1.1397637558399654	26.2999542302087	1.03376847518379e-10
307.41701318547484	1	1	1	1	4	0	307.41701318547484	24.0	0	0.0007583742407971582	0.7655642159135922	1.1822042337592733	67.72983982440272	0.0	37.91871203985792	0.0	29.811127784544805	1.2719650297670515	37.91871203985792	9.558196022626595e-11
307.41701318547484	2	1	1	2	4	0	307.41701318547484	24.0	0	0.0006131869971276009	0.9200454627753342	1.1619645697531524	56.429568210456274	0.0	30.659349856380054	0.0	25.770218354076217	1.1897202202607835	30.659349856380054	8.087431743351148e-11
321.83081090278995	1	1	1	1	4	0	321.83081090278995	25.0	0	0.0009916568084987944	0.8894174273486549	1.218416834761587	86.89271649778877	0.0	49.58284042493972	0.0	37.309876072849065	1.328946800255439	49.58284042493972	1.9353443089075163e-10
321.83081090278995	2	1	1	2	4	0	321.83081090278995	25.0	0	0.000796494996027292	0.8567042615110029	1.2723498511014386	71.4873096043724	0.0	39.82474980136461	0.0	31.6625598030078	1.2577868008505566	39.82474980136461	1.5277671432359119e-10
336.3742205469876	1	1	1	1	4	0	336.3742205469876	26.0	0	0.001248953089815734	0.9288912883559476	1.110110808215667	108.72472960259014	0.0	62.44765449078672	0.0	46.277075111803434	1.3494295899193247	62.44765449078672	2.261177371435971e-10
336.3742205469876	2	1	1	2	4	0	336.3742205469876	26.0	0	0.0009977861370282642	0.8944869573138295	1.2232391149501762	88.56719434161175	0.0	49.88930685141321	0.0	38.67788749019854	1.2898663833193005	49.88930685141321	1.8445807710703117e-10
351.0471255422998	1	1	1	1	4	0	351.0471255422998	27.0	0	0.0014930812313696386	0.9038522362420076	1.120694535633704	129.17366310754485	0.0	74.65406156848195	0.0	54.51960153906289	1.3693068082126916	74.65406156848195	2.3206395873342204e-10
351.0471255422998	2	1	1	2	4	0	351.0471255422998	27.0	0	0.0011979462916175026	0.9321610446051151	1.1861126854341948	105.33323231447292	0.0	59.89731458087513	0.0	45.43591773359778	1.3182811654002051	59.89731458087513	1.9036572374795432e-10
365.84937094069124	1	1	1	1	4	0	365.84937094069124	28.0	0	0.0019075609510943094	0.8802802569983292	1.208102220663992	164.3641506485441	0.0	95.3780475547155	0.0	68.98610309382859	1.3825689998026272	95.3780475547155	4.335167054819955e-10
365.84937094069124	2	1	1	2	4	0	365.84937094069124	28.0	0	0.0015328377092112696	0.8927672324871646	1.1462686390683954	133.76645038904968	0.0	76.64188546056349	0.0	57.12456492848619	1.3416624801696235	76.64188546056349	3.192396996250481e-10
380.78076346777357	1	1	1	1	4	0	380.78076346777357	29.0	0	0.0024592529174431647	0.8718821880533615	1.17703334411428	212.41367164879875	0.0	122.96264587215825	0.0	89.45102577664049	1.374636509805895	122.96264587215825	6.215508101969445e-10
380.78076346777357	2	1	1	2	4	0	380.78076346777357	29.0	0	0.001928580778096536	0.7410599971383488	1.1526838846489444	168.233627834015	0.0	96.42903890482677	0.0	71.8045889291882	1.3429369952931915	96.42903890482677	4.384498686045142e-10
395.84107158007737	1	1	1	1	4	0	395.84107158007737	30.0	0	0.0026705542152675025	0.7849554676632063	1.139021524070421	230.68403800258568	0.0	133.52771076337515	0.0	97.15632723921057	1.3743593912789014	133.52771076337515	3.4525029933144504e-10
395.84107158007737	2	1	1	2	4	0	395.84107158007737	30.0	0	0.002114933657744643	0.9610108875500424	1.132075897465397	184.34680563893585	0.0	105.74668288723215	0.0	78.6001227517037	1.345375543767075	105.74668288723215	2.8356437756627884e-10
411.03002553366304	1	1	1	1	4	0	411.03002553366304	31.0	0	0.0033707870399841216	0.8415174398530918	1.0848171031954879	300.70031791327574	0.0	168.53935199920613	0.0	123.39300981622084	1.3658743898882555	168.53935199920613	9.092939864831516e-10
411.03002553366304	2	1	1	2	4	0	411.03002553366304	31.0	0	0.0027479792137496627	0.8885469954107017	1.1280987308465096	239.71835897645155	0.0	137.39896068748314	0.0	102.31939828896842	1.3428437127771584	137.39896068748314	7.383505283175932e-10
426.3473174640513	1	1	1	1	4	0	426.3473174640513	32.0	0	0.004045266304945946	0.8284390394236536	1.1305047925701412	357.0861552719353	0.0	202.26331524729733	0.0	150.5649085286891	1.34336292050918	202.26331524729733	8.608519106962456e-10
426.3473174640513	2	1	1	2	4	0	426.3473174640513	32.0	0	0.003285264776964777	0.8632826084990806	1.1433337045849636	288.2275855614985	0.0	164.26323884823887	0.0	123.96434671325964	1.3250845360254595	164.26323884823887	7.042473112665298e-10
441.79260147745117	1	1	1	1	4	0	441.79260147745117	33.0	0	0.004770086045109951	0.8268015308058885	1.1306477329210742	450.15607755789307	0.0	238.50430225549758	11.86334260539778	178.66671256052933	1.4013110851640869	250.36764486089538	1.1607134684509e-09
441.79260147745117	2	1	1	2	4	0	441.79260147745117	33.0	0	0.0039800867670489	0.8593396112555387	1.1640006054534664	361.27981427723273	0.0	199.004338352445	11.372360410972115	150.90311551381566	1.3941176631582295	210.3766987634171	9.539165388648853e-10
457.365493753255	1	1	1	1	4	0	457.365493753255	34.0	0	0.005403385043489104	0.8328213518192384	1.1612416507471524	505.0507924435557	0.0	270.1692521744552	30.87439487718976	204.00714539191074	1.4756524653747831	301.04364705164494	1.102439010962845e-09
457.365493753255	2	1	1	2	4	0	457.365493753255	34.0	0	0.004398412859630879	0.8111861432103092	1.1337780123743475	411.4925231496723	0.0	219.92064298154392	23.93012417356248	167.6417559945659	1.454594445807468	243.85076715510638	9.418739094677248e-10
473.0655726577729	1	1	1	1	4	0	473.0655726577729	35.0	0	0.006092831744079869	0.8195717280044755	1.104042016311122	629.2155898660923	0.0	304.6415872039935	60.501279541900594	233.94832671162519	1.5607842632530768	365.1428667458941	1.927475664441845e-09
473.0655726577729	2	1	1	2	4	0	473.0655726577729	35.0	0	0.0050878595602216435	0.828386801862894	1.1184054299674573	506.02008899932986	0.0	254.3929780110822	53.5570088382733	197.5829373142804	1.5585859337616914	307.9499868493555	1.5658964929855804e-09
488.8923788691719	1	1	1	1	4	0	488.8923788691719	36.0	0	0.006811289136975046	0.8220792876946093	1.0944381968180643	741.2852617109016	0.0	340.56445684875234	95.80729918603754	264.79666203585913	1.6479503656873733	436.3717560347898	1.920365411203997e-09
488.8923788691719	2	1	1	2	4	0	488.8923788691719	36.0	0	0.0057330896627030385	0.8132025672038921	1.0335902783232112	597.2061378426487	0.0	286.65448313515185	85.26453512789459	225.2871195796021	1.6508667648513031	371.9190182630463	1.6897377125707336e-09
504.8454155135833	1	1	1	1	4	0	504.8454155135833	37.0	0	0.007522838302509106	0.8467739837898614	1.0870828392964198	880.638032117573	7.015059303619688	376.14191512545545	134.50713910976447	296.542206294414	1.7220113811665505	517.6641135388396	2.3813252422387933e-09
504.8454155135833	2	1	1	2	4	0	504.8454155135833	37.0	0	0.006398578997814035	0.7973715264224805	1.06914258973598	702.9268971803062	6.560962162363175	319.92894989070163	121.45926626838123	254.97771885886024	1.7310854381100171	447.94917832144614	1.940579840829343e-09
520.9241483123367	1	1	1	1	4	0	520.9241483123367	38.0	0	0.008189825481887006	0.8029357580255264	1.0770146439135246	1103.5980080701925	20.920301141753512	409.4912740943503	174.2008280808941	329.1737917824545	1.7732034467707465	604.6124033169979	3.251911232499189e-09
520.9241483123367	2	1	1	2	4	0	520.9241483123367	38.0	0	0.007065566177191933	0.7838780058839429	1.0467853982374409	882.2027461508374	20.466204000497	353.2783088595966	161.15295523951087	287.60930434690084	1.7886461123615969	534.8974680996045	2.864094571036116e-09
537.1280057402779	1	1	1	1	4	0	537.1280057402779	39.0	0	0.008893448759381193	0.8057744281114424	1.0575449437726432	1262.4013306178688	41.57746167947757	444.6724379690597	225.37006398068996	362.67900439314025	1.8474808131529736	711.6199636292273	2.989986966920657e-09
537.1280057402779	2	1	1	2	4	0	537.1280057402779	39.0	0	0.0077691894546861205	0.7649058514756613	1.0912420921212171	1005.9408586186571	41.12336453822106	388.459472734306	212.32219113930677	321.11451695758655	1.8709265142097742	641.9050284118338	2.58256230931628e-09
553.4563791951257	1	1	1	1	4	0	553.4563791951257	40.0	0	0.009575760184319578	0.7946273550392454	1.0876197462048365	1525.2538492571066	68.8346330571118	478.78800921597895	283.09192658946387	397.04416087350165	1.9188795879261853	830.7145688625546	4.402001993937976e-09
553.4563791951257	2	1	1	2	4	0	553.4563791951257	40.0	0	0.008451500879624504	0.7724731748560247	1.0419553126594754	1224.6422801797255	68.38053591585529	422.5750439812252	270.04405374808067	355.4796734379479	1.948407038385019	760.9996336451613	4.425468739362122e-09
569.9086231778117	1	1	1	1	4	0	569.9086231778117	41.0	0	0.010293333067024651	0.8253802901727761	1.0732897079232904	1644.496227142921	102.52601851334668	514.6666533512326	342.20637784709425	432.25428715573236	1.9823355294787692	959.3990497116736	3.2479729568125024e-09
569.9086231778117	2	1	1	2	4	0	569.9086231778117	41.0	0	0.00916907376232958	0.7406996084381856	1.0401096507515808	1307.492490447809	102.07192137209015	458.45368811647904	329.15850500571105	390.68979972017866	2.0159527934599177	889.6841144942803	2.751376163459971e-09
586.4840554837581	1	1	1	1	4	0	586.4840554837581	42.0	0	0.011029752462592213	0.7835998249197205	1.094772646781209	1898.1074029613821	142.47170017444452	551.4876231296106	397.313792735604	468.29309781541394	2.026084561765635	1091.2731160396593	5.166765800636831e-09
586.4840554837581	2	1	1	2	4	0	586.4840554837581	42.0	0	0.009905493157897138	0.7740068601114926	1.0632216539909232	1514.4406589224902	142.017603033188	495.27465789485694	384.2659198942208	426.7286103798603	2.061123994020787	1021.5581808222656	4.484989611708587e-09
603.1819574050269	1	1	1	1	4	0	603.1819574050269	43.0	0	0.011743465518036863	0.7867875301712358	1.0780380857386	2242.1558748086272	188.47742008486333	587.1732759018432	442.7727318048363	505.1429767074327	2.0389197815239566	1218.423427791543	6.470391744112379e-09
603.1819574050269	2	1	1	2	4	0	603.1819574050269	43.0	0	0.010619206213341791	0.7507809420672269	1.0301861073008192	1807.7279675822613	188.0233229436068	530.9603106670896	429.72485896345313	463.578489271879	2.0723247343496154	1148.7084925741494	5.864592949001203e-09
620.0015739432909	1	1	1	1	4	0	620.0015739432909	44.0	0	0.012391077471697064	0.8141005056051074	1.0520795313353928	2485.250808097007	240.3343750448304	619.5538735848531	484.03203808108805	542.7849588294913	2.033191770910177	1343.9202867107715	5.360049304292477e-09
620.0015739432909	2	1	1	2	4	0	620.0015739432909	44.0	0	0.01126681816700199	0.7912064282523585	1.0534164825768064	2014.2449975370569	239.88027790357387	563.3409083500994	470.9841652397048	501.2204713939376	2.063612985944601	1274.2053514933782	4.717374220501541e-09
636.9421140335545	1	1	1	1	4	0	636.9421140335545	45.0	0	0.013058685240003191	0.8076286052670649	1.0423073726866037	2842.1207769294633	297.8190258094122	652.9342620001596	536.8955261504336	581.1987134621515	2.0471996248286204	1487.6488139600056	6.894831984500387e-09
636.9421140335545	2	1	1	2	4	0	636.9421140335545	45.0	0	0.01193442593530812	0.8078938329486632	1.0400577562216946	2331.18581738298	297.36492866815564	596.7212967654059	523.8476533090503	539.6342260265978	2.076534244918752	1417.933878742612	6.379099771946908e-09
654.0027507785644	1	1	1	1	4	0	654.0027507785644	46.0	0	0.013746682282536051	0.8039795527559929	1.0563189543308071	3154.175089329379	360.69292119149117	687.3341141268028	595.6924242687177	620.3625286332904	2.0681883240468006	1643.7194595870114	7.042233044098498e-09
654.0027507785644	2	1	1	2	4	0	654.0027507785644	46.0	0	0.01262242297784098	0.7842590200396039	1.0666657398440982	2603.8859589056424	360.23882405023465	631.1211488920491	582.6445514273345	578.7980411977368	2.0970452799178028	1574.004524369618	6.7162488199421734e-09
671.1826216938364	1	1	1	1	4	0	671.1826216938364	47.0	0	0.014487039959047413	0.7962847816985269	1.054316137903042	3450.3422969818603	428.702537597776	724.3519979523708	654.5019824415098	660.2532969536776	2.08837121564668	1807.556517991656	7.627809171854898e-09
671.1826216938364	2	1	1	2	4	0	671.1826216938364	47.0	0	0.013362780654352336	0.7999595281374003	1.065187347739714	2869.5147723382397	428.2484404565194	668.139032717617	641.4541096001265	618.6888095181239	2.116723500038318	1737.8415827742626	7.037082661273941e-09
688.4808289632283	1	1	1	1	4	0	688.4808289632283	48.0	0	0.015234199940746984	0.8217654736038174	1.0614019212974617	3938.4196614941884	501.57913451254234	761.7099970373492	707.152107872354	700.8465028691272	2.095839957674714	1970.4412394222452	1.0902136101766956e-08
688.4808289632283	2	1	1	2	4	0	688.4808289632283	48.0	0	0.014109940636051909	0.7748533152097294	1.070070056905135	3309.358636865326	501.12503737128577	705.4970318025955	694.1042350309708	659.2820154335736	2.122917407223865	1900.7263042048519	1.0222524568990194e-08
705.8964397049822	1	1	1	1	4	0	705.8964397049822	49.0	0	0.015940694011351227	0.8194885353521509	1.0537630884165246	4471.250121331576	579.0386264282525	797.0347005675615	750.0771613889654	742.1162113733086	2.084729909205931	2126.1504883847792	1.2189019432152832e-08
705.8964397049822	2	1	1	2	4	0	705.8964397049822	49.0	0	0.014816434706656154	0.7579320853130482	1.0673185758379546	3773.5333023312487	578.584529286996	740.8217353328077	737.0292885475823	700.5517239377548	2.109553047094777	2056.435553167386	1.0479854150620646e-08
723.4284862481575	1	1	1	1	4	0	723.4284862481575	50.0	0	0.01669740741875174	0.8065746520822947	1.0476365496095852	5014.514667746106	660.7814717055172	834.8703709375873	807.7112625022602	784.0350582238342	2.0950359505109097	2303.3631051453644	1.2525552354325921e-08
723.4284862481575	2	1	1	2	4	0	723.4284862481575	50.0	0	0.015573148114056669	0.7702637429536872	1.0556937257190622	4241.897707044417	660.3273745642608	778.6574057028336	794.6633896608769	742.4705707882805	2.1190345547208915	2233.6481699279707	1.0611466926488548e-08
741.0759664193733	1	1	1	1	4	0	741.0759664193733	51.0	0	0.01743244636529758	0.7852633958884476	1.0346597700144695	5572.89773977225	746.4925788270981	871.6223182648793	873.7949373609079	826.5742417026976	2.111627930759521	2491.909834452885	1.4149672880454388e-08
741.0759664193733	2	1	1	2	4	0	741.0759664193733	51.0	0	0.01630818706060251	0.777098904206068	1.0844329259140228	4751.658125753573	746.0384816858417	815.4093530301258	860.7470645195247	785.0097542671439	2.1352045734953293	2422.194899235492	1.3310615006420788e-08
758.8378438397727	1	1	1	1	4	0	758.8378438397727	52.0	0	0.01823764736299931	0.7668029478830914	1.0674165345519513	6149.688868705965	835.8412304917856	911.8823681499657	941.8111626996091	869.7035159604576	2.1314085741075193	2689.5347613413605	1.5329922712985183e-08
758.8378438397727	2	1	1	2	4	0	758.8378438397727	52.0	0	0.017113388058304237	0.7563049479215859	1.0449418028235422	5277.098181926516	835.3871333505292	855.6694029152119	928.7632898582257	828.1390285249039	2.1547501461824607	2619.819826123967	1.3980984264174738e-08
776.7130482321257	1	1	1	1	4	0	776.7130482321257	53.0	0	0.019062889547186417	0.7805195762634741	1.0472963370853203	6766.889174710726	928.4810259740648	953.1444773593213	1004.985040292904	913.3911859818393	2.143801634726042	2886.6105436262897	1.5759509388906716e-08
776.7130482321257	2	1	1	2	4	0	776.7130482321257	53.0	0	0.017938630242491347	0.7710336058014875	1.0632369768686722	5852.695491334726	928.0269288328084	896.9315121245676	991.9371674515207	871.8266985462856	2.1665643902918483	2816.8956084088973	1.5662323168058274e-08
794.7004757379742	1	1	1	1	4	0	794.7004757379742	54.0	0	0.019856097931414886	0.77145475629147	1.0379663166767428	7410.957205816636	1024.0498421545199	992.8048965707443	1056.2837898813502	957.604104208564	2.1398077529603063	3073.138528606615	1.6668123814349837e-08
794.7004757379742	2	1	1	2	4	0	794.7004757379742	54.0	0	0.018731838626719816	0.7650920378278208	1.0321511334314684	6460.549943038525	1023.5957450132636	936.5919313359908	1043.235917039967	916.0396167730104	2.1612906386630093	3003.423593389221	1.593633635098918e-08
812.7989892447298	1	1	1	1	4	0	812.7989892447298	55.0	0	0.020712307627197942	0.7761967345505236	1.0379899349842168	8085.330400496858	1122.1698136039506	1035.6153813598974	1115.6960436357888	1002.3076688533032	2.1463583407048143	3273.481238599636	1.7414604680204505e-08
812.7989892447298	2	1	1	2	4	0	812.7989892447298	55.0	0	0.019588048322502872	0.7624645643783569	1.0416264064434733	7085.644679862387	1121.715716462694	979.4024161251435	1102.6481707944056	960.7431814177494	2.1671250207023163	3203.766303382244	1.6990942326672567e-08
831.0074187226242	1	1	1	1	4	0	831.0074187226242	56.0	0	0.02155113252959737	0.7694164303075047	1.027563232021506	8789.881689391495	1222.4473320812006	1077.5566264798683	1183.1490769107104	1047.4658239366233	2.1582620184153734	3483.1530354717797	1.9419418958623107e-08
831.0074187226242	2	1	1	2	4	0	831.0074187226242	56.0	0	0.02042687322490229	0.7520689995251635	1.0394276238226394	7747.899201026206	1221.993234939944	1021.3436612451147	1170.1012040693277	1005.9013365010696	2.1785882827605847	3413.438100254386	1.924210790111204e-08
849.3245615714155	1	1	1	1	4	0	849.3245615714155	57.0	0	0.022377512375105338	0.7753447118858873	1.0343724097839986	9534.509893756622	1324.473065780785	1118.875618755267	1251.4586331691125	1093.0410610766994	2.1685683514848773	3694.8073177051647	2.239286696295541e-08
849.3245615714155	2	1	1	2	4	0	849.3245615714155	57.0	0	0.021253253070410264	0.7369191377758598	1.0453669499553588	8422.383946305667	1324.0189686395286	1062.6626535205132	1238.4107603277291	1051.4765736411457	2.188420999128761	3625.092382487771	1.9686157664662464e-08
867.7491829767432	1	1	1	1	4	0	867.7491829767432	58.0	0	0.023214132558087464	0.7604779822499688	1.0316847765563637	10301.97877627447	1427.8219986415347	1160.7066279043734	1313.1800419801864	1138.994423059378	2.17199190777389	3901.708668526095	2.34578895313196e-08
867.7491829767432	2	1	1	2	4	0	867.7491829767432	58.0	0	0.02208987325339239	0.73850779893622	1.0288826074048285	9147.510665681457	1427.367901500278	1104.4936626696197	1300.1321691388036	1097.4299356238243	2.191142918332672	3831.9937333087014	2.119318532364613e-08
886.2800162760308	1	1	1	1	4	0	886.2800162760308	59.0	0	0.024003823343434125	0.7633413386609696	1.0181873125125087	11109.474228439722	1532.0534900017474	1200.1911671717066	1360.6094419981227	1185.2855092139212	2.160492631744184	4092.854099171577	2.3631345749724974e-08
886.2800162760308	2	1	1	2	4	0	886.2800162760308	59.0	0	0.02287956403873905	0.7365761720818138	1.0256589505496898	9888.427795633152	1531.599392860491	1143.978201936953	1347.5615691567396	1143.7210217783672	2.178450621830494	4023.1391639541825	2.1675646421675714e-08
