11.247441493196291	1	1	1	1	4	0	11.247441493196291	1.0	0	0.0			15.0	0.0	0.0	0.0	0.0		0.0	0.0
11.247441493196291	2	1	1	2	4	0	11.247441493196291	1.0	0	0.0			15.0	0.0	0.0	0.0	0.0		0.0	0.0
11.367595075476835	1	1	1	1	4	0	11.367595075476835	1.0	0	0.0			15.0	0.0	0.0	0.0	0.0		0.0	0.0
11.367595075476835	2	1	1	2	4	0	11.367595075476835	1.0	0	0.0			15.0	0.0	0.0	0.0	0.0		0.0	0.0
22.856168219862568	1	1	1	1	4	0	22.856168219862568	2.0	0	0.0			14.552750241652504	0.0	0.0	0.0	0.7285827694774977	0.0	0.0	0.0
22.856168219862568	2	1	1	2	4	0	22.856168219862568	2.0	0	0.0			14.552750241652504	0.0	0.0	0.0	0.7285827694774977	0.0	0.0	0.0
34.4665080713728	1	1	1	1	4	0	34.4665080713728	3.0	0	0.0			13.791431040067982	0.0	0.0	0.0	2.1993864847666735	0.0	0.0	0.0
34.4665080713728	2	1	1	2	4	0	34.4665080713728	3.0	0	0.0			13.791431040067982	0.0	0.0	0.0	2.1993864847666735	0.0	0.0	0.0
46.1993671861199	1	1	1	1	4	0	46.1993671861199	4.0	0	0.0			12.713098668736418	0.0	0.0	0.0	4.42587529936556	0.0	0.0	0.0
46.1993671861199	2	1	1	2	4	0	46.1993671861199	4.0	0	0.0			12.713098668736418	0.0	0.0	0.0	4.42587529936556	0.0	0.0	0.0
58.05546181511435	1	1	1	1	4	0	58.05546181511435	5.0	0	0.0			11.314922877436091	0.0	0.0	0.0	7.421310407022852	0.0	0.0	0.0
58.05546181511435	2	1	1	2	4	0	58.05546181511435	5.0	0	0.0			11.314922877436091	0.0	0.0	0.0	7.421310407022852	0.0	0.0	0.0
70.03547169202406	1	1	1	1	4	0	70.03547169202406	6.0	0	2.500826149469408e-05			10.075555122184273	0.0	1.2504130747347042	0.0	8.825142047449571	0.14168758621806754	1.2504130747347042	0.0
70.03547169202406	2	1	1	2	4	0	70.03547169202406	6.0	0	2.500826149469408e-05			10.075555122184273	0.0	1.2504130747347042	0.0	8.825142047449571	0.14168758621806754	1.2504130747347042	0.0
82.14003983175478	1	1	1	1	4	0	82.14003983175478	7.0	0	2.500826149469408e-05	1.099257905723469	0.7775608688486298	10.075555122184273	0.0	1.2504130747347042	0.0	8.825142047449571	0.14168758621806754	1.2504130747347042	2.783477622568739e-13
82.14003983175478	2	1	1	2	4	0	82.14003983175478	7.0	0	2.500826149469408e-05	0.664313584431069	2.7264332177598622	10.075555122184273	0.0	1.2504130747347042	0.0	8.825142047449571	0.14168758621806754	1.2504130747347042	2.783477622568739e-13
94.36977233991071	1	1	1	1	4	0	94.36977233991071	8.0	0	2.68352793430168e-05	1.0017872136124946	1.2543264905180158	10.220357611437585	0.0	1.34176396715084	0.0	8.878593644286742	0.15112347978829366	1.34176396715084	9.551079666624974e-13
94.36977233991071	2	1	1	2	4	0	94.36977233991071	8.0	0	2.539431418286905e-05	0.37926324158930863	2.1019106908875824	10.106152190670487	0.0	1.269715709143453	0.0	8.836436481527038	0.14369092244343634	1.269715709143453	5.957125203596129e-13
106.72523823319248	1	1	1	1	4	0	106.72523823319248	9.0	0	3.418498058441294e-05	1.24767992402175	1.1127693872612971	10.784032700833464	0.0	1.7092490292206477	0.0	9.074783671612815	0.18835149035755155	1.7092490292206477	2.2533435107847737e-12
106.72523823319248	2	1	1	2	4	0	106.72523823319248	9.0	0	2.701463840748312e-05	0.2911034330520261	0.7641907154957683	10.230420697941971	0.0	1.3507319203741563	0.0	8.879688777567813	0.15211478174622786	1.3507319203741563	8.59818069810787e-13
119.20696927078512	1	1	1	1	4	0	119.20696927078512	10.0	0	4.4631662639195386e-05	0.9947551252522948	1.1027314948792282	11.575098471023347	0.0	2.23158313195977	0.0	9.34351533906358	0.2388376377603745	2.23158313195977	3.008561453244833e-12
119.20696927078512	2	1	1	2	4	0	119.20696927078512	10.0	0	3.621528977109579e-05	1.3706867858806913	1.3275120008233658	10.927131894763825	0.0	1.8107644885547896	0.0	9.116367406209037	0.19862785338395889	1.8107644885547896	2.6340704989105484e-12
131.81545979678634	1	1	1	1	4	0	131.81545979678634	11.0	0	5.361454730985717e-05	1.0110711729738626	1.2135436753334443	12.25493502030085	0.0	2.6807273654928587	0.0	9.574207654807994	0.27999469639105296	2.6807273654928587	3.148616536209774e-12
131.81545979678634	2	1	1	2	4	0	131.81545979678634	11.0	0	4.092752249120824e-05	0.6375942746068477	0.7945142246768876	11.283759876674425	0.0	2.0463761245604117	0.0	9.237383752114011	0.2215320029431592	2.0463761245604117	1.979164385643647e-12
144.55116659372186	1	1	1	1	4	0	144.55116659372186	12.0	0	6.294272544619413e-05	0.506476778786503	0.9356598767319184	12.966903726953865	0.0	3.1471362723097074	0.0	9.819767454644161	0.3204898982430894	3.1471362723097074	3.2532249952264495e-12
144.55116659372186	2	1	1	2	4	0	144.55116659372186	12.0	0	5.070892813923116e-05	0.7238030784644109	1.3665745523354242	12.030320955020859	0.0	2.5354464069615585	0.0	9.494874548059302	0.2670331655387473	2.5354464069615585	3.147026104674124e-12
157.41450874719058	1	1	1	1	4	0	157.41450874719058	13.0	0	8.280762108681895e-05	0.9921113840946	1.3008886558783748	14.508313723245216	0.0	4.140381054340948	0.0	10.367932668904267	0.3993449018779675	4.140381054340948	5.9435214454356745e-12
157.41450874719058	2	1	1	2	4	0	157.41450874719058	13.0	0	5.9092592249931724e-05	0.4861716103075829	2.0404391619131435	12.680848594308092	0.0	2.9546296124965865	0.0	9.726218981811504	0.3037798776710545	2.9546296124965865	3.004158713224982e-12
170.4058675216809	1	1	1	1	4	0	170.4058675216809	14.0	0	0.00010275238762863588	1.199706249531023	1.3364400502996725	15.987671660245063	0.0	5.1376193814317945	0.0	10.85005227881327	0.4735110255149596	5.1376193814317945	6.297964875764353e-12
170.4058675216809	2	1	1	2	4	0	170.4058675216809	14.0	0	6.583603964850449e-05	0.4753244746278848	0.9857631015989312	13.181028549330561	0.0	3.2918019824252256	0.0	9.889226566905334	0.332867485657712	3.2918019824252256	2.8392517773521202e-12
183.52558624759342	1	1	1	1	4	0	183.52558624759342	15.0	0	0.00013357911948020193	1.1083609248165898	1.5055170550977277	18.228033796833614	0.0	6.678955974010098	0.0	11.549077822823515	0.5783107600860574	6.678955974010098	9.726100960296317e-12
183.52558624759342	2	1	1	2	4	0	183.52558624759342	15.0	0	8.534381788049354e-05	1.0619026642780225	1.4597094066714298	14.598774936795706	0.0	4.2671908940246785	0.0	10.331584042771029	0.41302387672202256	4.2671908940246785	6.154271436267973e-12
196.77397021950497	1	1	1	1	4	0	196.77397021950497	16.0	0	0.00015692021124362907	0.7900799546941678	1.0820309405432909	19.91550769402162	0.0	7.846010562181455	0.0	12.069497131840167	0.6500693837097103	7.846010562181455	1.33484822273837e-11
196.77397021950497	2	1	1	2	4	0	196.77397021950497	16.0	0	9.822134340314208e-05	0.6934586911142645	1.3390784586662954	15.529772012686177	0.0	4.911067170157106	0.0	10.618704842529073	0.4624921064278712	4.911067170157106	5.513200748616403e-12
210.1512866057031	1	1	1	1	4	0	210.1512866057031	17.0	0	0.0001863794448694392	0.7884510222194462	1.2186283972045402	22.059003609473386	0.0	9.318972243471961	0.0	12.740031366001425	0.7314716876083176	9.318972243471961	1.4127820835495165e-11
210.1512866057031	2	1	1	2	4	0	210.1512866057031	17.0	0	0.00011792378551496826	0.9398186334667028	0.9853720106698312	16.963349841884128	0.0	5.896189275748414	0.0	11.067160566135714	0.5327644105742986	5.896189275748414	1.2857616779852356e-11
223.65776436901845	1	1	1	1	4	0	223.65776436901845	18.0	0	0.00020793728985487342	0.7870125332138406	1.141243412701585	23.65528839795986	0.0	10.396864492743669	0.0	13.258423905216196	0.7841704690595452	10.396864492743669	1.706191083189194e-11
223.65776436901845	2	1	1	2	4	0	223.65776436901845	18.0	0	0.0001283479658784666	0.5855687857474275	1.1173621715452284	17.735224793111158	0.0	6.417398293923331	0.0	11.317826499187827	0.5670168467756461	6.417398293923331	9.313662380024902e-12
237.29359419897813	1	1	1	1	4	0	237.29359419897813	19.0	0	0.00026444235766253586	0.7448593356750195	1.117271558924175	27.968006668116736	0.0	13.222117883126796	0.0	14.745888784989939	0.8966646958971904	13.222117883126796	2.868921457630833e-11
237.29359419897813	2	1	1	2	4	0	237.29359419897813	19.0	0	0.00016721592619162217	0.8540930381513996	0.8493720583856823	20.70180051932499	0.0	8.360796309581113	0.0	12.34100420974388	0.6774810353747239	8.360796309581113	1.9958940139207492e-11
251.0589284553002	1	1	1	1	4	0	251.0589284553002	20.0	0	0.0003310906629896311	0.8358257898689203	1.171627553158881	33.303139747073885	0.0	16.554533149481554	0.0	16.748606597592328	0.9884125615477368	16.554533149481554	3.98130674683275e-11
251.0589284553002	2	1	1	2	4	0	251.0589284553002	20.0	0	0.00021572266324878608	1.0696175633582234	1.260855661002335	24.584718414324236	0.0	10.786133162439306	0.0	13.798585251884932	0.7816839890137205	10.786133162439306	2.8103112199061963e-11
264.95388112274634	1	1	1	1	4	0	264.95388112274634	21.0	0	0.0004244451848960946	0.8027484984527816	1.0408493092709368	40.80813064335514	0.0	21.222259244804725	0.0	19.585871398550417	1.0835494021662693	21.222259244804725	5.540560966796896e-11
264.95388112274634	2	1	1	2	4	0	264.95388112274634	21.0	0	0.00027195116680942796	0.7371678618274269	1.3618234182187172	29.105060854264675	0.0	13.597558340471402	0.0	15.507502513793273	0.8768374100456824	13.597558340471402	3.5073346861694227e-11
278.9785277773454	1	1	1	1	4	0	278.9785277773454	22.0	0	0.00047131395270477537	1.1044810714595792	1.2385627201828664	44.670341391259754	0.0	23.56569763523877	0.0	21.10464375602098	1.116611960271335	23.56569763523877	5.266184093247639e-11
278.9785277773454	2	1	1	2	4	0	278.9785277773454	22.0	0	0.00029856809990637173	0.8528688260720391	0.9641251516350848	31.298423511096324	0.0	14.928404995318587	0.0	16.370018515777733	0.9119357428295092	14.928404995318587	2.4697762727626288e-11
293.1329055639992	1	1	1	1	4	0	293.1329055639992	23.0	0	0.0006163523126232124	0.9116235417887832	1.1068780067694273	56.41171775980567	0.0	30.81761563116063	0.0	25.594102128645037	1.2040905157078905	30.81761563116063	9.827551483510215e-11
293.1329055639992	2	1	1	2	4	0	293.1329055639992	23.0	0	0.00038622216706704767	0.8405466652322461	1.1310700324628549	38.394335195054005	0.0	19.31110835335238	0.0	19.083226841701624	1.011941455894282	19.31110835335238	6.549819222368315e-11
307.41701318547484	1	1	1	1	4	0	307.41701318547484	24.0	0	0.0007073073647217348	0.7692736843492711	1.2332383156224616	63.77122780737654	0.0	35.36536823608674	0.0	28.405859571289795	1.2450025723506366	35.36536823608674	8.505125927021142e-11
307.41701318547484	2	1	1	2	4	0	307.41701318547484	24.0	0	0.0004501532543149368	0.9482758281097224	1.1956106461047755	43.567236184031756	0.0	22.507662715746843	0.0	21.059573468284928	1.0687615658333578	22.507662715746843	5.5802547167600306e-11
321.83081090278995	1	1	1	1	4	0	321.83081090278995	25.0	0	0.0009166265880568424	0.8458169639156904	1.1959292962504966	80.96564786910105	0.0	45.83132940284212	0.0	35.13431846625893	1.304460464968347	45.83132940284212	1.8152000288292783e-10
321.83081090278995	2	1	1	2	4	0	321.83081090278995	25.0	0	0.0005861003688597512	0.9225745784487152	1.1942728174957198	54.73454206458469	0.0	29.305018442987556	0.0	25.429523621597127	1.1524013929265666	29.305018442987556	1.0885904894889003e-10
336.3742205469876	1	1	1	1	4	0	336.3742205469876	26.0	0	0.0011480454352198605	0.8836680045895655	1.2122000080840676	100.6019180790755	0.0	57.402271760993024	0.0	43.19964631808251	1.328767169488737	57.402271760993024	2.1506955526420986e-10
336.3742205469876	2	1	1	2	4	0	336.3742205469876	26.0	0	0.0007252500903908489	0.8010860805250979	1.1613943378183058	66.54162504474736	0.0	36.26250451954245	0.0	30.279120525204917	1.197607588680023	36.26250451954245	1.2625531750109895e-10
351.0471255422998	1	1	1	1	4	0	351.0471255422998	27.0	0	0.0013586990090136625	0.8177871723620354	1.0883224860906835	118.2469175276105	0.0	67.93495045068313	0.0	50.311967076927395	1.3502741871891044	67.93495045068313	2.042803035600669e-10
351.0471255422998	2	1	1	2	4	0	351.0471255422998	27.0	0	0.0008402346709061546	0.6864676093324801	1.1449627429179314	76.17309164292902	0.0	42.01173354530773	0.0	34.16135809762128	1.2298027913659872	42.01173354530773	1.208405904013122e-10
365.84937094069124	1	1	1	1	4	0	365.84937094069124	28.0	0	0.001738422116861782	0.8932875036792788	1.2317876460625845	150.48647150297813	0.0	86.92110584308911	0.0	63.56536565988902	1.367428708082427	86.92110584308911	4.2571646221529117e-10
365.84937094069124	2	1	1	2	4	0	365.84937094069124	28.0	0	0.0010581388968124946	0.7971010184947758	1.1593198661057398	94.67376991973812	0.0	52.906944840624746	0.0	41.76682507911338	1.2667217280798841	52.906944840624746	2.2370814594642865e-10
380.78076346777357	1	1	1	1	4	0	380.78076346777357	29.0	0	0.00223341836668305	0.8501464526190706	1.1909034937312075	193.59808840441883	0.0	111.6709183341525	0.0	81.92717007026627	1.3630510884042009	111.6709183341525	5.500903263462908e-10
380.78076346777357	2	1	1	2	4	0	380.78076346777357	29.0	0	0.0013376645441306046	0.7618512087508177	1.119442985882355	119.0190101627841	0.0	66.88322720653025	0.0	52.135782956253856	1.282866074201872	66.88322720653025	3.072704484795516e-10
395.84107158007737	1	1	1	1	4	0	395.84107158007737	30.0	0	0.0024409698090573874	0.8731011871252341	1.1499109973348831	211.5442199638591	0.0	122.04849045286942	0.0	89.4957295109897	1.3637353549688909	122.04849045286942	3.1482918578816625e-10
395.84107158007737	2	1	1	2	4	0	395.84107158007737	30.0	0	0.0014593449751113554	0.9051746270638448	1.1344026134121283	129.54022359117099	0.0	72.9672487555678	0.0	56.57297483560321	1.2897898505002627	72.9672487555678	1.8876388909595312e-10
411.03002553366304	1	1	1	1	4	0	411.03002553366304	31.0	0	0.003141202633774007	0.9399019706020488	1.174752321034929	278.4671903781994	0.0	157.06013168870038	0.0	115.73241208799999	1.357097193906888	157.06013168870038	8.251136664844075e-10
411.03002553366304	2	1	1	2	4	0	411.03002553366304	31.0	0	0.001855637849133338	0.781692907356532	1.1101289000465908	164.2033719270731	0.0	92.78189245666692	0.0	71.42147947040614	1.2990754762383714	92.78189245666692	4.6434736787619023e-10
426.3473174640513	1	1	1	1	4	0	426.3473174640513	32.0	0	0.0038073477887851305	0.8740166847547465	1.1352321879561398	332.93595442335516	0.0	190.36738943925656	0.0	142.5685649840986	1.3352690297506271	190.36738943925656	7.991937244798357e-10
426.3473174640513	2	1	1	2	4	0	426.3473174640513	32.0	0	0.002206374537242971	0.8224419030166321	1.17310672949396	195.8698946108162	0.0	110.31872686214857	0.0	85.55116774866764	1.289505798287209	110.31872686214857	4.767544529501879e-10
441.79260147745117	1	1	1	1	4	0	441.79260147745117	33.0	0	0.004532167528949136	0.8584962110742941	1.1523239243528975	422.16314551112396	0.0	226.6083764474569	11.86334260539778	170.67036901593886	1.3972649173248337	238.4717190528546	1.1277755341774329e-09
441.79260147745117	2	1	1	2	4	0	441.79260147745117	33.0	0	0.0026642479235616237	0.8313073428375171	1.132526128179271	244.0098093192559	0.0	133.2123961780812	7.494151374192357	103.30326176698236	1.3620726504227965	140.70654755227358	6.691040490342224e-10
457.365493753255	1	1	1	1	4	0	457.365493753255	34.0	0	0.005109846448437061	0.8689344108253388	1.1994153726368606	478.4823083427849	0.0	255.49232242185303	29.204731369322833	193.78525455160909	1.4691368259670916	284.6970537911758	1.176039271479019e-09
457.365493753255	2	1	1	2	4	0	457.365493753255	34.0	0	0.002944164497614267	0.8138812356376417	1.0832820954993556	277.60888355993717	0.0	147.20822488071337	15.896988951190664	114.50366972803322	1.424454030332025	163.105213831904	6.433025564630615e-10
473.0655726577729	1	1	1	1	4	0	473.0655726577729	35.0	0	0.005799293149027826	0.8412785707555459	1.1355407700079203	595.1559329581804	0.0	289.96465745139136	58.83161603403367	223.72643587132356	1.5590302153029227	348.79627348542505	1.629952488763501e-09
473.0655726577729	2	1	1	2	4	0	473.0655726577729	35.0	0	0.003363266314560091	0.7245689842764659	1.1138177136057024	334.7742930070991	0.0	168.1633157280045	33.90662070776472	132.70435657132992	1.5227076311330792	202.0699364357692	1.1013841256667219e-09
488.8923788691719	1	1	1	1	4	0	488.8923788691719	36.0	0	0.006517750541923003	0.8234668296322019	1.1005274336737023	699.7375082720058	0.0	325.88752709615017	94.13763567817062	254.57477119555745	1.649908829542535	420.02516277432085	1.7874126919685465e-09
488.8923788691719	2	1	1	2	4	0	488.8923788691719	36.0	0	0.003794837593771857	0.8328727642749257	1.1367020732823143	396.09121846478274	0.0	189.74187968859283	55.11464809028625	151.2346906859036	1.6190500120598448	244.8565277788791	1.2109233776643215e-09
504.8454155135833	1	1	1	1	4	0	504.8454155135833	37.0	0	0.007229299707457066	0.8596584858925426	1.1192701521258173	831.855795698628	7.015059303619688	361.4649853728532	132.83747560189755	286.32031545411223	1.7263967462133205	501.3175202783706	2.2492395936371032e-09
504.8454155135833	2	1	1	2	4	0	504.8454155135833	37.0	0	0.004241386231857909	0.8047963861398609	1.0804766413405202	467.03068903012274	4.402457805952261	212.0693115928954	79.40160062872077	171.15731900255432	1.7029415623019093	295.87337002756834	1.3286444351231774e-09
520.9241483123367	1	1	1	1	4	0	520.9241483123367	38.0	0	0.007896286886834964	0.8762116094427036	1.132647729720664	1061.7743099521076	20.920301141753512	394.8143443417482	172.53116457302718	318.9519009421528	1.7787807730221767	588.2658100565287	3.3137711290245527e-09
520.9241483123367	2	1	1	2	4	0	520.9241483123367	38.0	0	0.004817429536539513	0.7465808960659494	1.1277850084275285	570.3058173256967	16.41171631719757	240.8714768269756	113.68304482568395	199.33957935583942	1.7786458805541434	370.96623796985716	1.7969416334882893e-09
537.1280057402779	1	1	1	1	4	0	537.1280057402779	39.0	0	0.00859991016432915	0.8972277208342782	1.1239811206404149	1224.7414515089195	41.57746167947757	429.9955082164576	223.70040047282302	352.4571135528385	1.8546821260036281	695.2733703687583	2.887366011882717e-09
537.1280057402779	2	1	1	2	4	0	537.1280057402779	39.0	0	0.005280833184864235	0.8162261973561595	1.1268519682217306	662.847001921796	30.016444675960397	264.04165924321177	147.3829114395335	221.40598656309035	1.8582359811915408	441.4410153587056	1.7612320495983146e-09
553.4563791951257	1	1	1	1	4	0	553.4563791951257	40.0	0	0.009282221589267536	0.8636293279789912	1.1371638489339364	1493.3194693565604	68.8346330571118	464.1110794633768	281.422263081597	386.82227003319986	1.9273278719991656	814.3679756020856	4.561784059203608e-09
553.4563791951257	2	1	1	2	4	0	553.4563791951257	40.0	0	0.005877867815928924	0.7679404772009776	1.101548265050559	797.1270225535492	53.866954373614035	293.89339079644617	197.89056774927212	251.47610963421675	1.9555891780775527	545.6509129193323	3.3597813933979988e-09
569.9086231778117	1	1	1	1	4	0	569.9086231778117	41.0	0	0.009999794471972613	0.7997334443085472	1.111593489689154	1601.428282478319	102.52601851334668	499.9897235986306	340.5367143392273	422.0323963154307	1.9916159168729812	943.0524564512044	3.229200840130139e-09
569.9086231778117	2	1	1	2	4	0	569.9086231778117	41.0	0	0.006223712244444024	0.7757867316433911	1.0891510225146452	876.1183530597566	70.1049954560312	311.18561222220126	226.3816159827401	268.44612939878397	2.0025143570104182	607.6722236609726	2.012172362562782e-09
586.4840554837581	1	1	1	1	4	0	586.4840554837581	42.0	0	0.01073621386754017	0.8675110059222427	1.1322541450812422	1934.309061474113	142.47170017444452	536.8106933770083	395.644129227737	458.0712069751122	2.035611076195425	1074.92652277919	5.964051626122164e-09
586.4840554837581	2	1	1	2	4	0	586.4840554837581	42.0	0	0.006960049994671154	0.7905298931124437	1.108581427562089	1044.012613883745	110.04624841957232	348.00249973355767	281.48292122275905	304.4809445078558	2.067404979887257	739.531669375889	3.8131807001883065e-09
603.1819574050269	1	1	1	1	4	0	603.1819574050269	43.0	0	0.01144992692298482	0.8538546432053906	1.1038280519058663	2299.1409407291007	188.47742008486333	572.496346149241	441.10306829696935	494.92108586713096	2.048002082332629	1202.0768345310735	6.509507242358624e-09
603.1819574050269	2	1	1	2	4	0	603.1819574050269	43.0	0	0.007673763050115807	0.79470790158998	1.0842754408658315	1245.0369626895995	156.05196832999113	383.6881525057904	326.94186029199136	341.3308233998745	2.08193917478489	866.6819811277727	4.1735412957816105e-09
620.0015739432909	1	1	1	1	4	0	620.0015739432909	44.0	0	0.01209753887664502	0.8418194531035952	1.0970313828240583	2685.773397206878	240.3343750448304	604.8769438322511	482.36237457322113	532.5630679891896	2.041522185364048	1327.5736934503025	7.38626042636709e-09
620.0015739432909	2	1	1	2	4	0	620.0015739432909	44.0	0	0.008321375003776004	0.7981368357177502	1.1128160672818015	1481.6905121037785	207.90892328995815	416.06875018880027	368.2011665682431	378.97280552193314	2.069462255152906	992.1788400470017	4.922075731605256e-09
636.9421140335545	1	1	1	1	4	0	636.9421140335545	45.0	0	0.01276514664495115	0.8282484955643102	1.0808702795449836	3090.946610059047	297.8190258094122	638.2573322475575	535.2258626425667	570.9768226218497	2.05522036691725	1471.3022206995365	7.819755139807185e-09
636.9421140335545	2	1	1	2	4	0	636.9421140335545	45.0	0	0.008988982772082134	0.7856402746835839	1.077341117768082	1730.5828964464552	265.39357405454	449.44913860410674	421.0646546375887	417.38656015459327	2.085629668859656	1135.9073672962354	4.9128614180929434e-09
654.0027507785644	1	1	1	1	4	0	654.0027507785644	46.0	0	0.01345314368748401	0.8171213008621335	1.0949923251694575	3512.9321005660713	360.69292119149117	672.6571843742006	594.0227607608507	610.1406377929886	2.076045860044511	1627.3728663265424	8.92795613269739e-09
654.0027507785644	2	1	1	2	4	0	654.0027507785644	46.0	0	0.009676979814614996	0.7661558866520616	1.068511480321462	1993.9408673379005	328.267469436619	483.8489907307498	479.8615527558728	456.5503753257322	2.1108525927704034	1291.9780129232415	6.583307254664815e-09
671.1826216938364	1	1	1	1	4	0	671.1826216938364	47.0	0	0.01419350136399537	0.8232052204073311	1.057435618822435	3962.4031481771003	428.702537597776	709.6750681997685	652.8323189336427	650.0314061133759	2.0960639352489503	1791.2099247311871	9.984877665444487e-09
671.1826216938364	2	1	1	2	4	0	671.1826216938364	47.0	0	0.010417337491126355	0.7885756057774339	1.0949174602458722	2291.8689342672274	396.2770858429036	520.8668745563176	538.6711109286648	496.4411436461194	2.1342670708217093	1455.815071327886	7.163558023135359e-09
688.4808289632283	1	1	1	1	4	0	688.4808289632283	48.0	0	0.01494066134569494	0.8185073644870433	1.0652161113853853	4446.749881237305	501.57913451254234	747.0330672847473	705.4824443644873	690.6246120288257	2.1031910626269554	1954.0946461617764	1.0941570699493005e-08
688.4808289632283	2	1	1	2	4	0	688.4808289632283	48.0	0	0.011164497472825928	0.8130225807848124	1.0511016984493544	2632.2682634523103	469.15368275766997	558.2248736412963	591.3212363595093	537.0343495615691	2.140544847716513	1618.6997927584757	8.030484100123449e-09
705.8964397049822	1	1	1	1	4	0	705.8964397049822	49.0	0	0.015647155416299185	0.8095927274597785	1.0690951129321606	4963.060626382256	579.0386264282525	782.3577708149594	748.4074978810985	731.8943205330067	2.0915113367477263	2109.8038951243107	1.1667528783617317e-08
705.8964397049822	2	1	1	2	4	0	705.8964397049822	49.0	0	0.01187099154343017	0.8058364295529539	1.0749109581382097	3015.109898438616	546.6131746733803	593.5495771715085	634.2462898761205	578.3040580657503	2.1230974431585867	1774.4090417210093	9.1346248724046e-09
723.4284862481575	1	1	1	1	4	0	723.4284862481575	50.0	0	0.016403868823699697	0.8102554425977221	1.0649150643855687	5492.9686986953275	660.7814717055172	820.1934411849851	806.0415989943933	773.8131673835326	2.1015861563562046	2287.0165118848954	1.2340792959457385e-08
723.4284862481575	2	1	1	2	4	0	723.4284862481575	50.0	0	0.012627704950830685	0.7729651131276043	1.0756395022531144	3388.669032175532	628.356019950645	631.3852475415342	691.8803909894153	620.222904916276	2.133532360772096	1951.6216584815945	8.76407445210406e-09
741.0759664193733	1	1	1	1	4	0	741.0759664193733	51.0	0	0.017138907770245543	0.7846260460330586	1.05010289747304	6039.9444708358415	746.4925788270981	856.9453885122772	872.1252738530409	816.3523508623958	2.118044568057807	2475.563241192416	1.4406383751070037e-08
741.0759664193733	2	1	1	2	4	0	741.0759664193733	51.0	0	0.013362743897376529	0.8004242076351252	1.0476213944329311	3803.310328341037	714.0671270722258	668.1371948688262	757.9640658480628	662.7620883951394	2.151754431473525	2140.1683877891146	1.0434259893535174e-08
758.8378438397727	1	1	1	1	4	0	758.8378438397727	52.0	0	0.01794410876794727	0.7889952321342176	1.0865048565018804	6617.828129011472	835.8412304917856	897.2054383973634	940.1414991917419	859.481625120156	2.1377384738530547	2673.188168080891	1.5049626915104216e-08
758.8378438397727	2	1	1	2	4	0	758.8378438397727	52.0	0	0.014167944895078253	0.7451003420941388	1.0657622283626451	4226.2827523692795	803.4157787369134	708.3972447539128	825.9802911867639	705.8913626528994	2.1736737650027886	2337.79331467759	1.13104620501904e-08
776.7130482321257	1	1	1	1	4	0	776.7130482321257	53.0	0	0.018769350952134372	0.7677439395573922	1.0461657234117892	7211.2501829003495	928.4810259740648	938.4675476067191	1003.315376785037	903.1692951415376	2.149965609811232	2870.263950365821	1.4925956168327582e-08
776.7130482321257	2	1	1	2	4	0	776.7130482321257	53.0	0	0.014993187079265363	0.7453501167768836	1.0593333818962325	4685.331293741352	896.0555742191925	749.6593539632681	889.1541687800589	749.579032674281	2.186311851462166	2534.8690969625195	1.3219010193462073e-08
794.7004757379742	1	1	1	1	4	0	794.7004757379742	54.0	0	0.01956255933636284	0.7728167470772525	1.076103099782035	7847.159396451016	1024.0498421545199	978.1279668181423	1054.6141263734833	947.3822133682623	2.145640972047115	3056.7919353461457	1.6346060584349246e-08
794.7004757379742	2	1	1	2	4	0	794.7004757379742	54.0	0	0.015786395463493832	0.7623402283901776	1.0327669946052067	5192.175835533612	991.6243903996477	789.3197731746916	940.4529183685053	793.7919509010059	2.1791260160547	2721.397081942845	1.331426919160908e-08
812.7989892447298	1	1	1	1	4	0	812.7989892447298	55.0	0	0.0204187690321459	0.7958346176548402	1.059381631864179	8529.014947555877	1122.1698136039506	1020.9384516072952	1114.0263801279218	992.0857780130012	2.151996207436045	3257.134645339168	1.767255013121417e-08
812.7989892447298	2	1	1	2	4	0	812.7989892447298	55.0	0	0.01664260515927689	0.7647979314216201	1.0319112701559952	5713.989649413119	1089.7443618490784	832.1302579638443	999.8651721229436	838.495515545745	2.1848601407181194	2921.739791935867	1.3902124475647966e-08
831.0074187226242	1	1	1	1	4	0	831.0074187226242	56.0	0	0.021257593934545318	0.7550382123431676	1.0518362365932283	9211.367057104195	1222.4473320812006	1062.8796967272665	1181.4794134028434	1037.2439330963216	2.163771740202304	3466.8064422113102	1.9290679724857945e-08
831.0074187226242	2	1	1	2	4	0	831.0074187226242	56.0	0	0.017481430061676316	0.7388608915233517	1.0352647835149904	6252.2245359836	1190.0218803263285	874.0715030838155	1067.3182053978655	883.6536706290651	2.1970029356632708	3131.4115888080096	1.676017983849478e-08
849.3245615714155	1	1	1	1	4	0	849.3245615714155	57.0	0	0.02208397378005329	0.7667575351849388	1.0571448336846163	9934.466630758796	1324.473065780785	1104.1986890026649	1249.7889696612453	1082.8191702363974	2.173943464770757	3678.4607244446947	2.182010127264081e-08
849.3245615714155	2	1	1	2	4	0	849.3245615714155	57.0	0	0.018307809907184284	0.7613973596424392	1.0375254794333748	6843.028826728631	1292.0476140259127	915.390495359214	1135.6277616562672	929.2289077691412	2.207226055783704	3343.0658710413936	1.8265341877929577e-08
867.7491829767432	1	1	1	1	4	0	867.7491829767432	58.0	0	0.02292059396303542	0.7928646383093765	1.0364965425866248	10699.342461510256	1427.8219986415347	1146.0296981517708	1311.5103784723194	1128.7725322190765	2.177179198179782	3885.362075265625	2.3189530093681123e-08
867.7491829767432	2	1	1	2	4	0	867.7491829767432	58.0	0	0.01914443009016641	0.7485100929320607	1.02557225349103	7466.031885948217	1395.3965468866627	957.2215045083203	1197.3491704673415	975.1822697518201	2.20940304372432	3549.967221862324	1.9478511120181493e-08
886.2800162760308	1	1	1	1	4	0	886.2800162760308	59.0	0	0.023710284748382084	0.7920456774239274	1.0602653199365912	11508.174508242668	1532.0534900017474	1185.514237419104	1358.9397784902558	1175.0636183736192	2.1653755389270617	4076.5075059111073	2.4164706579332417e-08
886.2800162760308	2	1	1	2	4	0	886.2800162760308	59.0	0	0.019934120875513068	0.732927604046568	1.0253139528448738	8106.1991007656015	1499.6280382468753	996.7060437756534	1244.7785704852777	1021.4733559063627	2.194364249738106	3741.1126525078057	2.0241724085186208e-08
