0.0
0.0
0.0
0.0
0.0
0.0
0.0
0.0
2.0774072e-12
1.4917014799999999e-12
2.3378846e-12
1.34952568e-12
4.08792516e-12
3.34712934e-12
5.7314481e-12
5.740977880000001e-12
7.97767199e-12
1.0601527126999998e-11
5.100809152191684e-11
6.096767220790445e-11
7.742462918698638e-11
1.0500641020126792e-10
1.7536892089845652e-10
2.2323336630999563e-10
2.681459350749566e-10
3.8413686130277167e-10
4.946528749297204e-10
6.273137544904694e-10
9.855283595031018e-10
1.2828425704738653e-09
1.4621504064789156e-09
1.764234012241973e-09
1.986077423194904e-09
2.1299532627957126e-09
3.015857569535438e-09
3.3317746391127325e-09
3.4345679588967525e-09
3.924487614119417e-09
4.40804513458215e-09
4.89594230488737e-09
6.212202974951192e-09
7.52888276767502e-09
7.604351472139244e-09
8.002910632415433e-09
8.633503723720845e-09
8.872569600310138e-09
1.0940330514878609e-08
1.1752014510064869e-08
1.2400317440449271e-08
1.3313703568462979e-08
1.4171444120902038e-08
1.666598936847188e-08
1.650418245061929e-08
1.8328743672951893e-08
1.924674711870118e-08
1.9320466634686797e-08
2.2719825574812742e-08
2.3819848549129238e-08
2.5057406789971634e-08
2.5879182931674483e-08
