0.0
0.0
0.0
0.0
0.0
0.0
0.0
0.0
7.963163e-13
2.4279452999999997e-12
2.8284183999999997e-12
2.81190899e-12
4.3121687e-12
3.80227091e-12
3.67499643e-12
5.383178150000001e-12
6.260343500000001e-12
1.038200569e-11
1.5928853379999998e-11
3.8556724944000005e-11
3.5894134658e-11
4.0984161026e-11
3.2768127682e-11
9.2704164823e-11
9.096600538599999e-11
1.6865623423e-10
1.6699071698e-10
1.9308308945999999e-10
2.9992746854999997e-10
3.1938276503000003e-10
2.6064338292e-10
8.0893172864e-10
4.3621051362e-10
6.2941579921e-10
7.1682739508e-10
1.3866250198700002e-09
1.6129165007000001e-09
2.230590217e-09
2.9385792190900002e-09
5.309412524709817e-09
7.174121230628697e-09
7.27155447154347e-09
7.536179518614738e-09
8.559029395921022e-09
9.1235653387261e-09
9.886812091899064e-09
1.237601787373212e-08
1.213131372309724e-08
1.2398525072628466e-08
1.4190328291495449e-08
1.4852291385620004e-08
1.6789686761777307e-08
1.7931006648716642e-08
1.894055419045353e-08
1.9578188538808896e-08
2.0080721727315392e-08
2.3272689404194328e-08
2.3951242009264924e-08
2.5427300725443892e-08
2.702449410084449e-08
