NumAxe Jour Diam     X1       Y1       Z1      X2       Y2       Z2
    1     7    0.70  -50.00    0.00   10.00  -50.76    0.45   14.92
    1     7    0.70  -50.76    0.45   14.92  -51.75    0.75   19.81
    1     7    0.70  -51.75    0.75   19.81  -53.02    1.18   24.63
    1     7    0.70  -53.02    1.18   24.63  -53.82    1.61   29.55
    1     7    0.70  -53.82    1.61   29.55  -54.29    2.15   34.50
    1     7    0.70  -54.29    2.15   34.50  -54.69    3.11   39.39
    1     7    0.70  -54.69    3.11   39.39  -55.51    4.08   44.22
    1     9    0.70  -55.51    4.08   44.22  -56.58    5.30   48.95
    1     9    0.70  -56.58    5.30   48.95  -57.79    6.15   53.73
    1     9    0.70  -57.79    6.15   53.73  -58.59    7.21   58.55
    1     9    0.70  -58.59    7.21   58.55  -59.86    8.35   63.25
    1     9    0.70  -59.86    8.35   63.25  -60.74    9.81   67.95
    1     9    0.70  -60.74    9.81   67.95  -61.66   11.54   72.55
    1     9    0.70  -61.66   11.54   72.55  -62.82   12.87   77.23
    2     9    0.70  -50.00    0.00   10.00  -50.09   -1.99   14.59
    2     9    0.70  -50.09   -1.99   14.59  -50.39   -4.34   18.99
    2     9    0.70  -50.39   -4.34   18.99  -50.30   -6.54   23.48
    2     9    0.70  -50.30   -6.54   23.48  -50.29   -8.43   28.11
    2     9    0.70  -50.29   -8.43   28.11  -49.95  -10.18   32.78
    2     9    0.70  -49.95  -10.18   32.78  -49.53  -12.07   37.39
    2     9    0.70  -49.53  -12.07   37.39  -49.31  -13.60   42.14
