1	0	0.0	1.0	0.0	0.0	0.1	0.0		0.0	
2	0	0.0	1.0	0.0	0.0	0.1	0.0		0.0	
3	0	0.0	1.0	0.0	0.0	0.09701833494435001	0.0		0.0	
4	0	0.00011257771665567784	1.0	0.0	0.0	0.08855707761080875	0.0	0.0	0.00011257771665567784	
5	0	0.00033581469321961526	1.0	5.32084724813151e-05	8.34695412101625	0.07490518293769323	0.0	0.0	0.00033581469321961526	0.829141845968385
6	0	0.0004530671284804204	1.0	0.00017400385446189376	25.74656409419526	0.06835916365778863	0.0	0.0	0.0004530671284804204	0.9912683180165236
7	0	0.0004549136083517708	1.0	0.00026108640263240143	36.057129603537994	0.06859498812176228	0.0	0.0	0.0004549136083517708	1.0917768094353155
8	0	0.0004569792966901759	1.0	0.0002898928623529346	37.52047104193471	0.06885637558742852	0.0	0.0	0.0004569792966901759	1.0554318013778907
9	0	0.0004593597178935506	1.0	0.00033830013729380635	39.71271834474268	0.06915663824965561	0.0	0.0	0.0004593597178935506	1.0529282757930345
10	0	0.0004616047835518621	1.0	0.00030490268238718855	38.631169278858415	0.06943501768786703	0.0	0.0	0.0004616047835518621	1.1589071681965388
11	0	0.0004641231991786772	1.0	0.000339459627230209	40.409568242776224	0.0697445156177466	0.0	0.0	0.0004641231991786772	1.118333515260939
12	0	0.0004670500436521207	1.0	0.00041101266874966934	43.151949163773615	0.07010275442808782	0.0	0.0	0.0004670500436521207	1.1958431757792058
13	0	0.00046995929037225976	1.0	0.00039680599866413665	43.14218872577313	0.0704585559200358	0.0	0.0	0.00046995929037225976	1.2203153843162082
14	0	0.000472763254333202	1.0	0.00037240809100137296	42.59605995025649	0.07080202110907212	0.0	0.0	0.000472763254333202	1.1389771105132196
15	0	0.0004756151890234418	1.0	0.0003755758831345705	43.09613349840997	0.07115256592689627	0.0	0.0	0.0004756151890234418	1.0931674467957693
16	0	0.0004784643703618293	1.0	0.00036681087744837884	43.12878986028864	0.07150150593909238	0.0	0.0	0.0004784643703618293	1.2010933950732143
17	0	0.00048158854945938513	1.0	0.0004118673503730045	45.05343826003399	0.07188382321516221	0.0	0.0	0.00048158854945938513	1.1448105734484904
18	0	0.0004848493449715042	1.0	0.0004323282479140578	46.11857155483118	0.07228342002924049	0.0	0.0	0.0004848493449715042	1.1765732741190087
19	0	0.0004881568214843426	1.0	0.0004380842058169908	46.635030398538596	0.07269004571194895	0.0	0.0	0.0004881568214843426	1.2201195559231133
20	0	0.0004915016947636786	1.0	0.0004411307940230854	47.12985138535182	0.0731032560229408	0.0	0.0	0.0004915016947636786	1.152719731790816
21	0	0.000494971854476886	1.0	0.0004599912584365786	48.10461883763838	0.07353188090551492	0.0	0.0	0.000494971854476886	1.158215540011262
22	0	0.0004982208195846823	1.0	0.0004125412796352609	46.81586136719595	0.07393398380049372	0.0	0.0	0.0004982208195846823	1.1074464791880725
23	0	0.0005015421111331585	1.0	0.00040080217147217735	47.52288909171627	0.07434662228909973	0.0	0.0	0.0005015421111331585	1.0934713325944418
24	0	0.0005049307670292689	1.0	0.00041297276938110733	48.243160643455504	0.07476997479864414	0.0	0.0	0.0005049307670292689	1.1824905553622154
25	0	0.0005086239167506491	1.0	0.00044643026794069523	50.62596616304672	0.07523470444116367	0.0	0.0	0.0005086239167506491	1.1770059865163598
26	0	0.0005124093877734822	1.0	0.00046100725705454197	51.49400865447749	0.07571255135795542	0.0	0.0	0.0005124093877734822	1.1761169843029493
27	0	0.0005161545251378798	1.0	0.00044051002358647774	51.5147527462735	0.07618777127711299	0.0	0.0	0.0005161545251378798	1.2132407082190253
28	0	0.0005200659844255514	1.0	0.00046113638281500193	53.012000717158	0.07668767274172328	0.0	0.0	0.0005200659844255514	1.1151909934701523
29	0	0.0005236651759855927	1.0	0.00040650807943248834	51.25298548130414	0.07715191083768394	0.0	0.0	0.0005236651759855927	1.182291040742412
30	0	0.0005274394432977457	1.0	0.0004400942987227125	52.93242614553605	0.07764426735076584	0.0	0.0	0.0005274394432977457	1.1189051397865724
31	0	0.0005311845200398896	1.0	0.0004463882047968313	53.0970109524145	0.07813656423630264	0.0	0.0	0.0005311845200398896	1.1047357161262166
32	0	0.0005349399363187013	1.0	0.0004417524450453988	53.612415020942755	0.07863528648334404	0.0	0.0	0.0005349399363187013	1.136089083975839
33	0	0.0005388334794298097	1.0	0.0004401607327471161	55.13945957433153	0.07915909297716282	0.0	0.0	0.0005388334794298097	1.1360251945465636
34	0	0.0005425266775215669	1.0	0.00041867109281801566	54.29362215227659	0.07966396486199381	0.0	0.0	0.0005425266775215669	1.0917257005572092
35	0	0.0005347964067396703	1.0	0.0004808924967885843	57.227214119709245	0.07975070346246545	0.0	0.0	0.0005347964067396703	1.1076044404372112
36	0	0.0005380827651687663	1.0	0.00045642542412827644	56.53857060090056	0.08029334427735307	0.0	0.0	0.0005380827651687663	1.1268129764073542
37	0	0.0005413606286530242	1.0	0.0004484462233223667	57.2056119065086	0.08084489618000804	0.0	0.0	0.0005413606286530242	1.138546325009646
38	0	0.0005443393020252126	1.0	0.0004100311757417259	55.356973312812826	0.08135880270018267	0.0	0.0	0.0005443393020252126	1.1606225010843223
39	0	0.0005369468225642488	1.0	0.0004971115245727347	59.824404462390746	0.08153056528587961	0.0	0.0	0.0005369468225642488	1.1834930006355928
40	0	0.0005395945060694379	1.0	0.0004947135336161602	59.31148586670456	0.08211324809163591	0.0	0.0	0.0005395945060694379	1.096259225207857
41	0	0.0005422059136549693	1.0	0.000453401711168587	58.209736599649496	0.08267189504191384	0.0	0.0	0.0005422059136549693	1.099088527402633
42	0	0.0005449920860165938	1.0	0.0004746789631293922	59.74526176133221	0.0832554054705986	0.0	0.0	0.0005449920860165938	1.111472697971063
43	0	0.0005477584333575934	1.0	0.00045491368600091464	59.24720746271606	0.08382603364831617	0.0	0.0	0.0005477584333575934	1.1290637831441168
44	0	0.0005393273567047313	1.0	0.0004506045372835781	59.49340367809622	0.08395261033644934	0.0	0.0	0.0005393273567047313	1.1426907886857811
45	0	0.0005415025265050744	1.0	0.0004015747728712104	57.65993446924889	0.08448950665204619	0.0	0.0	0.0005415025265050744	1.1411468723140463
46	0	0.0005438556537040503	1.0	0.00043203373120932585	58.22388123868382	0.08503344462573037	0.0	0.0	0.0005438556537040503	1.134500341551508
47	0	0.0005463635889016649	1.0	0.000438708150401028	58.65375519679864	0.08558190166639693	0.0	0.0	0.0005463635889016649	1.1043419411319004
48	0	0.0005382782204104939	1.0	0.0004701497683826842	60.57272285642014	0.08573443457624796	0.0	0.0	0.0005382782204104939	1.0667885459989332
49	0	0.0005406709930712569	1.0	0.0005023723906673558	62.28957580963169	0.086345680615598	0.0	0.0	0.0005406709930712569	1.2273317034413789
50	0	0.0005429516282017631	1.0	0.00042172262191930303	58.74447572785658	0.08688754746596858	0.0	0.0	0.0005429516282017631	1.1163527188506626
51	0	0.0005454667795740432	1.0	0.00044132369204691194	60.03876988911738	0.0874499245473174	0.0	0.0	0.0005454667795740432	1.1277613922512046
52	0	0.0005480359774620878	1.0	0.0004294922371949473	59.37377306879581	0.08799646671882752	0.0	0.0	0.0005480359774620878	1.1106210790534965
53	0	0.0005397862970649781	1.0	0.00045045511368864834	61.115401450448005	0.08813151598115339	0.0	0.0	0.0005397862970649781	1.1394831722047714
54	0	0.0005421040056280278	1.0	0.00043389196068276413	60.33301580544705	0.08869149496122315	0.0	0.0	0.0005421040056280278	1.1735091931397597
55	0	0.0005446741062016805	1.0	0.00046362155541284543	61.750891131751395	0.08927415436482497	0.0	0.0	0.0005446741062016805	1.1015410608275242
56	0	0.0005369214229364752	1.0	0.00042022100318902004	60.38934269496585	0.08942095974258255	0.0	0.0	0.0005369214229364752	1.1010061536352769
57	0	0.0005391758722326618	1.0	0.00046762702375344444	62.447539870503654	0.09001190051267864	0.0	0.0	0.0005391758722326618	1.0899627591871406
58	0	0.0005415243636717389	1.0	0.00044495346526814513	61.4362606126656	0.09058042566786538	0.0	0.0	0.0005415243636717389	1.0926483125281832
59	0	0.0005440045356967603	1.0	0.00044513787183889455	61.27134824207106	0.09114232084133392	0.0	0.0	0.0005440045356967603	1.1831136272609617
60	0	0.0005467643812760849	1.0	0.00046835569924823115	63.13144288505894	0.09173505843660952	0.0	0.0	0.0005467643812760849	1.0919228337274876
