1	0	0.0	1.0	0.0	0.0	0.1	0.0		0.0	
2	0	0.0	1.0	0.0	0.0	0.1	0.0		0.0	
3	0	0.0	1.0	0.0	0.0	0.09701833494435001	0.0		0.0	
4	0	0.00011257771665567784	1.0	0.0	0.0	0.08855707761080875	0.0	0.0	0.00011257771665567784	
5	0	0.00033581469321961526	1.0	6.869035898491014e-05	28.436759676756967	0.07543567434319813	0.0	0.0	0.00033581469321961526	0.8721504050273345
6	0	0.0004634914932692409	1.0	0.0001587403375784785	79.36683972170637	0.06971829344454142	0.0	0.0	0.0004634914932692409	0.963990933315904
7	0	0.0004770441186336033	1.0	0.00026963059481666183	117.40341723278671	0.07144917644065507	0.0	0.0	0.0004770441186336033	1.0708088355155323
8	0	0.0004915212084529114	1.0	0.0002957679401094633	123.45828117952749	0.07328107419005757	0.0	0.0	0.0004915212084529114	1.160061333603921
9	0	0.0005072487720281049	1.0	0.0003403829455860037	132.30334013309886	0.07526492482234844	0.0	0.0	0.0005072487720281049	1.075900857958645
10	0	0.0005241754786159314	1.0	0.000364972154423651	139.20077816244807	0.07736377081967796	0.0	0.0	0.0005241754786159314	1.1753801106924409
11	0	0.0005421864954695948	1.0	0.00039195979307693626	146.11592299389062	0.07957721500731768	0.0	0.0	0.0005421864954695948	1.1436379833564918
12	0	0.0005617768741062722	1.0	0.0004544874086358652	156.84488695515253	0.081975030812228	0.0	0.0	0.0005617768741062722	1.1621168726197593
13	0	0.000581794314897679	1.0	0.000450560151176625	160.38454223873214	0.08442316807376014	0.0	0.0	0.000581794314897679	1.1252624520414978
14	0	0.0006029370658389695	1.0	0.0004702279389048794	168.88473159276967	0.08701300127060252	0.0	0.0	0.0006029370658389695	1.160339368623417
15	0	0.0006252386837311689	1.0	0.0005072028854453505	177.95628301877994	0.08975419888917345	0.0	0.0	0.0006252386837311689	1.1796472268167444
16	0	0.0006483243428825616	1.0	0.0005077296088057987	183.54910670146438	0.09258150583426288	0.0	0.0	0.0006483243428825616	1.1211114245187417
17	0	0.0006724813225489881	1.0	0.0005303171104885394	191.4847196079161	0.09553768420168368	0.0	0.0	0.0006724813225489881	1.0910996754575977
18	0	0.0006980649245654966	1.0	0.0005757976254492938	202.17540054460395	0.09867284732995962	0.0	0.0	0.0006980649245654966	1.1640928341155512
19	0	0.0007255205685392195	1.0	0.0006191582511518715	216.2427008493744	0.10204828172282088	0.0	0.0	0.0007255205685392195	1.110574805654164
20	0	0.000754324323559042	1.0	0.0006576659513006707	227.2853585575343	0.10560656557261627	0.0	0.0	0.000754324323559042	1.1705495528459906
21	0	0.0007848493228443642	1.0	0.0006628973577293533	239.97186516658715	0.10937693215962103	0.0	0.0	0.0007848493228443642	1.1461659224114489
22	0	0.0008156004944848616	1.0	0.0006470206980638259	243.17760766353416	0.11318280102258975	0.0	0.0	0.0008156004944848616	1.1057734398843628
23	0	0.0008484700309730272	1.0	0.0007105032492961861	259.506767896255	0.11726652437529538	0.0	0.0	0.0008484700309730272	1.1654211515341657
24	0	0.0008838964012194649	1.0	0.0007580287669819791	279.4103252888405	0.12169242160643498	0.0	0.0	0.0008838964012194649	1.1050619507303192
25	0	0.000919764341273279	1.0	0.0007406335682559584	285.6561467468745	0.12620588469801305	0.0	0.0	0.000919764341273279	1.114448090342388
26	0	0.0009587486459670512	1.0	0.0007854279653681228	309.2455725822197	0.1311269446371398	0.0	0.0	0.0009587486459670512	1.118607159648781
27	0	0.0009981940819005462	1.0	0.0007540553731209803	315.47620172912895	0.1361321700939274	0.0	0.0	0.0009981940819005462	1.091093928090564
28	0	0.0010405864693848244	1.0	0.000856467500678783	339.50961834390665	0.1415501011097281	0.0	0.0	0.0010405864693848244	1.0757623589192475
29	0	0.001085888501505039	1.0	0.0009363348694106217	364.3653819365187	0.14739333806552782	0.0	0.0	0.001085888501505039	1.0931958406003859
30	0	0.001131912865300164	1.0	0.0008809656722255133	375.04988274604483	0.1533972570783694	0.0	0.0	0.001131912865300164	1.0738272603969106
31	0	0.0011810554839553563	1.0	0.0009472433531655199	401.7639855296462	0.15985714022010278	0.0	0.0	0.0011810554839553563	1.0920690725824227
32	0	0.0012338109748606745	1.0	0.0010775595464318653	433.50920410323226	0.1668631110672011	0.0	0.0	0.0012338109748606745	1.0856898901234928
33	0	0.0012879537593801984	1.0	0.001065955040074452	450.9353708288128	0.17414705304895164	0.0	0.0	0.0012879537593801984	1.0574901033793356
34	0	0.001344486528414172	1.0	0.0010917526317542484	477.45291347420084	0.18187526175798308	0.0	0.0	0.001344486528414172	1.088631869397969
35	0	0.0014030312215214892	1.0	0.0011405799883886564	503.5126994296376	0.1900364770477051	0.0	0.0	0.0014030312215214892	1.0951206572460357
36	0	0.0014634109846424187	1.0	0.001133773850672662	527.5642092301903	0.19859084959855725	0.0	0.0	0.0014634109846424187	1.085144304057642
37	0	0.0015269480653630017	1.0	0.001201490422301519	564.8194150242252	0.2077799622772771	0.0	0.0	0.0015269480653630017	1.0659453570659807
38	0	0.0015908341195655616	1.0	0.0012108491497623975	583.7927674720893	0.21726189078743785	0.0	0.0	0.0015908341195655616	1.0722908222644258
39	0	0.0016550625802546199	1.0	0.0012082349416396966	606.7960271235991	0.22710928000003505	0.0	0.0	0.0016550625802546199	1.0779644764080063
40	0	0.0017234868701437914	1.0	0.0012986844651923768	645.8924659216583	0.2376172970546239	0.0	0.0	0.0017234868701437914	1.0853620114042979
41	0	0.0017951667300512692	1.0	0.0013499064931807158	677.8942914137557	0.24865064174453	0.0	0.0	0.0017951667300512692	1.05013346087783
42	0	0.0018695811801437093	1.0	0.001400057334517736	708.5461518428933	0.2601810514814339	0.0	0.0	0.0018695811801437093	1.0957900745867406
43	0	0.0019476071280573953	1.0	0.0014252915964663908	750.1434798247623	0.2724077129668777	0.0	0.0	0.0019476071280573953	1.0918987119435393
44	0	0.002030567180488711	1.0	0.0015756814993004257	803.524539658357	0.2855440526711393	0.0	0.0	0.002030567180488711	1.094428256275423
45	0	0.002116332807215929	1.0	0.0015504511553022214	831.1923393106857	0.2991090505775977	0.0	0.0	0.002116332807215929	1.0848981362123935
46	0	0.0022067364992506703	1.0	0.0016959428817947346	878.4095686596736	0.313461361707978	0.0	0.0	0.0022067364992506703	1.069192711611
47	0	0.002300688435615886	1.0	0.0017504904413978787	920.9170367103109	0.32850896981917843	0.0	0.0	0.002300688435615886	1.0659761562159966
48	0	0.002396420414419049	1.0	0.0017635910865484578	953.0314832826424	0.34405538785261064	0.0	0.0	0.002396420414419049	1.073883923197764
49	0	0.002497649815128553	1.0	0.0018230991201516648	1003.1493705135936	0.3604302525035865	0.0	0.0	0.002497649815128553	1.0675549272256706
50	0	0.002606232630200367	1.0	0.0019771480233298547	1074.5768314942284	0.3780222349815196	0.0	0.0	0.002606232630200367	1.0972552806093157
51	0	0.0027166216181587085	1.0	0.001982892513172641	1103.320417920659	0.3960346901700651	0.0	0.0	0.0027166216181587085	1.0648799832156228
52	0	0.0028312716049190704	1.0	0.002053473253471728	1157.6576124764392	0.4149380464625307	0.0	0.0	0.0028312716049190704	1.070544159023347
53	0	0.00295350169975046	1.0	0.002151941312093385	1224.9919374076308	0.4349669327392468	0.0	0.0	0.00295350169975046	1.0822473774097439
54	0	0.0030812278994733987	1.0	0.0023545650753214174	1280.2715663076465	0.4558914367489333	0.0	0.0	0.0030812278994733987	1.076121040678437
55	0	0.0032152293247692397	1.0	0.0023063095385164553	1349.7939966103215	0.4779691828895595	0.0	0.0	0.0032152293247692397	1.0809283497377422
56	0	0.0033540323274368067	1.0	0.0024395874024646037	1410.1883273966346	0.5010241801186202	0.0	0.0	0.0033540323274368067	1.0731426131196515
57	0	0.0035001801374825703	1.0	0.0025339748694064496	1473.80802397332	0.5251098900606006	0.0	0.0	0.0035001801374825703	1.081302842779816
58	0	0.003653610633899307	1.0	0.0026748098554666287	1544.846023775216	0.5503569406258846	0.0	0.0	0.003653610633899307	1.0869189667099055
59	0	0.003813201382542411	1.0	0.002762967999585503	1614.9574435152144	0.5767408882773655	0.0	0.0	0.003813201382542411	1.0913136885602108
60	0	0.003981028884024655	1.0	0.002962880953281113	1708.6279114512197	0.6046900407220647	0.0	0.0	0.003981028884024655	1.1070081002088088
