1	0	0.0	1.0	0.0	0.0	0.1	0.0		0.0	
2	0	0.0	1.0	0.0	0.0	0.1	0.0		0.0	
3	0	0.0	1.0	0.0	0.0	0.09701833494435001	0.0		0.0	
4	0	0.00011257771665567784	1.0	0.0	0.0	0.08855707761080875	0.0	0.0	0.00011257771665567784	
5	0	0.00033581469321961526	1.0	6.286058691736187e-05	15.666567520758546	0.07509846464912681	0.0	0.0	0.00033581469321961526	0.9231094201422436
6	0	0.00045717252565212637	1.0	0.00019389240066574695	47.45064625276289	0.0688944257764455	0.0	0.0	0.00045717252565212637	1.0783014707068708
7	0	0.00046316276292474474	1.0	0.0002626576638297308	64.87065772568698	0.06965947310558704	0.0	0.0	0.00046316276292474474	1.0439134720625571
8	0	0.00046982175297889103	1.0	0.0003125076159906323	69.3277508782872	0.0705020864378063	0.0	0.0	0.00046982175297889103	1.084135196457939
9	0	0.00047672647848248135	1.0	0.0003231322434714001	71.14803881153419	0.07137303787224826	0.0	0.0	0.00047672647848248135	1.199828372760728
10	0	0.00048425711220165496	1.0	0.00036135639520224334	74.84335409999031	0.07230680725950815	0.0	0.0	0.00048425711220165496	1.1773975434289845
11	0	0.0004921820104631334	1.0	0.0003831572322207504	77.33386226850214	0.07328072895071669	0.0	0.0	0.0004921820104631334	1.1508665750961178
12	0	0.0005003980023533259	1.0	0.0003969135856636857	79.38057807679137	0.0742863468396142	0.0	0.0	0.0005003980023533259	1.203958360930816
13	0	0.000508475096714432	1.0	0.0003698471984748084	78.76101434992077	0.07527417719597145	0.0	0.0	0.000508475096714432	1.2366977830654713
14	0	0.000517151258248895	1.0	0.0004209019389823036	83.15177251154186	0.07633694387309467	0.0	0.0	0.000517151258248895	1.2220314743866507
15	0	0.000526273479822354	1.0	0.0004607007787372418	86.67825825945214	0.07745819938801353	0.0	0.0	0.000526273479822354	1.1248484942243435
16	0	0.0005358892564160648	1.0	0.0004982764829826798	90.11119911610494	0.07863584615857096	0.0	0.0	0.0005358892564160648	1.1527147462959941
17	0	0.0005459639268024934	1.0	0.0005174230514583756	93.50040930653601	0.07986872059347584	0.0	0.0	0.0005459639268024934	1.2181138709768502
18	0	0.0005562233726947471	1.0	0.0005149273384005491	95.23944802746126	0.08112597265896614	0.0	0.0	0.0005562233726947471	1.1651602848558305
19	0	0.0005664939875343817	1.0	0.000503336932682283	95.96179724575255	0.08238865608386459	0.0	0.0	0.0005664939875343817	1.1553629341460523
20	0	0.0005775499088035384	1.0	0.0005522669947369634	101.97067566598488	0.08375445391368143	0.0	0.0	0.0005775499088035384	1.183378750590592
21	0	0.0005883982893288731	1.0	0.0005089362130494651	101.03851504986727	0.08509441697391	0.0	0.0	0.0005883982893288731	1.1523684886208798
22	0	0.0005995485667925813	1.0	0.0005301436964689896	103.66100915483831	0.08647441297239422	0.0	0.0	0.0005995485667925813	1.1982740919245871
23	0	0.0006111902696857401	1.0	0.0005520630565706803	107.72217724865264	0.08792078243936767	0.0	0.0	0.0006111902696857401	1.184436140808956
24	0	0.0006226789307588044	1.0	0.0005021940864176887	107.61653515964198	0.08935608706919755	0.0	0.0	0.0006226789307588044	1.166761308499887
25	0	0.0006346570496649913	1.0	0.0005252080000838894	111.99926994967258	0.09086336062626532	0.0	0.0	0.0006346570496649913	1.1409906602643758
26	0	0.0006471380249227138	1.0	0.0005591561024642311	116.20386384683322	0.09243885691443747	0.0	0.0	0.0006471380249227138	1.1194018274419244
27	0	0.0006596300651396014	1.0	0.0005322222945462763	117.26111546130774	0.09402397002628643	0.0	0.0	0.0006596300651396014	1.1302466263117312
28	0	0.0006729877594863324	1.0	0.0005819945180717813	124.40475073049002	0.09573114130857334	0.0	0.0	0.0006729877594863324	1.1372124166596476
29	0	0.0006869298992923005	1.0	0.0006453109639148996	129.91739115907654	0.09752945415999194	0.0	0.0	0.0006869298992923005	1.1610524607852144
30	0	0.0007006340249836912	1.0	0.0005897561416146122	129.95698450614577	0.09931716949179248	0.0	0.0	0.0007006340249836912	1.079178537613299
31	0	0.0007151048980311669	1.0	0.0006440146662934918	136.7611111293745	0.10121939105433178	0.0	0.0	0.0007151048980311669	1.07388130744814
32	0	0.0007290781216561696	1.0	0.0005693090244172372	134.89019238437658	0.10307504618476078	0.0	0.0	0.0007290781216561696	1.0598492797013652
33	0	0.0007439000618737547	1.0	0.0006332028041587036	143.0085907040255	0.10506907278608812	0.0	0.0	0.0007439000618737547	1.113898656890133
34	0	0.0007586044158216741	1.0	0.0005991094752992987	144.5595129389767	0.10707920457660244	0.0	0.0	0.0007586044158216741	1.1050044337603613
35	0	0.0007738779117571425	1.0	0.0006239930833128676	151.68341156030397	0.10920835210373278	0.0	0.0	0.0007738779117571425	1.0545338165866147
36	0	0.0007895034233280152	1.0	0.0006627794053843968	156.98677705367828	0.11142211446989486	0.0	0.0	0.0007895034233280152	1.093393489057796
37	0	0.0008053923267460881	1.0	0.0006664877246850108	162.2957757124653	0.1137200627261589	0.0	0.0	0.0008053923267460881	1.058070798171591
38	0	0.0008203393447511482	1.0	0.0005955843852494249	158.77687591308143	0.11593848986073667	0.0	0.0	0.0008203393447511482	1.0534338461029844
39	0	0.0008360770558052206	1.0	0.0006765635354943925	170.05276606876606	0.1183513667131823	0.0	0.0	0.0008360770558052206	1.0350318725249033
40	0	0.0008524069722714613	1.0	0.0007007880076828374	176.01099721577538	0.12085917557762507	0.0	0.0	0.0008524069722714613	1.0558411726482226
41	0	0.0008681930737029	1.0	0.0006570448493997137	172.64979657806617	0.12328905614139435	0.0	0.0	0.0008681930737029	1.0680197854497222
42	0	0.0008846232436704426	1.0	0.0006659118161244508	179.75090923217184	0.12583488684413288	0.0	0.0	0.0008846232436704426	1.0950214580798094
43	0	0.0009019504351722268	1.0	0.0007001050367264102	189.779903076505	0.12855005674146155	0.0	0.0	0.0009019504351722268	1.0405458642257923
44	0	0.0009189903432179123	1.0	0.0006799329363943511	189.7867259837931	0.13124824718442	0.0	0.0	0.0009189903432179123	1.082309748504003
45	0	0.000936282407125526	1.0	0.0006887537134956826	192.69638707009082	0.13398322178503913	0.0	0.0	0.000936282407125526	1.0391206789632503
46	0	0.0009540331414636953	1.0	0.0006973907635066642	198.12411307144924	0.13680129321862866	0.0	0.0	0.0009540331414636953	1.0810142045058908
47	0	0.0009722807844966312	1.0	0.0007123349770371037	204.7393079215752	0.13972388738683525	0.0	0.0	0.0009722807844966312	1.0536206606981915
48	0	0.0009911130797960741	1.0	0.000757501644731796	213.0757985881588	0.14278216257256146	0.0	0.0	0.0009911130797960741	1.0650447611964362
49	0	0.0010103407142379927	1.0	0.0007712900029327284	216.93063060558453	0.14589242411059405	0.0	0.0	0.0010103407142379927	1.0611963411761545
50	0	0.0010293378648450005	1.0	0.000731675125775368	216.23520232048224	0.14897023656542954	0.0	0.0	0.0010293378648450005	1.0472827663117867
51	0	0.0010497555600605286	1.0	0.0008043460899522575	231.01461529444958	0.15230184442709302	0.0	0.0	0.0010497555600605286	1.0232926848097779
52	0	0.0010699587999233088	1.0	0.0007869043373214559	232.12193544797202	0.15563293108640974	0.0	0.0	0.0010699587999233088	1.036480472773737
53	0	0.0010912718218848438	1.0	0.0008004637060272644	241.9842401825905	0.1591253287129484	0.0	0.0	0.0010912718218848438	1.0458665269168534
54	0	0.0011127798303112524	1.0	0.0007959399521522963	244.85769069034646	0.1626488376683153	0.0	0.0	0.0011127798303112524	1.0025534634195379
55	0	0.001135272073646282	1.0	0.0008167984288821794	255.91881272278812	0.1663546045091355	0.0	0.0	0.001135272073646282	1.0127926460558805
56	0	0.0011577925639309878	1.0	0.0008031823311448313	259.06763584225394	0.17009522849516334	0.0	0.0	0.0011577925639309878	1.0230145395799286
57	0	0.0011810496879781775	1.0	0.0008350861760372963	265.33264307021193	0.1739280901966822	0.0	0.0	0.0011810496879781775	1.063700641994697
58	0	0.0012047281337218376	1.0	0.0008429541057300543	270.0709169049045	0.17782438807069675	0.0	0.0	0.0012047281337218376	1.0372876571053649
59	0	0.001229409720807426	1.0	0.0008625111804445662	281.3600951397607	0.18190481069643372	0.0	0.0	0.001229409720807426	1.0184015434348042
60	0	0.0012542457445144975	1.0	0.0008932926490838826	285.7612144039008	0.1860408778283308	0.0	0.0	0.0012542457445144975	1.0143402704965865
