1	0	0.0	1.0	0.0	0.0	0.1	0.0		0.0	
2	0	0.0	1.0	0.0	0.0	0.1	0.0		0.0	
3	0	0.0	1.0	0.0	0.0	0.09701833494435001	0.0		0.0	
4	0	0.00011257771665567784	1.0	0.0	0.0	0.08855707761080875	0.0	0.0	0.00011257771665567784	
5	0	0.00033581469321961526	1.0	4.932900445363623e-05	64.52038209925692	0.07638849847688664	0.0	0.0	0.00033581469321961526	0.8964985621199871
6	0	0.0004887588369635943	1.0	0.00017237678429146255	221.83364105104613	0.07301265239521294	0.0	0.0	0.0004887588369635943	1.0265833561659603
7	0	0.0005372343918867512	1.0	0.00031836580938090256	359.82455286214963	0.07920374168513764	0.0	0.0	0.0005372343918867512	1.0434456136551564
8	0	0.0005910939135465572	1.0	0.00034810294480395917	395.70248873114645	0.08601900205472554	0.0	0.0	0.0005910939135465572	1.0118535478245454
9	0	0.0006514534388943906	1.0	0.0003901931716322089	441.2188367797791	0.09363265956458557	0.0	0.0	0.0006514534388943906	1.1518295000677865
10	0	0.0007216555215499613	1.0	0.0004740250547421837	502.8441508409172	0.10233744566230236	0.0	0.0	0.0007216555215499613	1.2195160522815174
11	0	0.000802435301873024	1.0	0.0005741221725289523	571.9516412578573	0.11226478828196833	0.0	0.0	0.000802435301873024	1.1456502965124775
12	0	0.0008943421224881618	1.0	0.0006549721677266713	646.846748544948	0.12351396478524646	0.0	0.0	0.0008943421224881618	1.1078676968070709
13	0	0.0009957284049746237	1.0	0.000714904483576591	712.9170786914544	0.13591352867304798	0.0	0.0	0.0009957284049746237	1.1647892162149729
14	0	0.0011085146278076424	1.0	0.0007734039072778316	793.7453130163582	0.14972902055726472	0.0	0.0	0.0011085146278076424	1.0959264690103598
15	0	0.0012375986242242644	1.0	0.0009065584791073401	909.4047347712033	0.16559534672621187	0.0	0.0	0.0012375986242242644	1.1285365233886366
16	0	0.001387653364349384	1.0	0.0010929563814861824	1050.653826200896	0.18397259149609926	0.0	0.0	0.001387653364349384	1.1491188019346543
17	0	0.0015509985336913555	1.0	0.0011192607181541518	1144.1217859664505	0.20396174008583492	0.0	0.0	0.0015509985336913555	1.1472459274754578
18	0	0.0017389924945461026	1.0	0.0013478071315660446	1315.871415027488	0.2269996115329453	0.0	0.0	0.0017389924945461026	1.1578492563233185
19	0	0.001951970264672677	1.0	0.0014923013943423298	1493.9178153114576	0.25318338966206777	0.0	0.0	0.001951970264672677	1.1117557842671313
20	0	0.0021902176185317006	1.0	0.0016528497234165945	1678.5709552371545	0.2826153755579913	0.0	0.0	0.0021902176185317006	1.151448289364071
21	0	0.0024612572720121837	1.0	0.0018605033088890186	1907.4979041530264	0.3160934714519213	0.0	0.0	0.0024612572720121837	1.1434398430519075
22	0	0.002766984890895586	1.0	0.002083284910104093	2154.7738914777233	0.35393135414662674	0.0	0.0	0.002766984890895586	1.1076812056520124
23	0	0.003113731890409289	1.0	0.0023779274468054804	2451.2688031787443	0.3970113294272195	0.0	0.0	0.003113731890409289	1.1388478811402432
24	0	0.003501408811859313	1.0	0.002605455999965478	2755.5714253016563	0.4454446913913889	0.0	0.0	0.003501408811859313	1.124531764062224
25	0	0.003944134595197388	1.0	0.003023297233639368	3165.782555845315	0.5011553477543792	0.0	0.0	0.003944134595197388	1.1238257669336702
26	0	0.0044387881643338884	1.0	0.0032514172258538143	3548.885080706269	0.5635963706723174	0.0	0.0	0.0044387881643338884	1.1294038509086943
27	0	0.005003249097588282	1.0	0.0037138834657320773	4066.988043910492	0.635220733938332	0.0	0.0	0.005003249097588282	1.1170043436652626
28	0	0.005642597931266915	1.0	0.004305562250435733	4637.119541010316	0.7169322883344634	0.0	0.0	0.005642597931266915	1.1131892076316194
29	0	0.006360356773504994	1.0	0.004872491642799646	5252.92272838968	0.8095116892140569	0.0	0.0	0.006360356773504994	1.100290007795923
30	0	0.007159553175911866	1.0	0.005338289554146816	5916.177169970179	0.9137675676171712	0.0	0.0	0.007159553175911866	1.1021248459692992
31	0	0.008056659501510341	1.0	0.006151709709950308	6691.278532487604	1.0316937625913902	0.0	0.0	0.008056659501510341	1.0994217096582002
32	0	0.009053093291642429	1.0	0.006728327588784821	7510.569286291954	1.1640209566887425	0.0	0.0	0.009053093291642429	1.101188243680485
33	0	0.010152936464064552	1.0	0.00740478624176188	8401.636702187916	1.311985157792185	0.0	0.0	0.010152936464064552	1.105731608792258
34	0	0.011379738518570956	1.0	0.008200072814924986	9520.197559334682	1.4796928870243482	0.0	0.0	0.011379738518570956	1.1160304726387669
35	0	0.012729008952647242	1.0	0.009501836286934472	10680.05779565769	1.667783146142591	0.0	0.0	0.012729008952647242	1.0974669489718014
36	0	0.014227751216738313	1.0	0.010538258064428358	12055.867819954161	1.880119184279489	0.0	0.0	0.014227751216738313	1.1038093544670244
37	0	0.015866840060514673	1.0	0.011688406735817471	13465.531866057525	2.1171740175371094	0.0	0.0	0.015866840060514673	1.1036193439245376
38	0	0.017642932474677776	1.0	0.012793986338534295	14982.781509930102	2.380780551212476	0.0	0.0	0.017642932474677776	1.0959243499939155
39	0	0.01954315532483878	1.0	0.01422194566329713	16572.942433846685	2.6721192162755454	0.0	0.0	0.01954315532483878	1.0989370553319089
40	0	0.021660263542226416	1.0	0.01574883302034841	18500.217413176004	2.9972465839216373	0.0	0.0	0.021660263542226416	1.0966015694538516
41	0	0.023999689215227576	1.0	0.01741574592031688	20502.8876819574	3.357343406933768	0.0	0.0	0.023999689215227576	1.0890040945819994
42	0	0.026589539627874883	1.0	0.019380959975826968	22854.37188290181	3.7586369242280186	0.0	0.0	0.026589539627874883	1.0966390540484303
43	0	0.029409908747376562	1.0	0.021348873084204918	25190.762331431084	4.200588600692021	0.0	0.0	0.029409908747376562	1.0837426505240646
44	0	0.032498060931950346	1.0	0.023376414106546967	27886.42679196592	4.689583182615717	0.0	0.0	0.032498060931950346	1.0791056781662507
45	0	0.03592517313559214	1.0	0.02584142529235514	30923.095560565565	5.231627491525844	0.0	0.0	0.03592517313559214	1.0861319509385725
46	0	0.03969659783601247	1.0	0.028509910026714495	34175.304880609285	5.8303714088033916	0.0	0.0	0.03969659783601247	1.09362686626605
47	0	0.043834167618057716	1.0	0.03155596215322996	37838.59890332086	6.493056298776692	0.0	0.0	0.043834167618057716	1.0882237745589818
48	0	0.04797976372838317	1.0	0.034860715177526945	41827.41971037572	7.250588598015749	0.0	0.0	0.04797976372838317	1.0914548782571445
49	0	0.052240554471705884	1.0	0.038549862694802615	45962.779381824854	8.103644149151892	0.0	0.0	0.052240554471705884	1.0840613871281872
50	0	0.056555067800892124	1.0	0.04202501109431733	50278.401984083466	9.05878566260851	0.0	0.0	0.056555067800892124	1.0871284027653083
51	0	0.06085927338437407	1.0	0.045480926016151176	54449.57242580448	10.114054158483997	0.0	0.0	0.06085927338437407	1.0863286575287687
52	0	0.06511532690896307	1.0	0.04843532907123703	58583.339417833864	11.269236553832732	0.0	0.0	0.06511532690896307	1.084661206560259
53	0	0.06949727858774501	1.0	0.05249552940721483	63032.538807535086	12.524520918140404	0.0	0.0	0.06949727858774501	1.0804472970542007
54	0	0.07393860565229278	1.0	0.0555389370968522	67258.13173607162	13.875993297329982	0.0	0.0	0.07393860565229278	1.08192819713841
55	0	0.0783701831837728	1.0	0.05932538257272847	71737.5924410412	15.332496861979635	0.0	0.0	0.0783701831837728	1.0824828252452956
56	0	0.08276237543151392	1.0	0.06263756968634021	76133.74084411688	16.892233070106823	0.0	0.0	0.08276237543151392	1.0868220315739792
57	0	0.08728555319847589	1.0	0.06639019206009845	80675.15176385862	18.551038139526387	0.0	0.0	0.08728555319847589	1.0810336344737266
58	0	0.09186795067927572	1.0	0.0697199385412633	85251.92367086692	20.312083077643045	0.0	0.0	0.09186795067927572	1.0783941187288573
59	0	0.09643518076630864	1.0	0.07349123126776662	89830.75256583252	22.177745437529946	0.0	0.0	0.09643518076630864	1.0822241126265564
60	0	0.10095429088170474	1.0	0.07665364255204574	94366.86277526156	24.147458540231643	0.0	0.0	0.10095429088170474	1.0798933806548592
