1	0	0.0	1.0	0.0	0.0	0.1	0.0		0.0	
2	0	0.0	1.0	0.0	0.0	0.1	0.0		0.0	
3	0	0.0	1.0	0.0	0.0	0.09701833494435001	0.0		0.0	
4	0	0.00011257771665567784	1.0	0.0	0.0	0.08855707761080875	0.0	0.0	0.00011257771665567784	
5	0	0.00033581469321961526	1.0	6.480782906509452e-05	80.89186320744894	0.07682080380702956	0.0	0.0	0.00033581469321961526	0.8018380525427381
6	0	0.00049191691767686	1.0	0.00017768122904738618	227.88533335122017	0.07342440329354794	0.0	0.0	0.00049191691767686	1.045504494588963
7	0	0.0005399666192367524	1.0	0.0002794594625439335	357.02247711651427	0.07956110442431566	0.0	0.0	0.0005399666192367524	1.0196941474102783
8	0	0.0006017660563050586	1.0	0.0003614393321876898	450.1787481647034	0.08738106348326849	0.0	0.0	0.0006017660563050586	1.066349125912884
9	0	0.0006804101159038046	1.0	0.00046862343795442033	566.4589856575409	0.097301103966015	0.0	0.0	0.0006804101159038046	1.1004900162133389
10	0	0.0007709932700262441	1.0	0.0005239215515618923	640.8152315782376	0.10853306391456756	0.0	0.0	0.0007709932700262441	1.1202949279640153
11	0	0.0008822091357208284	1.0	0.0006480561556864644	776.4204182770351	0.12220081590742216	0.0	0.0	0.0008822091357208284	1.1589207000763335
12	0	0.0010066087852491446	1.0	0.0007065205251468332	865.3924276042031	0.137427037477527	0.0	0.0	0.0010066087852491446	1.144504938204643
13	0	0.0011557060836410215	1.0	0.0008452966631411862	1033.3377482086175	0.15566166874685633	0.0	0.0	0.0011557060836410215	1.1661922910932845
14	0	0.0013248045073761994	1.0	0.0009447769818598967	1173.650760647995	0.1763749956237208	0.0	0.0	0.0013248045073761994	1.1584332974297915
15	0	0.0015189631425322255	1.0	0.0010746256665883091	1351.2146102902584	0.20023995425081853	0.0	0.0	0.0015189631425322255	1.111695912651397
16	0	0.001739396798125141	1.0	0.0011961056677011065	1528.7695096418247	0.2272365239091598	0.0	0.0	0.001739396798125141	1.1055459523987508
17	0	0.002000361375556831	1.0	0.0014235129777070196	1805.151662724076	0.25917171817265644	0.0	0.0	0.002000361375556831	1.1316208680132196
18	0	0.00231301123596225	1.0	0.0017062177131473774	2161.1273925160017	0.29748564729691307	0.0	0.0	0.00231301123596225	1.1337167666471824
19	0	0.002663250435532569	1.0	0.00187724462439868	2430.8893776100085	0.3405445331525614	0.0	0.0	0.002663250435532569	1.0985159512667664
20	0	0.003085815114588229	1.0	0.0023088652181712625	2940.193994965858	0.392746236435448	0.0	0.0	0.003085815114588229	1.0993021756834374
21	0	0.003562528905156405	1.0	0.002524816826853996	3319.414345192501	0.45162865378531203	0.0	0.0	0.003562528905156405	1.1102450161740791
22	0	0.004126635960908029	1.0	0.0030159810771515005	3930.9818648164564	0.5214444482521049	0.0	0.0	0.004126635960908029	1.1142175081543213
23	0	0.004771582468965106	1.0	0.003421612126678064	4512.691508282934	0.6015728406055201	0.0	0.0	0.004771582468965106	1.102969765548638
24	0	0.005523375420372151	1.0	0.00401678154193269	5286.304893641776	0.6954960486247587	0.0	0.0	0.005523375420372151	1.1170465958303717
25	0	0.006384252468343548	1.0	0.004493590257829624	6097.672010830754	0.8038250125010205	0.0	0.0	0.006384252468343548	1.102650445368174
26	0	0.007388174444173629	1.0	0.005212329525642975	7129.927237087287	0.9305519159580328	0.0	0.0	0.007388174444173629	1.0887207560514325
27	0	0.008539810711823852	1.0	0.005997980679803575	8222.883898726983	1.0766828694483463	0.0	0.0	0.008539810711823852	1.124095553187229
28	0	0.009882477852045024	1.0	0.007063447344064023	9650.5008059338	1.2482815543678636	0.0	0.0	0.009882477852045024	1.0877449819548584
29	0	0.011425615725908724	1.0	0.007996013444357904	11193.573820661046	1.4473216377912086	0.0	0.0	0.011425615725908724	1.0941651264945185
30	0	0.013200028626732722	1.0	0.00939088293040698	13016.081870960608	1.678795371992334	0.0	0.0	0.013200028626732722	1.1018933500358168
31	0	0.015206455454411794	1.0	0.010608643901294896	14841.038579953994	1.9425436864683685	0.0	0.0	0.015206455454411794	1.0921515775814346
32	0	0.017547327028469808	1.0	0.012387089300033663	17480.205720211616	2.2534132798171527	0.0	0.0	0.017547327028469808	1.087893940102032
33	0	0.02020736439394941	1.0	0.014229631009409738	20128.374016501115	2.6112736671501153	0.0	0.0	0.02020736439394941	1.0878407682669753
34	0	0.02323490721538388	1.0	0.016575960056029924	23280.732932404193	3.0251483667162145	0.0	0.0	0.02323490721538388	1.0800996267377068
35	0	0.026641738248020658	1.0	0.01879338565970996	26724.209383337282	3.5000655630893847	0.0	0.0	0.026641738248020658	1.0812876451374551
36	0	0.03046961972419449	1.0	0.02114786523743734	30532.559390020742	4.042385084318943	0.0	0.0	0.03046961972419449	1.089039391866872
37	0	0.034644467552452624	1.0	0.02449938246231928	35109.85209866681	4.674346601956655	0.0	0.0	0.034644467552452624	1.0903693561248693
38	0	0.038730059495903336	1.0	0.027656690567307074	39891.395124799084	5.4257720820812905	0.0	0.0	0.038730059495903336	1.0788026243385729
39	0	0.0426667078959802	1.0	0.03145349301360612	45111.31179737365	6.3094809996572705	0.0	0.0	0.0426667078959802	1.0796754204202137
40	0	0.04670402791750117	1.0	0.03443397891462376	49810.3165158714	7.3022652877320064	0.0	0.0	0.04670402791750117	1.0876989616063133
41	0	0.050818652420098066	1.0	0.037369546730144115	54470.1029040595	8.403448928576784	0.0	0.0	0.050818652420098066	1.0841844432154528
42	0	0.0549583719835373	1.0	0.04083400702730125	59553.27485687498	9.62547732166537	0.0	0.0	0.0549583719835373	1.0762843486200884
43	0	0.05906856788390485	1.0	0.04416386858307287	64943.02831326723	10.977704720938805	0.0	0.0	0.05906856788390485	1.0852368650796032
44	0	0.06315620317687325	1.0	0.047212302216413024	69745.77144114427	12.443215891158367	0.0	0.0	0.06315620317687325	1.0870554624095976
45	0	0.0673443723771224	1.0	0.05077626530546011	75068.23289878758	14.029586219388307	0.0	0.0	0.0673443723771224	1.0908943130386222
46	0	0.07157642519832827	1.0	0.05431633845550701	80449.68082173255	15.739728932792756	0.0	0.0	0.07157642519832827	1.0884334290892872
47	0	0.0757932184218314	1.0	0.0575117248939866	85507.7499496544	17.56654321443549	0.0	0.0	0.0757932184218314	1.087008512410751
48	0	0.07993881453215684	1.0	0.06104152743081	91025.77911786256	19.523546009947715	0.0	0.0	0.07993881453215684	1.0847957884464436
49	0	0.08419960527547955	1.0	0.0642575007220375	96263.2088649142	21.594378085306932	0.0	0.0	0.08419960527547955	1.086612239669443
50	0	0.08851411860466579	1.0	0.06785576471232811	101950.37139473137	23.79255301759573	0.0	0.0	0.08851411860466579	1.0860130639759993
51	0	0.09281832418814777	1.0	0.07132764658245776	107608.70940711736	26.11893777840488	0.0	0.0	0.09281832418814777	1.0835696253607912
52	0	0.09707437771273672	1.0	0.07457555533618171	112930.89880434172	28.56517787433445	0.0	0.0	0.09707437771273672	1.0828856447228012
53	0	0.10145632939151866	1.0	0.0782057463167163	118735.55944051172	31.13569272959198	0.0	0.0	0.10145632939151866	1.081487528314261
54	0	0.10589765645606644	1.0	0.08170571687905208	124397.1521633524	33.82847753588127	0.0	0.0	0.10589765645606644	1.0781132130901778
55	0	0.11032923398754646	1.0	0.08533499112566195	130501.0899567552	36.65711765778391	0.0	0.0	0.11032923398754646	1.0795090637797533
56	0	0.1147214262352876	1.0	0.08803877212956787	135818.82657331653	39.6009766525141	0.0	0.0	0.1147214262352876	1.074401576155824
57	0	0.11924460400224955	1.0	0.09108147656402976	141037.49418627706	42.649331043698375	0.0	0.0	0.11924460400224955	1.0733492207033242
58	0	0.1238270014830494	1.0	0.09489917461132932	147326.16360532775	45.83262372538686	0.0	0.0	0.1238270014830494	1.075748498288436
59	0	0.1283942315700823	1.0	0.09786929912077164	152920.27369745699	49.13454311444574	0.0	0.0	0.1283942315700823	1.0702565956923296
60	0	0.13291334168547844	1.0	0.1013058528648864	158684.241014738	52.56000972784681	0.0	0.0	0.13291334168547844	1.0698325186477522
