11.247441493196291	1	1	1	1	0	0	11.247441493196291	1.0	0	0.0			100.0	0.0	0.0	0.0	0.0		0.0	0.0
11.367595075476835	1	1	1	1	0	0	11.367595075476835	1.0	0	0.0			100.0	0.0	0.0	0.0	0.0		0.0	0.0
22.856168219862568	1	1	1	1	0	0	22.856168219862568	2.0	0	0.0			97.01833494434999	0.0	0.0	0.0	4.857218463183318	0.0	0.0	0.0
34.4665080713728	1	1	1	1	0	0	34.4665080713728	3.0	0	0.00011257771665567784			88.55707761080875	0.0	4.740114385502225	3.1600762570014824	14.662576565111165	0.5387996173402292	7.900190642503707	0.0
46.1993671861199	1	1	1	1	0	0	46.1993671861199	4.0	0	0.00033581469321961526	0.5590112636852672	0.7551520768939701	76.77508414478059	0.0	14.139566030299589	9.426377353533061	29.505835329103736	0.7986875518344624	23.56594338383265	1.001838663239982e-11
58.05546181511435	1	1	1	1	0	0	58.05546181511435	5.0	0	0.0004899757240328434	0.4955210226780589	0.961196239082484	73.17131026036209	0.0	20.630556801382877	13.753704534255252	38.787048924723976	0.8864882038942802	34.38426133563813	2.7356666164641927e-11
70.03547169202406	1	1	1	1	0	0	70.03547169202406	6.0	0	0.0005391800996872281	0.5863785844672812	1.052430801075967	79.45548139804562	0.0	22.70231998683066	15.134879991220439	41.61828141999453	0.9091485445113332	37.837199978051096	4.5586135617385074e-11
82.14003983175478	1	1	1	1	0	0	82.14003983175478	7.0	0	0.0006034123948878095	0.7033877659285528	1.0388974634851504	87.5832887464514	0.0	25.406837679486717	16.937891786324478	45.2385592806402	0.936031786581068	42.344729465811206	5.7565694266432035e-11
94.36977233991071	1	1	1	1	0	0	94.36977233991071	8.0	0	0.000674560268097005	0.6858796485145628	1.1702484763675869	96.55777183007635	0.0	28.402537604084433	18.93502506938962	49.22020915660229	0.9617505387443948	47.33756267347405	6.332618652170708e-11
106.72523823319248	1	1	1	1	0	0	106.72523823319248	9.0	0	0.0007630868230360593	0.7587936168134715	1.1855786472959482	107.53472145268259	0.0	32.12997149625513	21.61743340692556	53.787316549501895	0.9992579729036218	53.74740490318069	8.012626692910877e-11
119.20696927078512	1	1	1	1	0	0	119.20696927078512	10.0	0	0.0008718859764463872	0.8251867526003925	1.1843038028174613	120.90547423653936	0.0	36.71098848195315	25.07377031380227	59.12071544078393	1.045061081130519	61.78475879575542	9.700850510834704e-11
131.81545979678634	1	1	1	1	0	0	131.81545979678634	11.0	0	0.0009929495241427202	0.7805204961351486	1.098806525343495	135.723364867877	0.0	41.80840101653561	29.04609300827093	64.8688708430705	1.0922726587335911	70.85449402480654	1.4401458312822402e-10
144.55116659372186	1	1	1	1	0	0	144.55116659372186	12.0	0	0.0011385511961638426	0.8345430025546955	1.1796465041706925	153.53048028941055	0.0	47.938997733214435	33.93783982775399	71.65364272844212	1.142675158488046	81.87683756096844	1.5147095755232075e-10
157.41450874719058	1	1	1	1	0	0	157.41450874719058	13.0	0	0.0013120832610652446	0.8651812986143149	1.151096337105869	174.78689595860195	0.0	55.24561099222083	39.87478727744911	79.666497688932	1.1939824271060548	95.12039826966995	2.066051670736042e-10
170.4058675216809	1	1	1	1	0	0	170.4058675216809	14.0	0	0.0015181042074077526	0.8949618045900758	1.1297880090126955	200.1099075095866	0.0	63.92017715401063	47.0261474709337	89.16358288464225	1.2443008797491244	110.94632462494434	2.6936440960596723e-10
183.52558624759342	1	1	1	1	0	0	183.52558624759342	15.0	0	0.0017481997245624376	0.8393795147579896	1.1156116017904534	228.28976797703763	0.0	73.60840945526053	55.31216800675723	99.36919051501984	1.2973898327422844	128.92057746201777	3.0793491158437817e-10
196.77397021950497	1	1	1	1	0	0	196.77397021950497	16.0	0	0.002012404480654772	0.8211238156232864	1.117804153881495	260.6214748093837	0.0	84.73282023809568	65.09646576566789	110.79218880562011	1.3523452115079366	149.82928600376357	3.7173136359737997e-10
210.1512866057031	1	1	1	1	0	0	210.1512866057031	17.0	0	0.0023337204201310663	0.9026292943796306	1.156372531922085	299.99739557782686	0.0	98.2619124265712	77.26303839847027	124.47244475278544	1.4101510673599391	175.52495082504146	5.134587531407397e-10
223.65776436901845	1	1	1	1	0	0	223.65776436901845	18.0	0	0.00270122085169755	0.8554594006807955	1.110404088117698	345.1784008854456	0.0	113.73561480831788	91.43461041577088	140.00817566135692	1.4654160319918874	205.17022522408882	6.390507031664654e-10
237.29359419897813	1	1	1	1	0	0	237.29359419897813	19.0	0	0.003133514146778946	0.8803044012816676	1.1312388662118715	398.5819327931563	0.0	131.93743775911355	108.36391705196013	158.28057798208263	1.5181986183944551	240.30135481107368	7.739007635711713e-10
251.0589284553002	1	1	1	1	0	0	251.0589284553002	20.0	0	0.0036279554668843007	0.8577741340423084	1.1287645025605684	459.6540073617596	0.0	152.7560196582864	128.23728555762182	178.66070214585136	1.572776228017489	280.9933052159082	9.584267049645889e-10
264.95388112274634	1	1	1	1	0	0	264.95388112274634	21.0	0	0.0042126700728179756	0.8632739277397002	1.1284591564675244	532.0202618401846	0.0	177.37558201338845	152.24675426800815	202.397925558788	1.6285855468694286	329.62233628139666	1.2941267491883776e-09
278.9785277773454	1	1	1	1	0	0	278.9785277773454	22.0	0	0.004895886902040018	0.8789268765562832	1.1176813305350728	616.9033730291753	0.0	206.142606401685	180.81405058141345	229.9467160460769	1.6828101033004519	386.9566569830985	1.5476429964980076e-09
293.1329055639992	1	1	1	1	0	0	293.1329055639992	23.0	0	0.005674335471643352	0.8584080220051821	1.1146074004590052	714.15672822264	0.0	238.91938827972007	213.88201649792256	261.3553234449975	1.7325126529245354	452.8014047776426	1.7702981698594526e-09
307.41701318547484	1	1	1	1	0	0	307.41701318547484	24.0	0	0.006579560819083612	0.8395088390640554	1.1404819734455915	828.0662861482576	0.0	277.0341397508889	252.8835909471685	298.1485554502001	1.7773613891836204	529.9177306980574	2.059571535018806e-09
321.83081090278995	1	1	1	1	0	0	321.83081090278995	25.0	0	0.00763147956606358	0.8506264155503189	1.1149220779896192	960.85190963551	0.0	321.3254554132033	299.1299107063845	340.3965435159222	1.8227428507674188	620.4553661195878	2.601623246068057e-09
336.3742205469876	1	1	1	1	0	0	336.3742205469876	26.0	0	0.0088591559189612	0.8546694596622341	1.101498147925558	1116.6315781522785	0.0	373.0170913246821	354.0687505150771	389.5457363125193	1.8664967269887995	727.0858418397593	3.434778575356959e-09
351.0471255422998	1	1	1	1	0	0	351.0471255422998	27.0	0	0.010280089842108844	0.8576933798536182	1.1172955384757048	1298.2330974458096	0.0	432.8458880887934	418.68365478075486	446.7035545762613	1.9062519967572251	851.5295428695482	4.042219451469633e-09
365.84937094069124	1	1	1	1	0	0	365.84937094069124	28.0	0	0.011906739673065476	0.8286974763889393	1.1037589106200207	1508.0448864880484	0.0	501.33640728696747	493.76424418014574	512.9442350209349	1.9399782345277747	995.1006514671132	4.81010016144633e-09
380.78076346777357	1	1	1	1	0	0	380.78076346777357	29.0	0	0.013787022526612921	0.8439662860672313	1.1045208992974132	1753.329449772535	0.0	580.5062116468597	581.7967331421581	591.0265049835174	1.966583452668392	1162.302944789018	5.44759285101002e-09
395.84107158007737	1	1	1	1	0	0	395.84107158007737	30.0	0	0.015935823771752018	0.8261010559820653	1.0957104976616658	2035.793130346932	0.0	670.9820535474536	684.2495699324969	680.5615068669816	1.9913433390008581	1355.2316234799505	6.483459799700511e-09
411.03002553366304	1	1	1	1	0	0	411.03002553366304	31.0	0	0.018420499675604718	0.84636091000989	1.101458520095397	2365.7600522379958	0.0	775.5999863412516	804.7737333634019	785.3863325333418	2.012224626582182	1580.3737197046537	8.147696397921393e-09
426.3473174640513	1	1	1	1	0	0	426.3473174640513	32.0	0	0.021249865983569174	0.8339308680036083	1.0895880687841764	2746.400616169487	0.0	894.7311993081759	944.3426069177153	907.3268099435955	2.026914432673072	1839.073806225891	9.781312427453041e-09
441.79260147745117	1	1	1	1	0	0	441.79260147745117	33.0	0	0.02444648145996821	0.82162813109831	1.0906706652802622	3183.3880835494365	0.0	1029.3255351565565	1104.7155855919686	1049.3469628009113	2.0336849453991404	2134.041120748525	1.1306940197203229e-08
457.365493753255	1	1	1	1	0	0	457.365493753255	34.0	0	0.02805769383606349	0.8166979510184835	1.1010853214041487	3686.7963361846987	0.0	1181.3765825710946	1289.0949630438674	1216.324790569736	2.0310952837340217	2470.4715456149625	1.3097867593078912e-08
473.0655726577729	1	1	1	1	0	0	473.0655726577729	35.0	0	0.0321314719520296	0.8103828672053333	1.1053566868546767	4263.953547346443	0.0	1352.9040821907206	1501.4405495122573	1409.6089156434655	2.0249195362105183	2854.344631702978	1.5259266331628913e-08
488.8923788691719	1	1	1	1	0	0	488.8923788691719	36.0	0	0.03630631978028774	0.8103202934197768	1.0959418470041855	4950.540665816728	0.0	1528.6871486436944	1723.7933801796225	1615.2644844716915	2.0135900715275823	3252.4805288233174	1.929990384102233e-08
504.8454155135833	1	1	1	1	0	0	504.8454155135833	37.0	0	0.04039191172373845	0.8033307528038893	1.0875887338504908	5757.565968554221	0.0	1700.7120725784616	1946.51251480862	1826.9014461953907	1.9963992009435434	3647.224587387081	2.2214595768940424e-08
520.9241483123367	1	1	1	1	0	0	520.9241483123367	38.0	0	0.04432856012381532	0.8063745702581772	1.094971434654743	6688.570865154314	0.0	1866.4656894238028	2166.774671725392	2044.4453494489944	1.9727797381505976	4033.2403611491945	2.4599157196728396e-08
537.1280057402779	1	1	1	1	0	0	537.1280057402779	39.0	0	0.048365880145336285	0.8074980928996296	1.0857380028757528	7730.136483846609	0.0	2036.4581113825805	2393.4312343370952	2267.813433520233	1.9533746825211025	4429.8893457196755	2.8891182669145102e-08
553.4563791951257	1	1	1	1	0	0	553.4563791951257	40.0	0	0.05248050464793319	0.8091065139466067	1.090554012647234	8884.069320302882	0.0	2209.705458860345	2624.427697640781	2496.914476722642	1.9360427445821975	4834.133156501126	3.262783925610679e-08
569.9086231778117	1	1	1	1	0	0	569.9086231778117	41.0	0	0.05662022421137242	0.8185427244235173	1.0906247753188447	10166.431300835824	0.0	2384.009440478839	2856.83300646544	2731.648651937514	1.9185638838388075	5240.842446944279	3.6176835009954434e-08
586.4840554837581	1	1	1	1	0	0	586.4840554837581	42.0	0	0.060730420111739965	0.8123417071678606	1.0817545457794986	11568.197473849254	0.0	2557.0703204943147	3087.580846486073	2971.907389668725	1.8993361591962632	5644.651166980389	3.946762295994565e-08
603.1819574050269	1	1	1	1	0	0	603.1819574050269	43.0	0	0.06481805540470835	0.8121462114033415	1.09480547741025	13085.564758990648	0.0	2729.1812801982464	3317.0621260913167	3217.5732489488496	1.8791315499234749	6046.243406289563	4.191530036059929e-08
620.0015739432909	1	1	1	1	0	0	620.0015739432909	44.0	0	0.0690062246049575	0.8104068753042685	1.0887000212798557	14720.967472525901	0.0	2905.525246524527	3552.187414526357	3468.51979642924	1.8618064880872087	6457.712661050884	4.6310910459078664e-08
636.9421140335545	1	1	1	1	0	0	636.9421140335545	45.0	0	0.07323827742616339	0.8126447431912855	1.0929473198600417	16480.130446831892	0.0	3083.716944259511	3789.776344839669	3724.6114939803088	1.84542556994416	6873.4932890991795	5.2682192389472826e-08
654.0027507785644	1	1	1	1	0	0	654.0027507785644	46.0	0	0.07745507064966653	0.8141844300837934	1.0860695836179557	18362.341000902506	0.0	3261.266132617537	4026.5085959837047	3985.7035951212333	1.828478850640565	7287.774728601242	5.6512350254099524e-08
671.1826216938364	1	1	1	1	0	0	671.1826216938364	47.0	0	0.08160066675999196	0.8161126887705288	1.090159590507953	20371.27314477573	0.0	3435.817547789136	4259.243816212503	4251.6420505904825	1.8099033908399984	7695.061364001638	6.082961573314324e-08
688.4808289632283	1	1	1	1	0	0	688.4808289632283	48.0	0	0.08586145750331467	0.8199485506344575	1.0915296087207027	22501.31694528242	0.0	3615.21926329746	4498.446103556936	4522.2634233601475	1.7941602704837023	8113.665366854396	6.566912462736446e-08
705.8964397049822	1	1	1	1	0	0	705.8964397049822	49.0	0	0.09017597083250092	0.8143242483352424	1.0876042914968906	24749.972680274062	0.0	3796.8829824210907	4740.664395721777	4797.394813388022	1.7796215884332165	8537.547378142866	7.185601187108071e-08
723.4284862481575	1	1	1	1	0	0	723.4284862481575	50.0	0	0.09448017641598287	0.8142154425453377	1.0846207652234876	27125.71794406561	0.0	3978.112691199279	4982.304007426027	5076.853792391527	1.7649546481038936	8960.416698625306	7.677480823555014e-08
741.0759664193733	1	1	1	1	0	0	741.0759664193733	51.0	0	0.09873622994057184	0.807511155263868	1.086739563127617	29617.517742573636	0.0	4157.314944866184	5221.240345648566	5360.4483489172835	1.7495841168601232	9378.55529051475	8.170524160576664e-08
758.8378438397727	1	1	1	1	0	0	758.8378438397727	52.0	0	0.1031181816193538	0.8112935964222824	1.0839760494166648	32234.680716123185	0.0	4341.818173446476	5467.244650422289	5647.976843969017	1.7367392067733085	9809.062823868764	8.52045013828836e-08
776.7130482321257	1	1	1	1	0	0	776.7130482321257	53.0	0	0.10755950868390153	0.8046819747203166	1.081461574961504	34959.608794043656	0.0	4528.821418269539	5716.582310186374	5939.227977444895	1.7250396461230926	10245.403728455913	9.499664514977355e-08
794.7004757379742	1	1	1	1	0	0	794.7004757379742	54.0	0	0.11199108621538158	0.8027928448496158	1.0793458997975258	37800.6853719734	0.0	4715.414156437119	5965.372627743148	6233.980765623061	1.7133172503641445	10680.786784180269	9.982556369130278e-08
812.7989892447298	1	1	1	1	0	0	812.7989892447298	55.0	0	0.11638327846312273	0.8023029869482303	1.0766400790228932	40767.43974402113	0.0	4900.348566868325	6211.951841651423	6532.004529921322	1.7012083132547362	11112.300408519748	1.0329901280760569e-07
831.0074187226242	1	1	1	1	0	0	831.0074187226242	56.0	0	0.12090645623008467	0.8017273177089348	1.0768123861416925	43853.8960186013	0.0	5090.798157056198	6465.884628568587	6833.058897143457	1.6912897956222834	11556.682785624786	1.1120133078261761e-07
849.3245615714155	1	1	1	1	0	0	849.3245615714155	57.0	0	0.12548885371088453	0.8011743430851254	1.0797412186920603	47064.64595604743	0.0	5283.741208879349	6723.142030999453	7136.893811410631	1.6823682062751049	12006.883239878802	1.2037247430080494e-07
867.7491829767432	1	1	1	1	0	0	867.7491829767432	58.0	0	0.13005608379791742	0.7996681055838966	1.0744557959377696	50398.605382701884	0.0	5476.0456335965255	6979.547930622353	7443.249557961823	1.6734080279352586	12455.593564218876	1.2611775645157492e-07
886.2800162760308	1	1	1	1	0	0	886.2800162760308	59.0	0	0.13457519391331352	0.7911790019139447	1.0721508146940095	53847.391575392976	0.0	5666.323954244782	7233.2523581533615	7751.856798992108	1.6640627719123164	12899.576312398145	1.3138251516000775e-07
