11.247441493196291	1	1	1	1	0	0	11.247441493196291	1.0	0	0.0			100.0	0.0	0.0	0.0	0.0		0.0	0.0
11.367595075476835	1	1	1	1	0	0	11.367595075476835	1.0	0	0.0			100.0	0.0	0.0	0.0	0.0		0.0	0.0
22.856168219862568	1	1	1	1	0	0	22.856168219862568	2.0	0	0.0			97.01833494434999	0.0	0.0	0.0	4.857218463183318	0.0	0.0	0.0
34.4665080713728	1	1	1	1	0	0	34.4665080713728	3.0	0	0.00011257771665567784			88.55707761080875	0.0	4.740114385502225	3.1600762570014824	14.662576565111165	0.5387996173402292	7.900190642503707	0.0
46.1993671861199	1	1	1	1	0	0	46.1993671861199	4.0	0	0.00033581469321961526	0.4885198786964633	0.8214370265178069	75.60963486423555	0.0	14.139566030299589	9.426377353533061	29.505835329103736	0.7986875518344624	23.56594338383265	4.795231990255454e-12
58.05546181511435	1	1	1	1	0	0	58.05546181511435	5.0	0	0.00046838453270751435	0.5245624171322348	1.0719151901218018	70.35624844544904	0.0	19.72145400873745	13.147636005824966	37.48715843088664	0.8768093232556332	32.869090014562424	1.4578568731019726e-11
70.03547169202406	1	1	1	1	0	0	70.03547169202406	6.0	0	0.00048753115931187617	0.5918249231249574	1.0412460086667137	72.80157320957727	0.0	20.52762776050005	13.685085173666707	38.58886027541049	0.8865955793975003	34.21271293416676	2.100964052184545e-11
82.14003983175478	1	1	1	1	0	0	82.14003983175478	7.0	0	0.0005079158944780218	0.6023248337154588	1.0289230200635835	75.38101085478856	0.0	21.385932399074605	14.257288266049738	39.7377901896642	0.8969603114567541	35.643220665124346	2.197562112057278e-11
94.36977233991071	1	1	1	1	0	0	94.36977233991071	8.0	0	0.0005304512806729418	0.6897679436681838	1.1824268732113468	78.22358974108371	0.0	22.3347907651765	14.88986051011767	40.998938465789536	0.9079418313807144	37.22465127529417	2.3756461168604415e-11
106.72523823319248	1	1	1	1	0	0	106.72523823319248	9.0	0	0.0005553270393672199	0.7525921174618914	1.094027727110723	81.30808738361802	0.0	23.38219113125136	15.643611094560956	42.28228515780571	0.9229823336217622	39.02580222581231	2.8374158225474146e-11
119.20696927078512	1	1	1	1	0	0	119.20696927078512	10.0	0	0.0005822756878908238	0.8000926414427268	1.1947247928209148	84.61991202538908	0.0	24.51687106908732	16.499717098725313	43.60332385757646	0.9406757223781148	41.016588167812635	3.01873090039636e-11
131.81545979678634	1	1	1	1	0	0	131.81545979678634	11.0	0	0.0006114775385056558	0.8592532845003112	1.2050168470814964	88.19414916676728	0.0	25.746422673922343	17.457884739812002	44.989841753032906	0.9603125001172472	43.20430741373435	3.232224377149946e-11
144.55116659372186	1	1	1	1	0	0	144.55116659372186	12.0	0	0.0006426150044527724	0.8612132682216818	1.1520165389756152	92.0022678673131	0.0	27.05747387169568	18.504003221140113	46.4407907744773	0.9810659192710224	45.56147709283579	4.5315084391179655e-11
157.41450874719058	1	1	1	1	0	0	157.41450874719058	13.0	0	0.0006755725394273566	0.8698703448546641	1.1693714884158035	96.0393261668828	0.0	28.44515955483606	19.63155940694802	47.96260720509871	1.0023791816862124	48.076718961784074	4.909439205339453e-11
170.4058675216809	1	1	1	1	0	0	170.4058675216809	14.0	0	0.0007097312256856232	0.8327433157606685	1.139521531626558	100.23793228941992	0.0	29.88342002886834	20.817269275317337	49.53724298523424	1.023486295337393	50.70068930418568	4.77400793561501e-11
183.52558624759342	1	1	1	1	0	0	183.52558624759342	15.0	0	0.0007475411770566031	0.92921751567327	1.160921792117771	104.8685273009648	0.0	31.475417981330658	22.178851792841197	51.21425752679296	1.047643222126229	53.65426977417185	5.817750782198277e-11
196.77397021950497	1	1	1	1	0	0	196.77397021950497	16.0	0	0.0007871962418264472	0.8753596877723032	1.175361920414648	109.72126329072957	0.0	33.145104919008304	23.647398260723254	52.928760110998	1.0729989340508037	56.79250317973155	7.246962871452349e-11
210.1512866057031	1	1	1	1	0	0	210.1512866057031	17.0	0	0.0008289354547029379	0.8534087145177793	1.1818681758585756	114.8362287724938	0.0	34.90254546117633	25.22784635777539	54.70583695354208	1.0991586120877077	60.13039181895172	7.651326562768443e-11
223.65776436901845	1	1	1	1	0	0	223.65776436901845	18.0	0	0.0008731930532309888	0.86730341086006	1.1356949141367434	120.2773184209466	0.0	36.766023293936364	26.934510325976984	56.57678480103324	1.1259129313186071	63.70053361991335	7.962109105097912e-11
237.29359419897813	1	1	1	1	0	0	237.29359419897813	19.0	0	0.0009214404880281162	0.9215769379469456	1.1890891840422508	126.23758533456696	0.0	38.79749423276279	28.82395813232411	58.61613296948008	1.1536320964792348	67.6214523650869	1.0536778404012313e-10
251.0589284553002	1	1	1	1	0	0	251.0589284553002	20.0	0	0.0009728762766477797	0.9019685492860944	1.1572359572217703	132.59079690961426	0.0	40.96321164832757	30.891346799193784	60.736238462092906	1.1830590808215375	71.85455844752136	1.18823470268705e-10
264.95388112274634	1	1	1	1	0	0	264.95388112274634	21.0	0	0.0010271394558711458	0.8945840655636108	1.1306408209731202	139.30659124181864	0.0	43.24797708931139	33.119493813939755	62.93912033856747	1.2133545955591492	76.36747090325115	1.2764058369284397e-10
278.9785277773454	1	1	1	1	0	0	278.9785277773454	22.0	0	0.0010847930281353477	0.8709654678514509	1.1182811675572208	146.4694923526083	0.0	45.675495921488334	35.530158498931755	65.26383793218824	1.2442672235242438	81.20565442042009	1.4722974972143927e-10
293.1329055639992	1	1	1	1	0	0	293.1329055639992	23.0	0	0.0011452628085584413	0.8319090918475586	1.1538503872712715	154.02411993314925	0.0	48.22159193930282	38.09887365377953	67.7036543400669	1.2749749837653601	86.32046559308233	1.5452240610876756e-10
307.41701318547484	1	1	1	1	0	0	307.41701318547484	24.0	0	0.0012113791320415962	0.8647518150866604	1.1208328130559069	162.34390594105298	0.0	51.00543713859353	40.94749109465258	70.39097770780687	1.3063169631617129	91.9529282332461	1.9955512648572568e-10
321.83081090278995	1	1	1	1	0	0	321.83081090278995	25.0	0	0.0012821289531009038	0.8667545132648787	1.1381905997201274	171.2747849922565	0.0	53.98437697266964	44.05792035262488	73.23248766696203	1.3387814677436547	98.04229732529451	2.1648145072755403e-10
336.3742205469876	1	1	1	1	0	0	336.3742205469876	26.0	0	0.001356904531993607	0.8459802289011629	1.1039713190851126	180.76304699678352	0.0	57.13282239973081	47.40414718243421	76.22607741461852	1.371406913851205	104.53696958216506	2.340213227563543e-10
351.0471255422998	1	1	1	1	0	0	351.0471255422998	27.0	0	0.0014366724940848019	0.8491230819104815	1.1227417613390975	190.95773858006316	0.0	60.49147343514957	51.03147928424879	79.43478586066486	1.4039561070261937	111.52295271939836	2.766830005408573e-10
365.84937094069124	1	1	1	1	0	0	365.84937094069124	28.0	0	0.0015237465059903016	0.8842350133101375	1.0873879482673656	202.1888922489717	0.0	64.15774762064429	55.05051768502723	82.98062694330022	1.4365794727861632	119.20826530567152	3.346449239463588e-10
380.78076346777357	1	1	1	1	0	0	380.78076346777357	29.0	0	0.0016167397656182327	0.9156574172128292	1.0894181327946806	214.3199453153781	0.0	68.07325328918876	59.40434566696752	86.84234635922182	1.4679197914442277	127.47759895615627	3.5193279757729056e-10
395.84107158007737	1	1	1	1	0	0	395.84107158007737	30.0	0	0.0017130341914887688	0.8361869942007616	1.0763288813527678	226.9780159544005	0.0	72.12775543110604	63.99557397151681	90.85468655177763	1.4982532499855896	136.12332940262286	3.9098431023668915e-10
411.03002553366304	1	1	1	1	0	0	411.03002553366304	31.0	0	0.0018162016595683294	0.8689717752019351	1.0794514246203444	240.6787371747103	0.0	76.47164882392966	68.99991790397631	95.2071704468043	1.5279475909767346	145.47156672790595	4.081666159920079e-10
426.3473174640513	1	1	1	1	0	0	426.3473174640513	32.0	0	0.001924617813356752	0.8201505144895306	1.0978100572623288	255.2641889775197	0.0	81.03653950975797	74.3479424481109	99.87970701965084	1.555716237005959	155.38448195786887	4.767194953031329e-10
441.79260147745117	1	1	1	1	0	0	441.79260147745117	33.0	0	0.0020389193662139105	0.811766984940178	1.0936380276838051	270.88957353484903	0.0	85.84923647216466	80.08240773933345	104.95792932335085	1.5809348115119677	165.93164421149808	5.533838899871424e-10
457.365493753255	1	1	1	1	0	0	457.365493753255	34.0	0	0.0021611347141809053	0.8338101473748073	1.0763573038968748	287.92657063104303	0.0	90.99514586024864	86.32241453660393	110.60901023419048	1.6031023152763169	177.31756039685257	6.058013318126623e-10
473.0655726577729	1	1	1	1	0	0	473.0655726577729	35.0	0	0.002291636934583155	0.8608726054736174	1.0892046938189623	306.4156231600896	0.0	96.48997619297494	93.12483964123452	116.80080732588007	1.6234032981054198	189.61481583420945	6.638970414865653e-10
488.8923788691719	1	1	1	1	0	0	488.8923788691719	36.0	0	0.002424243456290605	0.7875633231222583	1.0933306436582666	325.5939715526076	0.0	102.0734086859202	100.18747681498444	123.3330860517029	1.6399564137729767	202.2608855009046	7.340239196331063e-10
504.8454155135833	1	1	1	1	0	0	504.8454155135833	37.0	0	0.002562649383573005	0.7926971323507696	1.0857431461801952	346.136093370199	0.0	107.90102667675814	107.73244184784198	130.50262484559886	1.652330508905257	215.63346852460012	7.955824639027439e-10
520.9241483123367	1	1	1	1	0	0	520.9241483123367	38.0	0	0.002707525165593637	0.8436161413502036	1.063790932987852	368.34818124730384	0.0	114.00105960394258	115.83848764869259	138.50863399466866	1.6593878708058152	229.83954725263519	9.136620371622702e-10
537.1280057402779	1	1	1	1	0	0	537.1280057402779	39.0	0	0.0028601834881754264	0.7979671902371646	1.086014241498219	391.7921404000058	0.0	120.42877844949163	124.408779442758	146.95458250775616	1.6660763734899342	244.8375578922497	9.849650159316328e-10
553.4563791951257	1	1	1	1	0	0	553.4563791951257	40.0	0	0.003021928032074567	0.7885909153584547	1.0824622007065436	416.6887195347076	0.0	127.2390750347186	133.48917488972728	155.96046961026175	1.6717585589219763	260.7282499244459	1.0477327802145471e-09
569.9086231778117	1	1	1	1	0	0	569.9086231778117	41.0	0	0.0031934270729489372	0.7682179741871109	1.103998725950728	443.2622440089334	0.0	134.4600872820605	143.1171912195165	165.68496550735634	1.6753317215692256	277.57727850157704	1.2481995498482382e-09
586.4840554837581	1	1	1	1	0	0	586.4840554837581	42.0	0	0.0033779615987403803	0.7978382798033198	1.1217678912735904	472.17879343329633	0.0	142.2299620522265	153.47702424640448	176.47180713466537	1.67566134840438	295.70698629863097	1.3759181143887554e-09
603.1819574050269	1	1	1	1	0	0	603.1819574050269	43.0	0	0.003570854934801757	0.8049596209594744	1.1170186364937953	502.7225589557258	0.0	150.351786728495	164.3061238147625	188.0646484124683	1.6731369409371482	314.65791054325746	1.4159501172983495e-09
620.0015739432909	1	1	1	1	0	0	620.0015739432909	44.0	0	0.0037802439479077327	0.8197196781512486	1.1131153441346855	535.8402732756114	0.0	159.168166227694	176.06129648036114	200.61081056755626	1.6710438573058142	335.22946270805517	1.6268072262672554e-09
636.9421140335545	1	1	1	1	0	0	636.9421140335545	45.0	0	0.004000166310027717	0.8219890965213569	1.1147551749893772	570.7547119963356	0.0	168.42805515906176	188.40781505551814	213.91884178175548	1.6680899505740192	356.83587021457987	1.722145109858781e-09
654.0027507785644	1	1	1	1	0	0	654.0027507785644	46.0	0	0.004227653561300689	0.7713589420956422	1.1150964412369555	607.1897141887671	0.0	178.00646573897637	201.17902916207092	228.00421928771976	1.6630634998142335	379.18549490104726	1.850768817751675e-09
671.1826216938364	1	1	1	1	0	0	671.1826216938364	47.0	0	0.00446804611204616	0.796877930604104	1.1305656641294335	646.2283210653303	0.0	188.12825734931198	214.67475130918515	243.42531240683326	1.6547293487100394	402.80300865849716	2.044711227594368e-09
688.4808289632283	1	1	1	1	0	0	688.4808289632283	48.0	0	0.00472294131403665	0.7880779598372532	1.114291614685516	687.4601608621017	0.0	198.8606869068063	228.98465738584414	259.61481656945125	1.6480004875923355	427.8453442926505	2.2920520447070425e-09
705.8964397049822	1	1	1	1	0	0	705.8964397049822	49.0	0	0.0049976033520749965	0.8183392176725057	1.1051833136615286	731.9593733510053	0.0	210.42540429789452	244.40428057396187	277.12968847914874	1.6412160218845617	454.82968487185656	2.4498321024085484e-09
723.4284862481575	1	1	1	1	0	0	723.4284862481575	50.0	0	0.005285319251654979	0.8091291683731748	1.1093007575856002	778.9067169589769	0.0	222.53975796442012	260.5567521293293	295.8102068652273	1.6331299559039585	483.0965100937495	2.687942832925331e-09
741.0759664193733	1	1	1	1	0	0	741.0759664193733	51.0	0	0.005591915086022185	0.8479475263325286	1.1086482927778936	829.4578810593538	0.0	235.4490562535657	277.76914984819	316.2396749575979	1.6228773513967498	513.2182061017556	2.876238960476925e-09
758.8378438397727	1	1	1	1	0	0	758.8378438397727	52.0	0	0.005909565430582011	0.7818306224099437	1.1044382091796985	881.5087498386407	0.0	248.8238076034531	295.60215164804004	337.08279058714766	1.615110514254331	544.4259592514929	3.022177010441041e-09
776.7130482321257	1	1	1	1	0	0	776.7130482321257	53.0	0	0.006246463459161304	0.7653220230713285	1.0988047870303983	936.7004345920766	0.0	263.0089877541601	314.51572518231603	359.1757216556005	1.607916900046607	577.5247129364761	3.2810022614264063e-09
794.7004757379742	1	1	1	1	0	0	794.7004757379742	54.0	0	0.006602663544591847	0.7688546091733905	1.1102777314727277	995.3870869470276	0.0	278.00688608807775	334.51292296087286	382.86727789807685	1.5998228221843749	612.5198090489507	3.655045915847557e-09
812.7989892447298	1	1	1	1	0	0	812.7989892447298	55.0	0	0.006981347680675747	0.8047503538960686	1.1056245482137852	1058.2860267416747	0.0	293.95148129161043	355.7723832322497	408.5621622178148	1.5902693019758303	649.7238645238601	3.927803955728009e-09
831.0074187226242	1	1	1	1	0	0	831.0074187226242	56.0	0	0.0073820555289703235	0.7932403405235633	1.104158717087235	1124.3241904505671	0.0	310.82339069348734	378.26826243475233	435.23253732232735	1.583272375194476	689.0916531282396	4.285310228906272e-09
849.3245615714155	1	1	1	1	0	0	849.3245615714155	57.0	0	0.007803819914835814	0.7808604045388465	1.1022989524986742	1193.725691620581	0.0	328.5818911509816	401.9462630447448	463.19753742485483	1.5771417055822343	730.5281541957263	4.651581600706196e-09
867.7491829767432	1	1	1	1	0	0	867.7491829767432	58.0	0	0.008251339833320473	0.7814058050948708	1.1099926065645194	1267.7108204747553	0.0	347.4248350871778	427.07018829300637	493.21579709457137	1.5702964664606616	774.4950233801843	5.008681917224068e-09
886.2800162760308	1	1	1	1	0	0	886.2800162760308	59.0	0	0.008722355955911977	0.7910063616508157	1.1030441570964444	1346.1514890061512	0.0	367.25709288050433	453.51319868410826	525.3811974415388	1.5622376582213768	820.7702915646124	5.2848267057505605e-09
