11.247441493196291	1	1	1	1	0	0	11.247441493196291	1.0	0	0.0			100.0	0.0	0.0	0.0	0.0		0.0	0.0
11.367595075476835	1	1	1	1	0	0	11.367595075476835	1.0	0	0.0			100.0	0.0	0.0	0.0	0.0		0.0	0.0
22.856168219862568	1	1	1	1	0	0	22.856168219862568	2.0	0	0.0			97.01833494434999	0.0	0.0	0.0	4.857218463183318	0.0	0.0	0.0
34.4665080713728	1	1	1	1	0	0	34.4665080713728	3.0	0	0.00011257771665567784			88.55707761080875	0.0	4.740114385502225	3.1600762570014824	14.662576565111165	0.5387996173402292	7.900190642503707	0.0
46.1993671861199	1	1	1	1	0	0	46.1993671861199	4.0	0	0.00033581469321961526	0.5446495559903064	0.8372987803016363	75.66934345077621	0.0	14.139566030299589	9.426377353533061	29.505835329103736	0.7986875518344624	23.56594338383265	5.061699811247197e-12
58.05546181511435	1	1	1	1	0	0	58.05546181511435	5.0	0	0.00046940908468708894	0.5535908287270652	0.9734588957037908	70.48982964120783	0.0	19.76459303945638	13.176395359637587	37.548841242113866	0.8772837538898046	32.94098839909397	1.5163297985881552e-11
70.03547169202406	1	1	1	1	0	0	70.03547169202406	6.0	0	0.0004893480385618906	0.5995842892657917	1.0278091112874028	73.03634703502146	0.0	20.60412793944802	13.736085292965347	38.696133802608095	0.8874326672422986	34.340213232413376	2.1660143515195707e-11
82.14003983175478	1	1	1	1	0	0	82.14003983175478	7.0	0	0.0005105033739546224	0.601602707940975	0.9944381159435126	75.7132946658992	0.0	21.494878903352532	14.329919268901687	39.888496493644986	0.8981235524372749	35.82479817225422	2.2608643959870388e-11
94.36977233991071	1	1	1	1	0	0	94.36977233991071	8.0	0	0.0005334964517440256	0.6594822138114195	1.0959967787098808	78.61360606459327	0.0	22.463008494485287	14.975338996323527	41.175258573784454	0.90924377375119	37.43834749080882	2.4146620898759232e-11
106.72523823319248	1	1	1	1	0	0	106.72523823319248	9.0	0	0.000559697993018518	0.7801405726586669	1.076187266809548	81.86249560742873	0.0	23.566231284990238	15.769261597506606	42.52700272493189	0.9249533322844784	39.33549288249685	2.944962459911199e-11
119.20696927078512	1	1	1	1	0	0	119.20696927078512	10.0	0	0.0005886714641109843	0.8732116194342914	1.2506602013191193	85.42315860088556	0.0	24.786166909936185	16.689692265560964	43.9472994253884	0.9437635467433636	41.47585917549715	3.1814908849907245e-11
131.81545979678634	1	1	1	1	0	0	131.81545979678634	11.0	0	0.0006183125206374307	0.7934911226169111	1.072256986216027	89.0511535024383	0.0	26.034211395260247	17.662271078659785	45.354671028518254	0.9634395197452632	43.69648247392004	3.277831966903627e-11
144.55116659372186	1	1	1	1	0	0	144.55116659372186	12.0	0	0.0006510728831230986	0.8790993078539903	1.1528817965234697	93.05775279443634	0.0	27.413595078867306	18.76291365212645	46.881244063442594	0.9849676486508092	46.17650873099376	5.0498251633744774e-11
157.41450874719058	1	1	1	1	0	0	157.41450874719058	13.0	0	0.0006856106130089031	0.8687305585451637	1.124034374117744	97.28837347621092	0.0	28.8678152845854	19.94453208950453	48.47602610212098	1.0069378886639848	48.81234737408992	5.28137755696699e-11
170.4058675216809	1	1	1	1	0	0	170.4058675216809	14.0	0	0.0007213162756688103	0.8180168552265131	1.1726032093646686	101.6771258046718	0.0	30.371211607107817	21.18394031066445	50.121973886899525	1.0285938066626568	51.55515191777226	5.4351984488453144e-11
183.52558624759342	1	1	1	1	0	0	183.52558624759342	15.0	0	0.0007599692615431892	0.8600968924140818	1.1937732220956079	106.41096748077057	0.0	31.998705749186925	22.57588153006112	51.83638020152253	1.0528240410900662	54.57458727924805	6.018607017465351e-11
196.77397021950497	1	1	1	1	0	0	196.77397021950497	16.0	0	0.0008008505137995633	0.8308311188066232	1.1795574964037772	111.41375653892948	0.0	33.72002163366584	24.089837413178195	53.60389749208544	1.0784637265486077	57.80985904684403	7.312165311246935e-11
210.1512866057031	1	1	1	1	0	0	210.1512866057031	17.0	0	0.000845885801443396	0.9159601982409232	1.1795508865044146	116.93264215953664	0.0	35.61624427130089	25.795090812841124	55.52130707539464	1.1060859032145816	61.411335084142024	8.351243564547667e-11
223.65776436901845	1	1	1	1	0	0	223.65776436901845	18.0	0	0.00089293997735276	0.8878782345197096	1.1388410110098544	122.717546853239	0.0	37.59747273064254	27.60959655307084	57.510477569525655	1.1338293827395738	65.20706928371337	8.624998059836091e-11
237.29359419897813	1	1	1	1	0	0	237.29359419897813	19.0	0	0.0009441156229759609	0.9264122330011384	1.0937298555443369	129.03955150848523	0.0	39.752236756882574	29.613717845067743	59.673596906534904	1.1624228837855424	69.36595460195032	1.0849431218870557e-10
251.0589284553002	1	1	1	1	0	0	251.0589284553002	20.0	0	0.000998128372182537	0.8833188751371905	1.141020810512872	135.7110623896883	0.0	42.02645777610683	31.784683792568757	61.89992082101271	1.1924270756679138	73.81114156867558	1.2328724699079885e-10
264.95388112274634	1	1	1	1	0	0	264.95388112274634	21.0	0	0.00105580487043466	0.9036369178570474	1.1504703612930534	142.84930061322774	0.0	44.45494191303833	34.152988032032326	64.24137066815709	1.2236340714323322	78.60792994507065	1.270126149440739e-10
278.9785277773454	1	1	1	1	0	0	278.9785277773454	22.0	0	0.0011176658255418316	0.8964836545380119	1.1408076813506798	150.53492852230357	0.0	47.059613707024496	36.739575714289934	66.73573910098911	1.2556868411167774	83.79918942131444	1.5800697196844013e-10
293.1329055639992	1	1	1	1	0	0	293.1329055639992	23.0	0	0.001183521080450516	0.8780031378733232	1.1461953844751016	158.76237571287902	0.0	49.83246654528489	39.53706216333443	69.3928470042597	1.287878110882716	89.36952870861933	1.7191384544979843e-10
307.41701318547484	1	1	1	1	0	0	307.41701318547484	24.0	0	0.0012541616615184255	0.8811630619006321	1.1530116131690429	167.65147430452598	0.0	52.806806800775824	42.58060694414371	72.26406055960643	1.3199841388132347	95.38741374491954	2.1044733268330916e-10
321.83081090278995	1	1	1	1	0	0	321.83081090278995	25.0	0	0.0013298378799395097	0.8565218677099465	1.1680024793456691	177.20422148680663	0.0	55.993173892189894	45.907619230327796	75.30342836428899	1.3532025743842748	101.90079312251768	2.3074696753964583e-10
336.3742205469876	1	1	1	1	0	0	336.3742205469876	26.0	0	0.0014102050956329962	0.840629952161575	1.1574383749034711	187.40200544737385	0.0	59.37705665823143	49.50407327819957	78.52087551094286	1.3866520110471394	108.88112993643101	2.490092953163406e-10
351.0471255422998	1	1	1	1	0	0	351.0471255422998	27.0	0	0.00149455583374394	0.8062436316296608	1.1347891527017602	198.1823956857499	0.0	62.928666683955385	53.33980045663472	81.91392854515975	1.41939800966194	116.26846714059009	2.8636941766535005e-10
365.84937094069124	1	1	1	1	0	0	365.84937094069124	28.0	0	0.0015848584066400061	0.8065593338786523	1.1081814740687193	209.82998204015183	0.0	66.73088027957922	57.50785818380445	85.59124357676819	1.451535615929589	124.2387384633837	3.475154353560814e-10
380.78076346777357	1	1	1	1	0	0	380.78076346777357	29.0	0	0.0016823361843536135	0.8366991290369689	1.1357629147877824	222.54604446199173	0.0	70.83520776225744	62.071645687596686	89.63919101213763	1.4826868911819813	132.90685344985408	3.7642887105715114e-10
395.84107158007737	1	1	1	1	0	0	395.84107158007737	30.0	0	0.0017852228128389298	0.8022469494564115	1.076333848139894	236.07067166034	0.0	75.16727633006019	66.97718405693615	93.92621127334364	1.5133630800174422	142.14446038699634	4.1748650714955e-10
411.03002553366304	1	1	1	1	0	0	411.03002553366304	31.0	0	0.0018952414172774977	0.8142064140339494	1.0753812844852937	250.68122919867116	0.0	79.79963862221044	72.3138560314313	98.56773454502941	1.5432382143687258	152.11349465364177	4.47436099475602e-10
426.3473174640513	1	1	1	1	0	0	426.3473174640513	32.0	0	0.0020107670875524645	0.7993521520108159	1.0938577434562449	266.223139116183	0.0	84.66387737063008	78.01258355974633	103.54667818580664	1.5710447093094175	162.6764609303764	5.115184138588484e-10
441.79260147745117	1	1	1	1	0	0	441.79260147745117	33.0	0	0.002133116236133545	0.7872113635301019	1.0607642269558617	282.94865551603715	0.0	89.81542046878084	84.15079365760587	108.98244138965045	1.5962774544974316	173.96621412638672	5.921284301200709e-10
457.365493753255	1	1	1	1	0	0	457.365493753255	34.0	0	0.002263185810011701	0.7958154822667209	1.0984497578014878	301.08054311712465	0.0	95.2920341057558	90.79181738023158	114.99669163113722	1.618166999820038	186.08385148598737	6.434655853741981e-10
473.0655726577729	1	1	1	1	0	0	473.0655726577729	35.0	0	0.00240239678274171	0.8289276885693428	1.1135558860711343	320.80341817236354	0.0	101.1535487470194	98.04818599081759	121.60168343452648	1.6381494820759812	199.20173473783694	7.220582405125308e-10
488.8923788691719	1	1	1	1	0	0	488.8923788691719	36.0	0	0.002550256160347492	0.8417735104428581	1.1359151628061137	342.1877258241434	0.0	107.37920675147335	105.92319186021177	128.8853272124583	1.6549781361851323	213.30239861168513	8.162892326775127e-10
504.8454155135833	1	1	1	1	0	0	504.8454155135833	37.0	0	0.002702936516935784	0.8302121591428574	1.1121367307649983	364.84844957906313	0.0	113.8078533446646	114.24630326361601	136.79429297078252	1.6671320978060833	228.0541566082806	9.146176357934467e-10
520.9241483123367	1	1	1	1	0	0	520.9241483123367	38.0	0	0.0028606879100211025	0.8203477292152624	1.1205374825259324	389.0346024134121	0.0	120.45001726404642	123.072761348346	145.51182380101966	1.6735600740280596	243.5227786123924	9.890855846692212e-10
537.1280057402779	1	1	1	1	0	0	537.1280057402779	39.0	0	0.0030281898834033805	0.8035600337959021	1.080242793965355	414.75812246497804	0.0	127.50273193277391	132.4763809066493	154.7790096255548	1.6796793923696185	259.97911283942324	1.0748618427861018e-09
553.4563791951257	1	1	1	1	0	0	553.4563791951257	40.0	0	0.003204660463309502	0.7894549609000716	1.112429024044146	441.92141126388293	0.0	134.93307213934747	142.38350118208072	164.60483794245462	1.6847413283100297	277.31657332142817	1.1930816649811585e-09
569.9086231778117	1	1	1	1	0	0	569.9086231778117	41.0	0	0.0033943723718046666	0.8059804992315696	1.099195312086257	471.3169928236729	0.0	142.92094197072282	153.03399429058118	175.36205656236885	1.6876794334129248	295.95493626130394	1.3735128905542455e-09
586.4840554837581	1	1	1	1	0	0	586.4840554837581	42.0	0	0.00359522285789205	0.7984762283220879	1.0839070952458605	502.79025227441184	0.0	151.37780454282316	164.30981105338162	187.102636678207	1.687243008441125	315.6876155962048	1.4704741155438285e-09
603.1819574050269	1	1	1	1	0	0	603.1819574050269	43.0	0	0.003807139574885744	0.7967933046524934	1.0888904227729208	536.3462819761266	0.0	160.30061367939976	176.2068899021504	199.83877839457654	1.6838949191188746	336.50750358155017	1.5611093762386294e-09
620.0015739432909	1	1	1	1	0	0	620.0015739432909	44.0	0	0.004034813046820383	0.8103549446054951	1.1141063052323577	572.3559316225085	0.0	169.8868651292793	188.98855850198981	213.48050799123948	1.6810688104882912	358.87542363126914	1.7679370013149873e-09
636.9421140335545	1	1	1	1	0	0	636.9421140335545	45.0	0	0.004275369854264878	0.8162214035676408	1.1132657961494878	610.5462540226997	0.0	180.01557281115277	202.49350207782112	228.03717913372606	1.6773978539028591	382.5090748889738	1.8849722382962528e-09
654.0027507785644	1	1	1	1	0	0	654.0027507785644	46.0	0	0.0045281372486039775	0.7996245565481039	1.103649044449723	651.0301954980373	0.0	190.6584104675359	216.683952286332	243.6878327441693	1.6715744818556777	407.342362753868	2.0780826104639054e-09
671.1826216938364	1	1	1	1	0	0	671.1826216938364	47.0	0	0.004795446098897886	0.8136293339460161	1.0865856973597547	694.4398814009047	0.0	201.9135199535952	231.69076493441105	260.83559651289835	1.6623662210405563	433.6042848880062	2.2561897277424108e-09
688.4808289632283	1	1	1	1	0	0	688.4808289632283	48.0	0	0.005078667394222038	0.7886063493345278	1.0876116837209968	740.2537491577218	0.0	213.83862712513852	247.5909078298021	278.82421420278143	1.6549119891694744	461.42953495494055	2.542419796022936e-09
705.8964397049822	1	1	1	1	0	0	705.8964397049822	49.0	0	0.005376483004489497	0.7796343570131751	1.1012041839467392	788.5041743655688	0.0	226.37823176797883	264.3103806869225	297.8155619106676	1.6476258302515692	490.68861245490126	2.625816256953829e-09
723.4284862481575	1	1	1	1	0	0	723.4284862481575	50.0	0	0.0056945533425073	0.8123510661005892	1.0972370697270728	840.404529793352	0.0	239.77066705293896	282.1669610668694	318.4669016735439	1.6389069802137226	521.9376281198083	2.945844261611704e-09
741.0759664193733	1	1	1	1	0	0	741.0759664193733	51.0	0	0.006026043174645908	0.7763861020953423	1.1010219089321998	895.0601872540312	0.0	253.72813366930137	300.7769165553526	340.55513702937725	1.6282386901032735	554.505050224654	3.136171058442936e-09
758.8378438397727	1	1	1	1	0	0	758.8378438397727	52.0	0	0.006380715402823066	0.7820511968779444	1.0975755028209009	953.1775415231987	0.0	268.6617011714975	320.68833989161413	363.82750046008726	1.6198611713458548	589.3500410631117	3.493923142712074e-09
776.7130482321257	1	1	1	1	0	0	776.7130482321257	53.0	0	0.006758592059820511	0.7908049548214421	1.0942810399052398	1015.0824728658786	0.0	284.57229725560035	341.9024680037513	388.6077076065268	1.6121007200754498	626.4747652593518	3.783476809669373e-09
794.7004757379742	1	1	1	1	0	0	794.7004757379742	54.0	0	0.007157179066072591	0.7931739410214622	1.1124093774379056	1080.7526903248172	0.0	301.3549080451616	364.2792823898328	415.1184998898226	1.6034799475611463	665.6341904349945	4.098342374298283e-09
812.7989892447298	1	1	1	1	0	0	812.7989892447298	55.0	0	0.007575784110302674	0.7894363653920538	1.0984537304072122	1150.2824407575902	0.0	318.9803835916915	387.77991645187285	443.52214071402585	1.5935175161847648	706.7603000435643	4.314583248962701e-09
831.0074187226242	1	1	1	1	0	0	831.0074187226242	56.0	0	0.00801839354783376	0.7769574192816923	1.1132056248131552	1223.2261443041475	0.0	337.61657043510564	412.62816557642503	472.98140829261695	1.5862034381431345	750.2447360115308	4.707440851996387e-09
849.3245615714155	1	1	1	1	0	0	849.3245615714155	57.0	0	0.008488205141586571	0.7845271444985122	1.1050726302080829	1300.5338330664708	0.0	357.39811122469763	439.00355329588086	504.1321685458925	1.5797477610240616	796.4016645205785	5.12120153291894e-09
867.7491829767432	1	1	1	1	0	0	867.7491829767432	58.0	0	0.00899418851574573	0.8159604376704672	1.1101617415953864	1384.1842888092997	0.0	378.70267434718863	467.40963745920203	538.0719770029091	1.5724890869048478	846.1123118063907	5.61784054831883e-09
886.2800162760308	1	1	1	1	0	0	886.2800162760308	59.0	0	0.009519348716742893	0.7971595811797852	1.0985591276551436	1471.6418412719486	0.0	400.8146828102271	496.8923154099202	573.9348430518014	1.5641270243269119	897.7069982201474	5.869900411260118e-09
