11.247441493196291	1	1	1	1	0	0	11.247441493196291	1.0	0	0.0			100.0	0.0	0.0	0.0	0.0		0.0	0.0
11.367595075476835	1	1	1	1	0	0	11.367595075476835	1.0	0	0.0			100.0	0.0	0.0	0.0	0.0		0.0	0.0
22.856168219862568	1	1	1	1	0	0	22.856168219862568	2.0	0	0.0			97.01833494434999	0.0	0.0	0.0	4.857218463183318	0.0	0.0	0.0
34.4665080713728	1	1	1	1	0	0	34.4665080713728	3.0	0	0.00011257771665567784			88.55707761080875	0.0	4.740114385502225	3.1600762570014824	14.662576565111165	0.5387996173402292	7.900190642503707	0.0
46.1993671861199	1	1	1	1	0	0	46.1993671861199	4.0	0	0.00033581469321961526	0.5047041579576312	0.8648420875967928	74.81791140903232	0.0	14.139566030299589	9.426377353533061	29.505835329103736	0.7986875518344624	23.56594338383265	1.3741756607942005e-12
58.05546181511435	1	1	1	1	0	0	58.05546181511435	5.0	0	0.0004511392791728466	0.5403373244575032	0.9788291814061454	68.10781046060346	0.0	18.995338070435647	12.663558713623765	36.44891367654407	0.8685827255376565	31.65889678405941	4.129708685314283e-12
70.03547169202406	1	1	1	1	0	0	70.03547169202406	6.0	0	0.0004511392791728466	0.6125064483908721	1.0191836763572042	68.10781046060346	0.0	18.995338070435647	12.663558713623765	36.44891367654407	0.8685827255376565	31.65889678405941	5.632743124247304e-12
82.14003983175478	1	1	1	1	0	0	82.14003983175478	7.0	0	0.0004511392791728466	0.6492080539356159	1.0666756291146604	68.10781046060346	0.0	18.995338070435647	12.663558713623765	36.44891367654407	0.8685827255376565	31.65889678405941	5.668791071464347e-12
94.36977233991071	1	1	1	1	0	0	94.36977233991071	8.0	0	0.0004511392791728466	0.7254016037714495	1.1154930812719888	68.10781046060346	0.0	18.995338070435647	12.663558713623765	36.44891367654407	0.8685827255376565	31.65889678405941	5.7508326423145175e-12
106.72523823319248	1	1	1	1	0	0	106.72523823319248	9.0	0	0.00045123545699057903	0.7936251123462368	1.156469669349803	68.1197361371509	0.0	18.99938766276122	12.666472959867153	36.45387551452252	0.8686555318381253	31.66586062262837	8.329241001141385e-12
119.20696927078512	1	1	1	1	0	0	119.20696927078512	10.0	0	0.0004512633380821954	0.735784350408677	1.1656216204096483	68.1231625533652	0.0	19.00056160346086	12.667358687769784	36.45524226213456	0.8686794635328368	31.667920291230644	8.275590479387902e-12
131.81545979678634	1	1	1	1	0	0	131.81545979678634	11.0	0	0.00045144375309974884	0.8268547364403555	1.152088234509768	68.14524492290772	0.0	19.008158025252584	12.673278443817642	36.46380845383747	0.8688460644251779	31.681436469070224	8.365609293919981e-12
144.55116659372186	1	1	1	1	0	0	144.55116659372186	12.0	0	0.00045170571549283447	0.8737499177322289	1.212980683151166	68.17728297923648	0.0	19.019188020750924	12.682079535765366	36.47601542272019	0.8690989733700518	31.70126755651629	8.412602505633407e-12
157.41450874719058	1	1	1	1	0	0	157.41450874719058	13.0	0	0.00045198205008614695	0.8698301515869521	1.129899115274406	68.21113195684511	0.0	19.03082316152198	12.691533603864892	36.488775191458245	0.8693730222222654	31.722356765386873	8.41822676896534e-12
170.4058675216809	1	1	1	1	0	0	170.4058675216809	14.0	0	0.00045230403032757275	0.8906571103576028	1.1736876125820517	68.25070807528142	0.0	19.044380224318854	12.70271012121664	36.50361772974593	0.8696970963419206	31.747090345535486	8.445815424995586e-12
183.52558624759342	1	1	1	1	0	0	183.52558624759342	15.0	0	0.0004526765881987093	0.9142952830253512	1.1331875947662955	68.2963353389261	0.0	19.0600668715246	12.716126385076072	36.52014208232544	0.8701004827683657	31.776193256600674	1.1001307700649483e-11
196.77397021950497	1	1	1	1	0	0	196.77397021950497	16.0	0	0.0004530258631560337	0.883880277476268	1.1293592054428931	68.33907739887658	0.0	19.074773185517213	12.729061088571715	36.53524312478765	0.870497403437596	31.80383427408893	1.0991877028798825e-11
210.1512866057031	1	1	1	1	0	0	210.1512866057031	17.0	0	0.000453386045130751	0.8784176686629392	1.1591069234408344	68.3832161892578	0.0	19.08993874234741	12.742699316925922	36.55057812998446	0.8709202340402725	31.83263805927333	1.1006381144189757e-11
223.65776436901845	1	1	1	1	0	0	223.65776436901845	18.0	0	0.0004538234716564949	0.9251105003620624	1.254842850718414	68.43699400414928	0.0	19.1083567013261	12.75956738286379	36.569069919959404	0.8714447524626918	31.86792408418989	1.106659718806412e-11
237.29359419897813	1	1	1	1	0	0	237.29359419897813	19.0	0	0.00045428939189702625	0.9302845806482478	1.169925454400519	68.49455165474154	0.0	19.127974395664264	12.777813575228345	36.58876368384893	0.8720105507411969	31.90578797089261	1.1100202151348163e-11
251.0589284553002	1	1	1	1	0	0	251.0589284553002	20.0	0	0.0004547328903848617	0.9039778824998632	1.1690965960919366	68.54933140639008	0.0	19.146648016204708	12.795639368749367	36.607044021436025	0.8725721575948497	31.94228738495407	1.3653626162164192e-11
264.95388112274634	1	1	1	1	0	0	264.95388112274634	21.0	0	0.0004552460138344227	0.9392888958916328	1.2028185491048404	68.61283729755979	0.0	19.16825321408096	12.816709171490354	36.6278749119885	0.8732410073591919	31.984962385571308	1.3724886415031893e-11
278.9785277773454	1	1	1	1	0	0	278.9785277773454	22.0	0	0.00045573004219356716	0.9061880821597073	1.2318469182122174	68.67297315966185	0.0	19.18863335551862	12.836947814580453	36.647391989562784	0.8738843184044309	32.02558117009907	1.3738572301747035e-11
293.1329055639992	1	1	1	1	0	0	293.1329055639992	23.0	0	0.00045615979453591865	0.8562845798166226	1.1884273303228323	68.72666309991985	0.0	19.20672819098605	12.85520340186563	36.66473150706817	0.8744624677442635	32.06193159285168	1.3737265354720367e-11
307.41701318547484	1	1	1	1	0	0	307.41701318547484	24.0	0	0.00045659553501940157	0.852871490189075	1.1649965744568829	68.78149475701406	0.0	19.225075158711647	12.873977251885593	36.68244234641683	0.8750522145571559	32.09905241059724	1.3774106271703859e-11
321.83081090278995	1	1	1	1	0	0	321.83081090278995	25.0	0	0.0004571374429226496	0.9161575765327801	1.1923493145475623	68.84990078077972	0.0	19.247892333585238	12.897801569348898	36.70420687784559	0.8758040736288751	32.14569390293414	1.6462776987192738e-11
336.3742205469876	1	1	1	1	0	0	336.3742205469876	26.0	0	0.00045750163137007723	0.7823004524076429	1.1139537876845944	68.89611259831945	0.0	19.263226584003252	12.914099098193686	36.71878691612251	0.8763177758486486	32.177325682196944	1.639159972552902e-11
351.0471255422998	1	1	1	1	0	0	351.0471255422998	27.0	0	0.0004579736941172848	0.8519444031969503	1.1220188440054486	68.95644426518885	0.0	19.283102910201464	12.935565465293033	36.73777588969434	0.8769901714309399	32.21866837549449	1.6496431891015096e-11
365.84937094069124	1	1	1	1	0	0	365.84937094069124	28.0	0	0.00045868459765782346	0.9552737292119176	1.1330172304921915	69.04813944188777	0.0	19.313035690855717	12.96837833983676	36.766725411195296	0.8780062317125186	32.28141403069248	1.7613603371130214e-11
380.78076346777357	1	1	1	1	0	0	380.78076346777357	29.0	0	0.0004575042452256873	0.8941696416129639	1.1481768027797288	69.0576105348288	0.0	19.263336641081573	12.999735547162445	36.79453834658479	0.8768440545263323	32.26307218824402	1.6108558839982032e-11
395.84107158007737	1	1	1	1	0	0	395.84107158007737	30.0	0	0.0004580794535985064	0.947031947197636	1.1327590053011232	69.14530972257221	0.0	19.287555940989737	13.033611102159968	36.82414267942248	0.8777167556764585	32.32116704314971	1.8248689393895192e-11
411.03002553366304	1	1	1	1	0	0	411.03002553366304	31.0	0	0.0004585610550264401	0.8169152641024962	1.144114249140202	69.2189755217495	0.0	19.307833895850123	13.062164703839985	36.84897692205939	0.8784504022501646	32.369998599690106	1.8834451115574414e-11
426.3473174640513	1	1	1	1	0	0	426.3473174640513	32.0	0	0.0004591108107100214	0.8859082135746277	1.1512118213293585	69.30362431649908	0.0	19.33098150357985	13.09498820083141	36.877654612087824	0.8792850316945755	32.42596970441125	1.8599785071835496e-11
441.79260147745117	1	1	1	1	0	0	441.79260147745117	33.0	0	0.0004596426195485253	0.8395117289892075	1.1106786229412495	69.38633812445275	0.0	19.353373454674752	13.126979654521529	36.905985015256476	0.8800836258880318	32.480353109196294	1.8986116448924733e-11
457.365493753255	1	1	1	1	0	0	457.365493753255	34.0	0	0.0004585543996483743	0.9614625935571102	1.150748545479253	69.42396143304357	0.0	19.30755366940523	13.170767530421104	36.94564023321722	0.8790840000283878	32.478321199826325	1.781910634240552e-11
473.0655726577729	1	1	1	1	0	0	473.0655726577729	35.0	0	0.00045912773379210925	0.9792383112254872	1.1560864626483116	69.53422540009723	0.0	19.3316940544046	13.215852892808762	36.98667845288386	0.8799802606950672	32.547546947213355	2.0305685052713253e-11
488.8923788691719	1	1	1	1	0	0	488.8923788691719	36.0	0	0.00045960308360723273	0.8697054316780374	1.1208144554820323	69.62614546030119	0.0	19.351708783462428	13.253208126816466	37.0212285500223	0.8807086687094627	32.604916910278895	2.0234162821056535e-11
504.8454155135833	1	1	1	1	0	0	504.8454155135833	37.0	0	0.0004600951575275408	0.8618554824735495	1.1336932303161884	69.722412618192	0.0	19.37242768537014	13.291946024906471	37.05803890791538	0.8814382701535695	32.66437371027661	2.058770527110623e-11
520.9241483123367	1	1	1	1	0	0	520.9241483123367	38.0	0	0.00045873704885767596	0.8259363304476524	1.1830179522647482	69.73862010909875	0.0	19.315244162428463	13.328869367178786	37.0945065794915	0.880025549326359	32.644113529607246	1.8928691570935252e-11
537.1280057402779	1	1	1	1	0	0	537.1280057402779	39.0	0	0.000459109226605917	0.845710701733444	1.2153108519977345	69.83120658033229	0.0	19.33091480445966	13.367608306447856	37.13268346942479	0.8805860513106094	32.69852311090752	2.1635195091006628e-11
553.4563791951257	1	1	1	1	0	0	553.4563791951257	40.0	0	0.00045951831109309715	0.8521704151331818	1.1097541584911406	69.92635047842566	0.0	19.348139414446198	13.406728448855274	37.17148261512419	0.8811827120926916	32.75486786330147	2.1615389338593672e-11
569.9086231778117	1	1	1	1	0	0	569.9086231778117	41.0	0	0.0004599186312520822	0.804437015745697	1.144472336536073	70.0143601929251	0.0	19.364995000087678	13.442128148209276	37.20723704462815	0.8817403751035453	32.807123148296945	2.166752181809711e-11
586.4840554837581	1	1	1	1	0	0	586.4840554837581	42.0	0	0.0004603663670821249	0.8303803558592109	1.1624811539277378	70.10815344553896	0.0	19.383847035036844	13.47884212402503	37.24546428647708	0.8823272790022251	32.86268915906187	2.1630536105657414e-11
603.1819574050269	1	1	1	1	0	0	603.1819574050269	43.0	0	0.000458966048364119	0.9160277856634136	1.1563736486032836	70.14355234414617	0.0	19.324886246910282	13.524414915867188	37.294251181368715	0.8808140697885406	32.849301162777465	2.0444003425299387e-11
620.0015739432909	1	1	1	1	0	0	620.0015739432909	44.0	0	0.0004593734887789228	0.8692980218139729	1.1516514815763186	70.24412070322276	0.0	19.342041632796754	13.564763888861293	37.33731518156471	0.8813382901699843	32.906805521658036	2.274686401075389e-11
636.9421140335545	1	1	1	1	0	0	636.9421140335545	45.0	0	0.0004598649029292247	0.9117926573677152	1.1730395784516232	70.35771371989912	0.0	19.362732754914727	13.609473890644619	37.38550707433978	0.8819515696281786	32.972206645559346	2.307228264675329e-11
654.0027507785644	1	1	1	1	0	0	654.0027507785644	46.0	0	0.00046024939633363966	0.7581197548661708	1.1530107604043582	70.44179807540475	0.0	19.378921950890092	13.641760326379647	37.421115798135006	0.8824077415381459	33.02068227726974	2.2950356913516362e-11
671.1826216938364	1	1	1	1	0	0	671.1826216938364	47.0	0	0.0004587938547802914	0.8116459487319782	1.1718306727518917	70.46233620868477	0.0	19.31763599074911	13.679948322519015	37.464751895416654	0.8807634548169788	32.99758431326813	2.171218463538682e-11
688.4808289632283	1	1	1	1	0	0	688.4808289632283	48.0	0	0.00045921050821158007	0.8414502324542223	1.1537204509054722	70.56877246309084	0.0	19.335179293119165	13.721655679629619	37.51193749034206	0.8812350730020198	33.05683497274879	2.4574497725643627e-11
705.8964397049822	1	1	1	1	0	0	705.8964397049822	49.0	0	0.0004596430400497259	0.8301903793981759	1.1652305710684272	70.67153974124331	0.0	19.353391159988465	13.761243733936524	37.55690484731833	0.8817189549710582	33.114634893924986	2.438820944275081e-11
723.4284862481575	1	1	1	1	0	0	723.4284862481575	50.0	0	0.0004601125703222247	0.8435765674719388	1.1133129701961415	70.77652470046405	0.0	19.373160855672623	13.800759064738488	37.602604780052935	0.8822239872597571	33.17391992041111	2.432497099157521e-11
741.0759664193733	1	1	1	1	0	0	741.0759664193733	51.0	0	0.00046062921645162957	0.868105660646368	1.2120848347089217	70.88643016892999	0.0	19.39491437691072	13.841068075534785	37.65044771648449	0.8827513208533189	33.235982452445505	2.4297504912629517e-11
758.8378438397727	1	1	1	1	0	0	758.8378438397727	52.0	0	0.00045913640998939456	0.7898254341483407	1.1654264953573377	70.90560868012027	0.0	19.332059367974512	13.878892552480645	37.694656759665115	0.8810519785921563	33.21095192045515	2.582372414927409e-11
776.7130482321257	1	1	1	1	0	0	776.7130482321257	53.0	0	0.00045953234315049025	0.7718648924063385	1.1047030086536629	71.00126964943317	0.0	19.348730237915376	13.915325432274384	37.73721397924341	0.8814655922529412	33.26405567018976	2.581863924727349e-11
794.7004757379742	1	1	1	1	0	0	794.7004757379742	54.0	0	0.00046002005651272967	0.8429621843922015	1.177003981791656	71.11183760917928	0.0	19.369265537378094	13.956535142978199	37.786036928823	0.8819607291214905	33.32580068035629	2.5847366956815555e-11
812.7989892447298	1	1	1	1	0	0	812.7989892447298	55.0	0	0.00045869227899541815	0.8637293646621582	1.1156466145259376	71.15775309054611	0.0	19.313359115596555	14.002636919578185	37.84175705537136	0.8804029893861859	33.315996035174734	2.4841784213022056e-11
831.0074187226242	1	1	1	1	0	0	831.0074187226242	56.0	0	0.0004591747808404082	0.9101701023187528	1.172207094725785	71.28422744165862	0.0	19.333674982754037	14.051209430643615	37.89934302826097	0.8808829321527565	33.38488441339765	2.7325746627307586e-11
849.3245615714155	1	1	1	1	0	0	849.3245615714155	57.0	0	0.00045970207942035656	0.8958289484136656	1.1302804551515686	71.41187640899429	0.0	19.355877028225546	14.09955620069519	37.95644318007356	0.8814164454293291	33.45543322892073	2.760029505627055e-11
867.7491829767432	1	1	1	1	0	0	867.7491829767432	58.0	0	0.00046015244571130984	0.7876086381502526	1.1723966680125135	71.51390910778558	0.0	19.374839819423574	14.137404576704546	38.00166471165746	0.8818625355074995	33.51224439612812	2.720977918545355e-11
886.2800162760308	1	1	1	1	0	0	886.2800162760308	59.0	0	0.00046067290053018723	0.8338455766491264	1.1296441982978649	71.62568823778548	0.0	19.3967537065342	14.177950080696116	38.050984450555156	0.8823609762543334	33.57470378723031	2.7240156568031134e-11
