11.247441493196291	1	1	1	1	0	0	11.247441493196291	1.0	0	0.0			100.0	0.0	0.0	0.0	0.0		0.0	0.0
11.367595075476835	1	1	1	1	0	0	11.367595075476835	1.0	0	0.0			100.0	0.0	0.0	0.0	0.0		0.0	0.0
22.856168219862568	1	1	1	1	0	0	22.856168219862568	2.0	0	0.0			97.01833494434999	0.0	0.0	0.0	4.857218463183318	0.0	0.0	0.0
34.4665080713728	1	1	1	1	0	0	34.4665080713728	3.0	0	0.00011257771665567784			88.55707761080875	0.0	4.740114385502225	3.1600762570014824	14.662576565111165	0.5387996173402292	7.900190642503707	0.0
46.1993671861199	1	1	1	1	0	0	46.1993671861199	4.0	0	0.00033581469321961526	0.5624019946142794	0.8658397966647279	74.97881140330992	0.0	14.139566030299589	9.426377353533061	29.505835329103736	0.7986875518344624	23.56594338383265	2.0235413818612346e-12
58.05546181511435	1	1	1	1	0	0	58.05546181511435	5.0	0	0.0004543859117000465	0.5056168968867665	0.940066873116542	68.53110675383087	0.0	19.13203838737038	12.75469225824692	36.64437610821357	0.8701671042632411	31.8867306456173	5.914733626829696e-12
70.03547169202406	1	1	1	1	0	0	70.03547169202406	6.0	0	0.00045772878411535166	0.60700472545341	0.9987724635484118	68.95804403470962	0.0	19.272790910120076	12.848527273413383	36.836725851176155	0.8719916724767179	32.12131818353345	8.284590055329137e-12
82.14003983175478	1	1	1	1	0	0	82.14003983175478	7.0	0	0.00046141100606640183	0.6783333692222134	1.1085943424943192	69.42398395696753	0.0	19.427831834374818	12.951887889583212	37.04426423300951	0.8740818692008199	32.379719723958026	8.53107497135904e-12
94.36977233991071	1	1	1	1	0	0	94.36977233991071	8.0	0	0.0004652351035253543	0.7037758121009133	1.030640428638572	69.90634971728468	0.0	19.588846464225444	13.059230976150296	37.25827227690893	0.8762638588748947	32.64807744037574	8.64683251644332e-12
106.72523823319248	1	1	1	1	0	0	106.72523823319248	9.0	0	0.00046925389294256834	0.7128341318298302	1.172026680470539	70.40466402542638	0.0	19.758058650213407	13.18100273431888	37.46560264089409	0.8791814107529919	32.93906138453229	1.1350996002561902e-11
119.20696927078512	1	1	1	1	0	0	119.20696927078512	10.0	0	0.0004737161554920502	0.8158438277028659	1.1322934242296665	70.95304889365019	0.0	19.94594338913896	13.322760112519985	37.68434539199124	0.8828255647165704	33.26870350165895	1.1695332596877619e-11
131.81545979678634	1	1	1	1	0	0	131.81545979678634	11.0	0	0.0004781239922264546	0.7712882322546792	1.1089505912096709	71.4925576383883	0.0	20.131536514798086	13.467389525970724	37.89363159761951	0.8866641866777294	33.59892604076881	1.1702981675974474e-11
144.55116659372186	1	1	1	1	0	0	144.55116659372186	12.0	0	0.00048275461718043074	0.8112026000658602	1.187943363053519	72.05888405404463	0.0	20.32651019707077	13.622963597177447	38.109410259796405	0.8908422765613688	33.94947379424822	1.1922828781547422e-11
157.41450874719058	1	1	1	1	0	0	157.41450874719058	13.0	0	0.0004876796698083952	0.8848539003666267	1.1649175102301872	72.6621671758823	0.0	20.533880834037696	13.791461440246515	38.3368249015981	0.8953621579875108	34.32534227428421	1.2210752041182016e-11
170.4058675216809	1	1	1	1	0	0	170.4058675216809	14.0	0	0.0004924954770500149	0.8315070457017848	1.1355298034508503	73.25410088248759	0.0	20.736651665263786	13.958626832011866	38.55882238521194	0.8998012997041623	34.695278497275645	1.2224986046849944e-11
183.52558624759342	1	1	1	1	0	0	183.52558624759342	15.0	0	0.0004972956050439375	0.7903543092427672	1.1767017438397485	73.84197386135884	0.0	20.93876231763948	14.131485302372615	38.77172624134675	0.904531498074302	35.070247620012104	1.5040815578375408e-11
196.77397021950497	1	1	1	1	0	0	196.77397021950497	16.0	0	0.000502547101898029	0.9022924355140161	1.1839900017816634	74.48461882819711	0.0	21.159877974653853	14.325964045527625	38.998776808015634	0.9099219238303876	35.48584202018147	1.54851319388508e-11
210.1512866057031	1	1	1	1	0	0	210.1512866057031	17.0	0	0.0005079627467389013	0.9297170003484616	1.2097772200855943	75.14828338997327	0.0	21.387905125848487	14.531026503422895	39.22935176070187	0.9156136927363986	35.918931629271384	1.5754706294024528e-11
223.65776436901845	1	1	1	1	0	0	223.65776436901845	18.0	0	0.0005135450690195418	0.9616059741686572	1.178246523620961	75.8345817203327	0.0	21.622950274507037	14.74629232470824	39.46533912111743	0.9215489695299368	36.369242599215276	1.6050788421075465e-11
237.29359419897813	1	1	1	1	0	0	237.29359419897813	19.0	0	0.0005191779864909423	0.958360664752634	1.2061626584184209	76.5304465217074	0.0	21.86012574698705	14.96688650975506	39.703434264965296	0.9275523122501932	36.82701225674211	1.6288411763165586e-11
251.0589284553002	1	1	1	1	0	0	251.0589284553002	20.0	0	0.0005249577384160396	0.9317850693876448	1.1443157321140878	77.24434608107748	0.0	22.103483722780613	15.199195451601367	39.94166690669549	0.9339289534791269	37.30267917438199	2.213726701219716e-11
264.95388112274634	1	1	1	1	0	0	264.95388112274634	21.0	0	0.0005309416675301321	0.9182774699601184	1.136183873013997	77.9849373586971	0.0	22.355438632847672	15.444906705214677	40.18459202063475	0.9406676399414956	37.80034533806234	2.5149177178793466e-11
278.9785277773454	1	1	1	1	0	0	278.9785277773454	22.0	0	0.0005369386686513763	0.9136104340284013	1.1718943096147283	78.73000699282	0.0	22.60794394321585	15.695658883285995	40.42640416631816	0.9474897314368376	38.303602826501844	2.428988220418208e-11
293.1329055639992	1	1	1	1	0	0	293.1329055639992	23.0	0	0.0005430344562991563	0.8867725992155826	1.221563595525375	79.49156764620469	0.0	22.864608686280274	15.95460379762219	40.672355162302225	0.9544372911033836	38.81921248390246	2.566350552763389e-11
307.41701318547484	1	1	1	1	0	0	307.41701318547484	24.0	0	0.0005493322678658716	0.9159220758541671	1.1942062745180233	80.28405642647573	0.0	23.12977969961565	16.225944594011864	40.92833213284821	0.961576547167468	39.35572429362751	2.5977669753109502e-11
321.83081090278995	1	1	1	1	0	0	321.83081090278995	25.0	0	0.0005554949815131497	0.8524728709681608	1.1447898927530715	81.06198701890656	0.0	23.389262379501037	16.49688075399071	41.17584388541481	0.9686782193095528	39.88614313349175	2.9471252674197844e-11
336.3742205469876	1	1	1	1	0	0	336.3742205469876	26.0	0	0.0005615846506310551	0.8107710330354698	1.1185773929963363	81.83470422106255	0.0	23.645669500254954	16.769395049282707	41.419639671524884	0.9757464060538932	40.415064549537654	3.030024030311142e-11
351.0471255422998	1	1	1	1	0	0	351.0471255422998	27.0	0	0.0005677580808131749	0.765349630301779	1.115813226991755	82.62369537826005	0.0	23.905603402660002	17.050122811292137	41.66796916430794	0.9829067035269408	40.95572621395213	3.321600807982064e-11
365.84937094069124	1	1	1	1	0	0	365.84937094069124	28.0	0	0.0005744427980501164	0.9002200061472049	1.08983167884336	83.4859168939377	0.0	24.187065181057534	17.358666482195588	41.94018523068458	0.9905948539506482	41.54573166325313	3.468838028675196e-11
380.78076346777357	1	1	1	1	0	0	380.78076346777357	29.0	0	0.0005810207404019272	0.8178931599870801	1.114207582955366	84.34401529866992	0.0	24.464031174817986	17.66663750707943	42.21334661677251	0.998041426669492	42.130668681897404	3.687148749256347e-11
395.84107158007737	1	1	1	1	0	0	395.84107158007737	30.0	0	0.0005874545626802072	0.8018406028355857	1.092364531405173	85.18975248585538	0.0	24.73492895495609	17.97339614532287	42.4814273855764	1.0053411038344626	42.70832510027896	3.976305194435871e-11
411.03002553366304	1	1	1	1	0	0	411.03002553366304	31.0	0	0.0005941396103323577	0.8078806182305812	1.1570868520683928	86.07753209246519	0.0	25.016404645572962	18.297667723166033	42.763459723726186	1.0128757740503234	43.314072368739	4.121700579578861e-11
426.3473174640513	1	1	1	1	0	0	426.3473174640513	32.0	0	0.0006010091491853154	0.8364084583489988	1.1310118662840676	87.00170551447086	0.0	25.30564838675012	18.636532930136934	43.0595241975838	1.020498533965519	43.942181316887066	4.31661510041962e-11
441.79260147745117	1	1	1	1	0	0	441.79260147745117	33.0	0	0.0006081695327053431	0.8947449527512515	1.1405853137044608	87.98055263668114	0.0	25.607138219172338	18.99576663905036	43.37764777845843	1.0282462775764605	44.6029048582227	4.7812117905819906e-11
457.365493753255	1	1	1	1	0	0	457.365493753255	34.0	0	0.0006149439836272579	0.7840417959247079	1.1235585559597272	88.92492093906607	0.0	25.892378257989808	19.34165298232649	43.690889698749764	1.0353195266154238	45.2340312403163	4.868098274660093e-11
473.0655726577729	1	1	1	1	0	0	473.0655726577729	35.0	0	0.0006221154921705494	0.8597036611268589	1.1543493004446417	89.94095267983435	0.0	26.194336512444192	19.715467692931355	44.03114847445879	1.0426665166820828	45.909804205375536	5.560028298588004e-11
488.8923788691719	1	1	1	1	0	0	488.8923788691719	36.0	0	0.0006292456055045207	0.8998174563197711	1.1101411662917169	90.97215232097052	0.0	26.494551810716672	20.09521827259479	44.382382237659066	1.0497356774098392	46.589770083311464	5.5913714524610923e-11
504.8454155135833	1	1	1	1	0	0	504.8454155135833	37.0	0	0.0006359937513370111	0.7870312440367234	1.1319198463092472	91.9737079368008	0.0	26.778684266821518	20.463082029172767	44.731941640806525	1.056108108951349	47.24176629599428	5.7089187068911385e-11
520.9241483123367	1	1	1	1	0	0	520.9241483123367	38.0	0	0.0006431485106604648	0.8800324887314117	1.0716915504072082	93.07066244924968	0.0	27.079937290966946	20.863402952111567	45.12732220617117	1.0624016205535511	47.94334024307851	6.400808824962977e-11
537.1280057402779	1	1	1	1	0	0	537.1280057402779	39.0	0	0.0006500932573219009	0.816651545135207	1.0776399815404727	94.1371772275012	0.0	27.372347676711613	21.2532834664378	45.5115460843518	1.0684240665660074	48.625631143149405	6.673593538980371e-11
553.4563791951257	1	1	1	1	0	0	553.4563791951257	40.0	0	0.0006574146090291282	0.841547490694777	1.0792507816916654	95.26411856201466	0.0	27.68061511701592	21.664306720176864	45.919196724821866	1.0746033327390312	49.34492183719279	7.184429988494185e-11
569.9086231778117	1	1	1	1	0	0	569.9086231778117	41.0	0	0.0006647290902833023	0.8227487835561934	1.1101962963627938	96.39748668834982	0.0	27.988593275086412	22.07494426427085	46.333949148992545	1.0804936436212629	50.06353753935726	7.242268981688069e-11
586.4840554837581	1	1	1	1	0	0	586.4840554837581	42.0	0	0.0006722851038084084	0.8246093689126985	1.0610494168435032	97.58151356685829	0.0	28.30674121298561	22.499141514803124	46.775630839069564	1.0861613583061052	50.80588272778874	7.777604303522153e-11
603.1819574050269	1	1	1	1	0	0	603.1819574050269	43.0	0	0.0006792790186164137	0.7192558327602262	1.0589050323183964	98.6889675533018	0.0	28.60122183648057	22.891782346129734	47.1959633706915	1.0910467867382752	51.49300418261029	7.643558893250723e-11
620.0015739432909	1	1	1	1	0	0	620.0015739432909	44.0	0	0.0006865983227518869	0.7194189287464345	1.1023397478730317	99.84661484235168	0.0	28.909403063237338	23.30269064847209	47.63452113064225	1.096097797824245	52.21209371170944	8.575914458037854e-11
636.9421140335545	1	1	1	1	0	0	636.9421140335545	45.0	0	0.0006939738825297543	0.7712537797918624	1.0838597753047359	101.01754410762982	0.0	29.219952948621234	23.716757162317286	48.080833996691325	1.1009940076035571	52.93671011093852	8.59884148456875e-11
654.0027507785644	1	1	1	1	0	0	654.0027507785644	46.0	0	0.0007016584301737982	0.7919449465201946	1.06652087420975	102.24832301366452	0.0	29.54351284942308	24.14817036338642	48.556639800855024	1.1057536813299849	53.691683212809494	9.02649926150735e-11
671.1826216938364	1	1	1	1	0	0	671.1826216938364	47.0	0	0.0007096762709741676	0.8217577641000697	1.0568377576881902	103.55038222487488	0.0	29.881106146280747	24.59829475919663	49.0709813193975	1.1102162508403302	54.47940090547737	9.838577145552591e-11
688.4808289632283	1	1	1	1	0	0	688.4808289632283	48.0	0	0.0007179143325191401	0.8221430789529909	1.031818412629781	104.88297079933899	0.0	30.227971895542737	25.06078242487929	49.59421647891694	1.1148226193658266	55.28875432042203	1.0638320118374391e-10
705.8964397049822	1	1	1	1	0	0	705.8964397049822	49.0	0	0.0007262431649016781	0.8319741252487834	1.0518345212762443	106.2323617986269	0.0	30.578659574807507	25.528365997232303	50.1253362265871	1.1193346478198771	56.10702557203982	1.092862135729978e-10
723.4284862481575	1	1	1	1	0	0	723.4284862481575	50.0	0	0.0007343012074163009	0.7441282174439109	1.0099955612873472	107.54721332853504	0.0	30.917945575423197	25.98074733138657	50.64852042172528	1.123402864151655	56.89869290680976	1.125899902095931e-10
741.0759664193733	1	1	1	1	0	0	741.0759664193733	51.0	0	0.0007423883398874606	0.7537165366665536	1.0155295391470245	108.88061031187902	0.0	31.25845641631412	26.434761785907803	51.18739210965712	1.1270982135332774	57.69321820222192	1.1366753904715262e-10
758.8378438397727	1	1	1	1	0	0	758.8378438397727	52.0	0	0.0007507363905094363	0.7211670620575884	0.9973610447064828	110.24853984486742	0.0	31.609953284607855	26.903424276966106	51.735162283293455	1.131017570625643	58.513377561573954	1.233941236470672e-10
776.7130482321257	1	1	1	1	0	0	776.7130482321257	53.0	0	0.0007594464854614446	0.7824324422707363	1.0231070384146297	111.67545473894072	0.0	31.976694124692397	27.392412063745503	52.3063485505028	1.1350267765511461	59.369106188437904	1.291612238822359e-10
794.7004757379742	1	1	1	1	0	0	794.7004757379742	54.0	0	0.0007681301012815705	0.7545954119803842	0.99510257724088	113.10614598148688	0.0	32.342320053960854	27.879913302770124	52.88391262475593	1.138762817797635	60.222233356730975	1.333455748646107e-10
812.7989892447298	1	1	1	1	0	0	812.7989892447298	55.0	0	0.000776941923229508	0.7523440971664553	1.0607460856690505	114.56977808373495	0.0	32.71334413597928	28.37461207879468	53.48182186896101	1.1422190583643392	61.08795621477395	1.347840537830854e-10
831.0074187226242	1	1	1	1	0	0	831.0074187226242	56.0	0	0.0007858169748597535	0.7013476105168314	0.9933087424776388	116.03242004340072	0.0	33.08703052041067	28.87286059136987	54.07252893162018	1.1458663453698401	61.959891111780536	1.4716638249461328e-10
849.3245615714155	1	1	1	1	0	0	849.3245615714155	57.0	0	0.0007945207405171536	0.7235344936663128	1.0562831344580434	117.46462822099735	0.0	33.45350486388015	29.36149304932917	54.64963030778804	1.1494130437741985	62.814997913209325	1.424360440220919e-10
867.7491829767432	1	1	1	1	0	0	867.7491829767432	58.0	0	0.0008036308482704476	0.7276692752420391	1.0343326783498856	118.97073435876464	0.0	33.83708834822937	29.872937695128137	55.26070831540715	1.1528991933965966	63.71002604335751	1.5182012136172514e-10
886.2800162760308	1	1	1	1	0	0	886.2800162760308	59.0	0	0.0008129337089053723	0.7381396565782044	1.0210898722324615	120.51998622607442	0.0	34.22878774338409	30.395203555334433	55.89599492735592	1.15614707963792	64.62399129871852	1.5515595131852443e-10
