11.247441493196291	1	1	1	1	0	0	11.247441493196291	1.0	0	0.0			100.0	0.0	0.0	0.0	0.0		0.0	0.0
11.367595075476835	1	1	1	1	0	0	11.367595075476835	1.0	0	0.0			100.0	0.0	0.0	0.0	0.0		0.0	0.0
22.856168219862568	1	1	1	1	0	0	22.856168219862568	2.0	0	0.0			97.01833494434999	0.0	0.0	0.0	4.857218463183318	0.0	0.0	0.0
34.4665080713728	1	1	1	1	0	0	34.4665080713728	3.0	0	0.00011257771665567784			88.55707761080875	0.0	4.740114385502225	3.1600762570014824	14.662576565111165	0.5387996173402292	7.900190642503707	0.0
46.1993671861199	1	1	1	1	0	0	46.1993671861199	4.0	0	0.00033581469321961526	0.4602562406660348	0.8200166434157107	76.46235725951992	0.0	14.139566030299589	9.426377353533061	29.505835329103736	0.7986875518344624	23.56594338383265	8.614331951903412e-12
58.05546181511435	1	1	1	1	0	0	58.05546181511435	5.0	0	0.0004929756323838173	0.5902083222158511	0.9322108420714754	73.56243862932612	0.0	20.756868731950206	13.837912487966804	38.96765740940912	0.8877819073507809	34.59478121991701	3.1238100761996824e-11
70.03547169202406	1	1	1	1	0	0	70.03547169202406	6.0	0	0.0005424636725794062	0.5866476099373583	1.0060499881715823	79.88283818163563	0.0	22.84057568755395	15.227050458369304	41.815212035712364	0.9103774509958604	38.067626145923256	4.584879556947489e-11
82.14003983175478	1	1	1	1	0	0	82.14003983175478	7.0	0	0.0006021470770139344	0.6405787849379523	1.0626698934349657	87.4350393232265	0.0	25.353561137428827	16.902374091619222	45.179104094178456	0.9352982108933172	42.25593522904805	5.396118918970738e-11
94.36977233991071	1	1	1	1	0	0	94.36977233991071	8.0	0	0.000673227950358603	0.6851646459837984	1.0969358665979232	96.40107114719065	0.0	28.346440015099077	18.897626676732727	49.15700445535885	0.9610851437201744	47.24406669183181	6.325965183287501e-11
106.72523823319248	1	1	1	1	0	0	106.72523823319248	9.0	0	0.0007644226187436039	0.7961278455080558	1.085286545505067	107.7088564936508	0.0	32.18621552604649	21.66088047084185	53.86176049676248	0.999727738199812	53.84709599688834	8.217894877869561e-11
119.20696927078512	1	1	1	1	0	0	119.20696927078512	10.0	0	0.0008662172110690531	0.764013039217378	1.1962628440953174	120.2187914155145	0.0	36.472303623960144	24.89469613343248	58.85179165812188	1.0427380038637044	61.36699975739262	9.162761302438391e-11
131.81545979678634	1	1	1	1	0	0	131.81545979678634	11.0	0	0.000991553391593885	0.8399741388386691	1.1196825188921995	135.55964215470692	0.0	41.749616488163596	29.007211946909585	64.80281371963376	1.0918789536083906	70.75682843507317	1.477920551579338e-10
144.55116659372186	1	1	1	1	0	0	144.55116659372186	12.0	0	0.0011335803092164822	0.8037687119135452	1.169806274296926	152.92956435383752	0.0	47.72969723016769	33.77885854215291	71.42100858151693	1.1412406152076409	81.50855577232059	1.6951381180973762e-10
157.41450874719058	1	1	1	1	0	0	157.41450874719058	13.0	0	0.0012990750886517429	0.8370420311093162	1.1471114859501164	173.20147101705754	0.0	54.69789846954709	39.440831211378544	79.06274133613188	1.1906838555053236	94.13872968092564	2.01229260401983e-10
170.4058675216809	1	1	1	1	0	0	170.4058675216809	14.0	0	0.001490065540569456	0.8287487735688871	1.1650372305351009	196.67701321750675	0.0	62.739601708187635	46.07045572008878	87.8669557892303	1.2383501448403778	108.81005742827642	2.730490905872012e-10
183.52558624759342	1	1	1	1	0	0	183.52558624759342	15.0	0	0.0017107210351518483	0.8451354894424901	1.1336984675894402	223.70075155712874	0.0	72.03035937481471	54.016529516141325	97.65386266617271	1.2907516963445078	126.04688889095604	2.9431554896938915e-10
196.77397021950497	1	1	1	1	0	0	196.77397021950497	16.0	0	0.0019659584972192426	0.8411854412546351	1.1380832054886385	254.93509766901715	0.0	82.77719988291551	63.46874137270336	108.68915641339828	1.3455430705467406	146.24594125561887	3.431037653561279e-10
210.1512866057031	1	1	1	1	0	0	210.1512866057031	17.0	0	0.002259031341195673	0.8185903829849992	1.1333265804956263	290.84994553684174	0.0	95.11710910297572	74.56589406532372	121.16694236854231	1.4004067433854217	169.68300316829942	5.027451344787922e-10
223.65776436901845	1	1	1	1	0	0	223.65776436901845	18.0	0	0.0026036197759961013	0.8675667618648009	1.1251696801012376	333.21411864896413	0.0	109.62609583141482	87.85393239302765	135.7340904245217	1.4549036841577847	197.4800282244425	6.049183944336558e-10
237.29359419897813	1	1	1	1	0	0	237.29359419897813	19.0	0	0.003001287707754354	0.8689620586719154	1.1370526324139976	382.34019190514647	0.0	126.37000874755181	103.42725363745508	152.5429295201397	1.5064432229529694	229.79726238500686	7.038010992498308e-10
251.0589284553002	1	1	1	1	0	0	251.0589284553002	20.0	0	0.0034639816991146933	0.8623754212191775	1.1419330667133234	439.49092100841455	0.0	145.85186101535558	122.02458323300779	171.61447676005116	1.5609198553971897	267.87644424836344	9.33909227073221e-10
264.95388112274634	1	1	1	1	0	0	264.95388112274634	21.0	0	0.003992536784516034	0.8287040909029719	1.1225450901411114	504.90668354942716	0.0	168.10681197962253	143.728037629183	193.07183394062167	1.6151234659360456	311.8348496088056	1.1529673029989646e-09
278.9785277773454	1	1	1	1	0	0	278.9785277773454	22.0	0	0.004603167940046982	0.8477187994846338	1.1129752122526684	580.77172383161	0.0	193.81759747566247	169.26031437083282	217.69381198511468	1.667837539963339	363.0779118464953	1.2664099441098319e-09
293.1329055639992	1	1	1	1	0	0	293.1329055639992	23.0	0	0.005310890207455265	0.8443340637592955	1.1422661754408558	669.1890807877082	0.0	223.61642978759014	199.32387506172958	246.24877593838838	1.7175326181322412	422.94030484931983	1.6384665752823486e-09
307.41701318547484	1	1	1	1	0	0	307.41701318547484	24.0	0	0.0061296385993876495	0.8525200744516702	1.1354472481742142	772.2167607361896	0.0	258.0900462900063	234.5995955808776	279.52711886530557	1.762582621217135	492.68964187088386	1.8843662993654634e-09
321.83081090278995	1	1	1	1	0	0	321.83081090278995	25.0	0	0.0070755400658137815	0.8478612966541329	1.1127658812762762	891.6196293869302	0.0	297.91747645531717	276.18499540633337	317.5171575252795	1.808099053091148	574.1024718616508	2.2714262934114795e-09
336.3742205469876	1	1	1	1	0	0	336.3742205469876	26.0	0	0.008167015508442461	0.8447417732615446	1.1176059118789348	1030.11678480218	0.0	343.87433719757735	325.0288086443811	361.2136389602215	1.8518213979058007	668.9031458419586	3.0202854651597134e-09
351.0471255422998	1	1	1	1	0	0	351.0471255422998	27.0	0	0.009423406609110131	0.8442062306474432	1.1082297519039508	1190.6890176071345	0.0	396.7750151204268	382.1613672858541	411.75263520085366	1.8917580989525768	778.9363824062808	3.558158470860076e-09
365.84937094069124	1	1	1	1	0	0	365.84937094069124	28.0	0	0.010881440832592841	0.8581106019482786	1.127606569807856	1378.7520924570001	0.0	458.1659297933829	449.459237288512	471.1269253751049	1.926498185938441	907.6251670818947	4.404095723003654e-09
380.78076346777357	1	1	1	1	0	0	380.78076346777357	29.0	0	0.01252688956221911	0.8343266258544263	1.111829172946718	1593.4023363242636	0.0	527.4479815671206	526.4970865967126	539.4572681604303	1.9537137237168487	1053.9450681638334	4.925844398191397e-09
395.84107158007737	1	1	1	1	0	0	395.84107158007737	30.0	0	0.014420761286324975	0.8435978992981776	1.102648089063205	1842.3550856475686	0.0	607.1899488978937	616.7951218806113	618.3700148690639	1.9793732576727159	1223.985070778505	5.788327409731121e-09
411.03002553366304	1	1	1	1	0	0	411.03002553366304	31.0	0	0.01657870077820221	0.8281517158204159	1.0891056417372795	2128.9311540425674	0.0	698.0505590821983	721.470283574631	709.410311385738	2.000987044978224	1419.5208426568295	7.616487377900062e-09
426.3473174640513	1	1	1	1	0	0	426.3473174640513	32.0	0	0.01899636676767175	0.8166994114333764	1.0878344267145887	2454.1848135065984	0.0	799.8470217967055	840.7305284679824	813.6072632419107	2.0164244155437108	1640.5775502646882	8.365562048091637e-09
441.79260147745117	1	1	1	1	0	0	441.79260147745117	33.0	0	0.021749276012122783	0.8149198549972071	1.0909934520899272	2830.516232640771	0.0	915.7589899841173	978.8429347965154	935.9143078601379	2.02433268609006	1894.6019247806325	1.0033874793747931e-08
457.365493753255	1	1	1	1	0	0	457.365493753255	34.0	0	0.02483316201649457	0.8128444369124809	1.0882995963336468	3260.414422806416	0.0	1045.60682174714	1136.2983603989035	1078.5092406603726	2.0230750928105725	2181.9051821460434	1.1563316602272898e-08
473.0655726577729	1	1	1	1	0	0	473.0655726577729	35.0	0	0.02832056308555912	0.8124103254947803	1.0813901934684242	3754.4959898253023	0.0	1192.444761497226	1318.0790573786112	1243.9721709494647	2.018151111016956	2510.523818875837	1.3762921168733936e-08
488.8923788691719	1	1	1	1	0	0	488.8923788691719	36.0	0	0.03220950436358054	0.8093555487251347	1.0970680937696182	4316.937940248233	0.0	1356.1896574139175	1525.2044753673208	1435.543807466994	2.007179521651406	2881.3941327812386	1.6941086383744098e-08
504.8454155135833	1	1	1	1	0	0	504.8454155135833	37.0	0	0.03629509630703125	0.8104952111261644	1.090604574881426	4970.292452133491	0.0	1528.2145813486843	1747.923609996318	1647.1807691906931	1.9889366441272036	3276.1381913450023	1.885345265486333e-08
520.9241483123367	1	1	1	1	0	0	520.9241483123367	38.0	0	0.04023174470710812	0.7978247751792499	1.0900333265021869	5737.957419183866	0.0	1693.9681981940255	1968.1857669130904	1864.7246724442969	1.9639113587244672	3662.153965107116	2.1647735011608816e-08
537.1280057402779	1	1	1	1	0	0	537.1280057402779	39.0	0	0.044269064728629084	0.8054213991469947	1.083386829410851	6616.015209841504	0.0	1863.9606201528036	2194.8423295247935	2088.092756515535	1.94378479452735	4058.802949677597	2.4670775601641402e-08
553.4563791951257	1	1	1	1	0	0	553.4563791951257	40.0	0	0.04838368923122599	0.8050256654509673	1.0889458691304374	7607.297794948252	0.0	2037.207967630568	2425.83879282848	2317.193799717945	1.926056750627549	4463.046760459048	2.950509031862511e-08
569.9086231778117	1	1	1	1	0	0	569.9086231778117	41.0	0	0.052523408794665216	0.8021601757336655	1.095881309258993	8709.556231942124	0.0	2211.5119492490617	2658.2441016531384	2551.9279749328157	1.9082654756470567	4869.7560509022005	3.2734921205206675e-08
586.4840554837581	1	1	1	1	0	0	586.4840554837581	42.0	0	0.05663360469503278	0.8004592513950436	1.087052535759916	9932.151505115035	0.0	2384.572829264537	2888.991941673772	2792.1867126640273	1.8886862927253167	5273.56477093831	3.592864356937158e-08
603.1819574050269	1	1	1	1	0	0	603.1819574050269	43.0	0	0.06072123998800116	0.8037130757400076	1.0884647412223962	11271.65959723222	0.0	2556.6837889684703	3118.473221279014	3037.8525719441523	1.868147606193912	5675.157010247485	4.003644057930814e-08
620.0015739432909	1	1	1	1	0	0	620.0015739432909	44.0	0	0.06490940918825032	0.8045269577684389	1.0950356446293474	12722.843537601664	0.0	2733.0277552947505	3353.5985097140556	3288.7991194245424	1.8507139061974132	6086.626265008807	4.290744134213068e-08
636.9421140335545	1	1	1	1	0	0	636.9421140335545	45.0	0	0.06914146200945617	0.800907883312965	1.0931900427601635	14287.497315044911	0.0	2911.2194530297347	3591.187440027368	3544.890816975611	1.8343038555429332	6502.406893057102	4.7627320631759474e-08
654.0027507785644	1	1	1	1	0	0	654.0027507785644	46.0	0	0.07335825523295933	0.8061244303255041	1.083002772030118	15973.785185905868	0.0	3088.7686413877614	3827.919691171403	3805.9829181165364	1.8173198570166	6916.688332559163	5.220347885264372e-08
671.1826216938364	1	1	1	1	0	0	671.1826216938364	47.0	0	0.07750385134328476	0.8089479336589461	1.0868315061299352	17785.784543448117	0.0	3263.3200565593597	4060.6549114002	4071.9213735857847	1.79865333733347	7323.97496795956	5.5791076278008294e-08
688.4808289632283	1	1	1	1	0	0	688.4808289632283	48.0	0	0.08176464208660747	0.8097330303413437	1.0886967714091864	19711.27456339801	0.0	3442.7217720676836	4299.857198744633	4342.54274635545	1.7829597595349878	7742.578970812317	5.985618374839069e-08
705.8964397049822	1	1	1	1	0	0	705.8964397049822	49.0	0	0.0860791554157937	0.8112196070797929	1.083223206098699	21753.688660268384	0.0	3624.3854911913145	4542.075490909474	4617.674136383324	1.7685225810448724	8166.460982100789	6.828550666661121e-08
723.4284862481575	1	1	1	1	0	0	723.4284862481575	50.0	0	0.09038336099927567	0.8120854928886572	1.0871332919661474	23918.305543203187	0.0	3805.615199969503	4783.715102613725	4897.13311538683	1.7539507504085374	8589.330302583228	7.12520299888516e-08
741.0759664193733	1	1	1	1	0	0	741.0759664193733	51.0	0	0.09463941452386464	0.8051266365713843	1.0834458852987068	26195.891139578427	0.0	3984.8174536364068	5022.6514408362655	5180.727671912586	1.738649368370941	9007.468894472671	7.543570629932353e-08
758.8378438397727	1	1	1	1	0	0	758.8378438397727	52.0	0	0.0990213662026466	0.8095103533835409	1.0850804922356183	28591.487016699688	0.0	4169.3206822166985	5268.655745609988	5468.256166964319	1.7259572594358068	9437.976427826688	8.165920587747517e-08
776.7130482321257	1	1	1	1	0	0	776.7130482321257	53.0	0	0.10346269326719433	0.8118419951568719	1.0811515918490522	31105.96480058981	0.0	4356.323927039762	5517.9934053740735	5759.5073004401975	1.7144378533315068	9874.317332413832	8.881615516645547e-08
794.7004757379742	1	1	1	1	0	0	794.7004757379742	54.0	0	0.10789427079867438	0.8048738212594839	1.0807280786354103	33739.560216709564	0.0	4542.916665207343	5766.783722930846	6054.2600886183645	1.7028836285906832	10309.700388138192	9.350083869173584e-08
812.7989892447298	1	1	1	1	0	0	812.7989892447298	55.0	0	0.11228646304641553	0.8026299625347352	1.0841513088150307	36486.879015048304	0.0	4727.851075638549	6013.362936839121	6352.283852916624	1.690921605706566	10741.21401247767	9.774365164331746e-08
831.0074187226242	1	1	1	1	0	0	831.0074187226242	56.0	0	0.11680964081337747	0.8016651332602008	1.0783239064731005	39343.07704034212	0.0	4918.30066582642	6267.295723756284	6653.3382201387585	1.6812006273370277	11185.596389582704	1.0677276486470828e-07
849.3245615714155	1	1	1	1	0	0	849.3245615714155	57.0	0	0.12139203829417733	0.7983284400009171	1.0756931407542691	42318.62847697905	0.0	5111.2437176495705	6524.553126187152	6957.1731344059335	1.6724891876404762	11635.796843836724	1.1352191145937384e-07
867.7491829767432	1	1	1	1	0	0	867.7491829767432	58.0	0	0.12595926838121022	0.7958327945626816	1.0779809124490227	45409.22960924094	0.0	5303.548142366746	6780.9590258100525	7263.528880957126	1.6637239785552291	12084.507168176799	1.1573530725735652e-07
886.2800162760308	1	1	1	1	0	0	886.2800162760308	59.0	0	0.13047837849660635	0.7912571804426201	1.0741035517034736	48614.4055565765	0.0	5493.826463015003	7034.663453341062	7572.136121987411	1.654551597398885	12528.489916356068	1.2153299451778845e-07
