11.247441493196291	1	1	1	1	0	0	11.247441493196291	1.0	0	0.0			100.0	0.0	0.0	0.0	0.0		0.0	0.0
11.367595075476835	1	1	1	1	0	0	11.367595075476835	1.0	0	0.0			100.0	0.0	0.0	0.0	0.0		0.0	0.0
22.856168219862568	1	1	1	1	0	0	22.856168219862568	2.0	0	0.0			97.01833494434999	0.0	0.0	0.0	4.857218463183318	0.0	0.0	0.0
34.4665080713728	1	1	1	1	0	0	34.4665080713728	3.0	0	0.00011257771665567784			88.55707761080875	0.0	4.740114385502225	3.1600762570014824	14.662576565111165	0.5387996173402292	7.900190642503707	0.0
46.1993671861199	1	1	1	1	0	0	46.1993671861199	4.0	0	0.00033581469321961526	0.6478782766683666	0.8453879491064534	75.26453616658326	0.0	14.139566030299589	9.426377353533061	29.505835329103736	0.7986875518344624	23.56594338383265	3.26367359177389e-12
58.05546181511435	1	1	1	1	0	0	58.05546181511435	5.0	0	0.0004605757585872201	0.6011902954635494	0.9230152358868008	69.33813964746281	0.0	19.392663519461898	12.928442346307936	37.017033781692966	0.8731414314929378	32.32110586576984	9.663641756720593e-12
70.03547169202406	1	1	1	1	0	0	70.03547169202406	6.0	0	0.00047031189351164657	0.6223767547357484	1.0492597849116685	70.58159690651698	0.0	19.80260604259565	13.20173736173043	37.577253502190906	0.8783064308412479	33.00434340432608	1.336949925757466e-11
82.14003983175478	1	1	1	1	0	0	82.14003983175478	7.0	0	0.00048076184956231455	0.6730237489425152	1.1266359678188975	71.90391038315525	0.0	20.24260419209746	13.495069461398304	38.16623672965949	0.8839664725780458	33.73767365349576	1.3918282238655485e-11
94.36977233991071	1	1	1	1	0	0	94.36977233991071	8.0	0	0.0004914345409748875	0.6570400067376673	1.0599956173444662	73.25014723070315	0.0	20.691980672626848	13.794653781751228	38.76351277632508	0.8896674213550864	34.48663445437808	1.4132211794440294e-11
106.72523823319248	1	1	1	1	0	0	106.72523823319248	9.0	0	0.0005032694420507176	0.7569377125814879	1.1461155122278368	74.71762908388669	0.0	21.19029229687233	14.15325846643116	39.3740783205832	0.8976349992382499	35.3435507633035	1.7685915810046577e-11
119.20696927078512	1	1	1	1	0	0	119.20696927078512	10.0	0	0.0005154805441401797	0.7380285542875868	1.1203312413590552	76.21829909958859	0.0	21.704443963797043	14.541181363829734	39.97267377196183	0.9067600915165868	36.24562532762677	1.80592325503313e-11
131.81545979678634	1	1	1	1	0	0	131.81545979678634	11.0	0	0.0005283491792011238	0.7738727239497755	1.1476912206702978	77.79338945945456	0.0	22.246281229521003	14.963425483320146	40.58368274661342	0.9168637293259488	37.20970671284115	1.8709926229880738e-11
144.55116659372186	1	1	1	1	0	0	144.55116659372186	12.0	0	0.0005417976223982621	0.8042301684410798	1.2045180303315934	79.43813691961174	0.0	22.81253146940051	15.415249822446244	41.210355627764976	0.9276256103475906	38.22778129184675	1.9359633658039105e-11
157.41450874719058	1	1	1	1	0	0	157.41450874719058	13.0	0	0.0005563010792066286	0.9058696369139804	1.1645019251022162	81.21470487974044	0.0	23.423203335015945	15.911447807291985	41.88005373743251	0.9392216015031164	39.33465114230793	2.0419255442899586e-11
170.4058675216809	1	1	1	1	0	0	170.4058675216809	14.0	0	0.0005715745703401512	0.924790963785343	1.245300278892848	83.09204210813591	0.0	24.06629769853269	16.441618347942867	42.58412606166035	0.9512445080549848	40.507916046475565	2.8027347997452448e-11
183.52558624759342	1	1	1	1	0	0	183.52558624759342	15.0	0	0.000586789135671112	0.8325766318997887	1.1173783752402875	84.95537405567299	0.0	24.706910975625767	16.98951342358321	43.258949656464004	0.9638797227009984	41.696424399208986	3.042289438453076e-11
196.77397021950497	1	1	1	1	0	0	196.77397021950497	16.0	0	0.0006024184564968003	0.8228111331510121	1.1561721189290877	86.86799147558132	0.0	25.36498764197054	17.568314240759392	43.9346895928514	0.977207356660501	42.933301882729936	3.1760364959083e-11
210.1512866057031	1	1	1	1	0	0	210.1512866057031	17.0	0	0.0006190208296690954	0.8831262179530669	1.1701808879202389	88.90254267670113	0.0	26.06403493343561	18.19696023761484	44.64154750565067	0.9914753776277122	44.26099517105045	3.3200140045133335e-11
223.65776436901845	1	1	1	1	0	0	223.65776436901845	18.0	0	0.0006360625023092306	0.8499731805422382	1.1457205660471983	90.99766920137665	0.0	26.78157904459919	18.85412216280089	45.36196799397656	1.0060344210255576	45.635701207400096	3.88417398765354e-11
237.29359419897813	1	1	1	1	0	0	237.29359419897813	19.0	0	0.0006540453947223362	0.8988933254822997	1.1166848409265686	93.21919329093114	0.0	27.538753461993107	19.558361398826392	46.122078430111635	1.0211403402425874	47.0971148608195	4.019506016058106e-11
251.0589284553002	1	1	1	1	0	0	251.0589284553002	20.0	0	0.0006721761889371963	0.8675436883989092	1.1229463614089623	95.4586606882797	0.0	28.302155323671414	20.287102990761817	46.86940237384646	1.0366946419941223	48.58925831443324	4.2038239183589237e-11
264.95388112274634	1	1	1	1	0	0	264.95388112274634	21.0	0	0.000691847202252547	0.9050630058900891	1.1199312278640108	97.89321173417684	0.0	29.130408515896722	21.094831366115727	47.6679718521644	1.0536475106971	50.22523988201245	5.604922984475524e-11
278.9785277773454	1	1	1	1	0	0	278.9785277773454	22.0	0	0.0007118266599736527	0.8603402791197566	1.1368118073847382	100.37546694028387	0.0	29.971648840995908	21.930230999859944	48.47358709942803	1.0707249648018782	51.901879840855855	5.655315289973506e-11
293.1329055639992	1	1	1	1	0	0	293.1329055639992	23.0	0	0.0007329859023122303	0.902867771583456	1.0700888909053834	103.01893934312594	0.0	30.862564307883385	22.829061226791662	49.32731380845088	1.0884765739154534	53.69162553467505	6.092677259950322e-11
307.41701318547484	1	1	1	1	0	0	307.41701318547484	24.0	0	0.0007550222910275414	0.9072845092672158	1.1120180727163893	105.79190112986359	0.0	31.790412253791217	23.778497582615145	50.22299129345721	1.1064436507119322	55.568909836406384	6.721983171475003e-11
321.83081090278995	1	1	1	1	0	0	321.83081090278995	25.0	0	0.0007779628092190285	0.9053657251001206	1.1736961820601544	108.68772461425604	0.0	32.756328809222246	24.78704937691627	51.14434642811752	1.125117089276226	57.54337818613853	7.562977575133573e-11
336.3742205469876	1	1	1	1	0	0	336.3742205469876	26.0	0	0.000801828677829988	0.8997854762794987	1.1529442361419413	111.71606110726174	0.0	33.76120748757844	25.855053276655923	52.09980034302739	1.144270426598917	59.616260764234354	8.843952328918716e-11
351.0471255422998	1	1	1	1	0	0	351.0471255422998	27.0	0	0.0008262248759209535	0.8551317971243851	1.1239056615749896	114.83400105234458	0.0	34.78841582825067	26.964434915319533	53.081150308774355	1.1633668521566003	61.752850743570185	9.118195709485332e-11
365.84937094069124	1	1	1	1	0	0	365.84937094069124	28.0	0	0.0008515903506161798	0.8655858418435113	1.088907383264048	118.10574124155369	0.0	35.856435815418095	28.1352184203305	54.11408700580509	1.1825322716593902	63.99165423574858	9.811677653027873e-11
380.78076346777357	1	1	1	1	0	0	380.78076346777357	29.0	0	0.0008774662789987957	0.8307731664876594	1.1189811542513477	121.48127901287151	0.0	36.945948589422976	29.34669698879525	55.18863343465328	1.2012010708094951	66.29264557821823	1.0070008607877376e-10
395.84107158007737	1	1	1	1	0	0	395.84107158007737	30.0	0	0.0009038519698341136	0.8064040881847926	1.080406478278331	124.9497242051394	0.0	38.05692504564689	30.604742088530003	56.288057070962545	1.2198265619226276	68.66166713417688	1.16031110876153e-10
411.03002553366304	1	1	1	1	0	0	411.03002553366304	31.0	0	0.000932263437345868	0.8598161973357248	1.0943235357154306	128.7227895239301	0.0	39.25319736193128	31.98289702148882	57.486695140509994	1.2391753293401817	71.2360943834201	1.3951772167965336e-10
426.3473174640513	1	1	1	1	0	0	426.3473174640513	32.0	0	0.00096104420597867	0.8462671959294616	1.1085036371164303	132.59472649155907	0.0	40.46501919910189	33.40261402554029	58.727093266916896	1.257811839739981	73.86763322464219	1.3557663341486802e-10
441.79260147745117	1	1	1	1	0	0	441.79260147745117	33.0	0	0.0009903654313339265	0.8045953245020502	1.077296806466502	136.60303093201185	0.0	41.699597108796894	34.87364871310888	60.0297851101061	1.2755875384437212	76.57324582190577	1.4739546124256489e-10
457.365493753255	1	1	1	1	0	0	457.365493753255	34.0	0	0.0010208057070567492	0.8424036463541462	1.1086327347823162	140.84644960015763	0.0	42.981292928705216	36.427852261033955	61.43730441041847	1.2925232633786106	79.40914518973919	1.5216888989900491e-10
473.0655726577729	1	1	1	1	0	0	473.0655726577729	35.0	0	0.0010520307570557746	0.8436587394412493	1.0510605513441162	145.270294557543	0.0	44.29603187603261	38.05545724240525	62.91880543910515	1.3088533474803536	82.35148911843784	1.7275755258170946e-10
488.8923788691719	1	1	1	1	0	0	488.8923788691719	36.0	0	0.001083228156465331	0.7526049363240203	1.081736009774262	149.78224907616752	0.0	45.60960658801393	39.7170339880826	64.455608500071	1.323804748131461	85.32664057609655	1.888576960209511e-10
504.8454155135833	1	1	1	1	0	0	504.8454155135833	37.0	0	0.0011154626713191867	0.7930474344565673	1.0892087476797625	154.5664757625564	0.0	46.96684931870259	41.4742440454758	66.12538239837801	1.3374757189509692	88.44109336417839	2.012158900704788e-10
520.9241483123367	1	1	1	1	0	0	520.9241483123367	38.0	0	0.001147672919406991	0.7878009040669134	1.050258703979692	159.50489163228247	0.0	48.323070290820674	43.27646207401642	67.90535926744538	1.3489293533382567	91.59953236483707	2.1253556439168816e-10
537.1280057402779	1	1	1	1	0	0	537.1280057402779	39.0	0	0.0011803861784639596	0.7445822318078419	1.058203441186876	164.52871408829319	0.0	49.700470672166716	45.112995915811155	69.71524750031536	1.3600104709884158	94.81346658797787	2.3179069092552146e-10
553.4563791951257	1	1	1	1	0	0	553.4563791951257	40.0	0	0.0012154191604529768	0.7910328053545241	1.0465095287199075	169.92117671725234	0.0	51.17554359802007	47.079759816948965	71.6658733022833	1.3710194111572849	98.25530341496905	2.6481179967982175e-10
569.9086231778117	1	1	1	1	0	0	569.9086231778117	41.0	0	0.0012516685711487655	0.8053045301562421	1.0511902805893394	175.53796965900668	0.0	52.70183457468487	49.114814452502024	73.72132063181981	1.3811018054828563	101.81664902718687	2.7936625786531244e-10
586.4840554837581	1	1	1	1	0	0	586.4840554837581	42.0	0	0.001288710601169475	0.7860656163652882	1.0545120101661103	181.34245360193646	0.0	54.261498996609475	51.19436701506817	75.88658759025878	1.389650916721607	105.45586601167764	2.866013073461045e-10
603.1819574050269	1	1	1	1	0	0	603.1819574050269	43.0	0	0.0013268624381139432	0.8078783601536179	1.0492975980272816	187.38362011227667	0.0	55.867892131113386	53.33622452774005	78.17950345342321	1.3968381971614043	109.20411665885344	3.093305100786998e-10
620.0015739432909	1	1	1	1	0	0	620.0015739432909	44.0	0	0.0013656332344216748	0.7421600794032238	1.059184044090034	193.51574775845867	0.0	57.50034671249157	55.51283063624429	80.50257040972285	1.4038455762784747	113.01317734873587	3.4433092101339345e-10
636.9421140335545	1	1	1	1	0	0	636.9421140335545	45.0	0	0.0014069914903583518	0.7874524450244407	1.087450768654239	200.08170257350073	0.0	59.2417469624569	57.83469763619807	83.00525797484573	1.4104702214663838	117.07644459865496	3.6383078039099363e-10
654.0027507785644	1	1	1	1	0	0	654.0027507785644	46.0	0	0.0014497431647694555	0.8170087999556053	1.0567937633191735	206.9289317794557	0.0	61.04181746397708	60.23479163822496	85.65232267725361	1.4159173424774976	121.27660910220206	3.7239839337196e-10
671.1826216938364	1	1	1	1	0	0	671.1826216938364	47.0	0	0.001492851600386484	0.7659194869274347	1.0768193561136836	213.92953668962474	0.0	62.85690948995722	62.65491433953182	88.4177128601357	1.419532577460254	125.51182382948905	4.008692362689855e-10
688.4808289632283	1	1	1	1	0	0	688.4808289632283	48.0	0	0.0015378094132073956	0.7692311059401987	1.0701888833290758	221.20191106689617	0.0	64.74987002978509	65.17886172596897	91.27317931114212	1.4235149113502297	129.92873175575406	4.56638641804728e-10
705.8964397049822	1	1	1	1	0	0	705.8964397049822	49.0	0	0.00158388624563407	0.7786869154213807	1.02368722022484	228.66702263314727	0.0	66.68994718459241	67.76563126571207	94.21144418284278	1.4271682131244805	134.4555784503045	4.554251851617314e-10
723.4284862481575	1	1	1	1	0	0	723.4284862481575	50.0	0	0.0016309858634711435	0.7174080960285969	1.0503018113398517	236.35238845974646	0.0	68.67308898825867	70.40982033726709	97.26947913422072	1.4298720478764702	139.08290932552575	4.784309558673697e-10
741.0759664193733	1	1	1	1	0	0	741.0759664193733	51.0	0	0.0016798553789324573	0.7400622269273879	1.055868960406256	244.4099372542027	0.0	70.7307527971561	73.15337208246366	100.52581237458293	1.4313152162697629	143.88412487961975	5.16108943672941e-10
758.8378438397727	1	1	1	1	0	0	758.8378438397727	52.0	0	0.001730374990328541	0.7087168869590543	1.0401058444427318	252.68818945380917	0.0	72.85789432962278	75.9895607924192	103.84073433176712	1.4334206713762263	148.84745512204202	5.696372795998951e-10
776.7130482321257	1	1	1	1	0	0	776.7130482321257	53.0	0	0.0017825558254340476	0.7083247563530042	1.0554827364602768	261.236616446567	0.0	75.05498212353885	78.91901118430731	107.26262313872084	1.4354859950489398	153.97399330784617	5.879430126010112e-10
794.7004757379742	1	1	1	1	0	0	794.7004757379742	54.0	0	0.0018370876585858656	0.7037322041925366	1.0563332272404446	270.2211475159257	0.0	77.35105930887855	81.98044743142694	110.88964077562021	1.4368475326086143	159.33150674030546	6.202089979754863e-10
812.7989892447298	1	1	1	1	0	0	812.7989892447298	55.0	0	0.001892280920536832	0.6742118647008457	1.0469441924849263	279.3886761492215	0.0	79.67498612786662	85.07901652341101	114.63467349794388	1.437209158660296	164.75400265127763	6.514140050164377e-10
831.0074187226242	1	1	1	1	0	0	831.0074187226242	56.0	0	0.001951227352784195	0.7240321190151237	1.0525859919250142	289.10327035887804	0.0	82.15694116986081	88.38828991273661	118.5580392762806	1.4384957116671688	170.5452310825974	7.164098349636091e-10
849.3245615714155	1	1	1	1	0	0	849.3245615714155	57.0	0	0.002011752666405993	0.7156371335969399	1.0556015975535484	299.0627353229927	0.0	84.70537542762074	91.78620225641649	122.57115763895544	1.4399111592297211	176.4915776840372	7.416935562249858e-10
867.7491829767432	1	1	1	1	0	0	867.7491829767432	58.0	0	0.002075472522430061	0.7469562434449041	1.0518872723565311	309.5970636596469	0.0	87.38831673389728	95.36345733145193	126.8452895942977	1.4407454518008749	182.7517740653492	7.832922971296267e-10
886.2800162760308	1	1	1	1	0	0	886.2800162760308	59.0	0	0.00214122346907414	0.7578454538328667	1.0349637741733562	320.54689735739214	0.0	90.15677764522695	99.05473854655816	131.33538116560706	1.4406743598908756	189.21151619178508	8.578788405966263e-10
