11.247441493196291	1	1	1	1	0	0	11.247441493196291	1.0	0	0.0			100.0	0.0	0.0	0.0	0.0		0.0	0.0
11.367595075476835	1	1	1	1	0	0	11.367595075476835	1.0	0	0.0			100.0	0.0	0.0	0.0	0.0		0.0	0.0
22.856168219862568	1	1	1	1	0	0	22.856168219862568	2.0	0	0.0			97.01833494434999	0.0	0.0	0.0	4.857218463183318	0.0	0.0	0.0
34.4665080713728	1	1	1	1	0	0	34.4665080713728	3.0	0	0.00011257771665567784			88.55707761080875	0.0	4.740114385502225	3.1600762570014824	14.662576565111165	0.5387996173402292	7.900190642503707	0.0
46.1993671861199	1	1	1	1	0	0	46.1993671861199	4.0	0	0.00033581469321961526	0.693146648230103	0.9376896635280249	76.83722043490924	0.0	14.139566030299589	9.426377353533061	29.505835329103736	0.7986875518344624	23.56594338383265	1.0297464481620411e-11
58.05546181511435	1	1	1	1	0	0	58.05546181511435	5.0	0	0.000491970097625128	0.5575508538298946	0.9952671919103006	73.43133690084329	0.0	20.714530426321186	13.809686950880787	38.90711952364132	0.8873496110711525	34.524217377201964	2.874107581601321e-11
70.03547169202406	1	1	1	1	0	0	70.03547169202406	6.0	0	0.0005356618181861804	0.5621709554652755	0.926438635274374	79.01145545034126	0.0	22.55418181836549	15.036121212243662	41.42115241973211	0.9075146594111172	37.59030303060916	4.113657540908175e-11
82.14003983175478	1	1	1	1	0	0	82.14003983175478	7.0	0	0.0005903022562573859	0.7359020322067864	1.058410197030187	85.92553119196657	0.0	24.85483184241625	16.56988789494417	44.50081145460613	0.930875603911548	41.42471973736042	4.985312085593729e-11
94.36977233991071	1	1	1	1	0	0	94.36977233991071	8.0	0	0.000650786420695938	0.7301201719364606	1.143677608727118	93.55491048465382	0.0	27.40153350298687	18.26768900199125	47.8856879796757	0.9537134043967724	45.669222504978116	5.4720748039197154e-11
106.72523823319248	1	1	1	1	0	0	106.72523823319248	9.0	0	0.000721996285096467	0.8269783935941997	1.1396712612334652	102.38465761188999	0.0	30.399843583009144	20.42539110747005	51.55942292141079	0.9857603481704852	50.8252346904792	6.62861687830874e-11
119.20696927078512	1	1	1	1	0	0	119.20696927078512	10.0	0	0.0007998350075328959	0.7688782877397908	1.1969359351373683	111.95056214410246	0.0	33.67726347506931	22.89817550613637	55.375123162896784	1.021676083947984	56.575438981205686	7.229070769398578e-11
131.81545979678634	1	1	1	1	0	0	131.81545979678634	11.0	0	0.0008876467718221643	0.7721215447799542	1.1386125883586975	122.69851348158495	0.0	37.37460091882798	25.779444647550754	59.54446791520622	1.0606198657499584	63.15404556637875	1.1397424896758836e-10
144.55116659372186	1	1	1	1	0	0	144.55116659372186	12.0	0	0.0009887558232489352	0.8501011199900407	1.1153717253488538	135.06417195188806	0.0	41.63182413679729	29.17638284113211	64.25596497395864	1.1019709533056772	70.80820697792942	1.300680814724805e-10
157.41450874719058	1	1	1	1	0	0	157.41450874719058	13.0	0	0.0011003475568749901	0.8159880108047359	1.1723429430115595	148.73334759702811	0.0	46.33042344736802	32.99420324645429	69.40872090320579	1.1428625345861767	79.32462669382231	1.4064080023384025e-10
170.4058675216809	1	1	1	1	0	0	170.4058675216809	14.0	0	0.0012291615409863385	0.8883212914300157	1.116598175866867	164.56648527302463	0.0	51.754170146793214	37.46556994334623	75.3467451828852	1.184122019784412	89.21974009013945	1.971389351121245e-10
183.52558624759342	1	1	1	1	0	0	183.52558624759342	15.0	0	0.0013719206543030115	0.8364491281559895	1.1301691718419908	182.05023264658345	0.0	57.765080181179435	42.6064999329674	81.67865253243659	1.228859402085347	100.37158011414684	2.216770150028026e-10
196.77397021950497	1	1	1	1	0	0	196.77397021950497	16.0	0	0.0015320831888103314	0.8546679624625616	1.1396238722307834	201.64991051690328	0.0	64.50876584464555	48.537800908085934	88.60334376417177	1.2758724665472922	113.04656675273148	2.2502660055938502e-10
210.1512866057031	1	1	1	1	0	0	210.1512866057031	17.0	0	0.0017148495467827116	0.8826969677338088	1.1420337119245592	224.04716115559532	0.0	72.20419144348261	55.458217532072865	96.38475218003988	1.3245083489667655	127.66240897555548	3.2653168368802565e-10
223.65776436901845	1	1	1	1	0	0	223.65776436901845	18.0	0	0.0019199005676119887	0.8759502214174737	1.1091172261900342	249.2564138928787	0.0	80.83791863629428	63.365406365883544	105.0530888907009	1.3726709659361798	144.20332500217782	3.7535545855298537e-10
237.29359419897813	1	1	1	1	0	0	237.29359419897813	19.0	0	0.0021508565118384428	0.8565536266526823	1.1446982742945664	277.78765246887957	0.0	90.56237944582917	72.41001576359362	114.8152572594568	1.4194315206831931	162.9723952094228	4.4771490780884064e-10
251.0589284553002	1	1	1	1	0	0	251.0589284553002	20.0	0	0.002409486881299853	0.8314072531125456	1.1231616589127322	309.7329866615945	0.0	101.4520792126254	82.80529712472028	125.4756103242488	1.4684716484836813	184.2573763373457	5.561098269654214e-10
264.95388112274634	1	1	1	1	0	0	264.95388112274634	21.0	0	0.00269817583554797	0.833784689341638	1.0967875170180763	345.46210667369036	0.0	113.60740360201977	94.659402262023	137.1953008096476	1.518031628160528	208.26680586404274	6.165296343658406e-10
278.9785277773454	1	1	1	1	0	0	278.9785277773454	22.0	0	0.0030272456517145877	0.8640282170045972	1.1245862547570868	386.3458621666832	0.0	127.46297480903529	108.41877490062409	150.46411245702376	1.567694421332748	235.88174970965937	7.996540759627715e-10
293.1329055639992	1	1	1	1	0	0	293.1329055639992	23.0	0	0.003396828852603905	0.8551029019497469	1.1051573686646412	432.51873435519735	0.0	143.02437274121704	124.11841796959372	165.3759436443866	1.6153666901230617	267.14279071081074	9.160534099456831e-10
307.41701318547484	1	1	1	1	0	0	307.41701318547484	24.0	0	0.003816399032465164	0.8877133047548346	1.1039654066009763	485.31559189118445	0.0	160.69048557748062	142.19557152347417	182.4295347902296	1.6602906840125125	302.8860571009548	1.0569691863578686e-09
321.83081090278995	1	1	1	1	0	0	321.83081090278995	25.0	0	0.00428578397329647	0.8525279815103987	1.126762789220071	544.5669097356026	0.0	180.45406203353556	162.8315057400347	201.28134196203234	1.7055011876775157	343.28556777357034	1.202256875108359e-09
336.3742205469876	1	1	1	1	0	0	336.3742205469876	26.0	0	0.0048132661675922145	0.8355543324427629	1.1309901611667559	611.499046354464	0.0	202.66383863546173	186.43647272172603	222.3987349972761	1.7495617111399189	389.1003113571877	1.6124721448974526e-09
351.0471255422998	1	1	1	1	0	0	351.0471255422998	27.0	0	0.005410349252394534	0.8674729990688491	1.1222561854813402	687.8088546982419	0.0	227.8041790481909	213.58795790669097	246.41671774336	1.7912426599829416	441.3921369548819	1.8033199864902723e-09
365.84937094069124	1	1	1	1	0	0	365.84937094069124	28.0	0	0.006079493859090474	0.8516084234408479	1.1137166032562151	774.1177974018318	0.0	255.97868880380943	244.47338297362668	273.66572562439563	1.8286983897439288	500.4520717774361	2.1389518629381885e-09
380.78076346777357	1	1	1	1	0	0	380.78076346777357	29.0	0	0.006827773666436282	0.8548503929548532	1.1043030023963702	871.731560891265	0.0	287.48520700784337	279.5069066567189	304.73944722670257	1.8605799768441664	566.9921136645622	2.389844097951223e-09
395.84107158007737	1	1	1	1	0	0	395.84107158007737	30.0	0	0.007655025160524081	0.81790711505804	1.1073147294070411	980.475216131274	0.0	322.31684886417185	318.94948539687346	339.2088818702286	1.8904762479255333	641.2663342610454	2.994305720064712e-09
411.03002553366304	1	1	1	1	0	0	411.03002553366304	31.0	0	0.00858840942418747	0.8262561209396642	1.1142215422913142	1104.4293833307088	0.0	361.61723891315665	364.2251518784325	378.5869925391197	1.9172407005414667	725.8423907915891	3.660724912644851e-09
426.3473174640513	1	1	1	1	0	0	426.3473174640513	32.0	0	0.009613788958752478	0.8161317132972175	1.1056782336525042	1242.3758355740845	0.0	404.7911140527359	414.80575934591985	422.7789621754287	1.9385942696424203	819.5968733986557	3.938077969181688e-09
441.79260147745117	1	1	1	1	0	0	441.79260147745117	33.0	0	0.010757594811125345	0.8432146041222314	1.1108692907811288	1398.7377209159642	0.0	452.9513604684356	472.1900625016812	473.5962979458475	1.9534388824042288	925.1414229701168	4.589533722867105e-09
457.365493753255	1	1	1	1	0	0	457.365493753255	34.0	0	0.012008676479602312	0.8295641682287546	1.1087664597001805	1573.1403234327927	0.0	505.6284833516763	536.0671306858259	531.4447093952905	1.9601203956340176	1041.6956140375025	5.02541436017251e-09
473.0655726577729	1	1	1	1	0	0	473.0655726577729	35.0	0	0.013393135139019744	0.8224044964078018	1.1009043037706898	1769.285100122133	0.0	563.9214795376732	608.2320050620327	597.1316155224266	1.9629734117732096	1172.1534845997062	6.056961435283365e-09
488.8923788691719	1	1	1	1	0	0	488.8923788691719	36.0	0	0.014896109019699138	0.8184006937286079	1.0909788920427674	1986.6541732067544	0.0	627.2045903031213	688.2805506703675	671.1690322332653	1.9599908187007815	1315.4851409734888	7.0528726401403085e-09
504.8454155135833	1	1	1	1	0	0	504.8454155135833	37.0	0	0.016519838799465655	0.7970662094742972	1.0973377752238958	2227.6471392576814	0.0	695.5721599775012	776.7954333180679	755.2795459621118	1.9494339561651917	1472.3675932955691	8.091853028913569e-09
520.9241483123367	1	1	1	1	0	0	520.9241483123367	38.0	0	0.018272698926933572	0.8100015186895186	1.0999500020601856	2496.392423283456	0.0	769.3767969235191	874.8709313589789	852.1446950009582	1.9295405321752883	1644.247728282498	8.950003342359514e-09
537.1280057402779	1	1	1	1	0	0	537.1280057402779	39.0	0	0.020207831984224496	0.8082804969904871	1.0987327416997257	2793.5736026840423	0.0	850.8560835462946	983.5099801893463	959.207538948402	1.912376612205	1834.3660637356409	9.870121208686648e-09
553.4563791951257	1	1	1	1	0	0	553.4563791951257	40.0	0	0.022336334764074785	0.802252186524735	1.088238642651433	3121.2040538850433	0.0	940.4772532242011	1103.0048730932215	1077.7219275676207	1.896112600148619	2043.4821263174229	1.1902036375858166e-08
569.9086231778117	1	1	1	1	0	0	569.9086231778117	41.0	0	0.02468039506597926	0.8020088143849541	1.0830799175919859	3484.412754552645	0.0	1039.1745290938636	1234.6012409194384	1210.6369845393415	1.8781648000606015	2273.7757700133025	1.3530297281976143e-08
586.4840554837581	1	1	1	1	0	0	586.4840554837581	42.0	0	0.027242570744846963	0.7973696275255087	1.093034770928532	3885.90553393428	0.0	1147.0556103093456	1378.4426825400808	1360.407241084854	1.856428146350848	2525.4982928494264	1.4739941627956832e-08
603.1819574050269	1	1	1	1	0	0	603.1819574050269	43.0	0	0.03005024821609162	0.808745707317355	1.078094966717001	4330.488245267643	0.0	1265.273609098594	1536.066680925746	1529.147955243303	1.8319615707680936	2801.3402900243395	1.6125779282240484e-08
620.0015739432909	1	1	1	1	0	0	620.0015739432909	44.0	0	0.033148073673344755	0.7988818358121839	1.0847186356751268	4820.451386047404	0.0	1395.7083651934631	1709.9796890522375	1714.7633318017022	1.811146760983368	3105.688054245701	1.8319246022041127e-08
636.9421140335545	1	1	1	1	0	0	636.9421140335545	45.0	0	0.0365517468111453	0.8007472299051669	1.085996959484094	5360.81179346371	0.0	1539.0209183640122	1901.0630932796369	1920.7277818200614	1.7910315268017114	3440.0840116436493	2.2131612820169034e-08
654.0027507785644	1	1	1	1	0	0	654.0027507785644	46.0	0	0.040271340539678034	0.7997191058615303	1.0916347584292254	5956.552455393925	0.0	1695.6353911443375	2109.8823903200705	2151.0346739295164	1.7691568748691888	3805.517781464408	2.4317002320482462e-08
671.1826216938364	1	1	1	1	0	0	671.1826216938364	47.0	0	0.04432088568137789	0.7978566561035767	1.0829854775036178	6614.179325800166	0.0	1866.1425550053848	2337.225275468133	2410.811495326649	1.7435489413509662	4203.367830473518	2.636396047507143e-08
688.4808289632283	1	1	1	1	0	0	688.4808289632283	48.0	0	0.048581676424700605	0.8013503390871068	1.0843879376306635	7355.568617120637	0.0	2045.5442705137093	2576.4275628125665	2681.432868096314	1.7236947783845322	4621.971833326276	2.92923741835933e-08
705.8964397049822	1	1	1	1	0	0	705.8964397049822	49.0	0	0.05289618975388683	0.8043644295449037	1.0856961683307378	8196.619257741546	0.0	2227.2079896373407	2818.6458549774075	2956.564258124188	1.7066613149873235	5045.853844614748	3.530976167405588e-08
723.4284862481575	1	1	1	1	0	0	723.4284862481575	50.0	0	0.0572003953373688	0.8017578305909007	1.0835014952273665	9136.856377513595	0.0	2408.4376984155288	3060.285466681658	3236.023237127693	1.6899517600347167	5468.723165097186	3.839593820530885e-08
741.0759664193733	1	1	1	1	0	0	741.0759664193733	51.0	0	0.06145644886195779	0.8009286718051358	1.078803279150112	10177.018039748746	0.0	2587.639952082433	3299.2218049041976	3519.617793653449	1.6725855198259822	5886.861756986631	4.093212230784732e-08
758.8378438397727	1	1	1	1	0	0	758.8378438397727	52.0	0	0.06583840054073971	0.8041531371809455	1.0798382072096817	11313.017986008823	0.0	2772.143180662725	3545.22610967792	3807.146288705183	1.659345034647774	6317.3692903406445	4.593676593293434e-08
776.7130482321257	1	1	1	1	0	0	776.7130482321257	53.0	0	0.07027972760528747	0.8045154629623459	1.0856129309251654	12547.266990861717	0.0	2959.146425485789	3794.563769442005	4098.39742218106	1.647890504316598	6753.710194927793	5.194283778890925e-08
794.7004757379742	1	1	1	1	0	0	794.7004757379742	54.0	0	0.0747113051367675	0.8031306856478407	1.0862567752236414	13884.547666000117	0.0	3145.7391636533694	4043.3540869987773	4393.1502103592275	1.6364323791387725	7189.0932506521485	5.6370867002338244e-08
812.7989892447298	1	1	1	1	0	0	812.7989892447298	55.0	0	0.07910349738450866	0.8057970791002803	1.0838249308024814	15321.401059241582	0.0	3330.673574084575	4289.933300907053	4691.173974657488	1.6244562482993452	7620.6068749916285	5.667192929034408e-08
831.0074187226242	1	1	1	1	0	0	831.0074187226242	56.0	0	0.08362667515147063	0.7983001280608236	1.0830741518926112	16850.898222858916	0.0	3521.123164272447	4543.866087824215	4992.228341879622	1.6155088869713272	8064.989252096662	6.471658649183969e-08
849.3245615714155	1	1	1	1	0	0	849.3245615714155	57.0	0	0.08820907263227044	0.8022076113963729	1.0791946203936544	18484.872186501492	0.0	3714.066216095599	4801.123490255084	5296.063256146796	1.6078338370425722	8515.189706350682	7.161729583341901e-08
867.7491829767432	1	1	1	1	0	0	867.7491829767432	58.0	0	0.09277630271930336	0.7959596130518596	1.0832672775492749	20219.321129845448	0.0	3906.3706408127728	5057.529389877984	5602.419002697989	1.6000052881396345	8963.900030690756	7.482137439284942e-08
886.2800162760308	1	1	1	1	0	0	886.2800162760308	59.0	0	0.09729541283469947	0.7972063525370042	1.081236021092444	22058.21185913278	0.0	4096.64896146103	5311.233817408993	5911.026243728274	1.5915819674886384	9407.882778870022	7.756989765546992e-08
