11.247441493196291	1	1	1	1	0	0	11.247441493196291	1.0	0	0.0			100.0	0.0	0.0	0.0	0.0		0.0	0.0
11.367595075476835	1	1	1	1	0	0	11.367595075476835	1.0	0	0.0			100.0	0.0	0.0	0.0	0.0		0.0	0.0
22.856168219862568	1	1	1	1	0	0	22.856168219862568	2.0	0	0.0			97.01833494434999	0.0	0.0	0.0	4.857218463183318	0.0	0.0	0.0
34.4665080713728	1	1	1	1	0	0	34.4665080713728	3.0	0	0.00011257771665567784			88.55707761080875	0.0	4.740114385502225	3.1600762570014824	14.662576565111165	0.5387996173402292	7.900190642503707	0.0
46.1993671861199	1	1	1	1	0	0	46.1993671861199	4.0	0	0.00033581469321961526	0.5773758573230978	0.9344844273765864	76.47478571530975	0.0	14.139566030299589	9.426377353533061	29.505835329103736	0.7986875518344624	23.56594338383265	8.670357420579451e-12
58.05546181511435	1	1	1	1	0	0	58.05546181511435	5.0	0	0.0004884750202175624	0.6361615097711764	1.0042863830865665	72.97564833776427	0.0	20.567369272318412	13.711579514878945	38.696699550566905	0.8858364973065301	34.27894878719736	2.7437444154836587e-11
70.03547169202406	1	1	1	1	0	0	70.03547169202406	6.0	0	0.0005289667975788388	0.5594571322878875	0.9971234359097958	78.14708391078254	0.0	22.272286213845838	14.848190809230564	41.026606887706144	0.9047903260603248	37.120477023076404	3.85034032387629e-11
82.14003983175478	1	1	1	1	0	0	82.14003983175478	7.0	0	0.0005753229165117148	0.6313612238910075	1.033220509063073	84.0128809047967	0.0	24.22412280049325	16.149415200328832	43.63934290397462	0.9251637470724821	40.37353800082208	4.3155360829393327e-11
94.36977233991071	1	1	1	1	0	0	94.36977233991071	8.0	0	0.0006281926542290389	0.7108633048116946	1.0962522005068909	90.68178814513972	0.0	26.45021702017005	17.6334780134467	46.59809311152298	0.9460407516700626	44.08369503361676	4.851779494958503e-11
106.72523823319248	1	1	1	1	0	0	106.72523823319248	9.0	0	0.0006880639820912692	0.7387661477383162	1.1951672679505805	98.10560069759585	0.0	28.971115035421857	19.447615580954658	49.68687008121933	0.9744773727391184	48.41873061637652	5.7112878887019076e-11
119.20696927078512	1	1	1	1	0	0	119.20696927078512	10.0	0	0.0007550080882892147	0.7665725519616977	1.056505248079154	106.33262330073325	0.0	31.78981424375641	21.57429927009326	52.968509786883594	1.0074686588042174	53.36411351384968	6.32725388634242e-11
131.81545979678634	1	1	1	1	0	0	131.81545979678634	11.0	0	0.000830565793595979	0.7969752614936938	1.1010846429214465	115.58070693032265	0.0	34.97119130930437	24.053489689036564	56.556025931981715	1.0436497265442273	59.02468099834094	9.882017494983879e-11
144.55116659372186	1	1	1	1	0	0	144.55116659372186	12.0	0	0.0009137058599322083	0.7789057632781867	1.1069336324892658	125.74875470650768	0.0	38.47182568135614	26.84672790825743	60.43020111689409	1.080892540193001	65.31855358961357	1.0664689846761809e-10
157.41450874719058	1	1	1	1	0	0	157.41450874719058	13.0	0	0.0010079551691251085	0.8403039971888691	1.1674644325628178	137.29360950827999	0.0	42.440217647372975	30.071222448596377	64.78216941231065	1.1193116987865166	72.51144009596935	1.2087581555002064e-10
170.4058675216809	1	1	1	1	0	0	170.4058675216809	14.0	0	0.0011125268911982716	0.8494732565470849	1.1502368138549943	150.14701579039018	0.0	46.843237524137756	33.70109632246401	69.60268194378844	1.1572015847270063	80.54433384660176	1.3902607701262354e-10
183.52558624759342	1	1	1	1	0	0	183.52558624759342	15.0	0	0.0012305610036651587	0.8564848471049497	1.172993805531077	164.60268559590054	0.0	51.81309489116455	37.95164884048994	74.83794186424608	1.199455002309994	89.76474373165449	1.9030863216562138e-10
196.77397021950497	1	1	1	1	0	0	196.77397021950497	16.0	0	0.0013606060115556144	0.8346123874815435	1.158074533330463	180.5167710662429	0.0	57.28867417076271	42.767607107401034	80.46048978807916	1.2435455158388542	100.05628127816375	2.0716551969814046e-10
210.1512866057031	1	1	1	1	0	0	210.1512866057031	17.0	0	0.001505509755006175	0.8423086048215829	1.1056626720401788	198.27411709289726	0.0	63.38988442131261	48.25436236246136	86.6298703091233	1.2887500164249504	111.64424678377395	2.6553677591754363e-10
223.65776436901845	1	1	1	1	0	0	223.65776436901845	18.0	0	0.0016697619361892135	0.8974162505308658	1.1190812361507012	218.46750472563068	0.0	70.30576573428266	54.58826407983402	93.573474911514	1.3347161675060195	124.89402981411669	2.9888155366132394e-10
237.29359419897813	1	1	1	1	0	0	237.29359419897813	19.0	0	0.0018501677497115973	0.8447330321202252	1.1455853741225688	240.75401189194022	0.0	77.90179998785672	61.65324836439606	101.19896353968748	1.37901657755144	139.55504835225278	3.447866330792678e-10
251.0589284553002	1	1	1	1	0	0	251.0589284553002	20.0	0	0.002052292807903048	0.8561839083164681	1.110563594816666	265.719960578068	0.0	86.41232875381255	69.77737877649656	109.53025304775896	1.4259960438711397	156.18970753030908	4.4430824920144723e-10
264.95388112274634	1	1	1	1	0	0	264.95388112274634	21.0	0	0.0022801477906114146	0.8794250047024399	1.1348338619640177	293.92006280831936	0.0	96.00622276258585	79.13352795136885	118.78031209436466	1.4744846820642756	175.1397507139547	5.110382016437801e-10
278.9785277773454	1	1	1	1	0	0	278.9785277773454	22.0	0	0.0025332011848722604	0.8600029099111233	1.1372275760369297	325.3595099692645	0.0	106.66110252093723	89.71443138899943	128.98397605932792	1.52248007783239	196.37553390993668	6.271470966048977e-10
293.1329055639992	1	1	1	1	0	0	293.1329055639992	23.0	0	0.0028164048220997865	0.8694798265845796	1.1276223777671033	360.7407862652751	0.0	118.58546619367522	101.744729328969	140.41059074263094	1.5691850191450578	220.3301955226442	7.072247416949947e-10
307.41701318547484	1	1	1	1	0	0	307.41701318547484	24.0	0	0.003130274541177867	0.8581874926578739	1.1127880840740585	400.2367648605734	0.0	131.80103331275228	115.2677854946002	153.16794605322085	1.6130582486331977	247.0688188073525	7.963301958176013e-10
321.83081090278995	1	1	1	1	0	0	321.83081090278995	25.0	0	0.0034826595633632657	0.8552955522210551	1.133280345580209	444.71896941562585	0.0	146.6382974047691	130.7599615406411	167.32071047021577	1.6578835827665754	277.39825894541013	9.331275309084834e-10
336.3742205469876	1	1	1	1	0	0	336.3742205469876	26.0	0	0.0038762478737262283	0.8450738484402499	1.1225488643215722	494.6613311591777	0.0	163.21043678847275	148.37314198723718	183.07775238346773	1.7019194015615766	311.58357877570995	1.0814495603583695e-09
351.0471255422998	1	1	1	1	0	0	351.0471255422998	27.0	0	0.004317867945903564	0.8756701350391467	1.115686452864404	551.102292101448	0.0	181.80496614330798	168.45517270005826	200.84215325808185	1.7439572976161162	350.26013884336624	1.3779953319613719e-09
365.84937094069124	1	1	1	1	0	0	365.84937094069124	28.0	0	0.004814841669095772	0.8486107604717817	1.1349199632037952	615.2039469171115	0.0	202.73017554087463	191.39377899575797	221.07999238047887	1.7827210426999875	394.1239545366326	1.6839773990515996e-09
380.78076346777357	1	1	1	1	0	0	380.78076346777357	29.0	0	0.005357415255967613	0.8446372366171119	1.113471791809037	685.9831517875233	0.0	225.57537919863637	216.79639499433517	243.6113775945518	1.8158912714217368	442.3717741929715	1.7665266844668593e-09
395.84107158007737	1	1	1	1	0	0	395.84107158007737	30.0	0	0.005959256993688221	0.8417515015698432	1.129699639085188	765.0963004532805	0.0	250.9160839447672	245.49164704139545	268.6885694671178	1.8475208378632315	496.4077309861626	2.118194394956e-09
411.03002553366304	1	1	1	1	0	0	411.03002553366304	31.0	0	0.006633074989834309	0.8373209074350411	1.1309553697642547	854.5798623771417	0.0	279.2873679930235	278.1765336957357	297.11596068838236	1.876250270760216	557.4639016887593	2.721478349593179e-09
426.3473174640513	1	1	1	1	0	0	426.3473174640513	32.0	0	0.007369905552728758	0.8334692950476882	1.123751344234086	953.7072182775094	0.0	310.31181274647406	314.52340450355086	328.8720010274844	1.8999343674678053	624.8352172500249	3.0011500184666352e-09
441.79260147745117	1	1	1	1	0	0	441.79260147745117	33.0	0	0.00817252582863017	0.8090742578088866	1.1200238120381298	1063.4279539191498	0.0	344.1063506791652	354.79055747862856	364.531045761356	1.9172493434628712	698.8969081577936	3.3597264880896597e-09
457.365493753255	1	1	1	1	0	0	457.365493753255	34.0	0	0.009052271780821271	0.8226001398659388	1.1155576343661844	1186.0658180024388	0.0	381.148285508264	399.7081624510099	405.2093700431649	1.927044401456198	780.8564479592739	3.835632371088559e-09
473.0655726577729	1	1	1	1	0	0	473.0655726577729	35.0	0	0.010024538696214322	0.8381632222896691	1.1190315565413689	1323.8128541490082	0.0	422.0858398406031	450.38755206818064	451.3394622402245	1.9330757997057468	872.4733919087837	4.2940494127655395e-09
488.8923788691719	1	1	1	1	0	0	488.8923788691719	36.0	0	0.011071603948399015	0.8257477524012873	1.112503494854568	1475.2456942351043	0.0	466.17279782732703	506.154356582788	502.9185398249892	1.933369079510323	972.3271544101152	5.299269076452565e-09
504.8454155135833	1	1	1	1	0	0	504.8454155135833	37.0	0	0.012202405395896522	0.8345658817261806	1.0998060938422831	1643.07854317521	0.0	513.7854903535376	567.798084911454	561.4949679102185	1.926256933860775	1081.5835752649916	5.7582012235153376e-09
520.9241483123367	1	1	1	1	0	0	520.9241483123367	38.0	0	0.013417844512427422	0.8376870420432279	1.1121413195578864	1829.4274283312573	0.0	564.9618742074704	635.8039655999313	628.6615885238557	1.9100353222262068	1200.7658398074018	6.420469277864307e-09
537.1280057402779	1	1	1	1	0	0	537.1280057402779	39.0	0	0.014732941589486563	0.8091464895380331	1.1047389945604869	2031.3887864478045	0.0	620.3343827152238	709.6339769436023	701.4204267889784	1.8961072544568849	1329.9683596588259	7.3619449327556845e-09
553.4563791951257	1	1	1	1	0	0	553.4563791951257	40.0	0	0.01617932908349036	0.8137348593014057	1.0995867754730926	2254.0244305061506	0.0	681.2349087785415	790.8346783613594	781.95484336625	1.882550635280632	1472.0695871399007	8.310134155152938e-09
569.9086231778117	1	1	1	1	0	0	569.9086231778117	41.0	0	0.01776672157843883	0.8057388048118712	1.1029147806000812	2499.9885659301835	0.0	748.0724875132138	879.9514500075893	871.9646284093802	1.8670756639413355	1628.0239375208032	9.629136928397782e-09
586.4840554837581	1	1	1	1	0	0	586.4840554837581	42.0	0	0.01948729088265809	0.8117613910994375	1.0904679315763937	2769.6016755101646	0.0	820.5175108487616	976.5448144549863	972.5393502064168	1.84780423015514	1797.062325303748	1.0385755034821009e-08
603.1819574050269	1	1	1	1	0	0	603.1819574050269	43.0	0	0.02134677011934701	0.7988593113699856	1.0964846093174214	3064.041592196456	0.0	898.8113734461899	1080.9366312515574	1084.2935874987083	1.8258412919924285	1979.7480046977469	1.139557118834958e-08
620.0015739432909	1	1	1	1	0	0	620.0015739432909	44.0	0	0.023391088788306667	0.7998722339620861	1.0846657785081342	3387.378335863845	0.0	984.8879489813334	1195.7053986317485	1206.7849882507633	1.806944376043205	2180.5933476130813	1.3310429017018724e-08
636.9421140335545	1	1	1	1	0	0	636.9421140335545	45.0	0	0.02560529903927381	0.7888222003937982	1.0931888915775498	3738.901970736474	0.0	1078.1178542852133	1320.0119390369216	1340.772177414339	1.7886184049156626	2398.129793322135	1.5233192222739923e-08
654.0027507785644	1	1	1	1	0	0	654.0027507785644	46.0	0	0.02801684565604071	0.7944937115447119	1.0960596728153842	4125.14210409507	0.0	1179.656659201714	1455.3970122589224	1490.088432634433	1.7683874418123886	2635.053671460637	1.65831848881159e-08
671.1826216938364	1	1	1	1	0	0	671.1826216938364	47.0	0	0.030607538751621824	0.7918865128115931	1.0883152801916536	4545.858340861087	0.0	1288.738473752498	1600.8394316599679	1656.2804354486198	1.744618751491679	2889.577905412466	1.7099452823980388e-08
688.4808289632283	1	1	1	1	0	0	688.4808289632283	48.0	0	0.03345222456860969	0.7928592112039731	1.0928742513498717	5006.014628473621	0.0	1408.5147186783026	1760.541091561041	1836.958818234278	1.7251643198433289	3169.0558102393434	2.0172966876958165e-08
705.8964397049822	1	1	1	1	0	0	705.8964397049822	49.0	0	0.036569439417157006	0.7940076541149708	1.0902162348712987	5511.048403471335	0.0	1539.7658701960845	1935.5426269180834	2035.7399063571688	1.7071476008607696	3475.308497114168	2.339134537791834e-08
723.4284862481575	1	1	1	1	0	0	723.4284862481575	50.0	0	0.03993932094621076	0.7872389173384625	1.0833139485955656	6060.920643043772	0.0	1681.6556187878211	2124.728958373732	2254.5360658822187	1.6883227705971888	3806.384577161553	2.4921200855420022e-08
741.0759664193733	1	1	1	1	0	0	741.0759664193733	51.0	0	0.0435918737945395	0.7919823251239848	1.0847694967058947	6663.149302810957	0.0	1835.4473176648205	2329.7845568763987	2497.9174282697386	1.6674818100077864	4165.2318745412185	2.7418088784162492e-08
758.8378438397727	1	1	1	1	0	0	758.8378438397727	52.0	0	0.04760958736662492	0.7992147422683727	1.0790281588713837	7321.500491515531	0.0	2004.6142049105224	2555.340406537334	2761.5458800676747	1.651232610097396	4559.954611447856	3.093547246815214e-08
776.7130482321257	1	1	1	1	0	0	776.7130482321257	53.0	0	0.0519916214482384	0.7958902814235423	1.08286920592336	8039.378968368361	0.0	2189.1209030837213	2801.3493374349327	3048.908727849706	1.6368053903792221	4990.4702405186545	3.4100717379170574e-08
794.7004757379742	1	1	1	1	0	0	794.7004757379742	54.0	0	0.056423198979718425	0.7956349719911014	1.0916233586260833	8851.941703326804	0.0	2375.713641251301	3050.1396549917067	3343.6615160278716	1.6227280393766326	5425.853296243007	3.946184208709212e-08
812.7989892447298	1	1	1	1	0	0	812.7989892447298	55.0	0	0.060815391227459575	0.7962566115762991	1.082029794143056	9757.381332648822	0.0	2560.6480516825072	3296.718868899981	3641.685280326131	1.6084220545433656	5857.366920582488	4.1162005363429247e-08
831.0074187226242	1	1	1	1	0	0	831.0074187226242	56.0	0	0.06533856899442153	0.7975590147911449	1.0833051702017211	10751.925031063907	0.0	2751.097641870379	3550.6516558171447	3942.7396475482665	1.5983173785279412	6301.749297687525	4.6260191564812663e-08
849.3245615714155	1	1	1	1	0	0	849.3245615714155	57.0	0	0.06992096647522136	0.7951187895342743	1.0848181967980135	11837.332036804499	0.0	2944.04069369353	3807.909058248012	4246.5745618154415	1.5899755564529725	6751.949751941542	5.1390846488836826e-08
867.7491829767432	1	1	1	1	0	0	867.7491829767432	58.0	0	0.07448819656225425	0.7978943794760459	1.0853254927649116	13026.342647762502	0.0	3136.345118410705	4064.3149578709117	4552.930308366632	1.5815441020587158	7200.660076281618	5.597217952057902e-08
886.2800162760308	1	1	1	1	0	0	886.2800162760308	59.0	0	0.07900730667765035	0.7897990217845278	1.0837173663304969	14304.534863946576	0.0	3326.6234390589625	4318.019385401922	4861.537549396918	1.5724742937363954	7644.642824460884	5.8469069848625936e-08
