11.247441493196291	1	1	1	1	0	0	11.247441493196291	1.0	0	0.0			100.0	0.0	0.0	0.0	0.0		0.0	0.0
11.367595075476835	1	1	1	1	0	0	11.367595075476835	1.0	0	0.0			100.0	0.0	0.0	0.0	0.0		0.0	0.0
22.856168219862568	1	1	1	1	0	0	22.856168219862568	2.0	0	0.0			97.01833494434999	0.0	0.0	0.0	4.857218463183318	0.0	0.0	0.0
34.4665080713728	1	1	1	1	0	0	34.4665080713728	3.0	0	0.00011257771665567784			88.55707761080875	0.0	4.740114385502225	3.1600762570014824	14.662576565111165	0.5387996173402292	7.900190642503707	0.0
46.1993671861199	1	1	1	1	0	0	46.1993671861199	4.0	0	0.00033581469321961526	0.5382841031498876	0.9174592491565192	76.44761762305505	0.0	14.139566030299589	9.426377353533061	29.505835329103736	0.7986875518344624	23.56594338383265	8.548131908991589e-12
58.05546181511435	1	1	1	1	0	0	58.05546181511435	5.0	0	0.0004863925265611536	0.5628489982377127	1.0910989851918806	72.70413259397677	0.0	20.479685328890678	13.653123552593787	38.5713237124923	0.884927080436954	34.132808881484465	2.582527880234838e-11
70.03547169202406	1	1	1	1	0	0	70.03547169202406	6.0	0	0.0005263920429299021	0.5997344510739848	1.0141309601061959	77.81269871117307	0.0	22.163875491785358	14.775916994523573	40.87290622486416	0.9037721047552376	36.939792486308924	3.808167645185439e-11
82.14003983175478	1	1	1	1	0	0	82.14003983175478	7.0	0	0.0005738939444191316	0.7598822584918824	1.1486743639865016	83.82348040255984	0.0	24.16395555448975	16.109303702993163	43.55022114507693	0.9247544145257584	40.27325925748292	4.40438716212216e-11
94.36977233991071	1	1	1	1	0	0	94.36977233991071	8.0	0	0.0006241024964201812	0.6716246251548544	1.05779618250891	90.15670977769295	0.0	26.27799984927079	17.518666566180524	46.36004336224164	0.9447071926408488	43.79666641545132	4.6390828207938136e-11
106.72523823319248	1	1	1	1	0	0	106.72523823319248	9.0	0	0.0006803668233252183	0.6850547524413979	1.1738267324698917	97.13326819467457	0.0	28.647024140009194	19.223509815754877	49.262734238910475	0.9717392811289234	47.870533955764074	5.4245300286759854e-11
119.20696927078512	1	1	1	1	0	0	119.20696927078512	10.0	0	0.0007447212724898607	0.7675127512304867	1.1261530781850388	105.04203773331724	0.0	31.356685157467826	21.267925151695906	52.4174274241535	1.003952557292325	52.62461030916374	6.113028536237118e-11
131.81545979678634	1	1	1	1	0	0	131.81545979678634	11.0	0	0.0008166382366408646	0.7866920492012786	1.136932435627831	113.84450329463071	0.0	34.384767858562725	23.62765600586593	55.83207943020207	1.0390518221151392	58.012423864428655	9.662980651378536e-11
144.55116659372186	1	1	1	1	0	0	144.55116659372186	12.0	0	0.0008970082400921399	0.8113117961774284	1.1318312409847302	123.67377179148072	0.0	37.76876800387957	26.32782904170568	59.57717474589548	1.0758582849718148	64.09659704558524	1.0264165512423432e-10
157.41450874719058	1	1	1	1	0	0	157.41450874719058	13.0	0	0.0009863959193736481	0.8365600749518595	1.1437623873944682	134.6231122928555	0.0	41.532459763100974	29.385995581970423	63.70465694778408	1.1132381640984297	70.91845534507141	1.1561520549053177e-10
170.4058675216809	1	1	1	1	0	0	170.4058675216809	14.0	0	0.0010870505759606526	0.8889780563198773	1.17778934264992	146.99505347972698	0.0	45.77055056676433	32.8799010182093	68.34460189475332	1.1507924459943557	78.65045158497364	1.3327002991321759e-10
183.52558624759342	1	1	1	1	0	0	183.52558624759342	15.0	0	0.0011958935747091964	0.7964180472475251	1.1223540402928294	160.3250850923418	0.0	50.35341367196617	36.799470308230504	73.17220111214509	1.1910654955783615	87.15288398019665	1.6672401459235518e-10
196.77397021950497	1	1	1	1	0	0	196.77397021950497	16.0	0	0.0013174888009820072	0.8256683776415558	1.1180054195986329	175.20513973712397	0.0	55.473212672926614	41.30250771570059	78.4294193484968	1.2339211636721374	96.7757203886272	1.8318430466184898e-10
210.1512866057031	1	1	1	1	0	0	210.1512866057031	17.0	0	0.0014555928082212633	0.8753198287088761	1.1272343202990962	192.12920660950115	0.0	61.28811824089532	46.53179213183035	84.30929623677544	1.2788614682528328	107.8199103727257	2.623542479859094e-10
223.65776436901845	1	1	1	1	0	0	223.65776436901845	18.0	0	0.0016094917139803592	0.8771193086350577	1.150618333397281	211.0497484121317	0.0	67.76807216759408	52.46645026829089	90.8152259762467	1.3239467406856762	120.23452243588495	2.985698451589305e-10
237.29359419897813	1	1	1	1	0	0	237.29359419897813	19.0	0	0.001778613583556693	0.8460886030402032	1.1144127378840225	231.9422888724477	0.0	74.88899299186076	59.08953700481836	97.96375887576856	1.3676336181279265	133.97852999667913	3.333702979499927e-10
251.0589284553002	1	1	1	1	0	0	251.0589284553002	20.0	0	0.0019679017863754025	0.8441739395734745	1.1160569608864863	255.32266338289088	0.0	82.85902258422749	66.69770819809385	105.76593260056958	1.4140350026234807	149.55673078232132	4.1176849047167137e-10
264.95388112274634	1	1	1	1	0	0	264.95388112274634	21.0	0	0.0021791471509370035	0.8673865684079919	1.1354559489858618	281.4671031730379	0.0	91.75356424997908	75.37183557440093	114.34170334865786	1.4616311890576863	167.12539982438003	4.5331818473850347e-10
278.9785277773454	1	1	1	1	0	0	278.9785277773454	22.0	0	0.002409923849406043	0.8285959409079544	1.1243780713907494	310.1388854215535	0.0	101.47047786972814	85.02128512748249	123.64712242434288	1.508258011514349	186.49176299721063	5.921108610284031e-10
293.1329055639992	1	1	1	1	0	0	293.1329055639992	23.0	0	0.0026702415231870946	0.8078274827055539	1.1290807041664652	342.66096610861234	0.0	112.43122202893028	96.07940290197227	134.15034117770978	1.5543055880468266	208.51062493090257	6.935842479099247e-10
307.41701318547484	1	1	1	1	0	0	307.41701318547484	24.0	0	0.002959256060413641	0.8225775027267519	1.0975532536662984	379.0292784439289	0.0	124.60025517531125	108.53157519523589	145.8974480733818	1.5979157514344535	233.1318303705471	7.531582767337482e-10
321.83081090278995	1	1	1	1	0	0	321.83081090278995	25.0	0	0.0032826857050838555	0.8514927058700084	1.1157950694569412	419.8563928433007	0.0	138.218345477215	122.75076352130266	158.887283844783	1.6424795155631104	260.9691089985176	8.619768126498396e-10
336.3742205469876	1	1	1	1	0	0	336.3742205469876	26.0	0	0.0036429903334371603	0.8310332164852091	1.1396317006223673	465.57539316244737	0.0	153.38906667103834	138.87449044062652	173.31183605078255	1.6863450516214482	292.2635571116648	1.0405630799294095e-09
351.0471255422998	1	1	1	1	0	0	351.0471255422998	27.0	0	0.004046369863175744	0.847501825218717	1.1397241906080098	517.1290468961582	0.0	170.37346792318922	157.21758808379857	189.53799088917046	1.7283661943981552	327.59105600698774	1.3516248155070795e-09
365.84937094069124	1	1	1	1	0	0	365.84937094069124	28.0	0	0.004496790157162171	0.8462911491870037	1.123361468413991	575.2260545641491	0.0	189.3385329331441	178.00744740469466	207.88007422631023	1.7671052971528416	367.3459803378388	1.5371893740842928e-09
380.78076346777357	1	1	1	1	0	0	380.78076346777357	29.0	0	0.0049912616503163506	0.8232672549936363	1.106628155877089	639.7302987134408	0.0	210.15838527647801	201.15798360248002	228.41392983448281	1.8007499331455532	411.316368878958	1.6806548201199285e-09
395.84107158007737	1	1	1	1	0	0	395.84107158007737	30.0	0	0.005539220985951214	0.8397313166239853	1.121827425075813	711.7605114186206	0.0	233.23035730320905	227.28417303416327	251.24598108124823	1.8329229719636813	460.51453033737226	2.058088603747332e-09
411.03002553366304	1	1	1	1	0	0	411.03002553366304	31.0	0	0.006147983381264043	0.8409757633486797	1.1284070994472335	792.6046381849876	0.0	258.8624581584861	256.8134079373977	276.9287720891037	1.8621245535655704	515.6758660958837	2.415971926327412e-09
426.3473174640513	1	1	1	1	0	0	426.3473174640513	32.0	0	0.0068150544615542645	0.8243255155895279	1.1135023922302794	882.347105065048	0.0	286.949661539127	289.7191363313101	305.67830719461085	1.8865218247341955	576.6687978704373	2.8003422515976834e-09
441.79260147745117	1	1	1	1	0	0	441.79260147745117	33.0	0	0.00754878788424821	0.8369357938093629	1.1173333415886202	982.6507895345477	0.0	317.8437003893984	326.5302621670764	338.276826978073	1.9048717238861967	644.3739625564748	3.0576637175111496e-09
457.365493753255	1	1	1	1	0	0	457.365493753255	34.0	0	0.008348270182251753	0.8242358333222957	1.1105446966002062	1094.099783593979	0.0	351.506112936916	367.34980780374036	375.2438628533228	1.9157033382892297	718.8559207406563	3.669760500207036e-09
473.0655726577729	1	1	1	1	0	0	473.0655726577729	35.0	0	0.009224314873790784	0.8338318919275901	1.1118042883074557	1218.2144252432358	0.0	388.39220521224365	413.0136163131684	416.8086037178239	1.922718999505004	801.405821525412	3.945055056452736e-09
488.8923788691719	1	1	1	1	0	0	488.8923788691719	36.0	0	0.01016291290228456	0.8104327108919391	1.1319204444321125	1353.9600866119622	0.0	427.91212220145525	463.0034451835239	463.04451922698286	1.9240386839526664	890.9155673849791	4.682405888618603e-09
504.8454155135833	1	1	1	1	0	0	504.8454155135833	37.0	0	0.011174100313327063	0.8062842414232675	1.1090382419694316	1504.0398945068023	0.0	470.48843424535005	518.1266166241128	515.4248436373397	1.9180585939413248	988.6150508694627	5.320818299858661e-09
520.9241483123367	1	1	1	1	0	0	520.9241483123367	38.0	0	0.012256808806160048	0.8103643221672951	1.1085472756632555	1670.0387650748955	0.0	516.0761602593705	578.7059937254166	575.2566110901087	1.9031196389211067	1094.782153984787	5.83244891549491e-09
537.1280057402779	1	1	1	1	0	0	537.1280057402779	39.0	0	0.013438783130001995	0.8048978154676432	1.1074859450523886	1851.5562696501654	0.0	565.8435002106104	645.0624469937363	640.650322445819	1.8901199371623751	1210.9059472043468	6.5140562506170405e-09
553.4563791951257	1	1	1	1	0	0	553.4563791951257	40.0	0	0.014732593616298825	0.810256960829435	1.1090404050763982	2050.706450428333	0.0	620.319731212582	717.6974216630322	712.6892975527193	1.8774200166470691	1338.017152875614	8.011365165632299e-09
569.9086231778117	1	1	1	1	0	0	569.9086231778117	41.0	0	0.0161448077840205	0.8070845473921621	1.0973182674377904	2269.5269613622136	0.0	679.7813803798102	796.9796205526701	792.7659604297335	1.8627956731794773	1476.7610009324806	8.456123830868342e-09
586.4840554837581	1	1	1	1	0	0	586.4840554837581	42.0	0	0.017687179423195278	0.8072597793111913	1.0862233354576525	2511.21650722714	0.0	744.7233441345378	883.568905558973	882.9242575336289	1.8442037760317085	1628.292249693511	9.703489888454727e-09
603.1819574050269	1	1	1	1	0	0	603.1819574050269	43.0	0	0.019344762360908624	0.797546839359609	1.0978641281915908	2773.687080950778	0.0	814.5163099329945	976.6261932902487	982.5445777275353	1.8229630938128656	1791.142503223243	1.0202685183805816e-08
620.0015739432909	1	1	1	1	0	0	620.0015739432909	44.0	0	0.021162017994950832	0.8000752989498277	1.0995753080499728	3061.1107238711083	0.0	891.0323366295083	1078.6475622189341	1091.430825022666	1.8046768092769765	1969.6798988484425	1.1772064331254449e-08
636.9421140335545	1	1	1	1	0	0	636.9421140335545	45.0	0	0.023134389909576874	0.8007049814415947	1.0890377242494909	3374.2405833535986	0.0	974.0795751400785	1189.377213566361	1210.7837946471589	1.7868233769488997	2163.4567887064395	1.3534276320915857e-08
654.0027507785644	1	1	1	1	0	0	654.0027507785644	46.0	0	0.02526271033655552	0.8027529527101697	1.0928387900809269	3715.118408327247	0.0	1063.6930668023376	1308.8618691160393	1342.563472408869	1.7671826954009595	2372.554935918377	1.4376458224083916e-08
671.1826216938364	1	1	1	1	0	0	671.1826216938364	47.0	0	0.027555507661967998	0.8013299123526239	1.0966745892403431	4087.457788881449	0.0	1160.2319015565472	1437.5803154549853	1489.6455718699165	1.743912958939999	2597.812217011533	1.5672090716802682e-08
688.4808289632283	1	1	1	1	0	0	688.4808289632283	48.0	0	0.03006915471346057	0.8036418176489406	1.0948634182354722	4494.065256277542	0.0	1266.0696721457084	1578.6973429072	1649.298241224633	1.7248348078881224	2844.7670150529084	1.8053458238014538e-08
705.8964397049822	1	1	1	1	0	0	705.8964397049822	49.0	0	0.03280958059831727	0.7880787759554009	1.0884320581231264	4938.053783528272	0.0	1381.456025192306	1732.545813635997	1824.0519446999685	1.7071892321249182	3114.0018388283033	2.126862769749631e-08
723.4284862481575	1	1	1	1	0	0	723.4284862481575	50.0	0	0.035781015022916966	0.7944159053363061	1.090313995297448	5422.910383889552	0.0	1506.5690535965045	1899.3631848415948	2016.9781454514527	1.6886312061035058	3405.9322384380994	2.2831539303033757e-08
741.0759664193733	1	1	1	1	0	0	741.0759664193733	51.0	0	0.03897841282873917	0.7932293566474982	1.0813844485144042	5950.093610334558	0.0	1641.1963296311228	2078.8662195544193	2230.031061149015	1.6681662484417568	3720.062549185542	2.4194105839036723e-08
758.8378438397727	1	1	1	1	0	0	758.8378438397727	52.0	0	0.04247972822623215	0.7902344816385426	1.0805014527030723	6523.826683290445	0.0	1788.620135841354	2275.4312945013944	2459.775252947695	1.6522043733355534	4064.051430342749	2.6869504518691666e-08
776.7130482321257	1	1	1	1	0	0	776.7130482321257	53.0	0	0.04629083622337635	0.7854332844474573	1.0769158547683515	7148.17427008606	0.0	1949.0878409842676	2489.3882346919463	2709.6981944098443	1.6379964694344442	4438.4760756762125	3.1739379681254176e-08
794.7004757379742	1	1	1	1	0	0	794.7004757379742	54.0	0	0.050418049299355394	0.7850109264167165	1.0845148243735894	7828.163772873584	0.0	2122.8652336570694	2721.091424922349	2984.207114294165	1.623197208858986	4843.956658579417	3.429468951355049e-08
812.7989892447298	1	1	1	1	0	0	812.7989892447298	55.0	0	0.054810241547096544	0.7885216841190694	1.0798019397476941	8577.578175365898	0.0	2307.7996440882753	2967.670638830624	3282.230878592425	1.6072819000414953	5275.470282918899	3.7873886864907125e-08
831.0074187226242	1	1	1	1	0	0	831.0074187226242	56.0	0	0.0593334193140585	0.7859488684791407	1.0791584515421038	9409.685852092798	0.0	2498.249234276148	3221.603425747787	3583.285245814561	1.5962593730725123	5719.852660023936	4.240421288156498e-08
849.3245615714155	1	1	1	1	0	0	849.3245615714155	57.0	0	0.06391581679485832	0.7869292575256246	1.0792617747575437	10332.933035729671	0.0	2691.192286099298	3478.860828178654	3887.1201600817353	1.5873070191244651	6170.053114277953	4.6829370544451326e-08
867.7491829767432	1	1	1	1	0	0	867.7491829767432	58.0	0	0.06848304688189125	0.783913834197437	1.0764636383655788	11352.462157529873	0.0	2883.4967108164733	3735.2667278015538	4193.475906632926	1.5783477921380122	6618.763438618029	5.0539073572706365e-08
886.2800162760308	1	1	1	1	0	0	886.2800162760308	59.0	0	0.07300215699728732	0.7824529329657259	1.0845871183491316	12466.406095073356	0.0	3073.775031464731	3988.971155332564	4502.083147663212	1.5687729335836866	7062.746186797295	5.3545517235256456e-08
