11.247441493196291	1	1	1	1	0	0	11.247441493196291	1.0	0	0.0			100.0	0.0	0.0	0.0	0.0		0.0	0.0
11.367595075476835	1	1	1	1	0	0	11.367595075476835	1.0	0	0.0			100.0	0.0	0.0	0.0	0.0		0.0	0.0
22.856168219862568	1	1	1	1	0	0	22.856168219862568	2.0	0	0.0			97.01833494434999	0.0	0.0	0.0	4.857218463183318	0.0	0.0	0.0
34.4665080713728	1	1	1	1	0	0	34.4665080713728	3.0	0	0.00011257771665567784			88.55707761080875	0.0	4.740114385502225	3.1600762570014824	14.662576565111165	0.5387996173402292	7.900190642503707	0.0
46.1993671861199	1	1	1	1	0	0	46.1993671861199	4.0	0	0.00033581469321961526	0.4726376947584994	0.829141845968385	74.90518293769324	0.0	14.139566030299589	9.426377353533061	29.505835329103736	0.7986875518344624	23.56594338383265	1.7177254622117395e-12
58.05546181511435	1	1	1	1	0	0	58.05546181511435	5.0	0	0.0004530671284804204	0.5181543808986916	0.9912683180165236	68.35916365778863	0.0	19.076510672859808	12.717673781906537	36.56497920302228	0.8695255719477721	31.794184454766345	5.201345751832881e-12
70.03547169202406	1	1	1	1	0	0	70.03547169202406	6.0	0	0.0004549136083517708	0.5762642801036588	1.0917768094353155	68.59498812176227	0.0	19.15425719375877	12.769504795839179	36.67122613216433	0.8705398034563567	31.92376198959795	7.140896115754215e-12
82.14003983175478	1	1	1	1	0	0	82.14003983175478	7.0	0	0.0004569792966901759	0.637248165433577	1.0554318013778907	68.85637558742852	0.0	19.241233544849514	12.827489029899676	36.78765301267932	0.871725156364183	32.068722574749195	7.292187995395007e-12
94.36977233991071	1	1	1	1	0	0	94.36977233991071	8.0	0	0.0004593597178935506	0.7402964198685965	1.0529282757930345	69.1566382496556	0.0	19.341461806044236	12.894307870696158	36.920868572915204	0.8731043153299012	32.2357696767404	7.522403328852619e-12
106.72523823319248	1	1	1	1	0	0	106.72523823319248	9.0	0	0.0004616047835518621	0.6637558116444268	1.1589071681965388	69.43501768786703	0.0	19.435990886394194	12.962334722574857	37.03669207889799	0.8747629388702427	32.39832560896905	9.963793120095712e-12
119.20696927078512	1	1	1	1	0	0	119.20696927078512	10.0	0	0.0004641231991786772	0.7353901851237425	1.118333515260939	69.7445156177466	0.0	19.542029439102194	13.042339875234337	37.16014630341007	0.8768633214812278	32.584369314336534	1.016419559944968e-11
131.81545979678634	1	1	1	1	0	0	131.81545979678634	11.0	0	0.0004670500436521207	0.8855680333950265	1.1958431757792058	70.10275442808782	0.0	19.665264995878765	13.138375147174349	37.29911428503471	0.8794750430900906	32.80364014305312	1.0473857008472766e-11
144.55116659372186	1	1	1	1	0	0	144.55116659372186	12.0	0	0.00046995929037225976	0.8496006028846349	1.2203153843162082	70.4585559200358	0.0	19.787759594621466	13.236116458745744	37.4346798666686	0.8821733262041673	33.02387605336721	1.0496907138052008e-11
157.41450874719058	1	1	1	1	0	0	157.41450874719058	13.0	0	0.000472763254333202	0.7924262774045481	1.1389771105132196	70.80202110907211	0.0	19.905821235082193	13.332046779729428	37.56415309426049	0.8848294258466887	33.237868014811625	1.0466611100629789e-11
170.4058675216809	1	1	1	1	0	0	170.4058675216809	14.0	0	0.0004756151890234418	0.7944269773341264	1.0931674467957693	71.15256592689627	0.0	20.02590269572386	13.431042598262806	37.6956206329096	0.8875552314100272	33.45694529398667	1.0547732199632127e-11
183.52558624759342	1	1	1	1	0	0	183.52558624759342	15.0	0	0.0004784643703618293	0.7712345734826811	1.2010933950732143	71.50150593909238	0.0	20.145868225761234	13.533645097312336	37.8219926160188	0.8904743244228024	33.67951332307357	1.3242763119399884e-11
196.77397021950497	1	1	1	1	0	0	196.77397021950497	16.0	0	0.00048158854945938513	0.8608109106672623	1.1448105734484904	71.8838232151622	0.0	20.27741260881621	13.649342857620509	37.95706774872549	0.8938191878000352	33.926755466436724	1.3502006262577982e-11
210.1512866057031	1	1	1	1	0	0	210.1512866057031	17.0	0	0.0004848493449715042	0.8977128887291336	1.1765732741190087	72.28342002924049	0.0	20.414709261958073	13.772812317316706	38.09589844996572	0.8974068855253773	34.18752157927479	1.3683117166291756e-11
223.65776436901845	1	1	1	1	0	0	223.65776436901845	18.0	0	0.0004881568214843426	0.9035470716016706	1.2201195559231133	72.69004571194895	0.0	20.553971430919685	13.900355409980365	38.235718871048896	0.9011031532347621	34.45432684090005	1.3817167745412266e-11
237.29359419897813	1	1	1	1	0	0	237.29359419897813	19.0	0	0.0004915016947636786	0.9036661470421229	1.152719731790816	73.1032560229408	0.0	20.69480820057594	14.031346073146707	38.37710174921814	0.9048665139083912	34.72615427372265	1.3957800806227597e-11
251.0589284553002	1	1	1	1	0	0	251.0589284553002	20.0	0	0.000494971854476886	0.935889465564812	1.158215540011262	73.53188090551494	0.0	20.840920188500466	14.170824227479313	38.520136489535155	0.9089205700372188	35.011744415979784	1.6938865483593864e-11
264.95388112274634	1	1	1	1	0	0	264.95388112274634	21.0	0	0.0004982208195846823	0.8334641170077389	1.1074464791880725	73.93398380049372	0.0	20.977718719355046	14.304232774666552	38.652032306472115	0.9128097382893312	35.2819514940216	1.694404427786598e-11
278.9785277773454	1	1	1	1	0	0	278.9785277773454	22.0	0	0.0005015421111331585	0.8044669265453149	1.0934713325944418	74.3466222890997	0.0	21.117562574027726	14.44310570014259	38.7859540149294	0.916843975540279	35.56066827417031	1.859426752161982e-11
293.1329055639992	1	1	1	1	0	0	293.1329055639992	23.0	0	0.0005049307670292689	0.8234059717299866	1.1824905553622154	74.76997479864414	0.0	21.260242822284997	14.58705349843125	38.922678477927896	0.9209873966162008	35.847296320716254	1.8469101953266212e-11
307.41701318547484	1	1	1	1	0	0	307.41701318547484	24.0	0	0.0005086239167506491	0.8841415439333238	1.1770059865163598	75.23470444116367	0.0	21.415743863185217	14.746172610835604	39.07278796714285	0.9255013106418244	36.16191647402082	2.1147910623451755e-11
321.83081090278995	1	1	1	1	0	0	321.83081090278995	25.0	0	0.0005124093877734822	0.9063813986563852	1.1761169843029493	75.71255135795543	0.0	21.575132116778192	14.91259620948692	39.22482303169032	0.9302203427861518	36.48772832626511	2.370308149162882e-11
336.3742205469876	1	1	1	1	0	0	336.3742205469876	26.0	0	0.0005161545251378798	0.859683749161152	1.2132407082190253	76.187771277113	0.0	21.73282211106863	15.080192091934741	39.37475707410962	0.934939462196944	36.81301420300337	2.4132712204897488e-11
351.0471255422998	1	1	1	1	0	0	351.0471255422998	27.0	0	0.0005200659844255514	0.8934076141090095	1.1151909934701523	76.68767274172328	0.0	21.89751513370743	15.258060016188473	39.532097591827366	0.9398837252080756	37.155575149895895	2.5324187994026755e-11
365.84937094069124	1	1	1	1	0	0	365.84937094069124	28.0	0	0.0005236651759855927	0.7816471209542851	1.182291040742412	77.15191083768393	0.0	22.049060041498645	15.424186381277337	39.67866441490795	0.9444180386448856	37.47324642277599	2.5001237939788006e-11
380.78076346777357	1	1	1	1	0	0	380.78076346777357	29.0	0	0.0005274394432977457	0.8404116196850568	1.1189051397865724	77.64426735076583	0.0	22.207976559905084	15.600892851194837	39.835397939665924	0.9491274435958856	37.80886941109992	2.6011134353506108e-11
395.84107158007737	1	1	1	1	0	0	395.84107158007737	30.0	0	0.0005311845200398896	0.8463307218850524	1.1047357161262166	78.13656423630262	0.0	22.36566400167957	15.779454613060038	39.99144562156303	0.9538319513554194	38.14511861473961	2.8457486017060465e-11
411.03002553366304	1	1	1	1	0	0	411.03002553366304	31.0	0	0.0005349399363187013	0.8316365187227689	1.136089083975839	78.63528648334405	0.0	22.523786792366373	15.961618574418841	40.14988111655883	0.958543445123997	38.48540536678522	2.931389356971321e-11
426.3473174640513	1	1	1	1	0	0	426.3473174640513	32.0	0	0.0005388334794298097	0.8228227187077718	1.1360251945465636	79.15909297716283	0.0	22.6877254496762	16.153681873053195	40.31768565443344	0.9633838523282968	38.841407322729395	3.2575749927298425e-11
441.79260147745117	1	1	1	1	0	0	441.79260147745117	33.0	0	0.0005425266775215669	0.7769953219333194	1.0917257005572092	79.6639648619938	0.0	22.84322852722388	16.338968212052087	40.48176812271785	0.967897366056188	39.18219673927597	3.4181901319043004e-11
457.365493753255	1	1	1	1	0	0	457.365493753255	34.0	0	0.0005347964067396703	0.8863941935269485	1.1076044404372112	79.75070346246545	0.0	22.517743441670326	16.555288086729206	40.677671934065906	0.9605523047565916	39.07303152839954	3.050578132528818e-11
473.0655726577729	1	1	1	1	0	0	473.0655726577729	35.0	0	0.0005380827651687663	0.8534564151446451	1.1268129764073542	80.29334427735306	0.0	22.656116428158587	16.766920732635256	40.87030711655923	0.9645887183661754	39.423037160793854	3.3890955696956374e-11
488.8923788691719	1	1	1	1	0	0	488.8923788691719	36.0	0	0.0005413606286530242	0.833414954633818	1.138546325009646	80.84489618000805	0.0	22.794131732758927	16.98175537903557	41.069009068213546	0.968513436633661	39.77588711179449	3.4372432589940465e-11
504.8454155135833	1	1	1	1	0	0	504.8454155135833	37.0	0	0.0005443393020252126	0.7574085628685945	1.1606225010843223	81.35880270018268	0.0	22.919549558956323	17.180955681419498	41.258297459806855	0.9719379545275968	40.10050524037583	3.350526896547541e-11
520.9241483123367	1	1	1	1	0	0	520.9241483123367	38.0	0	0.0005369468225642488	0.9132383473382004	1.1834930006355928	81.53056528587959	0.0	22.608287265863108	17.423967625122092	41.498310394894396	0.9646719230263028	40.0322548909852	3.386903296118353e-11
537.1280057402779	1	1	1	1	0	0	537.1280057402779	39.0	0	0.0005395945060694379	0.9213454905154318	1.096259225207857	82.11324809163591	0.0	22.719768676607924	17.661289934640816	41.73218948038717	0.9676237722975588	40.381058611248726	3.6293078971065705e-11
553.4563791951257	1	1	1	1	0	0	553.4563791951257	40.0	0	0.0005422059136549693	0.8402637648616846	1.099088527402633	82.67189504191384	0.0	22.829722680209247	17.886560626887512	41.95561173481708	0.9704609615621012	40.71628330709676	3.632984441778729e-11
569.9086231778117	1	1	1	1	0	0	569.9086231778117	41.0	0	0.0005449920860165938	0.8754588453851727	1.111472697971063	83.25540547059859	0.0	22.94703520069869	18.11849749484529	42.18987277505462	0.9733504747571692	41.06553269554398	3.7327683638437696e-11
586.4840554837581	1	1	1	1	0	0	586.4840554837581	42.0	0	0.0005477584333575934	0.8347161319826275	1.1290637831441168	83.82603364831617	0.0	23.06351298347761	18.340987429437718	42.421533235400844	0.9760255524749212	41.40450041291533	3.7631062437887776e-11
603.1819574050269	1	1	1	1	0	0	603.1819574050269	43.0	0	0.0005393273567047313	0.8226336827376782	1.1426907886857811	83.95261033644934	0.0	22.708520282304484	18.57357045611019	42.670519598034666	0.9674616369170262	41.282090738414674	3.5960392889063045e-11
620.0015739432909	1	1	1	1	0	0	620.0015739432909	44.0	0	0.0005415025265050744	0.7445844678171273	1.1411468723140463	84.48950665204619	0.0	22.800106379161033	18.788978315376912	42.90042195750826	0.969432998484976	41.58908469453794	3.861809629726462e-11
636.9421140335545	1	1	1	1	0	0	636.9421140335545	45.0	0	0.0005438556537040503	0.7978425031508645	1.134500341551508	85.03344462573037	0.0	22.899185419117924	19.003071298246844	43.131187908365625	0.9715071332231382	41.90225671736477	3.817442615974421e-11
654.0027507785644	1	1	1	1	0	0	654.0027507785644	46.0	0	0.0005463635889016649	0.8066628477852683	1.1043419411319004	85.58190166639694	0.0	23.004782690596407	19.21366603837922	43.363452937421314	0.973595179099366	42.21844872897564	3.852291122503219e-11
671.1826216938364	1	1	1	1	0	0	671.1826216938364	47.0	0	0.0005382782204104939	0.8605071383468461	1.0667885459989332	85.73443457624795	0.0	22.664346122547112	19.443739061272613	43.626349392428246	0.9651984585060874	42.108085183819725	3.801187831719498e-11
688.4808289632283	1	1	1	1	0	0	688.4808289632283	48.0	0	0.0005406709930712569	0.9332950352036241	1.2273317034413789	86.345680615598	0.0	22.765094445105554	19.683257606789567	43.89732856370288	0.96699169267886	42.44835205189512	4.1471579942165316e-11
705.8964397049822	1	1	1	1	0	0	705.8964397049822	49.0	0	0.0005429516282017631	0.7799986078848563	1.1163527188506626	86.88754746596857	0.0	22.86112118744267	19.89199578381666	44.13443049470926	0.9687021332785634	42.753116971259324	4.084772234486645e-11
723.4284862481575	1	1	1	1	0	0	723.4284862481575	50.0	0	0.0005454667795740432	0.8128232224085237	1.1277613922512046	87.44992454731741	0.0	22.967022297854463	20.10366911845326	44.379233131009684	0.9705145487566432	43.070691416307724	4.1352127350748366e-11
741.0759664193733	1	1	1	1	0	0	741.0759664193733	51.0	0	0.0005480359774620878	0.787384774431798	1.1106210790534965	87.99646671882753	0.0	23.075199051035284	20.30411932897996	44.617148338812285	0.9722566321496556	43.37931838001524	4.121551782872164e-11
758.8378438397727	1	1	1	1	0	0	758.8378438397727	52.0	0	0.0005397862970649781	0.8219444200993357	1.1394831722047714	88.13151598115337	0.0	22.727844086946448	20.52654898349768	44.87712291070925	0.9638405999534816	43.254393070444145	4.452578232577474e-11
776.7130482321257	1	1	1	1	0	0	776.7130482321257	53.0	0	0.0005421040056280278	0.8038217402738796	1.1735091931397597	88.69149496122316	0.0	22.825431815916964	20.739819317411726	45.12624382789447	0.9654083175963148	43.56525113332869	4.346621625070063e-11
794.7004757379742	1	1	1	1	0	0	794.7004757379742	54.0	0	0.0005446741062016805	0.8552262123127822	1.1015410608275242	89.27415436482497	0.0	22.93364657691287	20.956981916020037	45.38352587189206	0.9671048612843948	43.89062849293291	4.3916987235703184e-11
812.7989892447298	1	1	1	1	0	0	812.7989892447298	55.0	0	0.0005369214229364752	0.7715090517510699	1.1010061536352769	89.42095974258255	0.0	22.607217807851598	21.171247552799002	45.64249438193193	0.9591602289374608	43.77846536065061	4.240848481244379e-11
831.0074187226242	1	1	1	1	0	0	831.0074187226242	56.0	0	0.0005391758722326618	0.8709412658484496	1.0899627591871406	90.01190051267864	0.0	22.702141988743662	21.398198526194165	45.911559997740795	0.9605498161488718	44.10034051493783	4.612801670450665e-11
849.3245615714155	1	1	1	1	0	0	849.3245615714155	57.0	0	0.0005415243636717389	0.8252473602456408	1.0926483125281832	90.58042566786537	0.0	22.801025838810073	21.613526198012067	46.165873631043254	0.9620645845843264	44.41455203682214	4.5258129554258457e-11
867.7491829767432	1	1	1	1	0	0	867.7491829767432	58.0	0	0.0005440045356967603	0.8220089467825459	1.1831136272609617	91.14232084133393	0.0	22.90545413460044	21.821957613187905	46.41490909354558	0.9636432047651712	44.727411747788345	4.545822103030208e-11
886.2800162760308	1	1	1	1	0	0	886.2800162760308	59.0	0	0.0005467643812760849	0.8609407983122086	1.0919228337274876	91.73505843660952	0.0	23.021658158993052	22.03696057962021	46.67643969799625	0.9653396666530151	45.05861873861326	4.752496339424626e-11
