0.0
0.0007285827694774977
0.001470803715289176
0.0022264888145988866
0.002995435107657292
0.0014038316404267192
0.00014849652861524023
0.00022008833494990121
0.0002637453172744273
0.000327351085982091
0.0005039606876745424
0.00048544363816633413
0.0008929564263782108
0.0010915806958921017
0.0012229977547515267
0.0012756531581034737
0.001812114151095559
0.002925634848599348
0.004275814317583315
0.005883082656541756
0.00792163940287727
0.01078455513590973
0.013520168042096473
0.018434710521584245
0.020572865981393906
0.021518079654435314
0.022464080393392396
0.02340992777134716
0.02435465030329897
0.025297245933658247
0.026236682577010274
0.02717189871246825
0.02810180403184029
0.02902528014174476
0.029941181319714478
0.030848335324233974
0.031745544258554734
0.032631585488040626
0.03350521261068576
0.034365156480361356
0.035210126282230705
0.03603881065968153
0.03684987889201864
0.03764198212205884
0.038413754632660134
0.03916381517113882
0.03989076832038711
0.04059320591544986
0.041269708504181046
0.041918846850525715
0.04253918347886338
0.043129274257760024
0.04368767002138202
0.0442129182267247
0.044703564644738895
0.04515815508332026
0.04557523714007607
0.045953361982678874
0.04629108615454266
1.310246014074125
