0.0
0.0007285827694774977
0.001470803715289176
0.0022264888145988866
0.002995435107657292
0.0014038316404267192
8.404739465516366e-05
0.00027122944312175614
0.00023328024127347645
0.00024937485329159517
0.00048799998804554434
0.0004139942201361606
0.0007870280851525812
0.0007415988857909249
0.001051857711153618
0.0016475070105461268
0.0014708242723986517
0.0028370080270934787
0.004022970083406773
0.006156583036732382
0.0076497851797151925
0.011012397162077832
0.013253355851049448
0.017367329799231192
0.020572865981393892
0.02151807965443534
0.022464080393392396
0.02340992777134716
0.02435465030329894
0.025297245933658275
0.026236682577010274
0.02717189871246828
0.02810180403184029
0.029025280141744703
0.029941181319714533
0.030848335324233863
0.03174554425855491
0.032631585488040515
0.03350521261068565
0.03436515648036164
0.035210126282230594
0.03603881065968165
0.03684987889201864
0.03764198212205872
0.03841375463266002
0.03916381517113894
0.03989076832038711
0.04059320591544986
0.04126970850418116
0.041918846850525715
0.04253918347886338
0.043129274257760135
0.043687670021381686
0.04421291822672493
0.044703564644739124
0.0451581550833198
0.0455752371400763
0.045953361982678874
0.04629108615454266
1.3079941926149214
