0.0
0.0007285827694774977
0.001470803715289176
0.0022264888145988866
0.002995435107657292
0.0014038316404267192
8.378321534401857e-05
0.00011411259328152923
0.00025179473363717446
0.0003428004248724932
0.0004278533827107527
0.0003905956903006516
0.0007195950645499299
0.0007760833636827869
0.0011539064948824773
0.0015693344238954018
0.002129673550631674
0.00212869982291414
0.004080980059432797
0.005881087797467331
0.007551809558730373
0.010879401615350405
0.013007447439368401
0.017784415218205715
0.020572865981393892
0.02151807965443534
0.02246408039339241
0.02340992777134713
0.024354650303298912
0.025297245933658303
0.026236682577010274
0.027171898712468192
0.02810180403184029
0.029025280141744814
0.029941181319714478
0.03084833532423403
0.03174554425855468
0.032631585488040626
0.03350521261068565
0.03436515648036147
0.035210126282230705
0.03603881065968142
0.03684987889201898
0.03764198212205861
0.03841375463266002
0.03916381517113894
0.03989076832038734
0.04059320591544963
0.04126970850418127
0.041918846850525604
0.04253918347886338
0.043129274257760024
0.0436876700213818
0.044212918226725156
0.044703564644738666
0.04515815508332026
0.0455752371400763
0.045953361982678416
0.04629108615454311
1.3075293958193077
