1	4	0.0	1.0	0.0	0.0	0.015	0.0		0.0	
2	4	0.0	1.0	0.0	0.0	0.015	0.0		0.0	
3	4	0.0	1.0	0.0	0.0	0.014552750241652503	0.0		0.0	
4	4	0.0	1.0	0.0	0.0	0.013791431040067982	0.0		0.0	
5	4	0.0	1.0	0.0	0.0	0.01271309866873642	0.0		0.0	
6	4	0.0	1.0	0.0	0.0	0.011314922877436092	0.0		0.0	
7	4	2.500826149469408e-05	1.0	0.0	0.0	0.010075555122184271	0.0	0.0	2.500826149469408e-05	
8	4	3.262756600219743e-05	1.0	3.768490940232878e-05	38.68418502880395	0.01072712533782393	0.0	0.0	3.262756600219743e-05	1.1228785767012803
9	4	4.220332974050473e-05	1.0	3.337406528098257e-05	44.714919838540695	0.011486063969475196	0.0	0.0	4.220332974050473e-05	0.9240556009288636
10	4	5.664728644863088e-05	1.0	5.6492400418451645e-05	63.84486882128656	0.012593823090733926	0.0	0.0	5.664728644863088e-05	1.3390059032785584
11	4	7.029214705557137e-05	1.0	4.1023060111452034e-05	60.19119579484311	0.013627068106573341	0.0	0.0	7.029214705557137e-05	1.1722739584828237
12	4	8.351520244609181e-05	1.0	3.802594444874653e-05	58.784734314160545	0.014627806363511738	0.0	0.0	8.351520244609181e-05	1.1867556869527112
13	4	0.00010871479052083564	1.0	7.670531469804181e-05	109.03915838749865	0.016551152794887808	0.0	0.0	0.00010871479052083564	1.0404953343916843
14	4	0.00014722267311281418	1.0	0.00014416528710704658	167.29307490973818	0.01953915918752661	0.0	0.0	0.00014722267311281418	1.1213501549296534
15	4	0.00019984173003514906	1.0	0.0001662862893313034	217.80743605301362	0.0234420586941363	0.0	0.0	0.00019984173003514906	1.2571611329699737
16	4	0.0002701738975282021	1.0	0.00021955402422933247	284.52095939842144	0.028553516042075545	0.0	0.0	0.0002701738975282021	1.195981643041414
17	4	0.00035956091858414514	1.0	0.00024477641770279964	359.3466558155211	0.03501586434643572	0.0	0.0	0.00035956091858414514	1.0474549651655216
18	4	0.0004707412134849869	1.0	0.00029904821903316286	449.5859708287227	0.043105501403045456	0.0	0.0	0.0004707412134849869	1.387411233831272
19	4	0.0006251014962098269	1.0	0.00042541464341612	633.0496512541164	0.0545353531079176	0.0	0.0	0.0006251014962098269	1.4163775096732478
20	4	0.0008234322327556863	1.0	0.0005945104344499798	837.5292020399129	0.06967283765968386	0.0	0.0	0.0008234322327556863	1.2027553878468096
21	4	0.0010626041194129348	1.0	0.0007079342003641311	1059.5221642413562	0.08881831837069794	0.0	0.0	0.0010626041194129348	1.1926336321397306
22	4	0.0013687600371803234	1.0	0.0008712075458844655	1361.8200415045885	0.11343091697614165	0.0	0.0	0.0013687600371803234	1.2420729786870992
23	4	0.0017418360771759985	1.0	0.0011285050439529775	1701.8786719593472	0.1441741679474229	0.0	0.0	0.0017418360771759985	1.2069410508754812
24	4	0.0022221604810124264	1.0	0.0013435348660087438	2152.7728323861206	0.1830581542777457	0.0	0.0	0.0022221604810124264	1.2139384850868211
25	4	0.002857132890431229	1.0	0.0018381115438897398	2920.0030426369426	0.23649710175622485	0.0	0.0	0.002857132890431229	1.2374683894745475
26	4	0.003497145172028496	1.0	0.002702281187472752	4138.921195898082	0.321129489484479	0.0	0.0	0.003497145172028496	1.1601138437113083
27	4	0.0041145644856978745	1.0	0.0032685761450881	5104.075271042904	0.4305650876843188	0.0	0.0	0.0041145644856978745	1.2050319253411768
28	4	0.004779908327365095	1.0	0.0036285400762009704	5808.1157832730505	0.5561742762068023	0.0	0.0	0.004779908327365095	1.1785732558650048
29	4	0.005450626141531183	1.0	0.004351101424088611	6950.6235773778635	0.7103015231281873	0.0	0.0	0.005450626141531183	1.1715350811143086
30	4	0.006107177115303031	1.0	0.005062606592864435	8069.046611048813	0.8924733975205781	0.0	0.0	0.006107177115303031	1.1559628367024268
31	4	0.006800899602752671	1.0	0.0058082826652361644	9118.5706013824	1.0995189535403649	0.0	0.0	0.006800899602752671	1.1815634751468749
32	4	0.007501132427469291	1.0	0.0062435865020891825	10111.799798967037	1.33038618681595	0.0	0.0	0.007501132427469291	1.1395806026312385
33	4	0.008175611692431112	1.0	0.006843093230524338	11185.883270118156	1.5876889182108211	0.0	0.0	0.008175611692431112	1.1641206072958052
34	4	0.00890043143259512	1.0	0.007437106130866702	12245.861830299951	1.864104173875493	0.0	0.0	0.00890043143259512	1.1970617049446344
35	4	0.00962582081184351	1.0	0.007965634926511063	13226.313606333611	2.159265443511948	0.0	0.0	0.00962582081184351	1.1923214840712917
36	4	0.010315267512434272	1.0	0.008689855417217084	14258.70549510666	2.4760444028181423	0.0	0.0	0.010315267512434272	1.1454234629427016
37	4	0.01103372490532945	1.0	0.009475541697597624	15759.66595915856	2.8261623605332638	0.0	0.0	0.01103372490532945	1.14905510090019
38	4	0.011745274070863513	1.0	0.009928465510284408	16792.160848380216	3.1956958836096767	0.007015059303619688	0.009589304562266884	0.011745274070863513	1.1618800266866276
39	4	0.012412261250241412	1.0	0.010687986267405207	18043.37708722208	3.592139518051148	0.020920301141753514	0.025559359057829616	0.012412261250241412	1.1543676402319027
40	4	0.0131158845277356	1.0	0.01158949277426611	19603.52879563455	4.0172412839421066	0.04157746167947757	0.044924021862462735	0.0131158845277356	1.1665594207758945
41	4	0.013798195952673986	1.0	0.011890659004077715	20596.2997107002	4.45918353324151	0.06883463305711181	0.06589563340122473	0.013798195952673986	1.1355209476933144
42	4	0.01451576883537906	1.0	0.0123710916324501	21790.426549548876	4.924208338996289	0.10252601851334668	0.0873837062018437	0.01451576883537906	1.137396617137354
43	4	0.01525218823094662	1.0	0.013038226061245715	23243.74327927258	5.421702087411653	0.14247170017444452	0.10916038542230036	0.01525218823094662	1.1311072379381968
44	4	0.015965901286391273	1.0	0.013257816958127857	24050.158772923976	5.937689465192534	0.18847742008486326	0.13158985247058289	0.015965901286391273	1.141590581705604
45	4	0.016613513240051468	1.0	0.014764392744114696	26166.838290213564	6.505295145736628	0.2403343750448304	0.154277420421147	0.016613513240051468	1.141542573451709
46	4	0.0172811210083576	1.0	0.015448630267860353	27387.39990831745	7.091878193454647	0.2978190258094122	0.17502961351246982	0.0172811210083576	1.1500863889189263
47	4	0.017969118050890458	1.0	0.015834509553653568	28776.758994692176	7.704258475956764	0.3606929211914912	0.1941708716837119	0.017969118050890458	1.1458335339930383
48	4	0.01870947572740182	1.0	0.015953037433578624	30125.999725134865	8.343115372675765	0.4287025375977759	0.2120775037257004	0.01870947572740182	1.1260999330556356
49	4	0.019456635709101392	1.0	0.016789283042314328	31343.58621611043	9.00848124593885	0.5015791345125423	0.2296263428376785	0.019456635709101392	1.1539451017781328
50	4	0.020163129779705632	1.0	0.01727837401604044	32781.174413218665	9.708605053080833	0.5790386264282525	0.24744851875719295	0.020163129779705632	1.137362910534692
51	4	0.020919843187106147	1.0	0.018098788225208197	34420.054355892345	10.436210078520038	0.6607814717055173	0.2625013960477448	0.020919843187106147	1.1351681165984329
52	4	0.02165488213365199	1.0	0.019410375380553804	36392.83878843318	11.204236669095133	0.7464925788270981	0.2758864872508397	0.02165488213365199	1.1308740340226724
53	4	0.022460083131353715	1.0	0.019498520044732636	37570.65907270716	11.992308990627368	0.8358412304917856	0.28788151125006833	0.022460083131353715	1.1460833468583735
54	4	0.023285325315540832	1.0	0.01995961718211334	38727.3054778852	12.803827101458054	0.9284810259740648	0.2994620171362887	0.023285325315540832	1.1338652755201886
55	4	0.02407853369976929	1.0	0.020983904157571304	40896.929164929374	13.669628010556748	1.02404984215452	0.31154308501336514	0.02407853369976929	1.1310593528699382
56	4	0.024934743395552357	1.0	0.021451988589988046	42232.799771455124	14.55678083723917	1.1221698136039506	0.32178134799126423	0.024934743395552357	1.1585190169203583
57	4	0.02577356829795177	1.0	0.022323427110654347	44172.40342856851	15.482973458086455	1.2224473320812006	0.3306557586886968	0.02577356829795177	1.1368512430095077
58	4	0.026599948143459742	1.0	0.02250811814601768	45310.53171954216	16.429855374961285	1.3244730657807848	0.3388531335448773	0.026599948143459742	1.1631751380336879
59	4	0.027436568326441868	1.0	0.023361017103017048	47314.644725772676	17.42301087972812	1.4278219986415348	0.3469296722722505	0.027436568326441868	1.1335836059084314
60	4	0.02822625911178853	1.0	0.024298622343412245	49008.23085146388	18.458556618474315	1.5320534900017475	0.3557338876686221	0.02822625911178853	1.144043566179228
