1	4	0.0	1.0	0.0	0.0	0.015	0.0		0.0	
2	4	0.0	1.0	0.0	0.0	0.015	0.0		0.0	
3	4	0.0	1.0	0.0	0.0	0.014552750241652503	0.0		0.0	
4	4	0.0	1.0	0.0	0.0	0.013791431040067982	0.0		0.0	
5	4	0.0	1.0	0.0	0.0	0.01271309866873642	0.0		0.0	
6	4	0.0	1.0	0.0	0.0	0.011314922877436092	0.0		0.0	
7	4	2.500826149469408e-05	1.0	0.0	0.0	0.010075555122184271	0.0	0.0	2.500826149469408e-05	
8	4	2.8906507640860907e-05	1.0	1.45562087700206e-05	21.46899917117932	0.010408916399394426	0.0	0.0	2.8906507640860907e-05	1.2596453616861092
9	4	3.641877701369943e-05	1.0	2.586095280154897e-05	35.758652575180676	0.011004310312008395	0.0	0.0	3.641877701369943e-05	1.322905907830478
10	4	4.4812534371440256e-05	1.0	2.656122779454345e-05	38.57752418446435	0.01164805782957322	0.0	0.0	4.4812534371440256e-05	0.7948687528988351
11	4	5.3407578758736376e-05	1.0	2.5780339461906478e-05	39.1812958012119	0.012298909973095669	0.0	0.0	5.3407578758736376e-05	1.6332317371384877
12	4	6.848881197709217e-05	1.0	4.6125631406104135e-05	65.94014003504779	0.013440277576700995	0.0	0.0	6.848881197709217e-05	1.020564537200622
13	4	8.367346072432147e-05	1.0	4.419675587139445e-05	67.28096190661164	0.014599238584041968	0.0	0.0	8.367346072432147e-05	1.85168327606812
14	4	0.00010982202692369947	1.0	8.113032875091205e-05	114.74472980659996	0.01662822791565366	0.0	0.0	0.00010982202692369947	1.1480959621201194
15	4	0.00014836515889260412	1.0	0.00011823701171827763	160.33192960255894	0.01948707753294466	0.0	0.0	0.00014836515889260412	1.2982525276755104
16	4	0.00019640239857490326	1.0	0.00013578558772892805	195.5140495778272	0.022978229739693587	0.0	0.0	0.00019640239857490326	1.3364337196156757
17	4	0.00023473483740222382	1.0	9.679679424787136e-05	157.75934233437408	0.025749522127910558	0.0	0.0	0.00023473483740222382	1.2720325880765764
18	4	0.00029876879814055753	1.0	0.00016734201947099864	260.84030863652254	0.03040872457140392	0.0	0.0	0.00029876879814055753	1.2115442881053526
19	4	0.0003791315879199524	1.0	0.0002109069844861243	332.2927182080835	0.036359314668505935	0.0	0.0	0.0003791315879199524	1.456870863122356
20	4	0.0005064064148141694	1.0	0.00036876554359557996	537.9321231648685	0.04607349593709841	0.0	0.0	0.0005064064148141694	1.1829131624201386
21	4	0.0006577241811499207	1.0	0.0004390144794251531	671.0112124828603	0.05818633836647037	0.0	0.0	0.0006577241811499207	1.2135204369002337
22	4	0.0008518945158413128	1.0	0.0005575078904131557	864.3266439271804	0.0737961509864404	0.0	0.0	0.0008518945158413128	1.252227537453901
23	4	0.0010933526006662306	1.0	0.0007043656871588924	1101.60122628173	0.09369345262206258	0.0	0.0	0.0010933526006662306	1.1974794496816463
24	4	0.0014198857177157086	1.0	0.0009328620681786463	1462.0215012497465	0.12012748170394415	0.0	0.0	0.0014198857177157086	1.1845166782900551
25	4	0.0018876256236358255	1.0	0.0013833170249417663	2088.452345178587	0.1579740494079593	0.0	0.0	0.0018876256236358255	1.115699130144564
26	4	0.0024814581450697034	1.0	0.0017468341871530464	2692.8568127949065	0.2067541167957528	0.0	0.0	0.0024814581450697034	1.1899386863934889
27	4	0.0030988774587390805	1.0	0.0022037981179401493	3491.1961925388628	0.2746294084028133	0.0	0.0	0.0030988774587390805	1.1820648031171113
28	4	0.003764221300406301	1.0	0.00277661616759403	4377.516717924601	0.3638656191192393	0.0	0.0	0.003764221300406301	1.227112771676574
29	4	0.0044349391145723895	1.0	0.003296919669430113	5316.695676254786	0.4765781437973564	0.0	0.0	0.0044349391145723895	1.2194183991702254
30	4	0.005091490088344238	1.0	0.004002742342100194	6394.089170024649	0.6166246024160404	0.0	0.0	0.005091490088344238	1.1573285739691437
31	4	0.005785212575793878	1.0	0.004535179484185298	7378.396419126928	0.7802017581351303	0.0	0.0	0.005785212575793878	1.1401678855606834
32	4	0.006485445400510497	1.0	0.00543110917375143	8613.901665173069	0.9743893480483994	0.0	0.0	0.006485445400510497	1.1714837161265312
33	4	0.00715992466547232	1.0	0.0060281109924096	9655.748174812099	1.1944913036655265	0.0	0.0	0.00715992466547232	1.1681950873437486
34	4	0.007884744405636326	1.0	0.006560037059555851	10656.815030827862	1.4324849680742464	0.0	0.0	0.007884744405636326	1.1666324614314247
35	4	0.008610133784884717	1.0	0.007011895263604953	11602.644247017231	1.6886561974608034	0.0	0.0	0.008610133784884717	1.1546945635298276
36	4	0.009299580485475484	1.0	0.008158069136049445	13264.67504215816	1.9834222718409	0.0	0.0	0.009299580485475484	1.1713789215778834
37	4	0.01001803787837066	1.0	0.008742442773068525	14261.165215888024	2.2984044181080154	0.0	0.0	0.01001803787837066	1.1474957741196912
38	4	0.010729587043904722	1.0	0.009116391723584758	15261.471495541951	2.6322683796152075	0.007015059303619688	0.01030465550297517	0.010729587043904722	1.1882031394920904
39	4	0.011396574223282621	1.0	0.00977449397634798	16528.551036315042	2.9937823648923776	0.020920301141753514	0.02725011231829338	0.011396574223282621	1.1648439214896382
40	4	0.012100197500776807	1.0	0.010514326583470238	17774.9583781754	3.37598411471834	0.04157746167947757	0.04753220783668104	0.012100197500776807	1.161335128067252
41	4	0.012782508925715192	1.0	0.0112577480316948	18993.63904962788	3.781377821124482	0.06883463305711181	0.06926292211649827	0.012782508925715192	1.1338157226051282
42	4	0.013500081808420269	1.0	0.011663598031358595	20319.164977854354	4.213652745226149	0.10252601851334668	0.09133713253748016	0.013500081808420269	1.153925413070226
43	4	0.014236501203987829	1.0	0.013245654522178815	22183.94688419877	4.689556510377122	0.14247170017444452	0.11357982878785905	0.014236501203987829	1.1734536837327083
44	4	0.01495021425943248	1.0	0.012793722710078243	22666.500439134237	5.175596316389263	0.18847742008486326	0.13642704592696334	0.01495021425943248	1.1493248337006954
45	4	0.015597826213092681	1.0	0.013647030038762465	24559.977875827597	5.707630079170313	0.2403343750448304	0.15947633438842215	0.015597826213092681	1.1518528857908654
46	4	0.016265433981398802	1.0	0.014552910929708243	26034.12919917469	6.265657646141803	0.2978190258094122	0.18041429412141646	0.016265433981398802	1.162472557859762
47	4	0.016953431023931667	1.0	0.015032764226554763	27054.56091199428	6.839997550998016	0.3606929211914912	0.19962843487177007	0.016953431023931667	1.1582449558316936
48	4	0.017693788700443025	1.0	0.015688466967503818	28413.107263342292	7.441402157695548	0.4287025375977759	0.21754279305955265	0.017693788700443025	1.151610833823021
49	4	0.0184409486821426	1.0	0.016022563179567812	29872.96216066271	8.076050151085305	0.5015791345125423	0.23509209819469584	0.0184409486821426	1.1438076378896664
50	4	0.01914744275274684	1.0	0.016862489513080354	31670.62477948701	8.75524066445265	0.5790386264282525	0.25293787089286746	0.01914744275274684	1.1750228618047571
51	4	0.019904156160147356	1.0	0.01759120812775073	33046.626809038666	9.455159241587287	0.6607814717055173	0.26790628242117703	0.019904156160147356	1.1452739565465129
52	4	0.0206391951066932	1.0	0.018013664095364566	34530.95406753013	10.182850361754609	0.7464925788270981	0.2811635698679231	0.0206391951066932	1.131645847772109
53	4	0.021444396104394924	1.0	0.01813561067596092	35200.08930439072	10.917517894750748	0.8358412304917856	0.293006550826328	0.021444396104394924	1.1436440013476832
54	4	0.022269638288582038	1.0	0.01939714044748826	37540.21084861064	11.707362704663698	0.9284810259740648	0.3044487116354082	0.022269638288582038	1.1267313494918427
55	4	0.023062846672810503	1.0	0.020355985736308528	38923.69507430506	12.530926573936519	1.02404984215452	0.31643194102138394	0.023062846672810503	1.1583149923746974
56	4	0.02391905636859356	1.0	0.02097903154219789	41130.24962835093	13.399213774469715	1.1221698136039506	0.32653649470202706	0.02391905636859356	1.1543175784554358
57	4	0.02475788127099298	1.0	0.021831740500172885	42925.82983485184	14.302907476566244	1.2224473320812006	0.3352610697535087	0.02475788127099298	1.1289294581395677
58	4	0.025584261116500952	1.0	0.02246523121094365	44022.218071719486	15.226390777090346	1.3244730657807848	0.34331369381054955	0.025584261116500952	1.1429305591715886
59	4	0.02642088129948308	1.0	0.02290087697773601	45568.034197845824	16.184256465637592	1.4278219986415348	0.3512640927942248	0.02642088129948308	1.1295183364014272
60	4	0.02721057208482974	1.0	0.02359999394329725	47318.74277556648	17.186338371978447	1.5320534900017475	0.35997869534948	0.02721057208482974	1.1362489649747598
