11.247441493196291	1	1	1	1	4	0	11.247441493196291	1.0	0	0.0			15.0	0.0	0.0	0.0	0.0		0.0	0.0
11.367595075476835	1	1	1	1	4	0	11.367595075476835	1.0	0	0.0			15.0	0.0	0.0	0.0	0.0		0.0	0.0
22.856168219862568	1	1	1	1	4	0	22.856168219862568	2.0	0	0.0			14.552750241652504	0.0	0.0	0.0	0.7285827694774977	0.0	0.0	0.0
34.4665080713728	1	1	1	1	4	0	34.4665080713728	3.0	0	0.0			13.791431040067982	0.0	0.0	0.0	2.1993864847666735	0.0	0.0	0.0
46.1993671861199	1	1	1	1	4	0	46.1993671861199	4.0	0	0.0			12.713098668736418	0.0	0.0	0.0	4.42587529936556	0.0	0.0	0.0
58.05546181511435	1	1	1	1	4	0	58.05546181511435	5.0	0	0.0			11.314922877436091	0.0	0.0	0.0	7.421310407022852	0.0	0.0	0.0
70.03547169202406	1	1	1	1	4	0	70.03547169202406	6.0	0	2.500826149469408e-05			10.075555122184273	0.0	1.2504130747347042	0.0	8.825142047449571	0.14168758621806754	1.2504130747347042	0.0
82.14003983175478	1	1	1	1	4	0	82.14003983175478	7.0	0	2.7700309024645458e-05	0.4165313288469285	0.7641906796684699	10.305767471339667	0.0	1.3850154512322734	0.0	8.920752020107392	0.15525770115685827	1.3850154512322734	1.171701353360922e-12
94.36977233991071	1	1	1	1	4	0	94.36977233991071	8.0	0	3.022942014225015e-05	0.3315266718554057	0.9580410183230654	10.506215204110086	0.0	1.5114710071125081	0.0	8.994744196997578	0.16803935431727265	1.5114710071125081	1.1045060411743024e-12
106.72523823319248	1	1	1	1	4	0	106.72523823319248	9.0	0	3.710811034605711e-05	0.7321001612355627	0.9804619885695112	11.03376675868469	0.0	1.8554055173028559	0.0	9.178361241381834	0.20214997737695475	1.8554055173028559	2.1520550444481192e-12
119.20696927078512	1	1	1	1	4	0	119.20696927078512	10.0	0	4.010609353731862e-05	0.2685163092241145	0.8033609910531064	11.26078638747926	0.0	2.0053046768659315	0.0	9.255481710613331	0.2166612975493684	2.0053046768659315	1.2854893788002075e-12
131.81545979678634	1	1	1	1	4	0	131.81545979678634	11.0	0	4.8403723343450876e-05	0.6212773626639039	1.1235031748517859	11.888761945598896	0.0	2.4201861671725444	0.0	9.468575778426349	0.2556019219581905	2.4201861671725444	2.778879889469193e-12
144.55116659372186	1	1	1	1	4	0	144.55116659372186	12.0	0	6.506335120328394e-05	1.2444407875057202	1.1299346937644763	13.160300023809688	0.0	3.2531675601641976	0.0	9.90713246364549	0.3283662121306836	3.2531675601641976	4.8924580205532434e-12
157.41450874719058	1	1	1	1	4	0	157.41450874719058	13.0	0	8.225944878724619e-05	0.7971430846058031	0.8469436517048311	14.494625519027204	0.0	4.11297243936231	0.0	10.381653079664893	0.3961770257396303	4.11297243936231	5.343843733652365e-12
170.4058675216809	1	1	1	1	4	0	170.4058675216809	14.0	0	9.818218762313189e-05	0.5248626568914558	1.1062246972055902	15.675658650012016	0.0	4.909109381156593	0.0	10.76654926885542	0.4559594033863067	4.909109381156593	5.143248620913603e-12
183.52558624759342	1	1	1	1	4	0	183.52558624759342	15.0	0	0.0001315885759749623	0.9791516200671024	1.2177571463425318	18.10349978296077	0.0	6.5794287987481175	0.0	11.524070984212655	0.5709292148374973	6.5794287987481175	9.960833203461098e-12
196.77397021950497	1	1	1	1	4	0	196.77397021950497	16.0	0	0.00017197631936098574	0.8355009657885122	1.0400795626067938	21.02338302668421	0.0	8.598815968049287	0.0	12.424567058634924	0.6920817383389801	8.598815968049287	1.7867904403567818e-11
210.1512866057031	1	1	1	1	4	0	210.1512866057031	17.0	0	0.00022565015456094015	0.848140402593002	1.3794557716958404	24.928767938562395	0.0	11.282507728047008	0.0	13.646260210515385	0.8267838626844487	11.282507728047008	2.470198134261884e-11
223.65776436901845	1	1	1	1	4	0	223.65776436901845	18.0	0	0.00028988081454475875	0.7579161564085811	1.0704719898778092	29.68482892498719	0.0	14.494040727237936	0.0	15.19078819774925	0.9541335537405132	14.494040727237936	3.556798035872657e-11
237.29359419897813	1	1	1	1	4	0	237.29359419897813	19.0	0	0.00036828840708301984	0.731378886981245	1.1089875804031946	35.669245367239796	0.0	18.414420354150987	0.0	17.254825013088805	1.067204120597141	18.414420354150987	4.2803652202744784e-11
251.0589284553002	1	1	1	1	4	0	251.0589284553002	20.0	0	0.0004637637790603278	0.7264981187817044	1.384715889204256	43.31195755267317	0.0	23.1881889530164	0.0	20.123768599656774	1.1522786518928612	23.1881889530164	5.651317043637525e-11
264.95388112274634	1	1	1	1	4	0	264.95388112274634	21.0	0	0.0005822618415956116	0.7104229442129748	1.0511054270648128	52.838297170644026	0.0	29.11309207978058	0.0	23.725205090863447	1.2270954863522758	29.11309207978058	7.255936871800088e-11
278.9785277773454	1	1	1	1	4	0	278.9785277773454	22.0	0	0.000764093805727558	0.9503651486043176	1.1669533920887003	67.82212113311091	0.0	38.204690286377904	0.0	29.61743084673301	1.2899393767164689	38.204690286377904	1.2802578203197594e-10
293.1329055639992	1	1	1	1	4	0	293.1329055639992	23.0	0	0.0009861912860492789	0.8225111440045912	1.138040885249847	85.80171017720595	0.0	49.309564302463954	0.0	36.492145874742015	1.3512377285708894	49.309564302463954	1.844262411749627e-10
307.41701318547484	1	1	1	1	4	0	307.41701318547484	24.0	0	0.0012681334682621106	0.7994211876040163	1.1773300522333474	108.6146960966885	0.0	63.40667341310554	0.0	45.208022683582975	1.4025535656999946	63.40667341310554	2.2481659946887936e-10
321.83081090278995	1	1	1	1	4	0	321.83081090278995	25.0	0	0.0016413967595061568	0.8465689570626989	1.1195779834554729	139.27621738944165	0.0	82.06983797530782	0.0	57.2063794141338	1.4346273757543744	82.06983797530782	3.153823598827562e-10
336.3742205469876	1	1	1	1	4	0	336.3742205469876	26.0	0	0.00213371130240315	0.8854181974833085	1.1393003943537492	181.0499169438931	0.0	106.6855651201575	0.0	74.36435182373556	1.43463316096713	106.6855651201575	4.1979801553792164e-10
351.0471255422998	1	1	1	1	4	0	351.0471255422998	27.0	0	0.0027749026259711465	0.8664822472346172	1.1407724690802186	234.75809927854093	0.0	138.74513129855728	0.0	96.0129679799836	1.4450665802507252	138.74513129855728	5.506669491252633e-10
365.84937094069124	1	1	1	1	4	0	365.84937094069124	28.0	0	0.003445620440137235	0.7775356084484617	1.1711432075062371	302.74172219260424	0.0	172.28102200686172	0.0	119.42289575133076	1.4426130008235205	172.28102200686172	8.195742624288983e-10
380.78076346777357	1	1	1	1	4	0	380.78076346777357	29.0	0	0.004102171413909083	0.8786182207771339	1.2708727001132605	404.9482126111672	0.0	205.1085706954541	0.0	143.77754605462974	1.42656886505436	205.1085706954541	1.0968442829598807e-09
395.84107158007737	1	1	1	1	4	0	395.84107158007737	30.0	0	0.004795893901358723	0.8356599366374919	1.2159555719203798	524.9695934395038	0.0	239.7946950679361	0.0	169.07479198828796	1.418275854419191	239.7946950679361	1.3108273980344116e-09
411.03002553366304	1	1	1	1	4	0	411.03002553366304	31.0	0	0.005496126726075343	0.8737692334246102	1.1502715788613718	675.8441928152951	0.0	274.80633630376707	0.0	195.31147456529823	1.4070158290259154	274.80633630376707	1.653560413208589e-09
426.3473174640513	1	1	1	1	4	0	426.3473174640513	32.0	0	0.0061706059910371655	0.8658890706345668	1.1688501261757407	851.183952602682	0.0	308.53029955185826	0.0	222.4833732777665	1.3867566596388474	308.53029955185826	1.8273933430979165e-09
441.79260147745117	1	1	1	1	4	0	441.79260147745117	33.0	0	0.006895425731201172	0.9338213719326393	1.1939960751660301	1057.7119589535916	0.0	344.77128656005857	11.86334260539778	250.58517730960682	1.4232072024149367	356.6346291654564	2.1370051249473197e-09
457.365493753255	1	1	1	1	4	0	457.365493753255	34.0	0	0.007620815110449561	0.9011374544356427	1.1632490199254597	1282.352109648019	0.0	381.0407555224781	33.638863238761594	279.6104574513515	1.4830619088464831	414.6796187612397	2.757211791297803e-09
473.0655726577729	1	1	1	1	4	0	473.0655726577729	35.0	0	0.008310261811040326	0.9104377660292152	1.1552270042736057	1532.2396276987238	0.0	415.51309055201637	63.26574790347243	309.551638771066	1.5466848773802733	478.7788384554888	3.3154912719324173e-09
488.8923788691719	1	1	1	1	4	0	488.8923788691719	36.0	0	0.009028719203935505	0.8902003534893411	1.1382707908617529	1801.5465214269025	0.0	451.4359601967752	98.57176754760937	340.39997409529985	1.615769005876604	550.0077277443845	3.5346269338152556e-09
504.8454155135833	1	1	1	1	4	0	504.8454155135833	37.0	0	0.009740268369469564	0.8620890167472054	1.1642308636695264	2088.966258522577	7.015059303619688	487.01341847347834	137.2716074713363	372.1455183538548	1.6775293404211116	631.3000852484342	4.1105696022914265e-09
520.9241483123367	1	1	1	1	4	0	520.9241483123367	38.0	0	0.010407255548847465	0.9046536187924754	1.168629302644206	2412.3695794496616	20.920301141753512	520.3627774423732	176.96529644246598	404.77710384189527	1.7227458452225433	718.2483750265926	4.505820777447765e-09
537.1280057402779	1	1	1	1	4	0	537.1280057402779	39.0	0	0.01111087882634165	0.9143527973322008	1.1608521614625305	2756.420227669156	41.57746167947757	555.5439413170825	228.13453234226182	438.282316452581	1.7880677459277154	825.2559353388217	4.977011282503086e-09
553.4563791951257	1	1	1	1	4	0	553.4563791951257	40.0	0	0.011793190251280035	0.9170758487668202	1.1659512678840542	3126.016211993191	68.8346330571118	589.6595125640017	285.8563949510358	472.6474729329424	1.8523655740337637	944.3505405721494	6.039884596261668e-09
569.9086231778117	1	1	1	1	4	0	569.9086231778117	41.0	0	0.012510763133985109	0.9240087033247806	1.1373917904808064	3520.9793827248595	102.52601851334668	625.5381566992555	344.97084620866616	507.8575992151732	1.910986474176452	1073.0350214212683	6.905938919619806e-09
586.4840554837581	1	1	1	1	4	0	586.4840554837581	42.0	0	0.01324718252955267	0.8802928061584192	1.1721249630901422	3937.592274028272	142.47170017444452	662.3591264776335	400.0782610971759	543.8964098748546	1.9533818725136756	1204.909087749254	7.437923042914696e-09
603.1819574050269	1	1	1	1	4	0	603.1819574050269	43.0	0	0.013960895584997322	0.8967741863958838	1.155759883584964	4394.137075775626	188.47742008486333	698.0447792498662	445.5372001664082	580.7462887668735	1.9691593412409003	1332.0593995011375	8.222572989668456e-09
620.0015739432909	1	1	1	1	4	0	620.0015739432909	44.0	0	0.01460850753865752	0.9293782095224464	1.149223473209112	4895.416143346235	240.3343750448304	730.4253769328761	486.7965064426599	618.3882708889321	1.9683780250647085	1457.5562584203662	9.285595375678251e-09
636.9421140335545	1	1	1	1	4	0	636.9421140335545	45.0	0	0.01527611530696365	0.8824060225618043	1.1434018903369498	5404.543343665704	297.8190258094122	763.8057653481827	539.6599945120054	656.8020255215922	1.9845641596873191	1601.2847856695998	9.444636689001649e-09
654.0027507785644	1	1	1	1	4	0	654.0027507785644	46.0	0	0.01596411234949651	0.9253392241529924	1.1664615468154091	5945.836857747843	360.69292119149117	798.2056174748258	598.4568926302895	695.9658406927311	2.006797501318375	1757.3554312966064	1.1532380260869676e-08
671.1826216938364	1	1	1	1	4	0	671.1826216938364	47.0	0	0.01670447002600787	0.912497870272786	1.163322935553745	6522.225212636779	428.702537597776	835.2235013003935	657.2664508030814	735.8566090131185	2.02823475908588	1921.1924897012507	1.2577013996011332e-08
688.4808289632283	1	1	1	1	4	0	688.4808289632283	48.0	0	0.01745163000770744	0.8999405599751108	1.1444136746028168	7120.672106037777	501.57913451254234	872.5815003853724	709.916576233926	776.4498149285681	2.038120231588805	2084.0772111318397	1.3296943384007151e-08
705.8964397049822	1	1	1	1	4	0	705.8964397049822	49.0	0	0.018158124078311685	0.91480781078914	1.1454095249588687	7768.007280305894	579.0386264282525	907.9062039155845	752.8416297505372	817.7195234327492	2.0309504494822117	2239.786460094374	1.4215704962837958e-08
723.4284862481575	1	1	1	1	4	0	723.4284862481575	50.0	0	0.0189148374857122	0.9294585291161822	1.1473571590091838	8435.53501615515	660.7814717055172	945.7418742856099	810.4757308638319	859.638370283275	2.0429725636498968	2416.99907685496	1.4531181906817088e-08
741.0759664193733	1	1	1	1	4	0	741.0759664193733	51.0	0	0.019649876432258042	0.9176132638450124	1.1325381642770092	9134.874181764711	746.4925788270981	982.493821612902	876.5594057224796	902.1775537621384	2.06062899656837	2605.5458061624795	1.7068834756115808e-08
758.8378438397727	1	1	1	1	4	0	758.8378438397727	52.0	0	0.020455077429959768	0.9126355582320173	1.129761601732426	9869.94236928519	835.8412304917856	1022.7538714979885	944.5756310611807	945.3068280198984	2.081154440278472	2803.1707330509553	1.857803828825836e-08
776.7130482321257	1	1	1	1	4	0	776.7130482321257	53.0	0	0.02128031961414688	0.9019806664979936	1.1421946159952714	10624.11164284896	928.4810259740648	1064.0159807073442	1007.7495086544756	988.99449804128	2.0948200353641866	3000.2465153358844	1.9680823649610703e-08
794.7004757379742	1	1	1	1	4	0	794.7004757379742	54.0	0	0.022073527998375343	0.883922364445067	1.159180811597453	11415.002209929036	1024.0498421545199	1103.6763999187674	1059.048258242922	1033.2074162680049	2.093214415720664	3186.7745003162104	2.065973643935088e-08
812.7989892447298	1	1	1	1	4	0	812.7989892447298	55.0	0	0.022929737694158403	0.9172951985004066	1.1434421384550986	12258.132789769576	1122.1698136039506	1146.4868847079206	1118.4605119973603	1077.9109809127438	2.101237891451286	3387.1172103092317	2.2116295388673888e-08
831.0074187226242	1	1	1	1	4	0	831.0074187226242	56.0	0	0.023768562596557824	0.9218772947245356	1.1348028721807601	13131.611032723884	1222.4473320812006	1188.4281298278913	1185.9135452722826	1123.069135996064	2.1141545066095517	3596.7890071813745	2.543358572065699e-08
849.3245615714155	1	1	1	1	4	0	849.3245615714155	57.0	0	0.024594942442065795	0.8841926812253245	1.1569666874018	14015.939440179134	1324.473065780785	1229.7471221032902	1254.223101530684	1168.64437313614	2.125514211794016	3808.4432894147603	2.5819464351228217e-08
867.7491829767432	1	1	1	1	4	0	867.7491829767432	58.0	0	0.025431562625047918	0.9004954441597603	1.158815740762247	14946.262845497286	1427.8219986415347	1271.578131252396	1315.9445103417586	1214.5977351188187	2.1303535868532046	4015.34464023569	2.779422099992165e-08
886.2800162760308	1	1	1	1	4	0	886.2800162760308	59.0	0	0.026221253410394583	0.8825756227758915	1.1335156067401806	15917.294435615813	1532.0534900017474	1311.0626705197294	1363.3739103596945	1260.8888212733616	2.121072481377487	4206.490070881171	2.9186373038124566e-08
