11.247441493196291	1	1	1	1	4	0	11.247441493196291	1.0	0	0.0			15.0	0.0	0.0	0.0	0.0		0.0	0.0
11.367595075476835	1	1	1	1	4	0	11.367595075476835	1.0	0	0.0			15.0	0.0	0.0	0.0	0.0		0.0	0.0
22.856168219862568	1	1	1	1	4	0	22.856168219862568	2.0	0	0.0			14.552750241652504	0.0	0.0	0.0	0.7285827694774977	0.0	0.0	0.0
34.4665080713728	1	1	1	1	4	0	34.4665080713728	3.0	0	0.0			13.791431040067982	0.0	0.0	0.0	2.1993864847666735	0.0	0.0	0.0
46.1993671861199	1	1	1	1	4	0	46.1993671861199	4.0	0	0.0			12.713098668736418	0.0	0.0	0.0	4.42587529936556	0.0	0.0	0.0
58.05546181511435	1	1	1	1	4	0	58.05546181511435	5.0	0	0.0			11.314922877436091	0.0	0.0	0.0	7.421310407022852	0.0	0.0	0.0
70.03547169202406	1	1	1	1	4	0	70.03547169202406	6.0	0	2.500826149469408e-05			10.075555122184273	0.0	1.2504130747347042	0.0	8.825142047449571	0.14168758621806754	1.2504130747347042	0.0
82.14003983175478	1	1	1	1	4	0	82.14003983175478	7.0	0	2.7059357207499985e-05	0.3341479994667232	1.7531596955479642	10.250956023221162	0.0	1.3529678603749995	0.0	8.897988162846163	0.15205323221538555	1.3529678603749995	9.987258581373262e-13
94.36977233991071	1	1	1	1	4	0	94.36977233991071	8.0	0	3.34926759103551e-05	0.8145241186210203	2.726467717859125	10.760836407361092	0.0	1.6746337955177553	0.0	9.086202611843335	0.18430513461530865	1.6746337955177553	2.069943106090775e-12
106.72523823319248	1	1	1	1	4	0	106.72523823319248	9.0	0	4.398297873985809e-05	1.0499936593150658	1.836621304219272	11.565375556776461	0.0	2.1991489369929047	0.0	9.366226619783557	0.2347956147407124	2.1991489369929047	3.055941303076226e-12
119.20696927078512	1	1	1	1	4	0	119.20696927078512	10.0	0	5.656993355206582e-05	0.8979291698844816	1.5592719696282946	12.518511590844431	0.0	2.828496677603292	0.0	9.690014913241141	0.2918980726993751	2.828496677603292	3.6228345193721862e-12
131.81545979678634	1	1	1	1	4	0	131.81545979678634	11.0	0	6.895347531971862e-05	0.6437687294220513	1.057724234925399	13.455714350515919	0.0	3.447673765985932	0.0	10.008040584529986	0.34449038619159905	3.447673765985932	4.013338214452283e-12
144.55116659372186	1	1	1	1	4	0	144.55116659372186	12.0	0	9.185523919296353e-05	1.055535331716479	1.441586795761045	15.203680455643251	0.0	4.592761959648177	0.0	10.610918495995076	0.4328335913033017	4.592761959648177	6.706262369825841e-12
157.41450874719058	1	1	1	1	4	0	157.41450874719058	13.0	0	0.00012312979318712978	1.167040378350788	1.2681276205434229	17.630419112028424	0.0	6.156489659356493	0.0	11.47392945267193	0.5365633181510309	6.156489659356493	9.146066480389349e-12
170.4058675216809	1	1	1	1	4	0	170.4058675216809	14.0	0	0.00016727389131264032	1.1517441143719958	1.2351319764734616	20.904707722865428	0.0	8.363694565632018	0.0	12.541013157233408	0.6669074069831435	8.363694565632018	1.2222297520341036e-11
183.52558624759342	1	1	1	1	4	0	183.52558624759342	15.0	0	0.00022419588551754653	0.9834047046308882	1.2301386144772954	25.041567937883855	0.0	11.209794275877329	0.0	13.831773662006517	0.8104379488704828	11.209794275877329	1.711747186046671e-11
196.77397021950497	1	1	1	1	4	0	196.77397021950497	16.0	0	0.00028326694478301117	0.6898751173845782	1.1568064645976368	29.31218525090543	0.0	14.163347239150562	0.0	15.148838011754865	0.9349461145574596	14.163347239150562	2.606495537809309e-11
210.1512866057031	1	1	1	1	4	0	210.1512866057031	17.0	0	0.00038455498348903913	1.073934543755516	1.0663754757041397	36.68204761759896	0.0	19.22774917445196	0.0	17.454298443147007	1.101605386036083	19.22774917445196	4.709701267718476e-11
223.65776436901845	1	1	1	1	4	0	223.65776436901845	18.0	0	0.0005000560089635028	0.8095001751969865	1.1975890703894203	45.23450405023634	0.0	25.002800448175147	0.0	20.23170360206119	1.2358227927789474	25.002800448175147	5.850929188596808e-11
237.29359419897813	1	1	1	1	4	0	237.29359419897813	19.0	0	0.0006636693243930558	0.9224423940392852	1.2478528097206385	57.72220050068259	0.0	33.183466219652786	0.0	24.5387342810298	1.3522892354438176	33.183466219652786	8.973948465724063e-11
251.0589284553002	1	1	1	1	4	0	251.0589284553002	20.0	0	0.0008491920717098551	0.7954042224651354	1.1266193408104062	72.57311893366	0.0	42.45960358549276	0.0	30.113515348167237	1.4099849550802086	42.45960358549276	1.0522439249007856e-10
264.95388112274634	1	1	1	1	4	0	264.95388112274634	21.0	0	0.0011162271944563924	0.9367752006696252	1.1162195788844804	94.04070426614253	0.0	55.81135972281963	0.0	38.22934454332288	1.4599088838568022	55.81135972281963	1.563875388768076e-10
278.9785277773454	1	1	1	1	4	0	278.9785277773454	22.0	0	0.0014407465959416495	0.8524852786130472	1.114083203621346	120.7826558667516	0.0	72.03732979708245	0.0	48.745326069669154	1.4778305040799866	72.03732979708245	2.329637442693762e-10
293.1329055639992	1	1	1	1	4	0	293.1329055639992	23.0	0	0.0018830488066866886	0.909951479489935	1.3024448205878782	156.58860904988097	0.0	94.15244033433444	0.0	62.43616871554653	1.5079791452817093	94.15244033433444	3.544953816036535e-10
307.41701318547484	1	1	1	1	4	0	307.41701318547484	24.0	0	0.002498192738087821	1.0158181568958995	1.2437046333359407	206.36218225332516	0.0	124.90963690439106	0.0	81.45254534893405	1.5335265014652573	124.90963690439106	4.751404534631004e-10
321.83081090278995	1	1	1	1	4	0	321.83081090278995	25.0	0	0.003138205019685089	0.7696888155504534	1.1183900281502286	264.74780315943053	0.0	156.9102509842544	0.0	102.02541133032796	1.5379526427609849	156.9102509842544	5.886460968732777e-10
336.3742205469876	1	1	1	1	4	0	336.3742205469876	26.0	0	0.0037556243333544655	0.8965609941427851	1.1919543793171308	357.5087477654282	0.0	187.78121666772327	0.0	123.54349098476328	1.5199604217990124	187.78121666772327	8.09500983152372e-10
351.0471255422998	1	1	1	1	4	0	351.0471255422998	27.0	0	0.004420968175021686	0.9750412852815212	1.2074487843190604	479.8472432371814	0.0	221.04840875108428	0.0	146.0075713781557	1.5139516852764767	221.04840875108428	1.033937074552251e-09
365.84937094069124	1	1	1	1	4	0	365.84937094069124	28.0	0	0.005091685989187775	0.8894859904173559	1.1807644108058926	617.1549073078093	0.0	254.58429945938875	0.0	169.41749914950285	1.50270368018318	254.58429945938875	1.3780912260395929e-09
380.78076346777357	1	1	1	1	4	0	380.78076346777357	29.0	0	0.005748236962959622	0.8543882265978432	1.1581856941281437	774.304676527537	0.0	287.4118481479811	0.0	193.7721494528018	1.4832464260710885	287.4118481479811	1.6392377522156774e-09
395.84107158007737	1	1	1	1	4	0	395.84107158007737	30.0	0	0.006441959450409263	0.9386571116286658	1.1838506225015708	967.3131058647168	0.0	322.0979725204632	0.0	219.0693953864601	1.4703010977514706	322.0979725204632	1.941591215445233e-09
411.03002553366304	1	1	1	1	4	0	411.03002553366304	31.0	0	0.007142192275125882	0.94346265931632	1.2031853085085462	1184.837313312054	0.0	357.1096137562941	0.0	245.3060779634704	1.4557715679978906	357.1096137562941	2.217411124049956e-09
426.3473174640513	1	1	1	1	4	0	426.3473174640513	32.0	0	0.007816671540087706	0.9181319898668396	1.1940086780869617	1428.5175105826368	0.0	390.83357700438523	0.0	272.4779766759386	1.4343675836568928	390.83357700438523	2.503140171845227e-09
441.79260147745117	1	1	1	1	4	0	441.79260147745117	33.0	0	0.008541491280251712	0.9329250742769802	1.158457933158023	1690.1081548026136	0.0	427.07456401258554	11.86334260539778	300.57978070777887	1.4603041681127416	438.93790661798334	2.665393296465108e-09
457.365493753255	1	1	1	1	4	0	457.365493753255	34.0	0	0.009266880659500102	0.9274763973719848	1.1374600925533618	1977.8919027377847	0.0	463.34403297500506	33.638863238761594	329.6050608495236	1.50781330521092	496.98289621376665	3.3684505187974222e-09
473.0655726577729	1	1	1	1	4	0	473.0655726577729	35.0	0	0.009956327360090866	0.9450811023215094	1.155536877493934	2291.151697995397	0.0	497.8163680045433	63.26574790347243	359.54624216923816	1.560528383005363	561.0821159080157	3.828388227201831e-09
488.8923788691719	1	1	1	1	4	0	488.8923788691719	36.0	0	0.010674784752986043	0.9003982302039983	1.1450666378527836	2621.048861502237	0.0	533.7392376493021	98.57176754760937	390.39457749347196	1.6196715877988463	632.3110051969114	4.43125611835536e-09
504.8454155135833	1	1	1	1	4	0	504.8454155135833	37.0	0	0.011386333918520107	0.9226976605038428	1.1463428530642337	2984.493933542353	7.015059303619688	569.3166959260052	137.2716074713363	422.1401217520269	1.673824085862194	713.6033627009613	4.999784371167519e-09
520.9241483123367	1	1	1	1	4	0	520.9241483123367	38.0	0	0.012053321097898006	0.8974963449051441	1.1466322256074126	3366.7589092796	20.920301141753512	602.6660548949003	176.96529644246598	454.77170724006737	1.7143356522084827	800.5516524791195	5.22291436455165e-09
537.1280057402779	1	1	1	1	4	0	537.1280057402779	39.0	0	0.012756944375392192	0.9554715605639166	1.1554104432875694	3780.526332369203	41.57746167947757	637.8472187696095	228.13453234226182	488.2769198507531	1.7735463543445131	907.5592127913487	5.792056702020168e-09
553.4563791951257	1	1	1	1	4	0	553.4563791951257	40.0	0	0.013439255800330578	0.9388097991974264	1.1545607212864113	4215.967297520292	68.8346330571118	671.9627900165289	285.8563949510358	522.6420763311147	1.832648438279868	1026.6538180246764	7.251006577829129e-09
569.9086231778117	1	1	1	1	4	0	569.9086231778117	41.0	0	0.014156828683035654	0.9043921955463636	1.1243357522214343	4672.287729668641	102.52601851334668	707.8414341517823	344.97084620866616	557.8522026133453	1.8872602374399277	1155.3382988737953	7.953085839758811e-09
586.4840554837581	1	1	1	1	4	0	586.4840554837581	42.0	0	0.014893248078603209	0.9378149160575666	1.1202684911912129	5170.0101676241575	142.47170017444452	744.6624039301604	400.0782610971759	593.8910132730267	1.9275264980328464	1287.2123652017808	8.983203172128919e-09
603.1819574050269	1	1	1	1	4	0	603.1819574050269	43.0	0	0.015606961134047862	0.8908205205349853	1.1376075723581236	5685.348749725385	188.47742008486333	780.3480567023931	445.5372001664082	630.7408921650456	1.9435639453482976	1414.3626769536645	9.404861392576093e-09
620.0015739432909	1	1	1	1	4	0	620.0015739432909	44.0	0	0.01625457308770806	0.915134453636552	1.1273377559903393	6243.7304267806885	240.3343750448304	812.7286543854029	486.7965064426599	668.3828742871043	1.9442825524429148	1539.8595358728933	1.0286761712852921e-08
636.9421140335545	1	1	1	1	4	0	636.9421140335545	45.0	0	0.016922180856014192	0.8849161803835961	1.1481387038372797	6814.609868917129	297.8190258094122	846.1090428007095	539.6599945120054	706.7966289197644	1.9606333429046776	1683.588063122127	1.0510316407322323e-08
654.0027507785644	1	1	1	1	4	0	654.0027507785644	46.0	0	0.01761017789854705	0.9118026226552636	1.1673185706779399	7416.8780407984095	360.69292119149117	880.5088949273526	598.4568926302895	745.9604440909034	1.9826329925041095	1839.6587087491332	1.2759428398460831e-08
671.1826216938364	1	1	1	1	4	0	671.1826216938364	47.0	0	0.01835053557505841	0.9211186351076036	1.1385990681710036	8047.204917129095	428.702537597776	917.5267787529203	657.2664508030814	785.8512124112905	2.0039330660621326	2003.4957671537775	1.4369535427165415e-08
688.4808289632283	1	1	1	1	4	0	688.4808289632283	48.0	0	0.01909769555675798	0.9349402983774178	1.1388773400616503	8713.21339036771	501.57913451254234	954.8847778378994	709.916576233926	826.4444183267402	2.014414178563228	2166.3804885843674	1.4293615034691831e-08
705.8964397049822	1	1	1	1	4	0	705.8964397049822	49.0	0	0.019804189627362224	0.9286162081141796	1.1462462310305055	9416.115052003059	579.0386264282525	990.2094813681114	752.8416297505372	867.7141268309214	2.0087849871531382	2322.089737546901	1.555375179928848e-08
723.4284862481575	1	1	1	1	4	0	723.4284862481575	50.0	0	0.02056090303476274	0.8981536541346156	1.1435183537411624	10125.08776120228	660.7814717055172	1028.045151738137	810.4757308638319	909.6329736814473	2.021167807012477	2499.302354307486	1.594486800065865e-08
741.0759664193733	1	1	1	1	4	0	741.0759664193733	51.0	0	0.021295941981308585	0.9173249939340862	1.1285995304848375	10881.58184919114	746.4925788270981	1064.7970990654294	876.5594057224796	952.1721571603103	2.0388713219442067	2687.849083615007	1.8501703358513677e-08
758.8378438397727	1	1	1	1	4	0	758.8378438397727	52.0	0	0.02210114297901031	0.9023340485382798	1.130770043998044	11658.207322531887	835.8412304917856	1105.0571489505155	944.5756310611807	995.3014314180704	2.0593085826184856	2885.474010503482	1.9785058323313257e-08
776.7130482321257	1	1	1	1	4	0	776.7130482321257	53.0	0	0.022926385163197414	0.9042719482823156	1.1395140419744714	12467.098924006435	928.4810259740648	1146.3192581598712	1007.7495086544756	1038.9891014394523	2.073235189695468	3082.5497927884117	2.1338383267780267e-08
794.7004757379742	1	1	1	1	4	0	794.7004757379742	54.0	0	0.023719593547425886	0.91209340158993	1.141817125791706	13322.552479911814	1024.0498421545199	1185.9796773712947	1059.048258242922	1083.2020196661772	2.072584702441833	3269.0777777687367	2.200858204799813e-08
812.7989892447298	1	1	1	1	4	0	812.7989892447298	55.0	0	0.024575803243208943	0.8968563033138109	1.142888676780095	14206.150163421744	1122.1698136039506	1228.7901621604476	1118.4605119973603	1127.905584310916	2.0810701771565747	3469.4204877617585	2.3383428198459352e-08
831.0074187226242	1	1	1	1	4	0	831.0074187226242	56.0	0	0.025414628145608364	0.8923271068067936	1.1318447947552968	15123.009300431067	1222.4473320812006	1270.7314072804186	1185.9135452722826	1173.0637393942366	2.0942126757931314	3679.092284633901	2.653885659780649e-08
849.3245615714155	1	1	1	1	4	0	849.3245615714155	57.0	0	0.02624100799111633	0.89762408260759	1.125415012573096	16066.098330971296	1324.473065780785	1312.050399555817	1254.223101530684	1218.6389765343124	2.105852143663357	3890.7465668672858	2.7689300426468466e-08
867.7491829767432	1	1	1	1	4	0	867.7491829767432	58.0	0	0.02707762817409846	0.8751192845605984	1.1336333037518362	17039.126342184132	1427.8219986415347	1353.8814087049232	1315.9445103417586	1264.592338516991	2.1112146877132214	4097.647917688218	2.910606033466165e-08
886.2800162760308	1	1	1	1	4	0	886.2800162760308	59.0	0	0.027867318959445126	0.8850348100105611	1.1350808700008188	18066.15450231114	1532.0534900017474	1393.3659479722564	1363.3739103596945	1310.883424671534	2.102963395866191	4288.793348333698	3.057228221407962e-08
