11.247441493196291	1	1	1	1	4	0	11.247441493196291	1.0	0	0.0			15.0	0.0	0.0	0.0	0.0		0.0	0.0
11.367595075476835	1	1	1	1	4	0	11.367595075476835	1.0	0	0.0			15.0	0.0	0.0	0.0	0.0		0.0	0.0
22.856168219862568	1	1	1	1	4	0	22.856168219862568	2.0	0	0.0			14.552750241652504	0.0	0.0	0.0	0.7285827694774977	0.0	0.0	0.0
34.4665080713728	1	1	1	1	4	0	34.4665080713728	3.0	0	0.0			13.791431040067982	0.0	0.0	0.0	2.1993864847666735	0.0	0.0	0.0
46.1993671861199	1	1	1	1	4	0	46.1993671861199	4.0	0	0.0			12.713098668736418	0.0	0.0	0.0	4.42587529936556	0.0	0.0	0.0
58.05546181511435	1	1	1	1	4	0	58.05546181511435	5.0	0	0.0			11.314922877436091	0.0	0.0	0.0	7.421310407022852	0.0	0.0	0.0
70.03547169202406	1	1	1	1	4	0	70.03547169202406	6.0	0	2.500826149469408e-05			10.075555122184273	0.0	1.2504130747347042	0.0	8.825142047449571	0.14168758621806754	1.2504130747347042	0.0
82.14003983175478	1	1	1	1	4	0	82.14003983175478	7.0	0	2.993741334181617e-05	0.7370289872068968	1.3722520658306403	10.497075029780449	0.0	1.4968706670908083	0.0	9.000204362689644	0.16631518649688531	1.4968706670908083	1.7762583388980439e-12
94.36977233991071	1	1	1	1	4	0	94.36977233991071	8.0	0	3.5420301269039836e-05	0.6116268872725781	1.0352133125193974	10.931627883704552	0.0	1.771015063451992	0.0	9.16061282025256	0.19332932176072087	1.771015063451992	1.865812351525474e-12
106.72523823319248	1	1	1	1	4	0	106.72523823319248	9.0	0	3.869649067286473e-05	0.3084960067605154	0.7641907993959204	11.182890662207372	0.0	1.9348245336432364	0.0	9.248066128564137	0.20921395962635048	1.9348245336432364	1.3470831584708204e-12
119.20696927078512	1	1	1	1	4	0	119.20696927078512	10.0	0	4.583689528419962e-05	0.5602916836623029	1.3589283766278086	11.72359149369742	0.0	2.2918447642099813	0.0	9.43174672948744	0.2429926110128415	2.2918447642099813	2.279391042711097e-12
131.81545979678634	1	1	1	1	4	0	131.81545979678634	11.0	0	6.268617939906962e-05	1.5578408125728394	1.384741121716513	12.998767519040468	0.0	3.1343089699534814	0.0	9.864458549086986	0.31773755795685105	3.1343089699534814	4.881762197417831e-12
144.55116659372186	1	1	1	1	4	0	144.55116659372186	12.0	0	7.717607697732518e-05	0.6789509638786825	1.196683868764415	14.104701977789592	0.0	3.858803848866259	0.0	10.245898128923331	0.37661938468558176	3.858803848866259	4.621125372996662e-12
157.41450874719058	1	1	1	1	4	0	157.41450874719058	13.0	0	0.00010053078522577224	0.9335492823183124	1.293847825166919	15.916902827262168	0.0	5.0265392612886135	0.0	10.890363565973553	0.4615584439250317	5.0265392612886135	7.014048021053968e-12
170.4058675216809	1	1	1	1	4	0	170.4058675216809	14.0	0	0.00013031762828868753	0.8440399323940343	1.115909407478008	18.126274524389	0.0	6.515881414434376	0.0	11.610393109954623	0.5612110936061011	6.515881414434376	8.590696742813527e-12
183.52558624759342	1	1	1	1	4	0	183.52558624759342	15.0	0	0.00016040310025880697	0.6100916373114942	1.660893606755836	20.31276489215816	0.0	8.020155012940346	0.0	12.292609879217807	0.6524371221199676	8.020155012940346	1.0013342490358617e-11
196.77397021950497	1	1	1	1	4	0	196.77397021950497	16.0	0	0.00019207962237159122	0.499758429301899	1.2264431239838067	22.60285932136465	0.0	9.603981118579558	0.0	12.99887820278509	0.7388315336720246	9.603981118579558	1.7602946024280986e-11
210.1512866057031	1	1	1	1	4	0	210.1512866057031	17.0	0	0.00024513077588631714	0.7253534114235101	1.4030548864063173	26.462937024444823	0.0	12.256538794315855	0.0	14.206398230128968	0.8627477982647391	12.256538794315855	2.6349798341667664e-11
223.65776436901845	1	1	1	1	4	0	223.65776436901845	18.0	0	0.00031044511265092376	0.7076105452892346	1.150743458553396	31.29924057509516	0.0	15.522255632546186	0.0	15.776984942548973	0.9838543732576048	15.522255632546186	3.189727086507744e-11
237.29359419897813	1	1	1	1	4	0	237.29359419897813	19.0	0	0.0004245457013840556	1.236738856775326	1.4153754869029214	40.007905350793436	0.0	21.227285069202782	0.0	18.780620281590654	1.130276037262221	21.227285069202782	6.148719628565538e-11
251.0589284553002	1	1	1	1	4	0	251.0589284553002	20.0	0	0.0005287743459998608	0.6870481439141963	1.1564650393696418	48.351308636676904	0.0	26.438717299993037	0.0	21.912591336683864	1.2065536610328689	26.438717299993037	5.898777009022333e-11
264.95388112274634	1	1	1	1	4	0	264.95388112274634	21.0	0	0.0007003262931699225	0.971399818635286	1.1317212309834204	62.14277556787328	0.0	35.01631465849613	0.0	27.126460909377137	1.2908545193373018	35.01631465849613	9.908257587438772e-11
278.9785277773454	1	1	1	1	4	0	278.9785277773454	22.0	0	0.0009080022821118242	0.872096892890847	1.1635261466238145	79.25627084573657	0.0	45.40011410559122	0.0	33.85615674014536	1.3409706971186564	45.40011410559122	1.6279407565843726e-10
293.1329055639992	1	1	1	1	4	0	293.1329055639992	23.0	0	0.0011476249683037615	0.7433514417605409	1.1490786917236837	98.65458827433744	0.0	57.381248415188075	0.0	41.273339859149374	1.3902739301207274	57.381248415188075	2.1517037627900854e-10
307.41701318547484	1	1	1	1	4	0	307.41701318547484	24.0	0	0.0014929639117780215	0.8520517093533054	1.1381355508706157	126.59724088876673	0.0	74.64819558890106	0.0	51.949045299865645	1.4369502876907372	74.64819558890106	2.847427256558312e-10
321.83081090278995	1	1	1	1	4	0	321.83081090278995	25.0	0	0.0019382057573430421	0.8520623383196297	1.1159780658800835	163.17140354675706	0.0	96.91028786715208	0.0	66.26111567960498	1.4625514054992113	96.91028786715208	3.6557163181183504e-10
336.3742205469876	1	1	1	1	4	0	336.3742205469876	26.0	0	0.0024858311113377268	0.8197441379725999	1.1860728751985476	209.63831649139556	0.0	124.29155556688634	0.0	85.3467609245092	1.4563125093502325	124.29155556688634	4.733068222409539e-10
351.0471255422998	1	1	1	1	4	0	351.0471255422998	27.0	0	0.003151174953004948	0.862561252755219	1.198074407552368	274.6454362997569	0.0	157.55874765024737	0.0	107.81084131790159	1.4614369549872468	157.55874765024737	6.019884948379044e-10
365.84937094069124	1	1	1	1	4	0	365.84937094069124	28.0	0	0.003821892767171036	0.9329200004347524	1.150814959554988	367.31589416839597	0.0	191.09463835855183	0.0	131.22076908924876	1.456283480769575	191.09463835855183	9.117149586424824e-10
380.78076346777357	1	1	1	1	4	0	380.78076346777357	29.0	0	0.0044784437409428855	0.9118060072321342	1.1051941986003997	486.4603508773156	0.0	223.92218704714423	0.0	155.57541939254773	1.4393159788446015	223.92218704714423	1.2249211369440032e-09
395.84107158007737	1	1	1	1	4	0	395.84107158007737	30.0	0	0.005172166228392524	0.8795189785655844	1.1625588853643307	625.2418511035005	0.0	258.6083114196262	0.0	180.872665326206	1.4297810614623447	258.6083114196262	1.4590101008217855e-09
411.03002553366304	1	1	1	1	4	0	411.03002553366304	31.0	0	0.005872399053109143	0.9198523234692491	1.1822602918354244	796.8731006999495	0.0	293.6199526554572	0.0	207.10934790321625	1.4177049738608034	293.6199526554572	1.80720024904204e-09
426.3473174640513	1	1	1	1	4	0	426.3473174640513	32.0	0	0.006546878318070968	0.9102849154814964	1.1687892990796964	992.3731501452196	0.0	327.3439159035484	0.0	234.28124661568452	1.3972262852114838	327.3439159035484	2.0441560099853605e-09
441.79260147745117	1	1	1	1	4	0	441.79260147745117	33.0	0	0.007271698058234973	0.9329364442506136	1.1674775531594983	1210.1942323486232	0.0	363.5849029117487	11.86334260539778	262.3830506475248	1.4309165343972965	375.4482455171465	2.2977043780786266e-09
457.365493753255	1	1	1	1	4	0	457.365493753255	34.0	0	0.007997087437483364	0.955297287606653	1.1920693902661208	1454.6041410117887	0.0	399.85437187416807	33.638863238761594	291.40833078926954	1.4875801043121453	433.4932351129297	3.0888011562827638e-09
473.0655726577729	1	1	1	1	4	0	473.0655726577729	35.0	0	0.00868653413807413	0.9359786710729162	1.14262843190652	1719.2660568194938	0.0	434.32670690370634	63.26574790347243	321.349512108984	1.548446274405492	497.5924548071788	3.4131561078735247e-09
488.8923788691719	1	1	1	1	4	0	488.8923788691719	36.0	0	0.009404991530969306	0.9728580245140408	1.14813282701971	2015.403979442222	0.0	470.24957654846526	98.57176754760937	352.19784743321793	1.6150619552095133	568.8213440960748	3.840792391251804e-09
504.8454155135833	1	1	1	1	4	0	504.8454155135833	37.0	0	0.010116540696503369	0.9389791855175494	1.152718653244423	2331.619893995257	7.015059303619688	505.82703482516837	137.2716074713363	383.94339169177283	1.6749829693976868	650.1137016001244	4.298596417243747e-09
520.9241483123367	1	1	1	1	4	0	520.9241483123367	38.0	0	0.010783527875881268	0.966646609902748	1.1512606921833684	2681.5847031385933	20.920301141753512	539.1763937940633	176.96529644246598	416.5749771798134	1.7191183567596016	737.0619913782828	4.8233732181273615e-09
537.1280057402779	1	1	1	1	4	0	537.1280057402779	39.0	0	0.011487151153375454	0.9477034644712228	1.1643889431170145	3046.426721857875	41.57746167947757	574.3575576687726	228.13453234226182	450.0801897904991	1.7829980261619027	844.069551690512	5.13616633970495e-09
553.4563791951257	1	1	1	1	4	0	553.4563791951257	40.0	0	0.01216946257831384	0.9029708252423264	1.1630017253632108	3430.2320781252447	68.8346330571118	608.473128915692	285.8563949510358	484.4453462708605	1.8460896172314452	963.1641569238395	7.012299210771051e-09
569.9086231778117	1	1	1	1	4	0	569.9086231778117	41.0	0	0.012887035461018916	0.8942149692756487	1.1645948141251603	3836.120078917081	102.52601851334668	644.3517730509458	344.97084620866616	519.6554725530912	1.9038048697900252	1091.8486377729585	7.293666967095426e-09
586.4840554837581	1	1	1	1	4	0	586.4840554837581	42.0	0	0.013623454856586474	0.9061365153542826	1.1447617041536124	4273.510962656266	142.47170017444452	681.1727428293236	400.0782610971759	555.6942832127727	1.9457659302794976	1223.7227041009442	7.647523931873359e-09
603.1819574050269	1	1	1	1	4	0	603.1819574050269	43.0	0	0.014337167912031127	0.9474451495107258	1.160502926836648	4759.345547211224	188.47742008486333	716.8583956015563	445.5372001664082	592.5441621047914	1.9617028908680647	1350.8730158528278	8.795459626705335e-09
620.0015739432909	1	1	1	1	4	0	620.0015739432909	44.0	0	0.014984779865691324	0.9378897695935422	1.1509487775777454	5280.421484803437	240.3343750448304	749.2389932845662	486.7965064426599	630.1861442268499	1.9613815870922842	1476.3698747720566	9.343911626020108e-09
636.9421140335545	1	1	1	1	4	0	636.9421140335545	45.0	0	0.015652387633997452	0.8898251396215987	1.1522680159209846	5802.360412759585	297.8190258094122	782.6193816998726	539.6599945120054	668.5998988595103	1.9776840805202127	1620.0984020212902	9.812585219211824e-09
654.0027507785644	1	1	1	1	4	0	654.0027507785644	46.0	0	0.016340384676530314	0.9006494108123256	1.1226638322874791	6357.279063620463	360.69292119149117	817.0192338265158	598.4568926302895	707.7637140306491	1.9999275159160097	1776.1690476482966	1.1823242479804952e-08
671.1826216938364	1	1	1	1	4	0	671.1826216938364	47.0	0	0.017080742353041672	0.8982225581221204	1.1471817015359913	6938.688480160436	428.702537597776	854.0371176520838	657.2664508030814	747.6544823510362	2.0213930420142687	1940.0061060529406	1.23686400266185e-08
688.4808289632283	1	1	1	1	4	0	688.4808289632283	48.0	0	0.01782790233474124	0.9128759869077048	1.1331866171624638	7566.871880998132	501.57913451254234	891.3951167370623	709.916576233926	788.2476882664861	2.0314828914913687	2102.8908274835308	1.3950146412247368e-08
705.8964397049822	1	1	1	1	4	0	705.8964397049822	49.0	0	0.018534396405345484	0.9321241815432546	1.1422149539754425	8230.335139971983	579.0386264282525	926.7198202672744	752.8416297505372	829.5173967706672	2.024745299563804	2258.600076446064	1.4866186882995442e-08
723.4284862481575	1	1	1	1	4	0	723.4284862481575	50.0	0	0.019291109812746	0.9065325104389004	1.1442315798612137	8910.35068314511	660.7814717055172	964.5554906373003	810.4757308638319	871.436243621193	2.036903140641836	2435.8126932066502	1.5244999464282546e-08
741.0759664193733	1	1	1	1	4	0	741.0759664193733	51.0	0	0.020026148759291842	0.9001579177776027	1.1500176219982785	9612.39260129916	746.4925788270981	1001.3074379645924	876.5594057224796	913.9754271000563	2.054614148265821	2624.35942251417	1.6845489169353018e-08
758.8378438397727	1	1	1	1	4	0	758.8378438397727	52.0	0	0.020831349756993568	0.8706813630859768	1.1464539329309404	10327.593115254129	835.8412304917856	1041.5674878496786	944.5756310611807	957.1047013578163	2.0751576249632637	2821.9843494026454	1.95329726833152e-08
776.7130482321257	1	1	1	1	4	0	776.7130482321257	53.0	0	0.02165659194118068	0.9100566114892371	1.149375334977493	11098.026979864837	928.4810259740648	1082.8295970590339	1007.7495086544756	1000.792371379198	2.088923902200084	3019.0601316875745	2.020007354098804e-08
794.7004757379742	1	1	1	1	4	0	794.7004757379742	54.0	0	0.022449800325409143	0.8944428389623651	1.1228657454948092	11903.77455130942	1024.0498421545199	1122.4900162704573	1059.048258242922	1045.0052896059226	2.087585867949098	3205.588116667899	2.0715195379784004e-08
812.7989892447298	1	1	1	1	4	0	812.7989892447298	55.0	0	0.023306010021192203	0.8890590166645221	1.143226293699514	12738.240166890884	1122.1698136039506	1165.3005010596105	1118.4605119973603	1089.7088542506617	2.0957533786649822	3405.930826660921	2.2064001024979225e-08
831.0074187226242	1	1	1	1	4	0	831.0074187226242	56.0	0	0.024144834923591624	0.9197614269775513	1.1497479061091471	13621.260952671057	1222.4473320812006	1207.2417461795812	1185.9135452722826	1134.867009333982	2.1087539524620875	3615.602623533064	2.5782269350976935e-08
849.3245615714155	1	1	1	1	4	0	849.3245615714155	57.0	0	0.0249712147690996	0.9019532587950236	1.1311329969878028	14530.935102366577	1324.473065780785	1248.56073845498	1254.223101530684	1180.442246474058	2.120208631520429	3827.256905766449	2.6160888346268643e-08
867.7491829767432	1	1	1	1	4	0	867.7491829767432	58.0	0	0.025807834952081717	0.8833093323906278	1.139844466235172	15477.162193691718	1427.8219986415347	1290.391747604086	1315.9445103417586	1226.3956084567367	2.12520025346926	4034.158256587379	2.846432893586873e-08
886.2800162760308	1	1	1	1	4	0	886.2800162760308	59.0	0	0.026597525737428386	0.8757980783410251	1.1453828722065635	16453.751051834184	1532.0534900017474	1329.8762868714193	1363.3739103596945	1272.6866946112796	2.1161926251250085	4225.30368723286	2.9156622614787613e-08
