0.0
0.0007285827694774977
0.001470803715289176
0.0022264888145988866
0.002995435107657292
0.0015912396486591719
0.0
9.899752983708156e-06
0.000153831874472381
0.00018212852592845155
0.00023549046824120447
0.0002867138299781189
0.00017913173227805502
0.0003826065940491699
0.0005312811760195918
7.940731667798319e-05
0.0003360588727490282
0.0004702159421651047
0.00032647781761927603
0.0013721226035687888
0.0007849016866911676
0.0013787312244050495
0.0020355104995500835
0.00050295878982406
0.002587942294737644
0.0032815050857404843
0.002267231299322031
0.005295567060748127
0.0031276690188588676
0.006502077467410743
0.007215236499858001
0.00688789882916943
0.010829906650697092
0.007569540414334328
0.00877231609441701
0.015187186554401167
0.009898287788162152
0.015569671611351553
0.017123116851642136
0.006316269839631162
0.018431722071622688
0.01901398262251334
0.017623778595532488
0.025552591913012863
0.025961423012645868
0.029216176176175997
0.03099201410239539
0.035552822290687174
0.0397075628300309
0.040473444066905305
0.04123350626108635
0.043129274257760024
0.043687670021381686
0.044212918226724816
0.044703564644739006
0.04515815508332026
0.04557523714007619
0.045953361982678874
0.04629108615454278
0.8291617335771971
