0.0
0.0007285827694774977
0.001470803715289176
0.0022264888145988866
0.002995435107657292
0.0015912396486591719
0.0
2.5234656380764167e-05
0.00024385738612554418
0.0002664166933028511
0.00040697876637501906
0.0005110377881496522
0.0006955386524856487
0.0006392332385619461
0.0010813740561041777
0.0010420070786426783
0.0013691792099721775
0.0017522234040229104
0.002652500601029182
0.0030000814638867796
0.00469784265113482
0.006188789742436189
0.007522116970030446
0.009391547525366521
0.012297598047681362
0.016176924997570483
0.02223796463257297
0.023409927771347174
0.02435465030329897
0.025297245933658247
0.0262366825770103
0.027171898712468192
0.02810180403184029
0.02902528014174485
0.02994118131971442
0.03084833532423392
0.031745544258554845
0.03263158548804057
0.0335052126106857
0.03436515648036141
0.03521012628223077
0.03603881065968153
0.03684987889201875
0.03764198212205872
0.038413754632660134
0.03916381517113882
0.03989076832038711
0.04059320591544997
0.04126970850418093
0.041918846850525826
0.04253918347886315
0.043129274257760024
0.04368767002138191
0.04421291822672493
0.044703564644738895
0.04515815508332049
0.045575237140075844
0.045953361982678645
0.04629108615454311
1.2660868509108925
