0.0
0.0007285827694774977
0.001470803715289176
0.0022264888145988866
0.002995435107657292
0.0015912396486591719
0.0
6.899387532033786e-06
0.00017802775892982936
0.000299261733501897
0.0003643456954225979
0.00048447353948727036
0.0004277687775211287
0.00040353975804128167
0.0002818823145663014
0.0008842105649787052
0.0012137876126952813
0.0010966382306676846
0.0019082031818463251
0.0025811270177885214
0.003270698478822617
0.004880718787075061
0.005808578310312392
0.0075960199191746226
0.00922837301761679
0.010700920195770203
0.013879285767839861
0.020413415765125665
0.02435465030329897
0.025297245933658247
0.026236682577010274
0.02717189871246828
0.028101804031840233
0.029025280141744787
0.029941181319714447
0.030848335324233863
0.03174554425855491
0.03263158548804046
0.03350521261068582
0.03436515648036141
0.03521012628223077
0.03603881065968142
0.03684987889201887
0.03764198212205861
0.03841375463266025
0.03916381517113882
0.03989076832038734
0.040593205915449515
0.04126970850418127
0.041918846850525604
0.04253918347886361
0.043129274257759795
0.04368767002138191
0.044212918226724816
0.044703564644738895
0.04515815508332026
0.04557523714007607
0.045953361982678645
0.04629108615454289
1.2363866513924293
