0.0
0.0007285827694774977
0.001470803715289176
0.0022264888145988866
0.002995435107657292
0.0015912396486591719
0.0
2.644345112873481e-05
0.00019854532889985955
0.00015792794934842825
0.00023162181853831322
0.00020716875439092953
0.00022292236529508717
0.0003944824007827705
0.0005927816796808881
0.000516458115060873
0.0008263159440540857
0.0008244699586381597
0.000455187143762732
0.002007521440912216
0.0008481654319396324
0.002256140707362075
0.002746167687611447
0.0010200672831336918
0.004298112148322734
0.006180745758877691
0.0033994279173454774
0.008024506982801029
0.005526704540803941
0.013037801017532893
0.012595590717067624
0.010778096375712736
0.018003593856793006
0.013424717033182163
0.013819312398340701
0.024467837184505955
0.016551057661397608
0.02555921439665579
0.026826147991469557
0.029343747403882875
0.031205478388614583
0.035066492761468455
0.0368498788920187
0.037641982122058555
0.03841375463266025
0.03916381517113882
0.03989076832038717
0.040593205915449744
0.04126970850418116
0.041918846850525604
0.0425391834788635
0.043129274257760024
0.043687670021381686
0.044212918226724816
0.044703564644739124
0.04515815508332026
0.0455752371400763
0.045953361982678534
0.046291086154543
1.0376459334495038
