0.0
0.0007285827694774977
0.001470803715289176
0.0022264888145988866
0.002995435107657292
0.0015912396486591719
0.0
0.0
0.0002441383489397726
8.888434718034511e-05
0.00035698896408731967
0.0002968886281957471
0.00039629394447885427
0.0005165928347230598
0.0005845856415605759
0.0007698021857790761
0.0008202892274707417
0.0007874640970864313
0.0006170977556493097
0.002331949571732638
0.0010933460661620132
0.003366008863020479
0.004351593050166368
0.004698127032831678
0.006758986858295828
0.008984545799532775
0.011245316818759364
0.014182318546853865
0.018787216384781914
0.02389386827880509
0.026236682577010246
0.02717189871246828
0.028101804031840233
0.029025280141744814
0.029941181319714478
0.03084833532423389
0.03174554425855491
0.032631585488040515
0.03350521261068576
0.03436515648036129
0.03521012628223088
0.03603881065968153
0.03684987889201875
0.03764198212205849
0.038413754632660474
0.03916381517113871
0.03989076832038723
0.04059320591544986
0.041269708504181046
0.041918846850525604
0.04253918347886361
0.043129274257760024
0.04368767002138146
0.044212918226725045
0.044703564644738895
0.04515815508332049
0.04557523714007607
0.045953361982678416
0.04629108615454289
1.205998882586849
