0.0
0.0007285827694774977
0.001470803715289176
0.0022264888145988866
0.002995435107657292
0.0015912396486591719
0.0
0.0
8.668186876945861e-05
0.00016821715293581898
0.00014956315779859964
0.0002389093597150733
0.0002190366645473727
0.000169406049428277
0.0003206893679509833
8.142323023107246e-05
0.000222491245780752
0.00040450010244461157
0.0002717187625593152
0.0007686799962158749
0.0005501892940348316
0.0008048499768769073
0.0014629186633342962
0.002063987227097103
0.0024258543824221593
0.0028314038051983704
0.003855414325455762
0.005818873703595877
0.006715268475755239
0.0077292411523839704
0.009144443980588541
0.014877745113916575
0.013928478729643888
0.015068727504950134
0.01813462904376826
0.021164935310490764
0.023005246152092897
0.025088770439219307
0.026760824299321313
0.026625989335800345
0.02925375348742685
0.03454299397063192
0.0368498788920187
0.03764198212205849
0.03841375463266031
0.03916381517113877
0.03989076832038717
0.04059320591544986
0.04126970850418127
0.041918846850525715
0.04253918347886315
0.043129274257760135
0.043687670021381686
0.0442129182267247
0.044703564644739235
0.04515815508332014
0.04557523714007619
0.045953361982678874
0.04629108615454278
1.0209608167865718
