0.0
0.0007285827694774977
0.001470803715289176
0.0022264888145988866
0.002995435107657292
0.0015912396486591719
0.00022934790516145225
0.0002959789255339107
0.0001756970884659346
0.00038871929786539467
0.0003561854936570104
0.0006101563028413946
0.0008859111272910899
0.0010298088859786124
0.0013499458649467435
0.0016077331762374492
0.0018931137213943378
0.0026663731570593934
0.003973893657692262
0.00557036694997511
0.0071995638938902795
0.009051681444567826
0.010970390109328591
0.015301577154434276
0.018305052304263755
0.021518079654435314
0.022464080393392424
0.02340992777134716
0.02435465030329897
0.02529724593365822
0.026236682577010274
0.02717189871246825
0.028101804031840233
0.029025280141744814
0.02994118131971442
0.030848335324233974
0.031745544258554845
0.03263158548804057
0.0335052126106857
0.03436515648036141
0.03521012628223077
0.03603881065968165
0.036849878892018524
0.03764198212205861
0.03841375463266036
0.03916381517113894
0.03989076832038711
0.04059320591544986
0.041269708504181046
0.041918846850525826
0.04253918347886315
0.043129274257760024
0.0436876700213818
0.04421291822672493
0.044703564644738666
0.04515815508332049
0.0455752371400763
0.045953361982678416
0.04629108615454289
1.2997320598574729
