1	4	0.0	1.0	0.0	0.0	0.015	0.0		0.0	
2	4	0.0	1.0	0.0	0.0	0.015	0.0		0.0	
3	4	0.0	1.0	0.0	0.0	0.014552750241652503	0.0		0.0	
4	4	0.0	1.0	0.0	0.0	0.013791431040067982	0.0		0.0	
5	4	0.0	1.0	0.0	0.0	0.01271309866873642	0.0		0.0	
6	4	0.0	1.0	0.0	0.0	0.011314922877436092	0.0		0.0	
7	4	2.1260101330044985e-05	1.0	0.0	0.0	0.010075555122184271	0.0	0.0	2.1260101330044985e-05	
8	4	2.1260101330044985e-05	1.0	1.3588968727497595e-05	0.0	0.010075555122184271	0.0	0.0	2.1260101330044985e-05	1.2017804686767313
9	4	2.1260101330044985e-05	1.0	2.879929251007735e-06	1.1719381405101863	0.010075555122184271	0.0	0.0	2.1260101330044985e-05	1.7779131123704284
10	4	2.299611545626742e-05	1.0	7.275868957855609e-06	11.472717553323296	0.010224143130713651	0.0	0.0	2.299611545626742e-05	0.8772041698861253
11	4	2.813016918578106e-05	1.0	4.46994178284986e-05	26.899015592533864	0.01065693781300567	0.0	0.0	2.813016918578106e-05	1.024057283156129
12	4	3.684003907969046e-05	1.0	4.022938131185733e-05	43.32746083638988	0.01139067255637573	0.0	0.0	3.684003907969046e-05	1.2001082711551418
13	4	4.112899651695052e-05	1.0	2.087348143815985e-05	23.628221003842555	0.01175566008194979	0.0	0.0	4.112899651695052e-05	2.5642230359774274
14	4	5.023082874354559e-05	1.0	3.8994367802306786e-05	46.744516749546854	0.01254563441993548	0.0	0.0	5.023082874354559e-05	1.2504085336140358
15	4	6.535582959267988e-05	1.0	5.34265867198296e-05	71.56225912350052	0.013789368033180495	0.0	0.0	6.535582959267988e-05	1.0950904728622974
16	4	8.401946112594504e-05	1.0	6.110395757003025e-05	85.71331846431191	0.015286837135729491	0.0	0.0	8.401946112594504e-05	1.097084228096793
17	4	0.00010153554947751074	1.0	6.188573078152937e-05	80.762818884219	0.016683366158594073	0.0	0.0	0.00010153554947751074	1.2963501668990172
18	4	0.00013003190168210291	1.0	9.177306429576152e-05	129.55639883398464	0.018973007339122067	0.0	0.0	0.00013003190168210291	1.1542125619070045
19	4	0.00014929707939860675	1.0	9.571608425257616e-05	91.99592778312879	0.020553948521214508	0.0	0.0	0.00014929707939860675	1.0455200526314656
20	4	0.00016351018313029103	1.0	0.00015018356066448245	72.4410359250642	0.02176347324177693	0.0	0.0	0.00016351018313029103	1.2442962787004073
21	4	0.00021131847669581818	1.0	0.00016308216799337368	240.3665042355723	0.026069345897944903	0.0	0.0	0.00021131847669581818	1.0345122978875645
22	4	0.00023065034120279586	1.0	0.00015393833568053955	103.55970184601034	0.027819327259649883	0.0	0.0	0.00023065034120279586	1.0368901303381604
23	4	0.0002760827291593428	1.0	0.0001740097579842633	238.57403594746185	0.032053915693174145	0.0	0.0	0.0002760827291593428	1.2824883230041633
24	4	0.00035906716123181633	1.0	0.00030319482170874717	420.68630116393837	0.039628025752281616	0.0	0.0	0.00035906716123181633	1.2317876736771425
25	4	0.00037888074885594617	1.0	0.0002628903014205816	111.28519243263031	0.04143538694400548	0.0	0.0	0.00037888074885594617	1.1633819314605498
26	4	0.00046480401514681824	1.0	0.00026995329552621176	445.77631638486463	0.049414162593579364	0.0	0.0	0.00046480401514681824	1.159051986267606
27	4	0.0005884006497567338	1.0	0.00041837193822346464	661.8915565777628	0.061337389279334485	0.0	0.0	0.0005884006497567338	1.3083714653730576
28	4	0.0006613251966982956	1.0	0.0005185373750037174	395.7722099416505	0.06826649640987813	0.0	0.0	0.0006613251966982956	1.1343997462612896
29	4	0.0008263184890722286	1.0	0.0005393508335683023	884.974559477256	0.0841944642347854	0.0	0.0	0.0008263184890722286	1.1963881641653953
30	4	0.0009316213500555972	1.0	0.0006912844054994477	595.3097546831892	0.09466786367762126	0.0	0.0	0.0009316213500555972	1.1418465111461789
31	4	0.001178167608229835	1.0	0.0008349875785076828	1347.697498661433	0.1189825662412099	0.0	0.0	0.001178167608229835	1.2161428183374587
32	4	0.0014172288052669974	1.0	0.0009760052197530739	1333.3373037707347	0.1428786494642493	0.0	0.0	0.0014172288052669974	1.1210742298727945
33	4	0.0016059215214746128	1.0	0.0011504232607856427	1107.4470705021788	0.16244878711320088	0.0	0.0	0.0016059215214746128	1.1606536092983073
34	4	0.0019374170516365551	1.0	0.0014481122214636145	2172.6842792230427	0.20158569050840225	0.0	0.0	0.0019374170516365551	1.0752495356101472
35	4	0.0021656487594245567	1.0	0.0016142225933676244	1715.4818633074967	0.2320250105159477	0.0	0.0	0.0021656487594245567	1.1151570688854084
36	4	0.002422446580635019	1.0	0.0020481923396128165	2175.1725232423582	0.2707695769038137	0.0	0.0	0.002422446580635019	1.1793202965481178
37	4	0.0028362780298258204	1.0	0.0021129757676500932	3593.620966453747	0.33548893723744405	0.0	0.0	0.0028362780298258204	1.1683484955284105
38	4	0.003115920189713687	1.0	0.002746632021282044	2792.423022126404	0.38499106255843696	0.0036759349513738743	0.016836636474073175	0.003115920189713687	1.2238642691486443
39	4	0.003499004643921389	1.0	0.002907685858861619	4328.869798293097	0.4625813139899281	0.01432457937290736	0.05287178766131486	0.003499004643921389	1.1723899861299147
40	4	0.0039246152934705215	1.0	0.0029927249285714	5346.668155618341	0.5584959352338721	0.03098483455114625	0.09117940190471883	0.0039246152934705215	1.207597803672513
41	4	0.0040743188407373785	1.0	0.003404168194876968	2255.730282623277	0.5966727805319638	0.0389587012138869	0.10588147542522804	0.0040743188407373785	1.1516758303519476
42	4	0.0045069834146660255	1.0	0.003414960340442016	6298.806014899438	0.7093421321552167	0.06604457970757739	0.14601655932250066	0.0045069834146660255	1.1771993374373992
43	4	0.004988444646359557	1.0	0.003957397094098786	7076.7079246049425	0.8356805613426216	0.10086585539033342	0.1843202088869232	0.004988444646359557	1.1811183525195692
44	4	0.005523729437943045	1.0	0.004225356743047831	8066.930631387931	0.9795830739643092	0.14687157530075226	0.22454137164550267	0.005523729437943045	1.1692783819024588
45	4	0.0060094384031881935	1.0	0.004706721399026201	8881.90715957997	1.1432758103038685	0.19872853026071927	0.261078616694488	0.0060094384031881935	1.1387238431714972
46	4	0.006510144229417792	1.0	0.005150969221326143	10042.413746857355	1.3293457427989068	0.2562131810253011	0.2900470955239837	0.006510144229417792	1.1947155677179084
47	4	0.007026142011317438	1.0	0.005783325811439703	11066.368753043062	1.5359136187336089	0.3190870764073801	0.3140244585266679	0.007026142011317438	1.175614060085195
48	4	0.007581410268700957	1.0	0.0062984381975442	12432.981050670141	1.7733509939780987	0.3870966928136648	0.3348581720319508	0.007581410268700957	1.1433901417661572
49	4	0.008141780254975636	1.0	0.006855771871719525	13171.921287381752	2.0276474901681483	0.4599732897284312	0.3548123626865511	0.008141780254975636	1.145878887467754
50	4	0.008671650807928819	1.0	0.007214503461563788	14224.493236889512	2.3089749805106496	0.5374327816441414	0.3751629952123745	0.008671650807928819	1.1926512698809029
51	4	0.009239185863479205	1.0	0.007703056016018455	15015.654935980618	2.601013009608294	0.6191756269214062	0.39043115068872863	0.009239185863479205	1.150222407883602
52	4	0.009790465073388587	1.0	0.008006305442724	16041.5311462467	2.9131778465810823	0.7048867340429871	0.4030885336652887	0.009790465073388587	1.1481733882147025
53	4	0.01039436582166488	1.0	0.008130153581415434	17270.815025823187	3.251433045102188	0.7942353857076745	0.41382154041577135	0.01039436582166488	1.1670453311139692
54	4	0.011013297459805213	1.0	0.009115516995323607	18745.391933731724	3.625166200410253	0.8868751811899537	0.4242940639503433	0.011013297459805213	1.1376893210995076
55	4	0.011608203747976564	1.0	0.009494485141959693	19750.204980609047	4.0249202840357725	0.9824439973704091	0.4358620169211166	0.011608203747976564	1.142472377506946
56	4	0.012250361019813857	1.0	0.009897562764979422	20883.780207541382	4.4460857059247045	1.0805639688198394	0.4448939812889657	0.012250361019813857	1.1449104774776249
57	4	0.012879479696613424	1.0	0.010820396497139105	22642.976608308018	4.906489353880332	1.1808414872970894	0.4522329385734896	0.012879479696613424	1.1894860808068433
58	4	0.0134992645807444	1.0	0.011307674472413251	24052.884696881214	5.398976116326964	1.2828672209966738	0.4589236525531061	0.0134992645807444	1.180901900128991
59	4	0.014126729717980997	1.0	0.011641624761300923	24655.146099807283	5.9041577156285765	1.3862161538574236	0.4657364803241783	0.014126729717980997	1.1568034418258877
60	4	0.01471899780699099	1.0	0.01252427353944095	26051.234668504152	6.446482899424994	1.4904476452176365	0.4737877664268064	0.01471899780699099	1.1725217047391336
