1	4	0.0	1.0	0.0	0.0	0.015	0.0		0.0	
2	4	0.0	1.0	0.0	0.0	0.015	0.0		0.0	
3	4	0.0	1.0	0.0	0.0	0.014552750241652503	0.0		0.0	
4	4	0.0	1.0	0.0	0.0	0.013791431040067982	0.0		0.0	
5	4	0.0	1.0	0.0	0.0	0.01271309866873642	0.0		0.0	
6	4	0.0	1.0	0.0	0.0	0.011314922877436092	0.0		0.0	
7	4	2.1260101330044985e-05	1.0	0.0	0.0	0.010075555122184271	0.0	0.0	2.1260101330044985e-05	
8	4	2.1260101330044985e-05	1.0	1.3144236008455065e-05	0.0	0.010075555122184271	0.0	0.0	2.1260101330044985e-05	0.8052300033758499
9	4	2.1632722532039494e-05	1.0	1.6698866635420696e-05	5.228376875292382	0.010108721488752793	0.0	0.0	2.1632722532039494e-05	1.330634258726769
10	4	2.1920359353394897e-05	1.0	2.97401802427076e-06	4.777280325462849	0.010133340748365569	0.0	0.0	2.1920359353394897e-05	1.3771579318197271
11	4	2.2778957896091987e-05	1.0	6.4034824467648265e-06	7.369477314156415	0.010205719594221195	0.0	0.0	2.2778957896091987e-05	0.7641906861426981
12	4	2.6542944641415906e-05	1.0	1.3657464873051164e-05	20.632804790536145	0.01052280445108683	0.0	0.0	2.6542944641415906e-05	2.6216552326904257
13	4	3.163373755577155e-05	1.0	2.68607013450548e-05	27.023992283021727	0.010956027661202813	0.0	0.0	3.163373755577155e-05	0.9486149994082684
14	4	3.5152540214327825e-05	1.0	1.4951273394646021e-05	20.256761560770208	0.011261434718978823	0.0	0.0	3.5152540214327825e-05	1.1154467315269017
15	4	4.5551290531360524e-05	1.0	3.7438213230830375e-05	50.098980365655535	0.012116527253124109	0.0	0.0	4.5551290531360524e-05	1.5483027978849877
16	4	5.626958564284302e-05	1.0	3.436902747382982e-05	50.654737312989255	0.012976505426870184	0.0	0.0	5.626958564284302e-05	1.670134878632907
17	4	7.151958846918379e-05	1.0	7.240752589494447e-05	70.20102148193317	0.01419236316395725	0.0	0.0	7.151958846918379e-05	1.0438089851116708
18	4	9.305937361204862e-05	1.0	9.023326967167536e-05	98.46803461627678	0.0159230541214785	0.0	0.0	9.305937361204862e-05	1.005174466458975
19	4	0.0001068151951967755	1.0	6.716332125804632e-05	66.49717164317121	0.01705188590059989	0.0	0.0	0.0001068151951967755	1.4148304732803831
20	4	0.00011711258239519117	1.0	0.00011625478432964949	53.21988465226201	0.017928186011315454	0.0	0.0	0.00011711258239519117	1.0816575507701678
21	4	0.00014035985427080452	1.0	7.920891289359876e-05	119.38424192345215	0.020021960644005642	0.0	0.0	0.00014035985427080452	1.357029201201373
22	4	0.0001565719435308675	1.0	0.00013699479504130084	86.22000499929881	0.02148953010835644	0.0	0.0	0.0001565719435308675	1.0938613571890308
23	4	0.00018738596292980957	1.0	0.00012979874663245118	162.70367410370795	0.024361593321541555	0.0	0.0	0.00018738596292980957	1.6407767197090095
24	4	0.00024266873280768056	1.0	0.0001994479763890058	281.27898504385877	0.029407332298963536	0.0	0.0	0.00024266873280768056	1.1231826926373312
25	4	0.00025447735147662165	1.0	0.00014539255881218115	68.29767927330627	0.030484494068703717	0.0	0.0	0.00025447735147662165	1.0083633235599745
26	4	0.00031120701476362525	1.0	0.00018546400699316623	295.3836241299847	0.035752371741214345	0.0	0.0	0.00031120701476362525	1.5306797020502487
27	4	0.0003929301412844291	1.0	0.0003058173421332118	438.69775024775566	0.04363610875437426	0.0	0.0	0.0003929301412844291	1.354076948873545
28	4	0.00043403775903740787	1.0	0.00027066256681568593	226.1850654352085	0.04754205125573918	0.0	0.0	0.00043403775903740787	1.1450627759412515
29	4	0.0005440776686941514	1.0	0.0003829405441043959	590.9070768674821	0.058164980923061924	0.0	0.0	0.0005440776686941514	1.2132271215258226
30	4	0.0006175332939628934	1.0	0.0004949067059701361	415.0744824180608	0.06547086129115857	0.0	0.0	0.0006175332939628934	1.1010906278990182
31	4	0.0007599116672055433	1.0	0.00046166481059771095	781.9651894078559	0.07951239581907693	0.0	0.0	0.0007599116672055433	1.1996145845578483
32	4	0.0009043184596647413	1.0	0.0005892156351246418	808.0168319240695	0.09394701245006763	0.0	0.0	0.0009043184596647413	1.1412045697915292
33	4	0.0010343324123229804	1.0	0.0008324913646998903	761.5247339892134	0.10743132175963564	0.0	0.0	0.0010343324123229804	1.185494879868482
34	4	0.0012387444992218524	1.0	0.0008599901340359662	1342.2296864761147	0.13156454640331175	0.0	0.0	0.0012387444992218524	1.1903543577281366
35	4	0.0013814482875868955	1.0	0.001003936316643063	1074.5012834617103	0.15059698638473382	0.0	0.0	0.0013814482875868955	1.1683095447882472
36	4	0.0015342309146513511	1.0	0.0011238858470083845	1298.4038235615667	0.1736481813259867	0.0	0.0	0.0015342309146513511	1.2560780857208025
37	4	0.001802544715068029	1.0	0.0014105117053174018	2329.3270664108873	0.2156099451445851	0.0	0.0	0.001802544715068029	1.2208900916571388
38	4	0.0019665506454235	1.0	0.0014722144055838624	1644.1391191975906	0.2446421987972463	0.0021558806864745016	0.015761251834958242	0.0019665506454235	1.1508619995604144
39	4	0.0022295877246451498	1.0	0.001745466768233196	2965.6138632751354	0.29791795271637395	0.009467553858133488	0.054757091162365455	0.0022295877246451498	1.2120792042711206
40	4	0.002521754325746773	1.0	0.0021211149639296725	3663.6081341764702	0.3637599350880055	0.020904227574047776	0.0949359098429176	0.002521754325746773	1.1917588274255944
41	4	0.002818680632065947	1.0	0.002439894819075866	4220.5092319990945	0.4394809842430687	0.03671982325281079	0.13305527852874496	0.002818680632065947	1.1835202210552913
42	4	0.003121614494827325	1.0	0.002314707555528379	4417.565067421936	0.5183674102615778	0.055684236548483534	0.16620109757412174	0.003121614494827325	1.255681234718257
43	4	0.003467419599717064	1.0	0.002665878067537041	5085.810062657716	0.6091088259371077	0.08069429778958206	0.2001253449165958	0.003467419599717064	1.1766002792406869
44	4	0.0038407197946165724	1.0	0.002838055974259185	5629.757694346899	0.7093330075075509	0.11277804924130425	0.2360635868459821	0.0038407197946165724	1.219184992805104
45	4	0.0042252946526541	1.0	0.003228907758604811	6441.300264330773	0.8239264919061962	0.15383737183775267	0.2734722926608752	0.0042252946526541	1.1008245527165417
46	4	0.004607895779957835	1.0	0.0033866596757147404	6919.136566055104	0.946630459121463	0.19776274884166525	0.3015205643565788	0.004607895779957835	1.139037511209205
47	4	0.005038449984774247	1.0	0.0040323786570926395	8084.117699429427	1.0900951356087911	0.2502254162784918	0.3263792439996328	0.005038449984774247	1.2244783537796369
48	4	0.00551111203360869	1.0	0.004093843986949381	8650.327247612675	1.243121915164778	0.3081173706691718	0.347863870495094	0.00551111203360869	1.1435824269304882
49	4	0.006036822089329414	1.0	0.004669219981850397	9608.956135298096	1.412904114095317	0.37648641391414506	0.3700326801182627	0.006036822089329414	1.18023459156811
50	4	0.006566692642282597	1.0	0.005232862820891103	10635.675142278771	1.604997964216183	0.4539459058298553	0.3935078964795788	0.006566692642282597	1.2216361006923486
51	4	0.007134227697832983	1.0	0.0061074336434402176	12122.782774375848	1.8269826041611423	0.53568875110712	0.4098823464373768	0.007134227697832983	1.1844096236923911
52	4	0.007685506907742366	1.0	0.0063554882996368035	13050.716119630306	2.0671382531901217	0.6213998582287009	0.4227869149253592	0.007685506907742366	1.1711439234527876
53	4	0.00828940765601866	1.0	0.006812889302162438	14132.603293232425	2.3301401890409537	0.7107485098933883	0.4332969353635383	0.00828940765601866	1.167399882564529
54	4	0.008908339294158994	1.0	0.007156768942010611	15035.371823085701	2.614198189011851	0.8033883053756675	0.44354398362637504	0.008908339294158994	1.1607526603338865
55	4	0.009503245582330344	1.0	0.007874851127358409	16510.42789901402	2.9375014311233585	0.8989571215561228	0.4551493514092316	0.009503245582330344	1.1817283445089712
56	4	0.010145402854167635	1.0	0.008497223804964303	17783.932107295248	3.2865990337534026	0.9970770930055532	0.4637851209489862	0.010145402854167635	1.152338336131666
57	4	0.010774521530967205	1.0	0.009126907748143558	18938.72033252174	3.65962347054016	1.0973546114828032	0.4705250116934112	0.010774521530967205	1.1431116434966413
58	4	0.01139430641509818	1.0	0.00925238391935838	19713.033944246275	4.048733926962775	1.1993803451823877	0.4766180834689039	0.01139430641509818	1.159807442017416
59	4	0.012021771552334777	1.0	0.009964664913810279	21197.059303932583	4.474753466036797	1.3027292780431374	0.4829480365489151	0.012021771552334777	1.1468557454196722
60	4	0.012614039641344771	1.0	0.010732957439634287	22759.37583173404	4.943018463635789	1.4069607694033504	0.4907655923284085	0.012614039641344771	1.1540185639365343
