11.247441493196291	1	1	1	1	4	0	11.247441493196291	1.0	0	0.0			15.0	0.0	0.0	0.0	0.0		0.0	0.0
11.367595075476835	1	1	1	1	4	0	11.367595075476835	1.0	0	0.0			15.0	0.0	0.0	0.0	0.0		0.0	0.0
22.856168219862568	1	1	1	1	4	0	22.856168219862568	2.0	0	0.0			14.552750241652504	0.0	0.0	0.0	0.7285827694774977	0.0	0.0	0.0
34.4665080713728	1	1	1	1	4	0	34.4665080713728	3.0	0	0.0			13.791431040067982	0.0	0.0	0.0	2.1993864847666735	0.0	0.0	0.0
46.1993671861199	1	1	1	1	4	0	46.1993671861199	4.0	0	0.0			12.713098668736418	0.0	0.0	0.0	4.42587529936556	0.0	0.0	0.0
58.05546181511435	1	1	1	1	4	0	58.05546181511435	5.0	0	0.0			11.314922877436091	0.0	0.0	0.0	7.421310407022852	0.0	0.0	0.0
70.03547169202406	1	1	1	1	4	0	70.03547169202406	6.0	0	2.1260101330044985e-05			10.075555122184273	0.0	1.0630050665022492	0.0	9.012550055682023	0.11794720250480835	1.0630050665022492	0.0
82.14003983175478	1	1	1	1	4	0	82.14003983175478	7.0	0	2.1260101330044985e-05	0.3269944977049841	2.0095786894080567	10.075555122184273	0.0	1.0630050665022492	0.0	9.012550055682023	0.11794720250480835	1.0630050665022492	2.366298685667513e-13
94.36977233991071	1	1	1	1	4	0	94.36977233991071	8.0	0	2.1260101330044985e-05	0.08171237591763643	1.056830352021907	10.075555122184273	0.0	1.0630050665022492	0.0	9.012550055682023	0.11794720250480835	1.0630050665022492	3.0035079440905013e-13
106.72523823319248	1	1	1	1	4	0	106.72523823319248	9.0	0	2.2716884323754545e-05	0.30180650821044674	0.8756714457940448	10.200243326401703	0.0	1.1358442161877274	0.0	9.064399110213976	0.1253082749752084	1.1358442161877274	7.961096998822492e-13
119.20696927078512	1	1	1	1	4	0	119.20696927078512	10.0	0	2.2716884323754545e-05	0.048463299136469504	1.0927834364591122	10.200243326401703	0.0	1.1358442161877274	0.0	9.064399110213976	0.1253082749752084	1.1358442161877274	3.544406506966094e-13
131.81545979678634	1	1	1	1	4	0	131.81545979678634	11.0	0	2.8756076942146973e-05	0.9969823759677252	1.0556379322318066	10.708995523620764	0.0	1.4378038471073489	0.0	9.271191676513414	0.15508295991223198	1.4378038471073489	2.1255989753350493e-12
144.55116659372186	1	1	1	1	4	0	144.55116659372186	12.0	0	3.100937175481493e-05	0.4143923755183783	0.7641909766836221	10.900749466180274	0.0	1.5504685877407467	0.0	9.350280878439523	0.16582053607778954	1.5504685877407467	1.3117993798818037e-12
157.41450874719058	1	1	1	1	4	0	157.41450874719058	13.0	0	3.629268864144041e-05	0.7232933264903273	1.0455397230219552	11.359303816114926	0.0	1.8146344320720211	0.0	9.544669384042905	0.1901201978882356	1.8146344320720211	2.142127295469671e-12
170.4058675216809	1	1	1	1	4	0	170.4058675216809	14.0	0	4.452127537988249e-05	0.7557720206772232	1.1097864508196291	12.03594311142368	0.0	2.2260637689941247	0.0	9.809879342429557	0.22692060638972225	2.2260637689941247	2.8481800814232733e-12
183.52558624759342	1	1	1	1	4	0	183.52558624759342	15.0	0	5.903356570003529e-05	1.4107406985998254	1.2082559784949638	13.200330991827135	0.0	2.9516782850017647	0.0	10.248652706825373	0.2880064696734248	2.9516782850017647	4.844402351231564e-12
196.77397021950497	1	1	1	1	4	0	196.77397021950497	16.0	0	6.436757387682666e-05	0.3168961441386171	1.4564413005678625	13.625602723595968	0.0	3.218378693841333	0.0	10.407224029754632	0.3092446827934011	3.218378693841333	3.04760502327273e-12
210.1512866057031	1	1	1	1	4	0	210.1512866057031	17.0	0	7.365462025977105e-05	0.4438049204495497	1.1867811192415187	14.371803629985536	0.0	3.682731012988552	0.0	10.689072616996985	0.3445323223955409	3.682731012988552	4.2377264488271095e-12
223.65776436901845	1	1	1	1	4	0	223.65776436901845	18.0	0	8.282788672433343e-05	0.5972232155390111	1.0220342037294416	15.124581255063474	0.0	4.141394336216673	0.0	10.983186918846805	0.377066726335156	4.141394336216673	8.10548839713183e-12
237.29359419897813	1	1	1	1	4	0	237.29359419897813	19.0	0	9.043055359405662e-05	0.974396309502866	1.2388381803429798	15.771562638913643	0.0	4.5215276797028325	0.0	11.250034959210813	0.40191232259246384	4.5215276797028325	6.663247279605102e-12
251.0589284553002	1	1	1	1	4	0	251.0589284553002	20.0	0	0.00010588152192293612	0.550172509060875	1.1629490536101879	17.16316014379953	0.0	5.294076096146807	0.0	11.869084047652724	0.44603914462917504	5.294076096146807	1.3029883607045776e-11
264.95388112274634	1	1	1	1	4	0	264.95388112274634	21.0	0	0.00011701984708693838	0.9526648022492384	0.9453199173444948	18.171436475892484	0.0	5.85099235434692	0.0	12.320444121545565	0.4749010909529558	5.85099235434692	1.0918377372029133e-11
278.9785277773454	1	1	1	1	4	0	278.9785277773454	22.0	0	0.00014399608641551208	1.1267012878128608	1.0790559164028408	20.685794100017755	0.0	7.1998043207756055	0.0	13.48598977924215	0.5338728887261697	7.1998043207756055	1.871164126054859e-11
293.1329055639992	1	1	1	1	4	0	293.1329055639992	23.0	0	0.00017673304223591818	0.7569080314202253	1.1455439942339842	23.673743769509343	0.0	8.836652111795908	0.0	14.837091657713435	0.595578454029564	8.836652111795908	2.4478633105621195e-11
307.41701318547484	1	1	1	1	4	0	307.41701318547484	24.0	0	0.0001863971901746136	0.7084072340029761	1.200009226972245	24.555290628504448	0.0	9.31985950873068	0.0	15.235431119773777	0.6117227294365574	9.31985950873068	1.5992245644412347e-11
321.83081090278995	1	1	1	1	4	0	321.83081090278995	25.0	0	0.0002310391290082914	0.7818452578260341	1.125442281130096	28.700710488477288	0.0	11.551956450414572	0.0	17.148754038062727	0.6736324064578854	11.551956450414572	4.5408475233766114e-11
336.3742205469876	1	1	1	1	4	0	336.3742205469876	26.0	0	0.0002888666925053122	0.8658826674922601	1.108229036220403	34.27926973028826	0.0	14.44333462526561	0.0	19.835935105022656	0.7281398405870171	14.44333462526561	5.908815699395843e-11
351.0471255422998	1	1	1	1	4	0	351.0471255422998	27.0	0	0.0003254839177619567	0.8815406142171714	1.18415678782223	37.75854642473056	0.0	16.27419588809784	0.0	21.48435053663271	0.757490707496552	16.27419588809784	4.3751831404136706e-11
365.84937094069124	1	1	1	1	4	0	365.84937094069124	28.0	0	0.0003839470859441818	0.5560656624391601	1.179448240108417	43.40240896211296	0.0	19.197354297209092	0.0	24.205054664903866	0.7931134452277983	19.197354297209092	6.46900521782977e-11
380.78076346777357	1	1	1	1	4	0	380.78076346777357	29.0	0	0.0004348262657229017	0.9522243417672144	1.0601191284766516	48.46284101657111	0.0	21.741313286145086	0.0	26.721527730426025	0.8136253849509397	21.741313286145086	7.982476197909329e-11
395.84107158007737	1	1	1	1	4	0	395.84107158007737	30.0	0	0.0005405162435342026	0.8023642713445712	1.2033432303254792	58.886119769469225	0.0	27.02581217671013	0.0	31.86030759275909	0.8482596126238373	27.02581217671013	1.389838305829707e-10
411.03002553366304	1	1	1	1	4	0	411.03002553366304	31.0	0	0.0006646590252293821	1.0775729918244814	1.0641292104718356	71.29518606585555	0.0	33.23295126146911	0.0	38.06223480438644	0.8731213874398994	33.23295126146911	1.7474483482781854e-10
426.3473174640513	1	1	1	1	4	0	426.3473174640513	32.0	0	0.0007604948612713658	0.9946861949132514	1.1124773143909417	81.23473508893692	0.0	38.02474306356828	0.0	43.20999202536861	0.8799988447404463	38.02474306356828	1.502363267017435e-10
441.79260147745117	1	1	1	1	4	0	441.79260147745117	33.0	0	0.0009095091542299694	0.8527758544880134	1.190861405962416	98.82760575351595	0.0	45.47545771149847	2.4389617342223944	50.91318630779511	0.9411003891222752	47.91441944572086	2.2071186727174559e-10
457.365493753255	1	1	1	1	4	0	457.365493753255	34.0	0	0.0010165906789899788	0.8731352269180639	1.1128452975873429	113.10909551958076	0.0	50.82953394949895	5.653450419292046	56.626111150789775	0.9974724243093854	56.48298436879099	2.543048837745334e-10
473.0655726577729	1	1	1	1	4	0	473.0655726577729	35.0	0	0.0011278657510269804	0.83584520775349	1.1725342877274143	129.89780655898934	0.0	56.39328755134903	10.435159755884373	63.06935925175597	1.0596024456261264	66.8284473072334	2.854604371276502e-10
488.8923788691719	1	1	1	1	4	0	488.8923788691719	36.0	0	0.0013207723246841964	0.8512366686384277	1.1527125518325083	160.06658680916104	0.0	66.03861623420983	19.91486355791417	74.11310701703705	1.1597608473271146	85.953479792124	5.165774211655651e-10
504.8454155135833	1	1	1	1	4	0	504.8454155135833	37.0	0	0.001518595407360923	0.8227822698202379	1.1531299162182893	195.08513706630123	2.6004118409452164	75.92977036804616	30.674094266956487	85.88086059035335	1.2412994455597832	109.20427647594785	6.533984703196647e-10
520.9241483123367	1	1	1	1	4	0	520.9241483123367	38.0	0	0.0017289194855880706	0.8785695577352631	1.1336470277194617	237.68435489541469	8.446815415216522	86.44597427940353	43.190884397877205	99.60068080291742	1.301565989632106	138.08367409249726	8.009285605144317e-10
537.1280057402779	1	1	1	1	4	0	537.1280057402779	39.0	0	0.0019458367932316046	0.8605581573932254	1.1035742630023997	286.5683323661989	16.937903929439983	97.29183966158024	58.96565086820948	113.3729379069692	1.378260927294752	173.1953944592297	9.091825238797117e-10
553.4563791951257	1	1	1	1	4	0	553.4563791951257	40.0	0	0.0021593647399640974	0.8529450715827025	1.1812260520057334	341.021440111832	28.311337672987953	107.96823699820489	77.0295881759272	127.71227726471193	1.4485516125492242	213.30916284712	1.2553320126663295e-09
569.9086231778117	1	1	1	1	4	0	569.9086231778117	41.0	0	0.0023953845857166032	0.8061262243654079	1.1212855026800193	402.48291533661074	43.086767068800285	119.76922928583019	96.47316527289551	143.15375370908478	1.5105604216161226	259.329161627526	1.6226872496476288e-09
586.4840554837581	1	1	1	1	4	0	586.4840554837581	42.0	0	0.002657466483226671	0.7979339345039281	1.1233426860879585	471.25483936756325	62.04161826742586	132.87332416133358	116.08516347362766	160.25473346517617	1.5535172175682452	311.00010590238713	1.6770440713535673e-09
603.1819574050269	1	1	1	1	4	0	603.1819574050269	43.0	0	0.002945287465358262	0.7655263186970018	1.2114486526458954	548.5294370427807	86.77875202591848	147.26437326791313	134.41751201307684	180.06879973587226	1.5643014541895397	368.4606373069085	1.711081636874839e-09
620.0015739432909	1	1	1	1	4	0	620.0015739432909	44.0	0	0.003261096634307152	0.9137398545909902	1.1891490646199296	642.6325025930574	120.4962722324096	163.05483171535764	154.5376891544451	204.54370949084515	1.55268779304121	438.0887931022124	2.2996784278053028e-09
636.9421140335545	1	1	1	1	4	0	636.9421140335545	45.0	0	0.0035791339848152467	0.8484721430892316	1.129938559628062	744.6302277565676	157.0092606306462	178.95669924076236	179.7209846197573	228.94328326540167	1.5666661137410345	515.6869444911658	2.524476744975333e-09
654.0027507785644	1	1	1	1	4	0	654.0027507785644	46.0	0	0.003912945289245287	0.8310291517810238	1.2054653917045044	855.8592675897496	197.68388708896597	195.64726446226442	208.2488241945432	254.27929184397613	1.5883955226076183	601.5799757457736	3.156183019031969e-09
671.1826216938364	1	1	1	1	4	0	671.1826216938364	47.0	0	0.004290419669241896	0.8210369435353609	1.1766192676138858	978.0685477259816	243.9171940453874	214.5209834620948	238.2331172105264	281.397253007973	1.6089499660460187	696.6712947180085	3.4864128662430866e-09
688.4808289632283	1	1	1	1	4	0	688.4808289632283	48.0	0	0.004699642731880028	0.850188842710978	1.176187404465685	1110.230355687862	297.1370040183773	234.98213659400142	267.0698404087923	311.041374666691	1.6141003027034195	799.188981021171	3.860809341776898e-09
705.8964397049822	1	1	1	1	4	0	705.8964397049822	49.0	0	0.005159547680446965	0.9055880104659112	1.1673695949022458	1264.2202957312165	364.3685258437907	257.97738402234825	295.0126715678788	346.86171429719866	1.5942666278712243	917.358581434018	4.423204608621987e-09
723.4284862481575	1	1	1	1	4	0	723.4284862481575	50.0	0	0.00563399163657396	0.8429146818486769	1.1517213093800378	1427.455735697898	432.70333356912454	281.699581828698	331.1480838291049	381.90473647097053	1.6047134458736594	1045.5509992269276	4.360039557657235e-09
741.0759664193733	1	1	1	1	4	0	741.0759664193733	51.0	0	0.006119695450450765	0.8721740224693352	1.150522657760326	1608.4028744724951	508.2189903764949	305.98477252253826	374.8152841382495	419.3838274352124	1.6233340728093757	1189.0190470372827	6.048935660065233e-09
758.8378438397727	1	1	1	1	4	0	758.8378438397727	52.0	0	0.006692820536957751	0.8837906233514011	1.1699019135467459	1811.1983012166154	593.0143046077966	334.6410268478876	423.22779870590034	460.31517105503053	1.6464128779783038	1350.8831301615844	6.877221641824211e-09
776.7130482321257	1	1	1	1	4	0	776.7130482321257	53.0	0	0.007301550939303722	0.8299897803550759	1.1830919052041298	2022.3148205123293	684.1272103022219	365.0775469651862	469.8272826658748	503.2827805790469	1.6589179321225127	1519.0320399332827	6.955163324798992e-09
794.7004757379742	1	1	1	1	4	0	794.7004757379742	54.0	0	0.00789645722747507	0.8210070100024653	1.1585548145263451	2264.4271349492865	779.6960264826773	394.82286137375365	508.3013448572095	547.4956988057718	1.6495548881953013	1682.8202327136405	7.766207614270326e-09
812.7989892447298	1	1	1	1	4	0	812.7989892447298	55.0	0	0.008538614499312364	0.8925916813472231	1.161424075469352	2531.636784466069	877.8159979321077	426.9307249656183	552.8605351730384	592.1992634505108	1.6544959114433897	1857.6072580707644	8.104895826649889e-09
831.0074187226242	1	1	1	1	4	0	831.0074187226242	56.0	0	0.00916773317611193	0.8735360681580533	1.159163306857248	2838.8835310797435	978.0935164093576	458.38665880559677	603.4503101292297	637.3574185338313	1.6659992306631697	2039.930485344184	1.0108199203118243e-08
849.3245615714155	1	1	1	1	4	0	849.3245615714155	57.0	0	0.009787518060242908	0.8509225478485328	1.1905290801043724	3155.1501086143016	1080.119250108942	489.37590301214544	654.6824773230312	682.9326556739072	1.6752140505072748	2224.1776304441187	1.0922320141183933e-08
867.7491829767432	1	1	1	1	4	0	867.7491829767432	58.0	0	0.010414983197479502	0.8304322356021838	1.1781448995659785	3500.9565106285845	1183.4681829696915	520.7491598739753	700.9735339313369	728.8860176565862	1.676150542348482	2405.1908767750037	1.1760774162775126e-08
886.2800162760308	1	1	1	1	4	0	886.2800162760308	59.0	0	0.0110072512864895	0.8513610917006921	1.1523929306341445	3888.7520424715535	1287.6996743299044	550.3625643244751	736.5455839447889	775.177103811129	1.6601472643376962	2574.607822599169	1.2673776295250253e-08
