11.247441493196291	1	1	1	1	4	0	11.247441493196291	1.0	0	0.0			15.0	0.0	0.0	0.0	0.0		0.0	0.0
11.367595075476835	1	1	1	1	4	0	11.367595075476835	1.0	0	0.0			15.0	0.0	0.0	0.0	0.0		0.0	0.0
22.856168219862568	1	1	1	1	4	0	22.856168219862568	2.0	0	0.0			14.552750241652504	0.0	0.0	0.0	0.7285827694774977	0.0	0.0	0.0
34.4665080713728	1	1	1	1	4	0	34.4665080713728	3.0	0	0.0			13.791431040067982	0.0	0.0	0.0	2.1993864847666735	0.0	0.0	0.0
46.1993671861199	1	1	1	1	4	0	46.1993671861199	4.0	0	0.0			12.713098668736418	0.0	0.0	0.0	4.42587529936556	0.0	0.0	0.0
58.05546181511435	1	1	1	1	4	0	58.05546181511435	5.0	0	0.0			11.314922877436091	0.0	0.0	0.0	7.421310407022852	0.0	0.0	0.0
70.03547169202406	1	1	1	1	4	0	70.03547169202406	6.0	0	2.1260101330044985e-05			10.075555122184273	0.0	1.0630050665022492	0.0	9.012550055682023	0.11794720250480835	1.0630050665022492	0.0
82.14003983175478	1	1	1	1	4	0	82.14003983175478	7.0	0	2.1260101330044985e-05	1.3272919816797042	1.1728483788945567	10.075555122184273	0.0	1.0630050665022492	0.0	9.012550055682023	0.11794720250480835	1.0630050665022492	2.366298685667513e-13
94.36977233991071	1	1	1	1	4	0	94.36977233991071	8.0	0	2.1260101330044985e-05	0.42458402657805194	1.0232785299158271	10.075555122184273	0.0	1.0630050665022492	0.0	9.012550055682023	0.11794720250480835	1.0630050665022492	4.324038776800936e-13
106.72523823319248	1	1	1	1	4	0	106.72523823319248	9.0	0	2.296875022206301e-05	0.3382345289180246	2.3273441378342383	10.221800899972578	0.0	1.1484375111031506	0.0	9.073363388869428	0.12657241442704412	1.1484375111031506	8.634078762779454e-13
119.20696927078512	1	1	1	1	4	0	119.20696927078512	10.0	0	2.65386884401353e-05	0.8668304369663928	1.0153668909369722	10.522742486931602	0.0	1.326934422006765	0.0	9.195808064924837	0.1442977509576382	1.326934422006765	1.4018777115235125e-12
131.81545979678634	1	1	1	1	4	0	131.81545979678634	11.0	0	3.2892763862083086e-05	0.8669461328527801	0.976407050914996	11.058020964780855	0.0	1.6446381931041545	0.0	9.413382771676703	0.17471277148663247	1.6446381931041545	2.2728514940149347e-12
144.55116659372186	1	1	1	1	4	0	144.55116659372186	12.0	0	3.815149827004469e-05	0.799062451194707	1.0335242777204228	11.505535888230233	0.0	1.9075749135022344	0.0	9.597960974727998	0.1987479339127334	1.9075749135022344	2.181839783874234e-12
157.41450874719058	1	1	1	1	4	0	157.41450874719058	13.0	0	4.299874042167907e-05	0.5224905796774	1.0915681357246099	11.926242050952613	0.0	2.149937021083954	0.0	9.77630502986866	0.21991304634168496	2.149937021083954	2.157976581287212e-12
170.4058675216809	1	1	1	1	4	0	170.4058675216809	14.0	0	5.078467781548645e-05	0.5842507210292307	1.540506062510384	12.56648215036747	0.0	2.5392338907743235	0.0	10.027248259593149	0.25323337221106684	2.5392338907743235	2.851862677446209e-12
183.52558624759342	1	1	1	1	4	0	183.52558624759342	15.0	0	6.654439185701836e-05	1.1505395457334509	1.360435480267587	13.830956580230634	0.0	3.327219592850919	0.0	10.503736987379712	0.3167653185574418	3.327219592850919	5.277380783862459e-12
196.77397021950497	1	1	1	1	4	0	196.77397021950497	16.0	0	8.125739523812241e-05	0.7982385667288391	0.922230066505398	15.004000231462266	0.0	4.0628697619061205	0.0	10.941130469556148	0.37133912014038345	4.0628697619061205	5.711706038967857e-12
210.1512866057031	1	1	1	1	4	0	210.1512866057031	17.0	0	9.828363627452347e-05	0.7017485419949042	1.0274149357479707	16.37203436953898	0.0	4.914181813726175	0.0	11.457852555812805	0.42889204497862987	4.914181813726175	1.262078571890395e-11
223.65776436901845	1	1	1	1	4	0	223.65776436901845	18.0	0	0.00011534640032644475	0.8503899588492295	1.079159224464977	17.772240833603934	0.0	5.7673200163222385	0.0	12.004920817281695	0.4804129993110732	5.7673200163222385	1.2173706395720693e-11
237.29359419897813	1	1	1	1	4	0	237.29359419897813	19.0	0	0.00012397832920982556	0.7234199584645441	1.2424953578531357	18.506811661178453	0.0	6.1989164604912785	0.0	12.307895200687176	0.5036536596562166	6.1989164604912785	8.906076898283877e-12
251.0589284553002	1	1	1	1	4	0	251.0589284553002	20.0	0	0.00016225897565578991	1.3050252714611916	1.3070156040299232	21.954573053586017	0.0	8.112948782789497	0.0	13.84162427079652	0.5861269330873576	8.112948782789497	2.3384306696320225e-11
264.95388112274634	1	1	1	1	4	0	264.95388112274634	21.0	0	0.00017879309659668557	0.8784731077895592	1.2019816604205955	23.451293841604148	0.0	8.939654829834279	0.0	14.511639011769864	0.6160334351332506	8.939654829834279	1.6145247824449185e-11
278.9785277773454	1	1	1	1	4	0	278.9785277773454	22.0	0	0.00022184192248123638	1.0478230884557689	1.0332204591113328	27.463719081982692	0.0	11.09209612406182	0.0	16.371622957920877	0.6775196419176801	11.09209612406182	3.108403774410103e-11
293.1329055639992	1	1	1	1	4	0	293.1329055639992	23.0	0	0.0002679577246811138	0.6629334056791195	1.1662849695829591	31.67277555923685	0.0	13.397886234055695	0.0	18.27488932518116	0.7331309096134776	13.397886234055695	4.5592426889071745e-11
307.41701318547484	1	1	1	1	4	0	307.41701318547484	24.0	0	0.00028818561957975105	1.0627905604217809	1.2954164411989508	33.51792914391843	0.0	14.409280978987555	0.0	19.108648164930877	0.7540711857070127	14.409280978987555	2.7706450320997492e-11
321.83081090278995	1	1	1	1	4	0	321.83081090278995	25.0	0	0.00034648453860854235	0.6230405682693803	1.2812637955363182	38.931526829657415	0.0	17.324226930427116	0.0	21.607299899230295	0.8017765760285601	17.324226930427116	5.6702194058339196e-11
336.3742205469876	1	1	1	1	4	0	336.3742205469876	26.0	0	0.00043820248854622236	0.896979685055888	1.3355845709105658	47.779453083565045	0.0	21.91012442731112	0.0	25.86932865625393	0.8469537311326528	21.91012442731112	9.015821386261956e-11
351.0471255422998	1	1	1	1	4	0	351.0471255422998	27.0	0	0.0004981180855023121	0.9915383844591402	1.1369734734664008	53.47248248876532	0.0	24.90590427511561	0.0	28.566578213649727	0.8718546578748109	24.90590427511561	7.031079876143923e-11
365.84937094069124	1	1	1	1	4	0	365.84937094069124	28.0	0	0.0006275759960853959	0.8743006593124939	1.158279661393893	65.96996893066175	0.0	31.3787998042698	0.0	34.591169126391954	0.9071332538549204	31.3787998042698	1.3364918850974963e-10
380.78076346777357	1	1	1	1	4	0	380.78076346777357	29.0	0	0.0007065164857317398	0.8248871460895448	1.0980017675602505	73.82137270600444	0.0	35.32582428658699	0.0	38.49554841941745	0.9176599824401612	35.32582428658699	1.2319238710515257e-10
395.84107158007737	1	1	1	1	4	0	395.84107158007737	30.0	0	0.0009030387053461227	0.990877353091665	1.216430732299785	93.20264156989047	0.0	45.151935267306136	0.0	48.05070630258437	0.9396726654333836	45.151935267306136	2.51661011442133e-10
411.03002553366304	1	1	1	1	4	0	411.03002553366304	31.0	0	0.0010757347647084024	0.7719933733423969	1.1389356340652803	110.46499722592144	0.0	53.78673823542013	0.0	56.678258990501305	0.9489835995921158	53.78673823542013	2.3657553595924107e-10
426.3473174640513	1	1	1	1	4	0	426.3473174640513	32.0	0	0.0012256219351772706	0.8651037268549151	1.1288983551595395	126.01044390156387	0.0	61.281096758863534	0.0	64.72934714270035	0.946728176073908	61.281096758863534	2.3523547171221986e-10
441.79260147745117	1	1	1	1	4	0	441.79260147745117	33.0	0	0.001490350218515306	0.9475248449889364	1.1698361085178672	157.2646971517263	0.0	74.51751092576531	4.332887404345959	78.41429882161506	1.0055614794119154	78.85039833011126	4.1748576242398093e-10
457.365493753255	1	1	1	1	4	0	457.365493753255	34.0	0	0.0016722937375299887	0.9020978886711828	1.2017021902162837	181.5305498339101	0.0	83.61468687649943	9.794664162803839	88.12119879460683	1.0600099898438975	93.40935103930329	4.0170267448320215e-10
473.0655726577729	1	1	1	1	4	0	473.0655726577729	35.0	0	0.0018689195051235508	0.8907462704433871	1.1557081355012158	211.1966119141264	0.0	93.44597525617756	18.244061242539075	99.50657541540977	1.1224387537451126	111.69003649871662	5.153687145207382e-10
488.8923788691719	1	1	1	1	4	0	488.8923788691719	36.0	0	0.0021673808120427195	0.8201361637497605	1.237561430089973	257.87316321518995	0.0	108.36904060213594	32.91087498724832	116.59324762580563	1.211733256138538	141.2799155893843	7.590298957520212e-10
504.8454155135833	1	1	1	1	4	0	504.8454155135833	37.0	0	0.0023796770169814217	0.9425759045530036	1.1828094272834342	295.4537388560765	2.7906630391180425	118.98385084907109	44.457271983408106	129.2219529844792	1.264809260792631	166.23178587159725	7.397891502110931e-10
520.9241483123367	1	1	1	1	4	0	520.9241483123367	38.0	0	0.002665858555184979	0.8778128999413145	1.1354470035427964	353.4171911976474	10.74568550704858	133.29292775924895	61.48848535294635	147.89009257840348	1.3170687076886676	205.5270986192439	1.065036368469031e-09
537.1280057402779	1	1	1	1	4	0	537.1280057402779	39.0	0	0.002997695960926168	0.9132181232050935	1.2327737962202452	428.1992933841314	23.735247359388424	149.8847980463084	85.62052736727189	168.95872061116262	1.3938630960373235	259.2405727729687	1.3776514897101614e-09
553.4563791951257	1	1	1	1	4	0	553.4563791951257	40.0	0	0.003113009698547693	0.8821273470330128	1.1878112839597743	457.6061765361672	29.87736212529469	155.6504849273846	95.37578497635404	176.7025445071339	1.4206149130671073	280.9036320290334	7.851870228586253e-10
569.9086231778117	1	1	1	1	4	0	569.9086231778117	41.0	0	0.0034711015027979967	0.9032401350857232	1.2314523199072784	550.8561762764655	52.29479975241526	173.55507513989983	124.87578562898709	200.13051575516332	1.4911811906485204	350.7256605213022	2.2126730140521133e-09
586.4840554837581	1	1	1	1	4	0	586.4840554837581	42.0	0	0.0038730400979243526	0.9053779508859072	1.1417131283651178	656.3273697917505	81.36466811794021	193.65200489621756	154.95347920231012	226.3572175752826	1.5400678972500066	429.9701522164679	2.4169655059876635e-09
603.1819574050269	1	1	1	1	4	0	603.1819574050269	43.0	0	0.004323194914902695	0.9142272422295036	1.191542480301961	777.1855925521007	120.0537860451798	216.15974574513473	183.6254507189176	257.3466100428687	1.5534892664700584	519.838982509232	2.872500884911488e-09
620.0015739432909	1	1	1	1	4	0	620.0015739432909	44.0	0	0.004750320440653671	0.8696706917558352	1.2045378331768224	904.4580890464804	165.65605146752227	237.5160220326836	210.8375841357928	290.4484314104817	1.5436599329911072	614.0096576359986	2.9920887140963626e-09
636.9421140335545	1	1	1	1	4	0	636.9421140335545	45.0	0	0.005180848697614246	0.8037969006263282	1.1558832033596746	1042.5327609629544	215.08380964246786	259.04243488071234	244.9282979588161	323.47821848095793	1.5579742438491126	719.0545424819964	3.0981789105554378e-09
654.0027507785644	1	1	1	1	4	0	654.0027507785644	46.0	0	0.005637611037532595	0.8339466392019119	1.171803416951804	1194.7302324890366	270.7399162807036	281.88055187662974	283.96365291554247	358.14611141616075	1.5799255855515044	836.5841210728759	3.9592735668142e-09
671.1826216938364	1	1	1	1	4	0	671.1826216938364	47.0	0	0.00616129995723807	0.8547885058371772	1.1624835870465862	1364.277225037517	334.88167492042254	308.0649978619034	325.5623490119869	395.7682032432039	1.6010061992891311	968.5090217943131	4.5760959002953935e-09
688.4808289632283	1	1	1	1	4	0	688.4808289632283	48.0	0	0.00672166994351275	0.909358816195976	1.197712902870547	1561.1635584774374	407.7582718351889	336.08349717563743	365.04994308512033	436.3614091586537	1.6067723349152474	1108.8917120959468	5.503554340148158e-09
705.8964397049822	1	1	1	1	4	0	705.8964397049822	49.0	0	0.0072515404964659325	0.8107219719777448	1.1442371337074149	1771.4927463972895	485.2177637508992	362.57702482329665	397.24373322257884	477.63111766283487	1.5908108369569032	1245.0385217967744	5.870874447190118e-09
723.4284862481575	1	1	1	1	4	0	723.4284862481575	50.0	0	0.007819075552016318	0.9032497379633444	1.1659385949574612	2014.3431406105108	566.9606090281637	390.9537776008158	440.46930905754976	519.5499645133606	1.6002755142849885	1398.3836956865293	6.518849210145893e-09
741.0759664193733	1	1	1	1	4	0	741.0759664193733	51.0	0	0.008370354761925701	0.8825925372007677	1.1575165427597016	2278.158225856357	652.6717161497447	418.51773809628503	490.0320652015355	562.089147992224	1.6163802602187751	1561.2215194475652	8.245534656408775e-09
758.8378438397727	1	1	1	1	4	0	758.8378438397727	52.0	0	0.008974255510201996	0.8624092417620165	1.1733673154539266	2566.902889211927	742.0203678144322	448.71277551009973	541.0442342055613	605.218422249984	1.6353715837599607	1731.7773775300934	8.632548382818807e-09
776.7130482321257	1	1	1	1	4	0	776.7130482321257	53.0	0	0.009593187148342328	0.8779673669250052	1.1547211006732974	2882.9193165753054	834.6601632967114	479.6593574171163	588.4246424005325	648.9060922713658	1.645976224508904	1902.7441631143604	9.31512408282514e-09
794.7004757379742	1	1	1	1	4	0	794.7004757379742	54.0	0	0.010188093436513678	0.8692333421906078	1.14713088531491	3228.786897680458	930.2289794771667	509.404671825684	626.8987045918673	693.1190104980905	1.6394058728831846	2066.532355894717	1.0319686140974736e-08
812.7989892447298	1	1	1	1	4	0	812.7989892447298	55.0	0	0.010830250708350971	0.8571616048675782	1.1620029762147637	3592.4652213657514	1028.3489509265974	541.5125354175485	671.4578949076962	737.8225751428295	1.64398660489676	2241.319381251842	1.0890738634513356e-08
831.0074187226242	1	1	1	1	4	0	831.0074187226242	56.0	0	0.011459369385150535	0.8856435665509463	1.1469098928588988	3990.105106937072	1128.626469403847	572.968469257527	722.0476698638877	782.9807302261497	1.6539565906652298	2423.642608525261	1.3010306674782483e-08
849.3245615714155	1	1	1	1	4	0	849.3245615714155	57.0	0	0.012079154269281515	0.8695585600796664	1.1423282997907938	4400.641350853184	1230.6522031034315	603.9577134640758	773.2798370576887	828.5559673662259	1.6622142676730234	2607.889753625196	1.3451228655999222e-08
867.7491829767432	1	1	1	1	4	0	867.7491829767432	58.0	0	0.01270661940651811	0.88163030704827	1.1601524254251545	4857.6905689505165	1334.0011359641812	635.3309703259056	819.5708936659946	874.5093293489048	1.6636779221956532	2788.9029999560807	1.44486716845983e-08
886.2800162760308	1	1	1	1	4	0	886.2800162760308	59.0	0	0.013298887495528107	0.8893898222519134	1.1598044552917781	5352.824647132795	1438.232627324394	664.9443747764054	855.1429436794466	920.8004155034475	1.6508325722515498	2958.319945780246	1.570837198601512e-08
