11.247441493196291	1	1	1	1	4	0	11.247441493196291	1.0	0	0.0			15.0	0.0	0.0	0.0	0.0		0.0	0.0
11.367595075476835	1	1	1	1	4	0	11.367595075476835	1.0	0	0.0			15.0	0.0	0.0	0.0	0.0		0.0	0.0
22.856168219862568	1	1	1	1	4	0	22.856168219862568	2.0	0	0.0			14.552750241652504	0.0	0.0	0.0	0.7285827694774977	0.0	0.0	0.0
34.4665080713728	1	1	1	1	4	0	34.4665080713728	3.0	0	0.0			13.791431040067982	0.0	0.0	0.0	2.1993864847666735	0.0	0.0	0.0
46.1993671861199	1	1	1	1	4	0	46.1993671861199	4.0	0	0.0			12.713098668736418	0.0	0.0	0.0	4.42587529936556	0.0	0.0	0.0
58.05546181511435	1	1	1	1	4	0	58.05546181511435	5.0	0	0.0			11.314922877436091	0.0	0.0	0.0	7.421310407022852	0.0	0.0	0.0
70.03547169202406	1	1	1	1	4	0	70.03547169202406	6.0	0	2.1260101330044985e-05			10.075555122184273	0.0	1.0630050665022492	0.0	9.012550055682023	0.11794720250480835	1.0630050665022492	0.0
82.14003983175478	1	1	1	1	4	0	82.14003983175478	7.0	0	2.1260101330044985e-05	0.5636419578110456	1.1669907707783842	10.075555122184273	0.0	1.0630050665022492	0.0	9.012550055682023	0.11794720250480835	1.0630050665022492	2.366298685667513e-13
94.36977233991071	1	1	1	1	4	0	94.36977233991071	8.0	0	2.1260101330044985e-05	0.3279324898584863	0.8210836522982946	10.075555122184273	0.0	1.0630050665022492	0.0	9.012550055682023	0.11794720250480835	1.0630050665022492	3.9617858362187954e-13
106.72523823319248	1	1	1	1	4	0	106.72523823319248	9.0	0	2.431737273441283e-05	0.5459703704380516	0.831606274377784	10.337231489125667	0.0	1.2158686367206415	0.0	9.121362852405028	0.13329900985136814	1.2158686367206415	1.2242867949900819e-12
119.20696927078512	1	1	1	1	4	0	119.20696927078512	10.0	0	2.5344167559251528e-05	0.2933122580792284	2.976121523818988	10.423789083457127	0.0	1.267208377962577	0.0	9.156580705494553	0.1383931861379399	1.267208377962577	7.514683453344546e-13
131.81545979678634	1	1	1	1	4	0	131.81545979678634	11.0	0	2.7121959792785207e-05	0.2859462260346509	0.8703592009846182	10.573553424845198	0.0	1.3560979896392602	0.0	9.217455435205938	0.14712281487791776	1.3560979896392602	1.0584795134938897e-12
144.55116659372186	1	1	1	1	4	0	144.55116659372186	12.0	0	3.303686579508941e-05	1.472348356314351	1.2537025367334067	11.076908129890564	0.0	1.6518432897544706	0.0	9.425064840136091	0.17526068178546544	1.6518432897544706	2.2426600850181477e-12
157.41450874719058	1	1	1	1	4	0	157.41450874719058	13.0	0	4.036081916525893e-05	0.9689940984670068	2.244364742564709	11.712575220977135	0.0	2.0180409582629464	0.0	9.694534262714189	0.20816275476218216	2.0180409582629464	2.7239502134755315e-12
170.4058675216809	1	1	1	1	4	0	170.4058675216809	14.0	0	5.0287126916318236e-05	0.8224478711028563	1.7011456478793496	12.528818653195763	0.0	2.514356345815912	0.0	10.01446230737985	0.2510725257773485	2.514356345815912	3.3445377791695833e-12
183.52558624759342	1	1	1	1	4	0	183.52558624759342	15.0	0	6.277490092098757e-05	0.7752854698949301	1.23143900971724	13.530770266860914	0.0	3.1387450460493787	0.0	10.392025220811538	0.3020340096715303	3.1387450460493787	4.456269449345556e-12
196.77397021950497	1	1	1	1	4	0	196.77397021950497	16.0	0	8.123438548607862e-05	0.9764151402883788	1.0789660312188636	15.002514724005431	0.0	4.061719274303931	0.0	10.940795449701502	0.3712453352205526	4.061719274303931	6.475428896591792e-12
210.1512866057031	1	1	1	1	4	0	210.1512866057031	17.0	0	0.00010611514794602136	1.0626811001147884	1.0610097319455736	17.001648434952465	0.0	5.305757397301068	0.0	11.695891037651398	0.4536428545906234	5.305757397301068	1.1710255527099096e-11
223.65776436901845	1	1	1	1	4	0	223.65776436901845	18.0	0	0.00013144933368823848	0.7310708975560511	1.0545241478892888	19.0806252367257	0.0	6.572466684411923	0.0	12.508158552313777	0.5254543789897945	6.572466684411923	1.2884427892483394e-11
237.29359419897813	1	1	1	1	4	0	237.29359419897813	19.0	0	0.00017162308280179714	1.0165815430331455	1.3298603257492438	22.499381870591737	0.0	8.581154140089858	0.0	13.918227730501876	0.6165407195690733	8.581154140089858	2.467416075886747e-11
251.0589284553002	1	1	1	1	4	0	251.0589284553002	20.0	0	0.00021083289993236045	0.7724687744023779	0.9623895555144052	26.03082938407458	0.0	10.541644996618023	0.0	15.489184387456561	0.680581025631979	10.541644996618023	2.758457349701121e-11
264.95388112274634	1	1	1	1	4	0	264.95388112274634	21.0	0	0.00026265875778112797	0.8225371510821302	1.3541770680136858	30.722269532384097	0.0	13.132937889056404	0.0	17.589331643327693	0.7466422349275693	13.132937889056404	3.594586577798737e-11
278.9785277773454	1	1	1	1	4	0	278.9785277773454	22.0	0	0.000330657319555891	0.8801216804620186	1.1265536284260436	37.060169346567285	0.0	16.532865977794547	0.0	20.527303368772728	0.8054085663753213	16.532865977794547	4.77895145838009e-11
293.1329055639992	1	1	1	1	4	0	293.1329055639992	23.0	0	0.0004037648156768584	0.6958249509341241	1.0540436071284371	43.73279706645563	0.0	20.188240783842915	0.0	23.54455628261272	0.8574483435371263	20.188240783842915	7.502541101175791e-11
307.41701318547484	1	1	1	1	4	0	307.41701318547484	24.0	0	0.0004930132279231798	0.6804097468980354	1.220021721271378	51.87388285954692	0.0	24.650661396158995	0.0	27.223221463387922	0.9055012621967344	24.650661396158995	8.233385781469706e-11
321.83081090278995	1	1	1	1	4	0	321.83081090278995	25.0	0	0.0006104377723824036	0.7524935522060359	1.201559665097797	62.777845621180106	0.0	30.521888619120173	0.0	32.25595700205992	0.9462403678542538	30.521888619120173	1.1497970800343752e-10
336.3742205469876	1	1	1	1	4	0	336.3742205469876	26.0	0	0.0007638955179154522	0.8360455238550936	1.1257422341410208	77.58173969523993	0.0	38.1947758957726	0.0	39.38696379946732	0.9697314088548546	38.1947758957726	1.524860123243144e-10
351.0471255422998	1	1	1	1	4	0	351.0471255422998	27.0	0	0.0009766786730046847	0.9483380397965276	1.2548974730390854	97.7998601913451	0.0	48.83393365023425	0.0	48.965926541110846	0.9973043930708472	48.83393365023425	1.9990547190436487e-10
365.84937094069124	1	1	1	1	4	0	365.84937094069124	28.0	0	0.0012352390587677732	0.8877613482393111	1.2078768863368858	122.76052038531508	0.0	61.761952938388674	0.0	60.99856744692642	1.012514810157246	61.761952938388674	3.0184575712271095e-10
380.78076346777357	1	1	1	1	4	0	380.78076346777357	29.0	0	0.001524930054204256	0.7804919130947143	1.1868319379882035	151.57312321362963	0.0	76.24650271021281	0.0	75.32662050341682	1.0122119139375736	76.24650271021281	3.6235906184260543e-10
395.84107158007737	1	1	1	1	4	0	395.84107158007737	30.0	0	0.0019173559171538363	0.915512166407532	1.1865339090373237	190.2746561695076	0.0	95.86779585769185	0.0	94.40686031181576	1.0154748875351938	95.86779585769185	5.192528607839212e-10
411.03002553366304	1	1	1	1	4	0	411.03002553366304	31.0	0	0.002386870720562477	0.8116430103755421	1.1183624241079972	237.20642492057652	0.0	119.34353602812385	0.0	117.86288889245267	1.0125624541328038	119.34353602812385	6.222794533865179e-10
426.3473174640513	1	1	1	1	4	0	426.3473174640513	32.0	0	0.0028927301692838444	0.8926900808537113	1.172897021076563	305.160183592303	0.0	144.63650846419225	0.0	145.0347876049209	0.9972539061331024	144.63650846419225	8.316778039934162e-10
441.79260147745117	1	1	1	1	4	0	441.79260147745117	33.0	0	0.0034363449744068486	0.8516180305020232	1.1250096699253649	383.3728335718196	0.0	171.8172487203425	8.897506954048334	173.13659163676118	1.0437698580409194	180.71475567439083	9.144532830174407e-10
457.365493753255	1	1	1	1	4	0	457.365493753255	34.0	0	0.003980387008843141	0.8477700590263054	1.1918128733056568	478.16523902020896	0.0	199.0193504421571	25.229147429071197	202.16187177850597	1.109252184392718	224.2484978712283	1.2943117708446007e-09
473.0655726577729	1	1	1	1	4	0	473.0655726577729	35.0	0	0.004497472034286214	0.8822597505239576	1.1828282861927415	596.3667747952946	0.0	224.8736017143108	47.44931092760432	232.1030530982204	1.173284491551581	272.3229126419152	1.7545619933612101e-09
488.8923788691719	1	1	1	1	4	0	488.8923788691719	36.0	0	0.005036315078957597	0.9199556434085759	1.1502802973606974	737.1361456811252	0.0	251.81575394787998	73.92882566070705	262.9513884224544	1.2388015197898476	325.74457960858695	2.1236263108431427e-09
504.8454155135833	1	1	1	1	4	0	504.8454155135833	37.0	0	0.0055699769531081435	0.8893660193122349	1.1765863763793285	893.2398501623812	7.015059303619688	278.49884765540725	102.95370560350223	294.6969326810092	1.2943892893239162	388.4676125625292	2.427410950506147e-09
520.9241483123367	1	1	1	1	4	0	520.9241483123367	38.0	0	0.006070217337641568	0.8512897126670107	1.1457044094455513	1059.3890915461675	20.920301141753512	303.51086688207835	132.72397233184947	327.32851816904974	1.3327125960611632	457.1551403556814	2.5392261515010658e-09
537.1280057402779	1	1	1	1	4	0	537.1280057402779	39.0	0	0.006597934795762208	0.9063773716031556	1.1378265094248767	1250.295375031118	41.57746167947757	329.8967397881104	171.10089925669638	360.8337307797354	1.388444583498852	542.5751007242843	3.0023770327525733e-09
553.4563791951257	1	1	1	1	4	0	553.4563791951257	40.0	0	0.007109668364465999	0.9078570448966092	1.1368233626036637	1457.7360438484964	68.8346330571118	355.48341822329985	214.39229621327686	395.1988872600969	1.4419972646874328	638.7103474936887	3.9086745480357845e-09
569.9086231778117	1	1	1	1	4	0	569.9086231778117	41.0	0	0.007647848026494802	0.8726850152945718	1.1683073790220002	1680.2323939544892	102.52601851334668	382.3924013247402	258.7281346564996	430.40901354232767	1.4895611286221129	743.6465544945867	4.48389774351483e-09
586.4840554837581	1	1	1	1	4	0	586.4840554837581	42.0	0	0.008200162573170472	0.9270673947189548	1.1677851944841793	1931.3838378785392	142.47170017444452	410.0081286585236	300.05869582288193	466.4478242020092	1.5222856397629798	852.5385246558501	4.8586162633519706e-09
603.1819574050269	1	1	1	1	4	0	603.1819574050269	43.0	0	0.008735447364753962	0.8442844229683681	1.1765910343745862	2197.050554522209	188.47742008486333	436.7723682376981	334.1529001248062	503.29770309402784	1.5317480362481952	959.4026884473676	5.413838108067298e-09
620.0015739432909	1	1	1	1	4	0	620.0015739432909	44.0	0	0.009221156329999109	0.9119286271937384	1.1569351955367018	2497.0617189512586	240.3343750448304	461.0578164999556	365.097379831995	540.9396852160863	1.5272593579484384	1066.489571376781	5.675927120943712e-09
636.9421140335545	1	1	1	1	4	0	636.9421140335545	45.0	0	0.009721862156228708	0.92038258501162	1.1562231276035575	2815.9152369228973	297.8190258094122	486.0931078114354	404.74499588400414	579.3534398487467	1.5376418649175758	1188.6571295048516	6.396207957412516e-09
654.0027507785644	1	1	1	1	4	0	654.0027507785644	46.0	0	0.010237859938128351	0.8566771181761842	1.1381816348148497	3143.4723201433844	360.69292119149117	511.89299690641775	448.84266947271726	618.5172550198855	1.5532883821458578	1321.4285875706262	7.124158037766726e-09
671.1826216938364	1	1	1	1	4	0	671.1826216938364	47.0	0	0.010793128195511871	0.8653768812338719	1.18275430943728	3495.9343835820177	428.702537597776	539.6564097755937	492.94983810231116	658.4080233402727	1.568337886648508	1461.3087854756811	8.051048008130718e-09
688.4808289632283	1	1	1	1	4	0	688.4808289632283	48.0	0	0.011353498181786551	0.8868668854386429	1.1669337248670395	3879.777752330047	501.57913451254234	567.6749090893278	532.4374321754448	699.0012292557225	1.5738346303570054	1601.6914757773145	8.890000428436035e-09
705.8964397049822	1	1	1	1	4	0	705.8964397049822	49.0	0	0.011883368734739736	0.8698742672850103	1.1540154099575008	4281.6853901500845	579.0386264282525	594.1684367369868	564.631222312903	740.2709377599035	1.5653723521235006	1737.8382854781423	9.29482479791756e-09
723.4284862481575	1	1	1	1	4	0	723.4284862481575	50.0	0	0.01245090379029012	0.8844773570118428	1.154125728588785	4704.202234474287	660.7814717055172	622.5451895145062	607.8567981478742	782.1897846104292	1.573022317435638	1891.1834593678973	1.0328893263596772e-08
741.0759664193733	1	1	1	1	4	0	741.0759664193733	51.0	0	0.013002183000199502	0.8972932616222484	1.1585679228666868	5149.3409335881815	746.4925788270981	650.1091500099751	657.4195542918599	824.7289680892927	1.5854041204967957	2054.0212831289327	1.1428694960246771e-08
758.8378438397727	1	1	1	1	4	0	758.8378438397727	52.0	0	0.013606083748475795	0.8856336098289773	1.1670944351307828	5614.9059621388615	835.8412304917856	680.3041874237899	708.4317232958856	867.8582423470527	1.6001874994745122	2224.577141211461	1.2438239182290963e-08
776.7130482321257	1	1	1	1	4	0	776.7130482321257	53.0	0	0.014225015386616132	0.8904203765199169	1.1561574704276574	6115.0759320195275	928.4810259740648	711.2507693308066	755.8121314908569	911.5459123684344	1.6094229384561125	2395.543926795728	1.3461348662299428e-08
794.7004757379742	1	1	1	1	4	0	794.7004757379742	54.0	0	0.014819921674787481	0.8730529001845367	1.1453183396338862	6631.466999993635	1024.0498421545199	740.9960837393743	794.2861936821918	955.7588305951593	1.6063490373042457	2559.332119576086	1.3617387432224166e-08
812.7989892447298	1	1	1	1	4	0	812.7989892447298	55.0	0	0.015462078946624776	0.9095386458822524	1.1222477792693757	7186.153501763466	1122.1698136039506	773.1039473312387	838.8453839980205	1000.4623952398982	1.611204318122056	2734.11914493321	1.514812461247857e-08
831.0074187226242	1	1	1	1	4	0	831.0074187226242	56.0	0	0.016091197623424338	0.9007921282487594	1.1681906031421594	7759.210781765537	1222.4473320812006	804.5598811712172	889.4351589542117	1045.6205503232186	1.6200858328595271	2916.442372206629	1.6833118824313767e-08
849.3245615714155	1	1	1	1	4	0	849.3245615714155	57.0	0	0.016710982507555316	0.8923998093357269	1.1479100926001764	8357.23667563685	1324.473065780785	835.5491253777658	940.6673261480133	1091.1957874632947	1.627770627354559	3100.6895173065636	1.7895423711450066e-08
867.7491829767432	1	1	1	1	4	0	867.7491829767432	58.0	0	0.01733844764479191	0.8711449744995533	1.1390913546205714	9004.122248401487	1427.8219986415347	866.9223822395958	986.9583827563188	1137.1491494459733	1.6302881340579969	3281.7027636374487	1.9418388828199388e-08
886.2800162760308	1	1	1	1	4	0	886.2800162760308	59.0	0	0.017930715733801908	0.8459685379376574	1.1443976616309222	9651.71454800983	1532.0534900017474	896.5357866900956	1022.5304327697709	1183.4402356005162	1.621599605734268	3451.1197094616136	1.9993979295919884e-08
