11.247441493196291	1	1	1	1	4	0	11.247441493196291	1.0	0	0.0			15.0	0.0	0.0	0.0	0.0		0.0	0.0
11.367595075476835	1	1	1	1	4	0	11.367595075476835	1.0	0	0.0			15.0	0.0	0.0	0.0	0.0		0.0	0.0
22.856168219862568	1	1	1	1	4	0	22.856168219862568	2.0	0	0.0			14.552750241652504	0.0	0.0	0.0	0.7285827694774977	0.0	0.0	0.0
34.4665080713728	1	1	1	1	4	0	34.4665080713728	3.0	0	0.0			13.791431040067982	0.0	0.0	0.0	2.1993864847666735	0.0	0.0	0.0
46.1993671861199	1	1	1	1	4	0	46.1993671861199	4.0	0	0.0			12.713098668736418	0.0	0.0	0.0	4.42587529936556	0.0	0.0	0.0
58.05546181511435	1	1	1	1	4	0	58.05546181511435	5.0	0	0.0			11.314922877436091	0.0	0.0	0.0	7.421310407022852	0.0	0.0	0.0
70.03547169202406	1	1	1	1	4	0	70.03547169202406	6.0	0	2.1260101330044985e-05			10.075555122184273	0.0	1.0630050665022492	0.0	9.012550055682023	0.11794720250480835	1.0630050665022492	0.0
82.14003983175478	1	1	1	1	4	0	82.14003983175478	7.0	0	2.1260101330044985e-05	1.1219883555152244	1.2274186069953867	10.075555122184273	0.0	1.0630050665022492	0.0	9.012550055682023	0.11794720250480835	1.0630050665022492	2.366298685667513e-13
94.36977233991071	1	1	1	1	4	0	94.36977233991071	8.0	0	2.221174472490546e-05	2.3491227999584754	1.6486779587818643	10.1602592493448	0.0	1.1105872362452731	0.0	9.049672013099528	0.12272126930541598	1.1105872362452731	7.153479594155571e-13
106.72523823319248	1	1	1	1	4	0	106.72523823319248	9.0	0	2.550695356684735e-05	0.5575947726801574	1.1487772988531848	10.4423010323676	0.0	1.2753476783423676	0.0	9.166953354025233	0.13912448652117984	1.2753476783423676	1.2989386852544742e-12
119.20696927078512	1	1	1	1	4	0	119.20696927078512	10.0	0	3.125652836321531e-05	1.930091439470781	0.9851367678507488	10.92698341560865	0.0	1.5628264181607654	0.0	9.364156997447884	0.16689451261728094	1.5628264181607654	2.0087457223110518e-12
131.81545979678634	1	1	1	1	4	0	131.81545979678634	11.0	0	3.7869805120317874e-05	0.7423854250233154	2.7563268153682627	11.484097469355993	0.0	1.8934902560158933	0.0	9.5906072133401	0.19743173856417912	1.8934902560158933	2.4209585105062756e-12
144.55116659372186	1	1	1	1	4	0	144.55116659372186	12.0	0	4.625355980877976e-05	1.4046833650881896	1.16194078715493	12.197549613268256	0.0	2.312677990438988	0.0	9.884871622829268	0.2339613581928389	2.312677990438988	3.1003637561310725e-12
157.41450874719058	1	1	1	1	4	0	157.41450874719058	13.0	0	5.56694919323982e-05	0.8501745212348688	1.2289909170319269	13.014785589574128	0.0	2.78347459661991	0.0	10.231310992954217	0.2720545391042015	2.78347459661991	3.526038759514471e-12
170.4058675216809	1	1	1	1	4	0	170.4058675216809	14.0	0	7.168440611902636e-05	0.9751291550114	1.208458586713533	14.331697058592914	0.0	3.5842203059513182	0.0	10.7474767526416	0.3334941203822897	3.5842203059513182	5.136527345345718e-12
183.52558624759342	1	1	1	1	4	0	183.52558624759342	15.0	0	9.068209646177068e-05	0.8479222535815251	1.2384890402562343	15.8559692377424	0.0	4.5341048230885335	0.0	11.321864414653867	0.4004733369903327	4.5341048230885335	6.633854395314156e-12
196.77397021950497	1	1	1	1	4	0	196.77397021950497	16.0	0	0.00010442291959175551	0.5109604804914487	1.2596531076174542	16.95150255054152	0.0	5.221145979587777	0.0	11.730356570953742	0.4450969540445324	5.221145979587777	6.05448618118252e-12
210.1512866057031	1	1	1	1	4	0	210.1512866057031	17.0	0	0.000128727948070248	0.7145151708554842	1.1910665014760695	18.90437685875891	0.0	6.436397403512401	0.0	12.46797945524651	0.5162342003061268	6.436397403512401	1.4849272106876633e-11
223.65776436901845	1	1	1	1	4	0	223.65776436901845	18.0	0	0.0001487176728549949	0.7353848970608056	0.9222053849364872	20.544775903914218	0.0	7.4358836427497454	0.0	13.108892261164478	0.5672396640850268	7.4358836427497454	1.4613682490811453e-11
237.29359419897813	1	1	1	1	4	0	237.29359419897813	19.0	0	0.00016234841078694354	0.8972373149104126	1.3868572157068246	21.704741721334315	0.0	8.117420539347176	0.0	13.587321181987138	0.597426117379821	8.117420539347176	1.2088774954938956e-11
251.0589284553002	1	1	1	1	4	0	251.0589284553002	20.0	0	0.00020713783016246365	0.9447202566575116	1.3095738368047474	25.73871829300084	0.0	10.356891508123182	0.0	15.381826784877653	0.6733199933251985	10.356891508123182	2.955634267973045e-11
264.95388112274634	1	1	1	1	4	0	264.95388112274634	21.0	0	0.00023302977198523525	1.2089572723119029	1.2293248805587018	28.082538548509323	0.0	11.65148859926176	0.0	16.431049949247562	0.7091140636326364	11.65148859926176	2.248508103618465e-11
278.9785277773454	1	1	1	1	4	0	278.9785277773454	22.0	0	0.0002848578289579873	1.030275393121268	1.3563497527885258	32.9132441411531	0.0	14.242891447899366	0.0	18.670352693253733	0.7628614028831834	14.242891447899366	3.665828069820343e-11
293.1329055639992	1	1	1	1	4	0	293.1329055639992	23.0	0	0.00035798105152706034	0.8326593659744163	1.0949982579158262	39.587307236880214	0.0	17.899052576353014	0.0	21.68825466052721	0.8252878277443609	17.899052576353014	6.065733525493997e-11
307.41701318547484	1	1	1	1	4	0	307.41701318547484	24.0	0	0.0003820977173751042	0.8543869934760907	1.1194323661272751	41.78718778120142	0.0	19.10488586875521	0.0	22.682301912446214	0.8422816142074188	19.10488586875521	3.4703625990382784e-11
321.83081090278995	1	1	1	1	4	0	321.83081090278995	25.0	0	0.00048134716621544914	0.8500426940817161	1.0525256704043209	51.00342361376657	0.0	24.06735831077245	0.0	26.936065302994127	0.8934994046104131	24.06735831077245	9.874848357806895e-11
336.3742205469876	1	1	1	1	4	0	336.3742205469876	26.0	0	0.0006187056943192718	1.034680109527376	1.2408686127939674	64.25424450361108	0.0	30.935284715963594	0.0	33.31895978764749	0.9284588988709184	30.935284715963594	1.344013306025116e-10
351.0471255422998	1	1	1	1	4	0	351.0471255422998	27.0	0	0.000694079676685193	0.8228026830149768	1.0800972945293958	71.41609083071546	0.0	34.70398383425966	0.0	36.712106996455795	0.945300792395544	34.70398383425966	9.265116191176769e-11
365.84937094069124	1	1	1	1	4	0	365.84937094069124	28.0	0	0.0008638113254974253	0.8195281303034471	1.3241710711911885	87.80148566860167	0.0	43.19056627487127	0.0	44.6109193937304	0.9681613125628891	43.19056627487127	1.7274346622715526e-10
380.78076346777357	1	1	1	1	4	0	380.78076346777357	29.0	0	0.0009684984772884377	0.7936433462343099	1.1613070942084072	98.21364681029402	0.0	48.42492386442189	0.0	49.78872294587214	0.9726082735053702	48.42492386442189	1.5150136315306262e-10
395.84107158007737	1	1	1	1	4	0	395.84107158007737	30.0	0	0.001206274639331068	0.8076695607481273	1.216824979142955	121.6634314454045	0.0	60.313731966553405	0.0	61.34969947885106	0.9831137312635936	60.313731966553405	3.1526743141174565e-10
411.03002553366304	1	1	1	1	4	0	411.03002553366304	31.0	0	0.0014679590067734774	0.9286663528154256	1.1911935045787383	147.8208819228241	0.0	73.39795033867388	0.0	74.4229315841502	0.9862276152839076	73.39795033867388	3.604686712766141e-10
426.3473174640513	1	1	1	1	4	0	426.3473174640513	32.0	0	0.001660585504294679	0.8022406833359873	1.2005288416255806	167.799009044475	0.0	83.02927521473393	0.0	84.76973382974106	0.9794683958958416	83.02927521473393	3.1627370626309507e-10
441.79260147745117	1	1	1	1	4	0	441.79260147745117	33.0	0	0.001998999903164433	0.882333028807473	1.2200503831009064	207.75276537307627	0.0	99.94999515822164	5.5389302110938825	102.26384000376076	1.0315369085048651	105.48892536931555	5.475646947825158e-10
457.365493753255	1	1	1	1	4	0	457.365493753255	34.0	0	0.0022447925689684073	0.898398239110146	1.1986723993598476	240.5341947477558	0.0	112.2396284484204	12.917399511664131	115.3771667876713	1.0847642687431482	125.15702796008452	5.5311008904064e-10
473.0655726577729	1	1	1	1	4	0	473.0655726577729	35.0	0	0.002509624948171603	0.8901233448490738	1.1688803613328689	280.49098117736224	0.0	125.4812474085802	24.297769230470408	130.71196453831163	1.1458707484665678	149.7790166390506	7.294080341608517e-10
488.8923788691719	1	1	1	1	4	0	488.8923788691719	36.0	0	0.002926796518178364	0.8624203175389009	1.1858247449479304	345.7327051038722	0.0	146.3398259089182	44.79817439198158	154.59470480297244	1.236381288379191	191.13800030089973	1.1451629033388706e-09
504.8454155135833	1	1	1	1	4	0	504.8454155135833	37.0	0	0.0032000985067502192	0.8864428421334765	1.2423113480035812	394.11249624189514	3.5925925206489504	160.00492533751097	59.662562857153254	170.8524155265819	1.2857148523047215	223.2600807153132	9.051935046313213e-10
520.9241483123367	1	1	1	1	4	0	520.9241483123367	38.0	0	0.0035914113328414906	0.9158144336268648	1.1877825463288847	473.3693291185622	14.469961980209598	179.57056664207454	82.95034122759817	196.37845926867993	1.336811118934885	276.9908698498823	1.4055701257347425e-09
537.1280057402779	1	1	1	1	4	0	537.1280057402779	39.0	0	0.004036713788467407	0.8862151156565116	1.2402234855829533	573.7216497562232	31.90104024407176	201.83568942337035	115.33384405858445	224.6510760301969	1.4118318019510483	349.0705737260265	1.750886154127885e-09
553.4563791951257	1	1	1	1	4	0	553.4563791951257	40.0	0	0.004190798469036247	0.8756393299205641	1.1401080381229072	613.0157554756868	40.10826525682829	209.53992345181237	128.36902775452592	234.99853901252027	1.4379193701639783	378.0172164631665	1.0923694976654174e-09
569.9086231778117	1	1	1	1	4	0	569.9086231778117	41.0	0	0.004625898809275762	0.8247572765843314	1.1969636925341112	726.3194003308985	67.34662878005598	231.29494046378812	164.21307715380962	263.4647539332448	1.5011799935782275	462.85464639765365	2.449452677002048e-09
586.4840554837581	1	1	1	1	4	0	586.4840554837581	42.0	0	0.005103834536186322	0.8421897351837738	1.1069131256095996	851.7327150811415	101.91292531623164	255.19172680931604	199.97775493311119	294.65030802248265	1.544778570900719	557.0824070586589	3.003391039381482e-09
603.1819574050269	1	1	1	1	4	0	603.1819574050269	43.0	0	0.005495449569227232	0.8326635240131129	1.113807117809011	956.874091146517	135.57076840475406	274.77247846136163	224.92111808135982	321.60972619904146	1.5537266314933071	635.2643649474755	2.62707005152962e-09
620.0015739432909	1	1	1	1	4	0	620.0015739432909	44.0	0	0.005981158534472382	0.8355378116090273	1.1644345774405804	1119.7912043170336	187.42772336472112	299.05792672361906	255.86559778854863	359.2517083211	1.544664956794515	742.3512478768887	3.5203951540539837e-09
636.9421140335545	1	1	1	1	4	0	636.9421140335545	45.0	0	0.006481864360701977	0.8696325345479025	1.1779223517956303	1304.068191903025	244.91237412930286	324.09321803509886	295.5132138405578	397.6654629537602	1.5581097419760168	864.5188060049595	3.9514563531764455e-09
654.0027507785644	1	1	1	1	4	0	654.0027507785644	46.0	0	0.006997862142601623	0.9158264801929896	1.165985944937542	1514.2590534276364	307.78626951138193	349.8931071300812	339.61088742927086	436.82927812489913	1.5784289860768166	997.290264070734	5.052865860235182e-09
671.1826216938364	1	1	1	1	4	0	671.1826216938364	47.0	0	0.007553130399985144	0.8727233174397174	1.1727363523003052	1744.8159507952207	375.79588591766645	377.6565199992572	383.7180560588649	476.72004644528636	1.597110467108301	1137.1704619757886	5.84968511228588e-09
688.4808289632283	1	1	1	1	4	0	688.4808289632283	48.0	0	0.008113500386259822	0.8689631166767292	1.1697614409065415	2001.147808157473	448.6724828324329	405.6750193129912	423.2056501319983	517.3132523607362	1.6022799834769923	1277.5531522774224	6.521205286037269e-09
705.8964397049822	1	1	1	1	4	0	705.8964397049822	49.0	0	0.008643370939213005	0.8584150767802514	1.1672625130491014	2278.603949732321	526.1319747481432	432.1685469606503	455.39944026945676	558.5829608649173	1.588963590754335	1413.6999619782505	7.1786713433836995e-09
723.4284862481575	1	1	1	1	4	0	723.4284862481575	50.0	0	0.00921090599476339	0.8344138076432257	1.1337904656502824	2565.001232421816	607.8748200254079	460.5452997381696	498.6250161044278	600.501807715443	1.5972813129267298	1567.0451358680054	7.4142317703376e-09
741.0759664193733	1	1	1	1	4	0	741.0759664193733	51.0	0	0.009762185204672771	0.8607448316915429	1.1683906718093369	2884.8917246357714	693.5859271469886	488.10926023363874	548.1877722484135	643.0409911943062	1.6115567229351269	1729.8829596290411	9.499366451658503e-09
758.8378438397727	1	1	1	1	4	0	758.8378438397727	52.0	0	0.010366085952949066	0.8294066676320679	1.126232689111605	3219.5724513251985	782.9345788116761	518.3042976474534	599.1999412524393	686.1702654520664	1.628610703734958	1900.4388177115688	9.33920885463942e-09
776.7130482321257	1	1	1	1	4	0	776.7130482321257	53.0	0	0.010985017591089398	0.8818008355867375	1.1687252599543383	3593.5628246551605	875.5743742939554	549.25087955447	646.5803494474105	729.857935473448	1.6384438270526749	2071.405603295836	1.0595548616159625e-08
794.7004757379742	1	1	1	1	4	0	794.7004757379742	54.0	0	0.011579923879260748	0.8637571465467077	1.157674343665383	3990.1889423106654	971.1431904744107	578.9961939630373	685.0544116387453	774.0708537001727	1.6329908296629878	2235.1937960761934	1.1093688154988206e-08
812.7989892447298	1	1	1	1	4	0	812.7989892447298	55.0	0	0.012222081151098043	0.8710845226834046	1.1553563474321606	4417.390422840961	1069.2631619238412	611.1040575549019	729.6136019545743	818.7744183449119	1.637468916309857	2409.980821433317	1.1679671310253844e-08
831.0074187226242	1	1	1	1	4	0	831.0074187226242	56.0	0	0.012851199827897607	0.8723676546473914	1.1390130055274437	4874.121621823298	1169.540680401091	642.5599913948804	780.2033769107657	863.9325734282322	1.646845381300855	2592.304048706737	1.4187914079486417e-08
849.3245615714155	1	1	1	1	4	0	849.3245615714155	57.0	0	0.013470984712028584	0.8240115548335885	1.1600896332920738	5333.648821279079	1271.5664141006755	673.5492356014292	831.4355441045668	909.5078105683084	1.654724414918001	2776.5511938066716	1.5171694484247767e-08
867.7491829767432	1	1	1	1	4	0	867.7491829767432	58.0	0	0.014098449849265181	0.8739294956407319	1.1430799087313486	5842.788339867183	1374.9153469614253	704.922492463259	877.7266007128726	955.4611725509873	1.6564242887553604	2957.5644401375566	1.6005707206461618e-08
886.2800162760308	1	1	1	1	4	0	886.2800162760308	59.0	0	0.014690717938275175	0.8778911051319159	1.1840292282061553	6386.369323718241	1479.146838321638	734.5358969137587	913.2986507263248	1001.75225870553	1.6449521658872273	3126.981385961722	1.6650177749179612e-08
