NumAxe Jour Diam     X1       Y1       Z1      X2       Y2       Z2
    1     7    0.70    0.00    0.00   10.00   -0.11    0.13   15.00
    1     7    0.70   -0.11    0.13   15.00   -0.31    0.40   19.99
    1     7    0.70   -0.31    0.40   19.99   -0.38    0.31   24.98
    1     7    0.70   -0.38    0.31   24.98   -0.06    0.45   29.97
    1     7    0.70   -0.06    0.45   29.97    0.50    0.67   34.94
    1     7    0.70    0.50    0.67   34.94    1.33    0.75   39.87
    1     7    0.70    1.33    0.75   39.87    2.37    0.59   44.75
    1     9    0.70    2.37    0.59   44.75    3.31    0.86   49.66
    1     9    0.70    3.31    0.86   49.66    3.88    1.41   54.59
    1     9    0.70    3.88    1.41   54.59    4.25    1.98   59.55
    1     9    0.70    4.25    1.98   59.55    4.74    2.26   64.52
    1     9    0.70    4.74    2.26   64.52    5.20    2.05   69.49
    1     9    0.70    5.20    2.05   69.49    5.40    1.83   74.48
    1     9    0.70    5.40    1.83   74.48    5.65    1.31   79.45
    1    11    0.70    5.65    1.31   79.45    5.62    0.49   84.38
    1    11    0.70    5.62    0.49   84.38    5.73   -0.25   89.32
    1    11    0.70    5.73   -0.25   89.32    5.76   -1.22   94.23
    1    11    0.70    5.76   -1.22   94.23    5.61   -2.40   99.09
    1    11    0.70    5.61   -2.40   99.09    5.19   -3.94  103.82
    1    11    0.70    5.19   -3.94  103.82    5.18   -5.27  108.64
    1    11    0.70    5.18   -5.27  108.64    5.53   -6.83  113.38
    1    11    0.70    5.53   -6.83  113.38    5.53   -8.49  118.10
    1    13    0.70    5.53   -8.49  118.10    5.09  -10.14  122.80
    1    13    0.70    5.09  -10.14  122.80    4.39  -11.48  127.56
    1    13    0.70    4.39  -11.48  127.56    3.48  -13.01  132.23
    1    13    0.70    3.48  -13.01  132.23    2.92  -14.24  137.05
    1    13    0.70    2.92  -14.24  137.05    1.94  -15.60  141.76
    1    13    0.70    1.94  -15.60  141.76    1.06  -17.39  146.34
    1    13    0.70    1.06  -17.39  146.34    0.02  -19.07  150.94
    1    15    0.70    0.02  -19.07  150.94   -1.25  -20.61  155.52
    1    15    0.70   -1.25  -20.61  155.52   -2.11  -21.90  160.27
    1    15    0.70   -2.11  -21.90  160.27   -3.08  -22.79  165.10
    1    15    0.70   -3.08  -22.79  165.10   -3.74  -23.30  170.03
    1    15    0.70   -3.74  -23.30  170.03   -4.57  -23.69  174.94
    1    15    0.70   -4.57  -23.69  174.94   -5.69  -23.83  179.81
    1    15    0.70   -5.69  -23.83  179.81   -7.03  -24.23  184.61
    2     9    0.70    0.00    0.00   10.00    2.49   -2.39   13.62
    2     9    0.70    2.49   -2.39   13.62    4.90   -4.85   17.24
    2     9    0.70    4.90   -4.85   17.24    7.52   -7.55   20.53
    2     9    0.70    7.52   -7.55   20.53   10.27   -9.82   24.04
    2     9    0.70   10.27   -9.82   24.04   13.27  -12.04   27.37
    2     9    0.70   13.27  -12.04   27.37   16.52  -13.86   30.70
    2     9    0.70   16.52  -13.86   30.70   19.61  -15.81   34.12
    2    11    0.70   19.61  -15.81   34.12   22.97  -17.39   37.46
    2    11    0.70   22.97  -17.39   37.46   26.58  -18.62   40.70
    2    11    0.70   26.58  -18.62   40.70   30.37  -20.08   43.62
    2    11    0.70   30.37  -20.08   43.62   34.32  -21.76   46.18
    2    11    0.70   34.32  -21.76   46.18   38.23  -23.37   48.85
    2    11    0.70   38.23  -23.37   48.85   42.05  -25.13   51.56
    2    11    0.70   42.05  -25.13   51.56   45.62  -26.70   54.68
    2    13    0.70   45.62  -26.70   54.68   48.93  -28.04   58.18
    2    13    0.70   48.93  -28.04   58.18   52.36  -29.55   61.49
    2    13    0.70   52.36  -29.55   61.49   55.85  -31.27   64.64
    2    13    0.70   55.85  -31.27   64.64   59.03  -32.81   68.17
    2    13    0.70   59.03  -32.81   68.17   61.82  -34.38   72.01
    2    13    0.70   61.82  -34.38   72.01   64.54  -36.09   75.85
    2    13    0.70   64.54  -36.09   75.85   67.49  -38.05   79.37
    2    13    0.70   67.49  -38.05   79.37   70.22  -39.71   83.22
    2    15    0.70   70.22  -39.71   83.22   72.75  -41.55   87.12
    2    15    0.70   72.75  -41.55   87.12   74.90  -43.60   91.14
    2    15    0.70   74.90  -43.60   91.14   77.21  -45.20   95.27
    2    15    0.70   77.21  -45.20   95.27   79.55  -47.21   99.21
    2    15    0.70   79.55  -47.21   99.21   81.66  -49.46  103.15
    2    15    0.70   81.66  -49.46  103.15   84.01  -51.33  107.14
    2    15    0.70   84.01  -51.33  107.14   86.41  -52.90  111.24
    3    11    0.70    0.00    0.00   10.00    0.09   -1.95   14.60
    3    11    0.70    0.09   -1.95   14.60    0.47   -4.05   19.13
    3    11    0.70    0.47   -4.05   19.13    0.64   -6.52   23.47
    3    11    0.70    0.64   -6.52   23.47    0.73   -8.89   27.87
    3    11    0.70    0.73   -8.89   27.87    0.76  -11.49   32.14
    3    11    0.70    0.76  -11.49   32.14    0.55  -13.79   36.57
    3    11    0.70    0.55  -13.79   36.57    0.78  -16.23   40.93
    3    13    0.70    0.78  -16.23   40.93    1.26  -19.01   45.06
    3    13    0.70    1.26  -19.01   45.06    1.64  -21.37   49.46
    3    13    0.70    1.64  -21.37   49.46    2.34  -23.60   53.87
    3    13    0.70    2.34  -23.60   53.87    3.15  -25.68   58.35
    3    13    0.70    3.15  -25.68   58.35    3.72  -27.84   62.82
    3    13    0.70    3.72  -27.84   62.82    4.62  -30.10   67.19
    3    13    0.70    4.62  -30.10   67.19    5.84  -32.33   71.50
    3    15    0.70    5.84  -32.33   71.50    6.81  -34.79   75.74
    3    15    0.70    6.81  -34.79   75.74    7.78  -37.28   79.96
    3    15    0.70    7.78  -37.28   79.96    9.08  -39.75   84.11
    3    15    0.70    9.08  -39.75   84.11   10.08  -42.26   88.32
    3    15    0.70   10.08  -42.26   88.32   11.26  -44.37   92.70
    3    15    0.70   11.26  -44.37   92.70   12.20  -46.86   96.93
    3    15    0.70   12.20  -46.86   96.93   13.32  -49.48  101.04
    3    15    0.70   13.32  -49.48  101.04   14.74  -51.92  105.17
    4    13    0.18   -0.06    0.06   12.50   -4.91   -0.68   13.45
    4    15    0.18   -4.91   -0.68   13.45   -9.71   -1.58   14.50
    4    15    0.18   -9.71   -1.58   14.50  -14.48   -2.86   15.27
    5    13    0.26   -0.11    0.13   15.00   -0.78    4.92   16.26
    5    13    0.26   -0.78    4.92   16.26   -1.70    9.75   17.12
    5    15    0.26   -1.70    9.75   17.12   -2.37   14.67   17.71
    5    15    0.26   -2.37   14.67   17.71   -3.37   19.57   17.92
    5    15    0.26   -3.37   19.57   17.92   -4.01   24.53   18.01
    6    13    0.24   -0.21    0.26   17.49    4.31    1.95   18.80
    6    13    0.24    4.31    1.95   18.80    8.97    3.31   19.97
    6    15    0.24    8.97    3.31   19.97   13.78    4.44   20.78
    6    15    0.24   13.78    4.44   20.78   18.56    5.44   21.81
    6    15    0.24   18.56    5.44   21.81   23.39    6.51   22.60
    7    13    0.20   -0.31    0.40   19.99   -1.56    4.95   21.62
    7    13    0.20   -1.56    4.95   21.62   -3.05    9.32   23.56
    7    15    0.20   -3.05    9.32   23.56   -4.41   13.50   25.94
    7    15    0.20   -4.41   13.50   25.94   -5.80   17.50   28.60
    8    13    0.23   -0.35    0.35   22.49    2.25   -3.71   23.79
    8    13    0.23    2.25   -3.71   23.79    4.84   -7.79   25.08
    8    15    0.23    4.84   -7.79   25.08    7.57  -11.65   26.72
    8    15    0.23    7.57  -11.65   26.72   10.65  -15.17   28.47
    9    13    0.24   -0.38    0.31   24.98   -2.51    4.74   25.93
    9    13    0.24   -2.51    4.74   25.93   -4.35    9.22   27.16
    9    15    0.24   -4.35    9.22   27.16   -5.84   13.86   28.27
    9    15    0.24   -5.84   13.86   28.27   -7.73   18.42   29.09
    9    15    0.24   -7.73   18.42   29.09  -10.01   22.81   29.79
   10    13    0.25   -0.22    0.38   27.48    4.24    2.14   28.92
   10    13    0.25    4.24    2.14   28.92    8.80    3.89   29.95
   10    15    0.25    8.80    3.89   29.95   13.52    5.43   30.60
   10    15    0.25   13.52    5.43   30.60   18.14    7.23   31.24
   10    15    0.25   18.14    7.23   31.24   22.74    9.17   31.43
   11    13    0.20   -0.06    0.45   29.97    3.04   -3.36   30.92
   11    13    0.20    3.04   -3.36   30.92    6.19   -7.04   32.17
   11    15    0.20    6.19   -7.04   32.17    8.96  -10.91   33.68
   11    15    0.20    8.96  -10.91   33.68   12.02  -14.70   34.82
   12    13    0.21    0.22    0.56   32.45    4.41   -1.76   33.89
   12    13    0.21    4.41   -1.76   33.89    8.74   -3.65   35.51
   12    15    0.21    8.74   -3.65   35.51   12.83   -5.93   37.29
   12    15    0.21   12.83   -5.93   37.29   16.61   -8.45   39.37
   13    13    0.18    0.50    0.67   34.94   -3.56    3.03   36.67
   13    15    0.18   -3.56    3.03   36.67   -7.53    5.20   38.78
   13    15    0.18   -7.53    5.20   38.78  -11.61    7.52   40.53
   14    13    0.20    0.91    0.71   37.40   -3.45    1.03   39.83
   14    13    0.20   -3.45    1.03   39.83   -7.94    1.04   42.02
   14    15    0.20   -7.94    1.04   42.02  -12.41    0.94   44.26
   14    15    0.20  -12.41    0.94   44.26  -16.99    0.53   46.23
   15    13    0.26    1.33    0.75   39.87    5.85   -1.33   40.32
   15    13    0.26    5.85   -1.33   40.32   10.20   -3.65   41.17
   15    15    0.26   10.20   -3.65   41.17   14.33   -6.31   42.09
   15    15    0.26   14.33   -6.31   42.09   18.62   -8.73   42.93
   15    15    0.26   18.62   -8.73   42.93   22.82  -11.26   43.93
   16    13    0.18    1.85    0.67   42.31    6.36   -1.48   42.31
   16    15    0.18    6.36   -1.48   42.31   11.04   -3.25   42.40
   16    15    0.18   11.04   -3.25   42.40   15.73   -4.95   42.08
   17    13    0.70    0.00    0.00   10.00   -1.76   -4.46   11.42
   17    13    0.70   -1.76   -4.46   11.42   -3.18   -8.92   13.17
   17    13    0.70   -3.18   -8.92   13.17   -4.28  -13.57   14.65
   17    13    0.70   -4.28  -13.57   14.65   -5.67  -18.22   15.85
   17    13    0.70   -5.67  -18.22   15.85   -7.06  -22.80   17.30
   17    13    0.70   -7.06  -22.80   17.30   -8.80  -27.22   18.84
   17    13    0.70   -8.80  -27.22   18.84  -10.41  -31.60   20.65
   17    15    0.70  -10.41  -31.60   20.65  -11.99  -35.94   22.57
   17    15    0.70  -11.99  -35.94   22.57  -13.37  -40.36   24.45
   17    15    0.70  -13.37  -40.36   24.45  -14.43  -44.97   26.07
   17    15    0.70  -14.43  -44.97   26.07  -15.61  -49.42   28.02
   17    15    0.70  -15.61  -49.42   28.02  -17.12  -53.78   29.96
   17    15    0.70  -17.12  -53.78   29.96  -18.25  -58.14   32.13
   17    15    0.70  -18.25  -58.14   32.13  -19.65  -62.28   34.55
   18    15    0.23    2.37    0.59   44.75    4.83   -3.61   45.90
   18    15    0.23    4.83   -3.61   45.90    7.35   -7.78   47.02
   19    15    0.20    2.84    0.73   47.20   -1.47    2.10   49.31
   19    15    0.20   -1.47    2.10   49.31   -5.96    3.28   51.18
   20    15    0.19    3.31    0.86   49.66    8.06    2.32   50.27
   21    15    0.22    3.60    1.13   52.13   -0.53    3.44   53.76
   21    15    0.22   -0.53    3.44   53.76   -4.70    5.83   55.12
   22    15    0.20    4.07    1.69   57.07    6.76   -2.09   58.92
   22    15    0.20    6.76   -2.09   58.92    9.04   -6.16   60.74
   23    15    0.18    4.25    1.98   59.55    9.22    2.01   60.13
   24    15    0.30    4.50    2.12   62.03    8.91    0.09   63.24
   24    15    0.30    8.91    0.09   63.24   13.33   -1.62   64.82
   24    15    0.30   13.33   -1.62   64.82   17.91   -3.29   65.95
   25    15    0.22    4.74    2.26   64.52    0.49    0.49   66.46
   25    15    0.22    0.49    0.49   66.46   -3.49   -1.55   68.68
   26    15    0.16    4.97    2.16   67.00    4.79    6.83   68.78
   27    15    0.15    5.20    2.05   69.49    1.92   -1.30   71.23
   28    15    0.25    5.30    1.94   71.99    9.14    4.65   73.69
   28    15    0.25    9.14    4.65   73.69   12.94    7.36   75.47
   29    15    0.17    5.40    1.83   74.48    6.05    6.57   75.94
   30    15    0.19    1.24   -1.20   11.81    6.06    0.13   11.75
   31    15    0.18    2.49   -2.39   13.62    6.31   -5.61   13.39
   32    15    0.19    3.69   -3.62   15.43    3.12   -1.16   19.74
   33    15    0.19    4.90   -4.85   17.24    4.68   -2.22   21.48
   33    15    0.19    4.68   -2.22   21.48    4.81    0.15   25.89
   34    15    0.18    7.52   -7.55   20.53    6.74  -12.44   19.81
   35    15    0.16    8.90   -8.69   22.29    7.57  -13.50   22.59
   36    15    0.20   10.27   -9.82   24.04   15.03   -8.28   23.95
   36    15    0.20   15.03   -8.28   23.95   19.81   -6.81   24.11
   37    15    0.29   11.77  -10.93   25.70   16.47  -10.42   24.06
   37    15    0.29   16.47  -10.42   24.06   21.09   -9.52   22.38
   37    15    0.29   21.09   -9.52   22.38   26.03   -8.79   22.17
   38    15    0.21   13.27  -12.04   27.37   10.36  -14.64   30.49
   38    15    0.21   10.36  -14.64   30.49    7.39  -17.49   33.33
   39    15    0.21   14.90  -12.95   29.03   11.87  -15.51   32.09
   39    15    0.21   11.87  -15.51   32.09    8.91  -17.69   35.47
   40    15    0.19   16.52  -13.86   30.70   13.36  -15.36   34.28
   41    15    0.70    0.00    0.00   10.00   -1.56   -2.87   13.78
   41    15    0.70   -1.56   -2.87   13.78   -3.30   -6.03   17.25
   41    15    0.70   -3.30   -6.03   17.25   -4.63   -9.45   20.65
   41    15    0.70   -4.63   -9.45   20.65   -6.22  -12.55   24.23
   41    15    0.70   -6.22  -12.55   24.23   -7.70  -15.29   28.14
   41    15    0.70   -7.70  -15.29   28.14   -8.80  -18.25   32.02
   41    15    0.70   -8.80  -18.25   32.02   -9.47  -21.05   36.11
