1	4	0.0	1.0	0.0	0.0	0.015	0.0		0.0	
2	4	0.0	1.0	0.0	0.0	0.015	0.0		0.0	
3	4	0.0	1.0	0.0	0.0	0.014552750241652503	0.0		0.0	
4	4	0.0	1.0	0.0	0.0	0.013791431040067982	0.0		0.0	
5	4	0.0	1.0	0.0	0.0	0.01271309866873642	0.0		0.0	
6	4	0.0	1.0	0.0	0.0	0.011314922877436092	0.0		0.0	
7	4	2.500826149469408e-05	1.0	0.0	0.0	0.010075555122184271	0.0	0.0	2.500826149469408e-05	
8	4	2.94629337072424e-05	1.0	1.9999269894141862e-05	24.043260904968353	0.01045649956813413	0.0	0.0	2.94629337072424e-05	1.4542199130982965
9	4	3.54411602100729e-05	1.0	2.4332301666411245e-05	29.197230806706557	0.01093031107453221	0.0	0.0	3.54411602100729e-05	1.3225869206206398
10	4	4.335390328893039e-05	1.0	3.2355881148524674e-05	36.556505440812	0.011537167872631714	0.0	0.0	4.335390328893039e-05	1.1112375597109647
11	4	5.348300292499715e-05	1.0	4.104536168059186e-05	45.428056376621115	0.012304184994710877	0.0	0.0	5.348300292499715e-05	1.2891393299046492
12	4	6.658482441412397e-05	1.0	5.539532185942439e-05	57.837476384634336	0.013295748110233057	0.0	0.0	6.658482441412397e-05	1.1852989976103652
13	4	8.203310919423303e-05	1.0	5.682274971247095e-05	68.32030132536761	0.014474831010896944	0.0	0.0	8.203310919423303e-05	1.1589663905483474
14	4	0.0001015716164882438	1.0	7.684314904317637e-05	86.95401672953457	0.015990915011560358	0.0	0.0	0.0001015716164882438	1.3029677237359092
15	4	0.00012613509360023524	1.0	8.335950725956249e-05	104.01765341002087	0.017812855356149036	0.0	0.0	0.00012613509360023524	1.1564889192237309
16	4	0.00015831429765585992	1.0	0.00012115965787279404	132.59298928853684	0.02015150970001247	0.0	0.0	0.00015831429765585992	1.2027536324075054
17	4	0.0001935231760033228	1.0	0.00010912785555251585	144.5788903048616	0.022696980313075515	0.0	0.0	0.0001935231760033228	1.036181943606759
18	4	0.0002454449515742131	1.0	0.0001903836728556587	212.12135373780475	0.02647488286386347	0.0	0.0	0.0002454449515742131	1.1808962331211277
19	4	0.00030831939316677034	1.0	0.00021423789192714167	260.8946780967259	0.031130520510696633	0.0	0.0	0.00030831939316677034	1.2458859204779256
20	4	0.00038787015234214976	1.0	0.0002981087128044729	339.08907538697275	0.03720218851874712	0.0	0.0	0.00038787015234214976	1.1471267948421426
21	4	0.0004808020948607927	1.0	0.00033603364173941694	415.1376244704097	0.04464130160931497	0.0	0.0	0.0004808020948607927	1.12474405017256
22	4	0.0005960624051935037	1.0	0.0004161242018037344	516.5108177743342	0.05390735066708062	0.0	0.0	0.0005960624051935037	1.171423810219808
23	4	0.0007337336575123438	1.0	0.0004982159217259284	632.1283202206907	0.06525212065450131	0.0	0.0	0.0007337336575123438	1.2321955606406556
24	4	0.0009089096033466275	1.0	0.000623161099193034	789.4423667266043	0.07943324288942585	0.0	0.0	0.0009089096033466275	1.182752420882138
25	4	0.0011308231110331286	1.0	0.0008090641481780977	998.4891433549803	0.0973890864828246	0.0	0.0	0.0011308231110331286	1.1788269485854035
26	4	0.0013965805507830554	1.0	0.0009187409862515863	1214.2294282930286	0.1192195948364368	0.0	0.0	0.0013965805507830554	1.145025818903855
27	4	0.0017224315029851845	1.0	0.001214013734460935	1536.4513071311746	0.1468685846402413	0.0	0.0	0.0017224315029851845	1.1600166369614917
28	4	0.0021316434466772303	1.0	0.0015005421188468632	1904.4448247664584	0.181145451586956	0.0	0.0	0.0021316434466772303	1.2003187216392386
29	4	0.0026278279619262467	1.0	0.0017933310049835726	2340.8462125242995	0.2232729048034998	0.0	0.0	0.0026278279619262467	1.189519405678628
30	4	0.0032269242412286967	1.0	0.0022185025619587584	2898.9521393636583	0.2754510966376635	0.0	0.0	0.0032269242412286967	1.219815654940497
31	4	0.003920646728678337	1.0	0.002845082191865637	3626.28763875196	0.3430206294541772	0.0	0.0	0.003920646728678337	1.1715245989828953
32	4	0.004620879553394957	1.0	0.003384110585720098	4390.408350243394	0.4296172850515419	0.0	0.0	0.004620879553394957	1.1406590163124943
33	4	0.005295358818356782	1.0	0.0041665813831392225	5272.041361568485	0.5388660271251298	0.0	0.0	0.005295358818356782	1.182245212544953
34	4	0.006020178558520787	1.0	0.004738101463381017	6051.869009434713	0.661162114381806	0.0	0.0	0.006020178558520787	1.1586122981713023
35	4	0.0067455679377691775	1.0	0.005439763724729339	6901.971780294487	0.8001492922953141	0.0	0.0	0.0067455679377691775	1.1729344384864917
36	4	0.007435014638359942	1.0	0.006163483976571388	7793.514116162474	0.958440453410058	0.0	0.0	0.007435014638359942	1.159691433739653
37	4	0.00815347203125512	1.0	0.006715967408767341	8596.602400362817	1.1330689903362927	0.0	0.0	0.00815347203125512	1.153945480360322
38	4	0.008865021196789181	1.0	0.007323194371709876	9566.946788655048	1.327051351283375	0.007015059303619688	0.0119397597564377	0.008865021196789181	1.1656206021940607
39	4	0.00953200837616708	1.0	0.007973375945493015	10481.098657290955	1.5406232622950211	0.020920301141753514	0.031016656584881962	0.00953200837616708	1.1394117603721703
40	4	0.01023563165366127	1.0	0.008598801789186289	11410.990218925386	1.7678565008312035	0.04157746167947757	0.053202563551181734	0.01023563165366127	1.15027215985738
41	4	0.010917943078599654	1.0	0.009287638226588351	12450.251192718448	2.0149386560127795	0.06883463305711181	0.07643297395816892	0.010917943078599654	1.1584006193263756
42	4	0.011635515961304728	1.0	0.009766397356468332	13362.427839502529	2.2794119317251327	0.10252601851334668	0.09961016377886528	0.011635515961304728	1.1499754162366598
43	4	0.012371935356872286	1.0	0.010498393831877343	14480.001950060681	2.5692934942667662	0.14247170017444452	0.12269913577847688	0.012371935356872286	1.15488192290975
44	4	0.013085648412316941	1.0	0.011209462315586621	15608.328995588447	2.8880375922856296	0.18847742008486326	0.14629966079717466	0.013085648412316941	1.149006367715695
45	4	0.013733260365977138	1.0	0.011838785524265054	16601.257850562233	3.2305014225964537	0.2403343750448304	0.1699925109884473	0.013733260365977138	1.1563210328658469
46	4	0.014400868134283266	1.0	0.012501887333997014	17684.388865072982	3.59033990421482	0.2978190258094122	0.1912133145820883	0.014400868134283266	1.1533005074273153
47	4	0.015088865176816128	1.0	0.012789517045226665	18747.82605100055	3.969410028008973	0.3606929211914912	0.2104892503043592	0.015088865176816128	1.1504213244245125
48	4	0.015829222853327485	1.0	0.013531432623681335	19777.89382846492	4.368628476452037	0.4287025375977759	0.2283454017828501	0.015829222853327485	1.1468475684459565
49	4	0.01657638283502706	1.0	0.014478519156552681	21175.59466697568	4.801268746934683	0.5015791345125423	0.2458341828460899	0.01657638283502706	1.1412315913505868
50	4	0.0172828769056313	1.0	0.014685962477589003	21994.133185502997	5.254414855908641	0.5790386264282525	0.2636758977477488	0.0172828769056313	1.14770873141713
51	4	0.018039590313031813	1.0	0.015632493899059945	23230.1158219194	5.726626076194306	0.6607814717055173	0.2784304939462009	0.018039590313031813	1.144838816069353
52	4	0.01877462925957766	1.0	0.01620193407200557	24557.222246060384	6.224507632372434	0.7464925788270981	0.2913956601395383	0.01877462925957766	1.1549709337656204
53	4	0.019579830257279385	1.0	0.016605039691942484	25451.460420511343	6.7373779556252895	0.8358412304917856	0.30290595558129346	0.019579830257279385	1.1434109319169603
54	4	0.02040507244146649	1.0	0.01738107641050383	26783.538653048607	7.2808033389943585	0.9284810259740648	0.3140490450014252	0.02040507244146649	1.147508689424532
55	4	0.021198280825694964	1.0	0.018316714007243075	28144.81343997054	7.859579094121965	1.02404984215452	0.3258179720573501	0.021198280825694964	1.1425452983690547
56	4	0.02205449052147802	1.0	0.019038262965979016	29291.947320523224	8.457306211232993	1.1221698136039506	0.3356418517889835	0.02205449052147802	1.1448554966228917
57	4	0.02289331542387744	1.0	0.019982578256845216	30819.94300521765	9.085809033775332	1.2224473320812006	0.3440580251715801	0.02289331542387744	1.1504528524051352
58	4	0.02371969526938541	1.0	0.020377589868213086	32059.77930990461	9.740366062340069	1.3244730657807848	0.35181548984713257	0.02371969526938541	1.1414856646631784
59	4	0.024556315452367538	1.0	0.021430506595200308	33506.07534980959	10.429097887978818	1.4278219986415348	0.3595096103776853	0.024556315452367538	1.1392380749038389
60	4	0.0253460062377142	1.0	0.0219930896032574	34893.488387115685	11.154874954137176	1.5320534900017475	0.3680407645915193	0.0253460062377142	1.1403843359061356
