1	4	0.0	1.0	0.0	0.0	0.015	0.0		0.0	
2	4	0.0	1.0	0.0	0.0	0.015	0.0		0.0	
3	4	0.0	1.0	0.0	0.0	0.014552750241652503	0.0		0.0	
4	4	0.0	1.0	0.0	0.0	0.013791431040067982	0.0		0.0	
5	4	0.0	1.0	0.0	0.0	0.01271309866873642	0.0		0.0	
6	4	0.0	1.0	0.0	0.0	0.011314922877436092	0.0		0.0	
7	4	2.500826149469408e-05	1.0	0.0	0.0	0.010075555122184271	0.0	0.0	2.500826149469408e-05	
8	4	2.500826149469408e-05	1.0	2.40726168363279e-05	0.4800595466826647	0.010075555122184271	0.0	0.0	2.500826149469408e-05	1.325267429946786
9	4	2.500826149469408e-05	1.0	2.1952764320918828e-05	0.4680125556040716	0.010075555122184271	0.0	0.0	2.500826149469408e-05	1.2630966989464725
10	4	2.500826149469408e-05	1.0	1.9054940077751786e-05	0.4489110369869501	0.010075555122184271	0.0	0.0	2.500826149469408e-05	1.6547744150151071
11	4	2.500826149469408e-05	1.0	1.0823992789591057e-05	0.3748872567890856	0.010075555122184271	0.0	0.0	2.500826149469408e-05	1.7211258609916826
12	4	2.500826149469408e-05	1.0	2.4177141394101674e-05	0.4904292538754818	0.010075555122184271	0.0	0.0	2.500826149469408e-05	1.2654626013214714
13	4	2.500826149469408e-05	1.0	2.2054235635709894e-05	0.478099988417695	0.010075555122184271	0.0	0.0	2.500826149469408e-05	1.3001631916882688
14	4	2.500826149469408e-05	1.0	2.0558186801169045e-05	0.4694254415185253	0.010075555122184271	0.0	0.0	2.500826149469408e-05	1.3704417577181924
15	4	2.500826149469408e-05	1.0	1.629646208039021e-05	0.4369867444278379	0.010075555122184271	0.0	0.0	2.500826149469408e-05	1.2048264667628628
16	4	2.500826149469408e-05	1.0	1.5475609928392938e-05	0.4317029298870785	0.010075555122184271	0.0	0.0	2.500826149469408e-05	1.4290984136635727
17	4	2.500826149469408e-05	1.0	2.203428047099485e-05	0.4872443062236186	0.010075555122184271	0.0	0.0	2.500826149469408e-05	1.1827048121167472
18	4	2.500826149469408e-05	1.0	1.7925030198511943e-05	0.4573617748469228	0.010075555122184271	0.0	0.0	2.500826149469408e-05	1.1691471860356049
19	4	2.500826149469408e-05	1.0	2.798971594605147e-05	0.532345110966308	0.010075555122184271	0.0	0.0	2.500826149469408e-05	1.1876651585055218
20	4	2.500826149469408e-05	1.0	1.4333573017635174e-05	0.4289864697434442	0.010075555122184271	0.0	0.0	2.500826149469408e-05	1.3845113117307353
21	4	2.500826149469408e-05	1.0	1.480865428618502e-05	0.4355957133279262	0.010075555122184271	0.0	0.0	2.500826149469408e-05	1.3379073651107054
22	4	2.500826149469408e-05	1.0	1.9000048526323772e-05	0.4749220934957714	0.010075555122184271	0.0	0.0	2.500826149469408e-05	1.4381060237521408
23	4	2.500826149469408e-05	1.0	1.5075842069349078e-05	0.4421617344959067	0.010075555122184271	0.0	0.0	2.500826149469408e-05	1.2061439177988071
24	4	2.500826149469408e-05	1.0	1.6733656077999634e-05	0.4596199822234906	0.010075555122184271	0.0	0.0	2.500826149469408e-05	1.1215054550582788
25	4	2.500826149469408e-05	1.0	3.145018249252823e-05	0.5686359904270248	0.010075555122184271	0.0	0.0	2.500826149469408e-05	1.0866633274270414
26	4	2.500826149469408e-05	1.0	1.759451112128865e-05	0.4714180478449327	0.010075555122184271	0.0	0.0	2.500826149469408e-05	1.561564403007522
27	4	2.500826149469408e-05	1.0	1.978549119398613e-05	0.4921291909748809	0.010075555122184271	0.0	0.0	2.500826149469408e-05	1.120877465166668
28	4	2.500826149469408e-05	1.0	1.554630387456997e-05	0.4565935990783603	0.010075555122184271	0.0	0.0	2.500826149469408e-05	1.6525234568209184
29	4	2.500826149469408e-05	1.0	3.498793163423576e-05	0.5994541555372837	0.010075555122184271	0.0	0.0	2.500826149469408e-05	1.4826900721445533
30	4	2.500826149469408e-05	1.0	2.6259633134542668e-05	0.5473436520163889	0.010075555122184271	0.0	0.0	2.500826149469408e-05	1.155292481878918
31	4	2.500826149469408e-05	1.0	2.397047190084858e-05	0.5333070962545192	0.010075555122184271	0.0	0.0	2.500826149469408e-05	1.4312466508673083
32	4	2.500826149469408e-05	1.0	1.5848206581878948e-05	0.4672928124058757	0.010075555122184271	0.0	0.0	2.500826149469408e-05	1.4228337393567083
33	4	2.500826149469408e-05	1.0	1.873313192847235e-05	0.4957223485792962	0.010075555122184271	0.0	0.0	2.500826149469408e-05	1.4499080690393304
34	4	2.500826149469408e-05	1.0	1.6715072969389373e-05	0.4794240143717432	0.010075555122184271	0.0	0.0	2.500826149469408e-05	1.013135193877894
35	4	2.500826149469408e-05	1.0	2.580237230524493e-05	0.5554309808075869	0.010075555122184271	0.0	0.0	2.500826149469408e-05	1.4252434445333908
36	4	2.500826149469408e-05	1.0	2.1121422573644008e-05	0.521940866960823	0.010075555122184271	0.0	0.0	2.500826149469408e-05	1.375255025326045
37	4	2.500826149469408e-05	1.0	2.8287992633087396e-05	0.5771178822887149	0.010075555122184271	0.0	0.0	2.500826149469408e-05	1.1563042682141935
38	4	2.500826149469408e-05	1.0	2.0215296825621288e-05	0.5184472985445054	0.010075555122184271	0.0	0.0	2.500826149469408e-05	1.4028544004154329
39	4	2.500826149469408e-05	1.0	2.8381497146105036e-05	0.5821777262278218	0.010075555122184271	0.0	0.0	2.500826149469408e-05	1.1808774073845685
40	4	2.500826149469408e-05	1.0	3.2159486836151004e-05	0.6090856624757679	0.010075555122184271	0.0	0.0	2.500826149469408e-05	1.051251445701071
41	4	2.500826149469408e-05	1.0	2.428849790080776e-05	0.5570430516651266	0.010075555122184271	0.0	0.0	2.500826149469408e-05	1.3319768083504062
42	4	2.500826149469408e-05	1.0	1.6830351630665567e-05	0.4953983365705621	0.010075555122184271	0.0	0.0	2.500826149469408e-05	1.6117662543613962
43	4	2.500826149469408e-05	1.0	1.719341415083639e-05	0.5006648937199012	0.010075555122184271	0.0	0.0	2.500826149469408e-05	1.1282833702321085
44	4	2.500826149469408e-05	1.0	1.5070431606081138e-05	0.4811518563041272	0.010075555122184271	0.0	0.0	2.500826149469408e-05	1.0791205011476728
45	4	2.500826149469408e-05	1.0	2.2071460065522282e-05	0.5473816874656179	0.010075555122184271	0.0	0.0	2.500826149469408e-05	1.1746274109573072
46	4	2.500826149469408e-05	1.0	2.264409852368197e-05	0.5538975173366398	0.010075555122184271	0.0	0.0	2.500826149469408e-05	1.5209467269969943
47	4	2.500826149469408e-05	1.0	2.2119587577829504e-05	0.5514510622300198	0.010075555122184271	0.0	0.0	2.500826149469408e-05	0.9583895899114288
48	4	2.500826149469408e-05	1.0	3.707119424155293e-05	0.6564957012392333	0.010075555122184271	0.0	0.0	2.500826149469408e-05	0.92735408207644
49	4	2.500826149469408e-05	1.0	2.7783301825448964e-05	0.5984645043980974	0.010075555122184271	0.0	0.0	2.500826149469408e-05	1.0724532896354946
50	4	2.500826149469408e-05	1.0	1.0629307338847336e-05	0.43783648569169203	0.010075555122184271	0.0	0.0	2.500826149469408e-05	1.337108580188333
51	4	2.500826149469408e-05	1.0	1.980857215144126e-05	0.538466485236691	0.010075555122184271	0.0	0.0	2.500826149469408e-05	1.2940555341646176
52	4	2.500826149469408e-05	1.0	1.9663650004675526e-05	0.5387597435083418	0.010075555122184271	0.0	0.0	2.500826149469408e-05	1.0736485388511658
53	4	2.500826149469408e-05	1.0	1.1872547608518475e-05	0.4579474200566096	0.010075555122184271	0.0	0.0	2.500826149469408e-05	1.2101767039759506
54	4	2.500826149469408e-05	1.0	1.949863018505253e-05	0.5403389171391249	0.010075555122184271	0.0	0.0	2.500826149469408e-05	1.084978746474392
55	4	2.500826149469408e-05	1.0	2.5247261043042804e-05	0.5900618366869526	0.010075555122184271	0.0	0.0	2.500826149469408e-05	1.2954259333627698
56	4	2.500826149469408e-05	1.0	2.789515036996266e-05	0.6114918399592749	0.010075555122184271	0.0	0.0	2.500826149469408e-05	1.523886897070705
57	4	2.500826149469408e-05	1.0	2.728790427164712e-05	0.6086158256639508	0.010075555122184271	0.0	0.0	2.500826149469408e-05	1.2264790038705056
58	4	2.500826149469408e-05	1.0	2.331471070951524e-05	0.5791877999872805	0.010075555122184271	0.0	0.0	2.500826149469408e-05	1.520864934917352
59	4	2.500826149469408e-05	1.0	1.9103968307593274e-05	0.543665500201827	0.010075555122184271	0.0	0.0	2.500826149469408e-05	1.1750218049802883
60	4	2.500826149469408e-05	1.0	2.6776495117744e-05	0.6092014846087479	0.010075555122184271	0.0	0.0	2.500826149469408e-05	1.1646768331929978
