11.247441493196291	1	1	1	1	4	0	11.247441493196291	1.0	0	0.0			15.0	0.0	0.0	0.0	0.0		0.0	0.0
11.367595075476835	1	1	1	1	4	0	11.367595075476835	1.0	0	0.0			15.0	0.0	0.0	0.0	0.0		0.0	0.0
22.856168219862568	1	1	1	1	4	0	22.856168219862568	2.0	0	0.0			14.552750241652504	0.0	0.0	0.0	0.7285827694774977	0.0	0.0	0.0
34.4665080713728	1	1	1	1	4	0	34.4665080713728	3.0	0	0.0			13.791431040067982	0.0	0.0	0.0	2.1993864847666735	0.0	0.0	0.0
46.1993671861199	1	1	1	1	4	0	46.1993671861199	4.0	0	0.0			12.713098668736418	0.0	0.0	0.0	4.42587529936556	0.0	0.0	0.0
58.05546181511435	1	1	1	1	4	0	58.05546181511435	5.0	0	0.0			11.314922877436091	0.0	0.0	0.0	7.421310407022852	0.0	0.0	0.0
70.03547169202406	1	1	1	1	4	0	70.03547169202406	6.0	0	2.500826149469408e-05			10.075555122184273	0.0	1.2504130747347042	0.0	8.825142047449571	0.14168758621806754	1.2504130747347042	0.0
82.14003983175478	1	1	1	1	4	0	82.14003983175478	7.0	0	2.500826149469408e-05	0.9625865772970787	1.325267429946786	10.075555122184273	0.0	1.2504130747347042	0.0	8.825142047449571	0.14168758621806754	1.2504130747347042	2.965676113453378e-13
94.36977233991071	1	1	1	1	4	0	94.36977233991071	8.0	0	2.500826149469408e-05	0.8778204884644408	1.2630966989464725	10.075555122184273	0.0	1.2504130747347042	0.0	8.825142047449571	0.14168758621806754	1.2504130747347042	2.9596813376570104e-13
106.72523823319248	1	1	1	1	4	0	106.72523823319248	9.0	0	2.500826149469408e-05	0.7619458106591939	1.6547744150151071	10.075555122184273	0.0	1.2504130747347042	0.0	8.825142047449571	0.14168758621806754	1.2504130747347042	2.950893796097375e-13
119.20696927078512	1	1	1	1	4	0	119.20696927078512	10.0	0	2.500826149469408e-05	0.4328166830744132	1.7211258609916826	10.075555122184273	0.0	1.2504130747347042	0.0	8.825142047449571	0.14168758621806754	1.2504130747347042	2.920335384724233e-13
131.81545979678634	1	1	1	1	4	0	131.81545979678634	11.0	0	2.500826149469408e-05	0.9667661784179302	1.2654626013214714	10.075555122184273	0.0	1.2504130747347042	0.0	8.825142047449571	0.14168758621806754	1.2504130747347042	4.3577063938450357e-13
144.55116659372186	1	1	1	1	4	0	144.55116659372186	12.0	0	2.500826149469408e-05	0.8818780002116128	1.3001631916882688	10.075555122184273	0.0	1.2504130747347042	0.0	8.825142047449571	0.14168758621806754	1.2504130747347042	4.3517189405534116e-13
157.41450874719058	1	1	1	1	4	0	157.41450874719058	13.0	0	2.500826149469408e-05	0.8220558156563906	1.3704417577181924	10.075555122184273	0.0	1.2504130747347042	0.0	8.825142047449571	0.14168758621806754	1.2504130747347042	4.347288722419546e-13
170.4058675216809	1	1	1	1	4	0	170.4058675216809	14.0	0	2.500826149469408e-05	0.6516431413614168	1.2048264667628628	10.075555122184273	0.0	1.2504130747347042	0.0	8.825142047449571	0.14168758621806754	1.2504130747347042	4.3334890034266536e-13
183.52558624759342	1	1	1	1	4	0	183.52558624759342	15.0	0	2.500826149469408e-05	0.618819902042225	1.4290984136635727	10.075555122184273	0.0	1.2504130747347042	0.0	8.825142047449571	0.14168758621806754	1.2504130747347042	5.722328331215682e-13
196.77397021950497	1	1	1	1	4	0	196.77397021950497	16.0	0	2.500826149469408e-05	0.8810800573110529	1.1827048121167472	10.075555122184273	0.0	1.2504130747347042	0.0	8.825142047449571	0.14168758621806754	1.2504130747347042	5.743403950733466e-13
210.1512866057031	1	1	1	1	4	0	210.1512866057031	17.0	0	2.500826149469408e-05	0.716764346146774	1.1691471860356049	10.075555122184273	0.0	1.2504130747347042	0.0	8.825142047449571	0.14168758621806754	1.2504130747347042	5.730734945749034e-13
223.65776436901845	1	1	1	1	4	0	223.65776436901845	18.0	0	2.500826149469408e-05	1.1192187810412153	1.1876651585055218	10.075555122184273	0.0	1.2504130747347042	0.0	8.825142047449571	0.14168758621806754	1.2504130747347042	7.151200248538006e-13
237.29359419897813	1	1	1	1	4	0	237.29359419897813	19.0	0	2.500826149469408e-05	0.5731535165159836	1.3845113117307353	10.075555122184273	0.0	1.2504130747347042	0.0	8.825142047449571	0.14168758621806754	1.2504130747347042	7.10987687958092e-13
251.0589284553002	1	1	1	1	4	0	251.0589284553002	20.0	0	2.500826149469408e-05	0.5921504895223094	1.3379073651107054	10.075555122184273	0.0	1.2504130747347042	0.0	8.825142047449571	0.14168758621806754	1.2504130747347042	7.111646002839498e-13
264.95388112274634	1	1	1	1	4	0	264.95388112274634	21.0	0	2.500826149469408e-05	0.7597508739403956	1.4381060237521408	10.075555122184273	0.0	1.2504130747347042	0.0	8.825142047449571	0.14168758621806754	1.2504130747347042	8.517686707155595e-13
278.9785277773454	1	1	1	1	4	0	278.9785277773454	22.0	0	2.500826149469408e-05	0.6028344702228771	1.2061439177988071	10.075555122184273	0.0	1.2504130747347042	0.0	8.825142047449571	0.14168758621806754	1.2504130747347042	8.504366092543498e-13
293.1329055639992	1	1	1	1	4	0	293.1329055639992	23.0	0	2.500826149469408e-05	0.6691251241734639	1.1215054550582788	10.075555122184273	0.0	1.2504130747347042	0.0	8.825142047449571	0.14168758621806754	1.2504130747347042	8.510222780750634e-13
307.41701318547484	1	1	1	1	4	0	307.41701318547484	24.0	0	2.500826149469408e-05	1.257591716209498	1.0866633274270414	10.075555122184273	0.0	1.2504130747347042	0.0	8.825142047449571	0.14168758621806754	1.2504130747347042	7.855475034701462e-13
321.83081090278995	1	1	1	1	4	0	321.83081090278995	25.0	0	2.500826149469408e-05	0.7035479505451276	1.561564403007522	10.075555122184273	0.0	1.2504130747347042	0.0	8.825142047449571	0.14168758621806754	1.2504130747347042	9.208997561516494e-13
336.3742205469876	1	1	1	1	4	0	336.3742205469876	26.0	0	2.500826149469408e-05	0.7911582017879955	1.120877465166668	10.075555122184273	0.0	1.2504130747347042	0.0	8.825142047449571	0.14168758621806754	1.2504130747347042	9.21602258558726e-13
351.0471255422998	1	1	1	1	4	0	351.0471255422998	27.0	0	2.500826149469408e-05	0.6216467257377479	1.6525234568209184	10.075555122184273	0.0	1.2504130747347042	0.0	8.825142047449571	0.14168758621806754	1.2504130747347042	9.201939610707614e-13
365.84937094069124	1	1	1	1	4	0	365.84937094069124	28.0	0	2.500826149469408e-05	1.3990549339728808	1.4826900721445533	10.075555122184273	0.0	1.2504130747347042	0.0	8.825142047449571	0.14168758621806754	1.2504130747347042	1.0646989421654787e-12
380.78076346777357	1	1	1	1	4	0	380.78076346777357	29.0	0	2.500826149469408e-05	1.0500383299380522	1.155292481878918	10.075555122184273	0.0	1.2504130747347042	0.0	8.825142047449571	0.14168758621806754	1.2504130747347042	1.062612590096383e-12
395.84107158007737	1	1	1	1	4	0	395.84107158007737	30.0	0	2.500826149469408e-05	0.9585021296236172	1.4312466508673083	10.075555122184273	0.0	1.2504130747347042	0.0	8.825142047449571	0.14168758621806754	1.2504130747347042	9.92411296509421e-13
411.03002553366304	1	1	1	1	4	0	411.03002553366304	31.0	0	2.500826149469408e-05	0.6337188446802433	1.4228337393567083	10.075555122184273	0.0	1.2504130747347042	0.0	8.825142047449571	0.14168758621806754	1.2504130747347042	1.1290625859808221e-12
426.3473174640513	1	1	1	1	4	0	426.3473174640513	32.0	0	2.500826149469408e-05	0.7490777370688841	1.4499080690393304	10.075555122184273	0.0	1.2504130747347042	0.0	8.825142047449571	0.14168758621806754	1.2504130747347042	1.1300324527578539e-12
441.79260147745117	1	1	1	1	4	0	441.79260147745117	33.0	0	2.500826149469408e-05	0.6683820453867119	1.013135193877894	10.075555122184273	0.0	1.2504130747347042	0.0	8.825142047449571	0.14168758621806754	1.2504130747347042	1.1293645963858938e-12
457.365493753255	1	1	1	1	4	0	457.365493753255	34.0	0	2.500826149469408e-05	1.0317539390220842	1.4252434445333908	10.075555122184273	0.0	1.2504130747347042	0.0	8.825142047449571	0.14168758621806754	1.2504130747347042	1.2712538551767463e-12
473.0655726577729	1	1	1	1	4	0	473.0655726577729	35.0	0	2.500826149469408e-05	0.8445778039439198	1.375255025326045	10.075555122184273	0.0	1.2504130747347042	0.0	8.825142047449571	0.14168758621806754	1.2504130747347042	1.2699434034256498e-12
488.8923788691719	1	1	1	1	4	0	488.8923788691719	36.0	0	2.500826149469408e-05	1.1311459070871106	1.1563042682141935	10.075555122184273	0.0	1.2504130747347042	0.0	8.825142047449571	0.14168758621806754	1.2504130747347042	1.2023053764837158e-12
504.8454155135833	1	1	1	1	4	0	504.8454155135833	37.0	0	2.500826149469408e-05	0.808344747591123	1.4028544004154329	10.075555122184273	0.0	1.2504130747347042	0.0	8.825142047449571	0.14168758621806754	1.2504130747347042	1.2696702585050718e-12
520.9241483123367	1	1	1	1	4	0	520.9241483123367	38.0	0	2.500826149469408e-05	1.1348848520368615	1.1808774073845685	10.075555122184273	0.0	1.2504130747347042	0.0	8.825142047449571	0.14168758621806754	1.2504130747347042	1.271915874259865e-12
537.1280057402779	1	1	1	1	4	0	537.1280057402779	39.0	0	2.500826149469408e-05	1.2859545171892166	1.051251445701071	10.075555122184273	0.0	1.2504130747347042	0.0	8.825142047449571	0.14168758621806754	1.2504130747347042	1.272823035621243e-12
553.4563791951257	1	1	1	1	4	0	553.4563791951257	40.0	0	2.500826149469408e-05	0.9712189672185318	1.3319768083504062	10.075555122184273	0.0	1.2504130747347042	0.0	8.825142047449571	0.14168758621806754	1.2504130747347042	1.2708475001432286e-12
569.9086231778117	1	1	1	1	4	0	569.9086231778117	41.0	0	2.500826149469408e-05	0.6729916685426698	1.6117662543613962	10.075555122184273	0.0	1.2504130747347042	0.0	8.825142047449571	0.14168758621806754	1.2504130747347042	1.1989916743483306e-12
586.4840554837581	1	1	1	1	4	0	586.4840554837581	42.0	0	2.500826149469408e-05	0.6875093718323547	1.1282833702321085	10.075555122184273	0.0	1.2504130747347042	0.0	8.825142047449571	0.14168758621806754	1.2504130747347042	1.1991148760026761e-12
603.1819574050269	1	1	1	1	4	0	603.1819574050269	43.0	0	2.500826149469408e-05	0.6026181231861552	1.0791205011476728	10.075555122184273	0.0	1.2504130747347042	0.0	8.825142047449571	0.14168758621806754	1.2504130747347042	1.1983711702877588e-12
620.0015739432909	1	1	1	1	4	0	620.0015739432909	44.0	0	2.500826149469408e-05	0.8825667498000656	1.1746274109573072	10.075555122184273	0.0	1.2504130747347042	0.0	8.825142047449571	0.14168758621806754	1.2504130747347042	1.200636460838353e-12
636.9421140335545	1	1	1	1	4	0	636.9421140335545	45.0	0	2.500826149469408e-05	0.905464721267662	1.5209467269969943	10.075555122184273	0.0	1.2504130747347042	0.0	8.825142047449571	0.14168758621806754	1.2504130747347042	1.2008013344033852e-12
654.0027507785644	1	1	1	1	4	0	654.0027507785644	46.0	0	2.500826149469408e-05	0.884491214334213	0.9583895899114288	10.075555122184273	0.0	1.2504130747347042	0.0	8.825142047449571	0.14168758621806754	1.2504130747347042	1.2006505954217252e-12
671.1826216938364	1	1	1	1	4	0	671.1826216938364	47.0	0	2.500826149469408e-05	1.4823579099817956	0.92735408207644	10.075555122184273	0.0	1.2504130747347042	0.0	8.825142047449571	0.14168758621806754	1.2504130747347042	1.1347385375905305e-12
688.4808289632283	1	1	1	1	4	0	688.4808289632283	48.0	0	2.500826149469408e-05	1.110964943778425	1.0724532896354946	10.075555122184273	0.0	1.2504130747347042	0.0	8.825142047449571	0.14168758621806754	1.2504130747347042	1.1325928963770028e-12
705.8964397049822	1	1	1	1	4	0	705.8964397049822	49.0	0	2.500826149469408e-05	0.4250318376230399	1.337108580188333	10.075555122184273	0.0	1.2504130747347042	0.0	8.825142047449571	0.14168758621806754	1.2504130747347042	1.1269926565512031e-12
723.4284862481575	1	1	1	1	4	0	723.4284862481575	50.0	0	2.500826149469408e-05	0.792081135093856	1.2940555341646176	10.075555122184273	0.0	1.2504130747347042	0.0	8.825142047449571	0.14168758621806754	1.2504130747347042	1.1303724738333362e-12
741.0759664193733	1	1	1	1	4	0	741.0759664193733	51.0	0	2.500826149469408e-05	0.7862861642280692	1.0736485388511658	10.075555122184273	0.0	1.2504130747347042	0.0	8.825142047449571	0.14168758621806754	1.2504130747347042	1.1303276135719983e-12
758.8378438397727	1	1	1	1	4	0	758.8378438397727	52.0	0	2.500826149469408e-05	0.4747450202021215	1.2101767039759506	10.075555122184273	0.0	1.2504130747347042	0.0	8.825142047449571	0.14168758621806754	1.2504130747347042	1.1275340347677724e-12
776.7130482321257	1	1	1	1	4	0	776.7130482321257	53.0	0	2.500826149469408e-05	0.7796875520191394	1.084978746474392	10.075555122184273	0.0	1.2504130747347042	0.0	8.825142047449571	0.14168758621806754	1.2504130747347042	1.0606894195908683e-12
794.7004757379742	1	1	1	1	4	0	794.7004757379742	54.0	0	2.500826149469408e-05	1.0095568237879882	1.2954259333627698	10.075555122184273	0.0	1.2504130747347042	0.0	8.825142047449571	0.14168758621806754	1.2504130747347042	1.0623474863079416e-12
812.7989892447298	1	1	1	1	4	0	812.7989892447298	55.0	0	2.500826149469408e-05	1.1154374075895312	1.523886897070705	10.075555122184273	0.0	1.2504130747347042	0.0	8.825142047449571	0.14168758621806754	1.2504130747347042	1.06303484920766e-12
831.0074187226242	1	1	1	1	4	0	831.0074187226242	56.0	0	2.500826149469408e-05	1.0911555878219164	1.2264790038705056	10.075555122184273	0.0	1.2504130747347042	0.0	8.825142047449571	0.14168758621806754	1.2504130747347042	1.0628809053710892e-12
849.3245615714155	1	1	1	1	4	0	849.3245615714155	57.0	0	2.500826149469408e-05	0.9322803472149332	1.520864934917352	10.075555122184273	0.0	1.2504130747347042	0.0	8.825142047449571	0.14168758621806754	1.2504130747347042	1.061818364506723e-12
867.7491829767432	1	1	1	1	4	0	867.7491829767432	58.0	0	2.500826149469408e-05	0.7639062919926082	1.1750218049802883	10.075555122184273	0.0	1.2504130747347042	0.0	8.825142047449571	0.14168758621806754	1.2504130747347042	9.909788284043533e-13
886.2800162760308	1	1	1	1	4	0	886.2800162760308	59.0	0	2.500826149469408e-05	1.0707059794390381	1.1646768331929978	10.075555122184273	0.0	1.2504130747347042	0.0	8.825142047449571	0.14168758621806754	1.2504130747347042	9.93162903864962e-13
