11.247441493196291	1	1	1	1	4	0	11.247441493196291	1.0	0	0.0			15.0	0.0	0.0	0.0	0.0		0.0	0.0
11.367595075476835	1	1	1	1	4	0	11.367595075476835	1.0	0	0.0			15.0	0.0	0.0	0.0	0.0		0.0	0.0
22.856168219862568	1	1	1	1	4	0	22.856168219862568	2.0	0	0.0			14.552750241652504	0.0	0.0	0.0	0.7285827694774977	0.0	0.0	0.0
34.4665080713728	1	1	1	1	4	0	34.4665080713728	3.0	0	0.0			13.791431040067982	0.0	0.0	0.0	2.1993864847666735	0.0	0.0	0.0
46.1993671861199	1	1	1	1	4	0	46.1993671861199	4.0	0	0.0			12.713098668736418	0.0	0.0	0.0	4.42587529936556	0.0	0.0	0.0
58.05546181511435	1	1	1	1	4	0	58.05546181511435	5.0	0	0.0			11.314922877436091	0.0	0.0	0.0	7.421310407022852	0.0	0.0	0.0
70.03547169202406	1	1	1	1	4	0	70.03547169202406	6.0	0	2.500826149469408e-05			10.075555122184273	0.0	1.2504130747347042	0.0	8.825142047449571	0.14168758621806754	1.2504130747347042	0.0
82.14003983175478	1	1	1	1	4	0	82.14003983175478	7.0	0	2.6834355795607448e-05	0.8221921801267403	2.119833450803144	10.231714868294008	0.0	1.341717789780373	0.0	8.889997078513632	0.150924435399781	1.341717789780373	9.380581400224855e-13
94.36977233991071	1	1	1	1	4	0	94.36977233991071	8.0	0	2.8948296627255156e-05	0.7701661942025908	1.1207903091911522	10.3992577824685	0.0	1.4474148313627582	0.0	8.951842951105743	0.16168903311512764	1.4474148313627582	9.913173852633258e-13
106.72523823319248	1	1	1	1	4	0	106.72523823319248	9.0	0	3.1793595691690994e-05	1.1252129931833117	1.3015490647094297	10.617474027160268	0.0	1.58967978458455	0.0	9.027794242575718	0.1760872857610675	1.58967978458455	1.1699204428606843e-12
119.20696927078512	1	1	1	1	4	0	119.20696927078512	10.0	0	3.453785637655582e-05	0.7447708421432633	1.4616729611586081	10.825280743291783	0.0	1.7268928188277912	0.0	9.098387924463994	0.18980206528504626	1.7268928188277912	1.1654175052166318e-12
131.81545979678634	1	1	1	1	4	0	131.81545979678634	11.0	0	3.804308858175461e-05	1.0405715943896108	1.0666776408773757	11.090561335681171	0.0	1.9021544290877304	0.0	9.188406906593443	0.20701678195409232	1.9021544290877304	1.5620514672541047e-12
144.55116659372186	1	1	1	1	4	0	144.55116659372186	12.0	0	4.20569374367392e-05	1.104765805999478	1.3033564815040393	11.396916417693605	0.0	2.1028468718369604	0.0	9.294069545856642	0.2262568470637734	2.1028468718369604	1.742426010828952e-12
157.41450874719058	1	1	1	1	4	0	157.41450874719058	13.0	0	4.59787665598089e-05	0.7927208050098637	1.0397724233226635	11.70122944925484	0.0	2.2989383279904447	0.0	9.402291121264398	0.24450831168066295	2.2989383279904447	1.7982238408381473e-12
170.4058675216809	1	1	1	1	4	0	170.4058675216809	14.0	0	5.027081876550497e-05	0.6717798693335728	1.0351532730761872	12.019582711660876	0.0	2.513540938275249	0.0	9.506041773385627	0.264415094967549	2.513540938275249	1.9016648248978567e-12
183.52558624759342	1	1	1	1	4	0	183.52558624759342	15.0	0	5.542086135576476e-05	0.79785100795713	1.1169153029573962	12.393866968473857	0.0	2.7710430677882387	0.0	9.622823900685619	0.2879656841263408	2.7710430677882387	2.438872613210264e-12
196.77397021950497	1	1	1	1	4	0	196.77397021950497	16.0	0	6.138446275650847e-05	0.9045870418674572	1.2390284996172558	12.825013111892787	0.0	3.069223137825424	0.0	9.755789974067358	0.31460529039513657	3.069223137825424	2.7646097206848767e-12
210.1512866057031	1	1	1	1	4	0	210.1512866057031	17.0	0	6.783809538486993e-05	0.8906446535375586	1.17130503849769	13.294588639702821	0.0	3.3919047692434963	0.0	9.902683870459326	0.3425237858356642	3.3919047692434963	3.0734630345389744e-12
223.65776436901845	1	1	1	1	4	0	223.65776436901845	18.0	0	7.46175895677048e-05	0.8502500985296968	1.0631553888953666	13.796587027992745	0.0	3.7308794783852406	0.0	10.065707549607502	0.3706524812089062	3.7308794783852406	3.770378896330433e-12
237.29359419897813	1	1	1	1	4	0	237.29359419897813	19.0	0	8.311142994320685e-05	0.9837886320725556	1.4878017196716669	14.444874730184585	0.0	4.1555714971603415	0.0	10.289303233024242	0.4038729740049592	4.1555714971603415	6.290515048081122e-12
251.0589284553002	1	1	1	1	4	0	251.0589284553002	20.0	0	9.203500632802306e-05	0.9241857973927604	1.109734709011999	15.159198482597821	0.0	4.601750316401153	0.0	10.557448166196668	0.4358771403808785	4.601750316401153	6.7245777411063915e-12
264.95388112274634	1	1	1	1	4	0	264.95388112274634	21.0	0	0.00010202112498174638	0.9280254730084104	1.2517298714428493	15.962006188693405	0.0	5.101056249087319	0.0	10.860949939606087	0.4696694375218092	5.101056249087319	8.09387160931532e-12
278.9785277773454	1	1	1	1	4	0	278.9785277773454	22.0	0	0.00011259082155225352	0.8761296286671573	1.159859154139138	16.832999765126672	0.0	5.629541077612678	0.0	11.203458687513995	0.5024824239220586	5.629541077612678	8.957636131379427e-12
293.1329055639992	1	1	1	1	4	0	293.1329055639992	23.0	0	0.0001242976949280528	0.8704995177761129	1.2724361992947806	17.78071322852675	0.0	6.2148847464026415	0.0	11.565828482124108	0.5373488597041043	6.2148847464026415	9.85359350158707e-12
307.41701318547484	1	1	1	1	4	0	307.41701318547484	24.0	0	0.00013706168923152443	0.8793010825543246	1.1924143975980794	18.813495269284477	0.0	6.8530844615762225	0.0	11.960410807708248	0.5729806920310417	6.8530844615762225	1.1017144792160556e-11
321.83081090278995	1	1	1	1	4	0	321.83081090278995	25.0	0	0.0001517244447879337	0.8510907232038206	1.1359307281110005	20.017959791377887	0.0	7.586222239396683	0.0	12.431737551981204	0.6102302439764499	7.586222239396683	1.660335862775844e-11
336.3742205469876	1	1	1	1	4	0	336.3742205469876	26.0	0	0.00016695162786179742	0.761592802746241	1.1907783215166932	21.31001134655874	0.0	8.34758139308987	0.0	12.962429953468867	0.6439827580982205	8.34758139308987	1.7393255349826115e-11
351.0471255422998	1	1	1	1	4	0	351.0471255422998	27.0	0	0.0001846468393079999	0.8367326116451218	1.2495954511966707	22.792217371297635	0.0	9.232341965399996	0.0	13.55987540589764	0.6808574333496119	9.232341965399996	1.958275576079952e-11
365.84937094069124	1	1	1	1	4	0	365.84937094069124	28.0	0	0.00020412153989215768	0.8616825414114528	1.2292424062074725	24.445673923349787	0.0	10.206076994607882	0.0	14.239596928741902	0.7167391777787921	10.206076994607882	2.3190794083290644e-11
380.78076346777357	1	1	1	1	4	0	380.78076346777357	29.0	0	0.00022489455671239385	0.8709710391814844	1.2519166890224342	26.254896404054573	0.0	11.24472783561969	0.0	15.010168568434885	0.7491406764922282	11.24472783561969	2.5833287806711017e-11
395.84107158007737	1	1	1	1	4	0	395.84107158007737	30.0	0	0.0002471360483086293	0.7043216481775015	1.1768767866625731	28.17802798867796	0.0	12.356802415431464	0.0	15.821225573246494	0.7810268779889388	12.356802415431464	3.188695193705048e-11
411.03002553366304	1	1	1	1	4	0	411.03002553366304	31.0	0	0.00027360456850141965	0.8979537815764276	1.1622885196100947	30.493190086757004	0.0	13.680228425070979	0.0	16.812961661686025	0.8136715410614402	13.680228425070979	3.9052445197109094e-11
426.3473174640513	1	1	1	1	4	0	426.3473174640513	32.0	0	0.00030178173244431184	0.8706249011631068	1.1727248334826244	33.03718628507385	0.0	15.089086622215595	0.0	17.948099662858258	0.8407066433579542	15.089086622215595	4.2761189829103657e-11
441.79260147745117	1	1	1	1	4	0	441.79260147745117	33.0	0	0.0003286472871975328	0.8685026289276512	1.1318494934245011	35.861778307801515	0.0	16.432364359876637	0.4397166118149811	18.9896973361099	0.8884860391960263	16.872080971691616	4.743625824933961e-11
457.365493753255	1	1	1	1	4	0	457.365493753255	34.0	0	0.00035417523890885253	0.8728928382646469	1.1539516685531446	38.92596108320178	0.0	17.708761945442625	1.2060421951773084	20.011156942581845	0.9452129227156788	18.914804140619925	5.5039524782356536e-11
473.0655726577729	1	1	1	1	4	0	473.0655726577729	35.0	0	0.00038020167078889024	0.8693517649785846	1.18703807046324	42.475961523938004	0.0	19.010083539444512	2.3244493104526662	21.141428674040828	1.0091339227274392	21.33453284989718	8.053925785933791e-11
488.8923788691719	1	1	1	1	4	0	488.8923788691719	36.0	0	0.0004088793145904193	0.8922761214603058	1.2414817262448479	46.55043318593554	0.0	20.44396572952097	3.733709574759079	22.372757881655485	1.0806747845827491	24.17767530428005	9.1709395037383e-11
504.8454155135833	1	1	1	1	4	0	504.8454155135833	37.0	0	0.0004381985114429887	0.7688908295446761	1.1602119728021678	51.208130298251994	0.28905367979864044	21.909925572149433	5.328326334705725	23.68082471159819	1.1502239570868764	27.5273055866538	1.1339233670509669e-10
520.9241483123367	1	1	1	1	4	0	520.9241483123367	38.0	0	0.0004708264895631041	0.7655852042799841	1.1765481747579314	57.0577922924012	0.9692765393635151	23.54132447815521	7.270080022482232	25.277111252400246	1.2189448467024362	31.780681040000964	1.4323198664951698e-10
537.1280057402779	1	1	1	1	4	0	537.1280057402779	39.0	0	0.0005054849808631426	0.8196050259261751	1.1529796886885455	63.9790538163754	1.986789804885239	25.27424904315713	9.790531767027227	26.927483201305794	1.3021930251722882	37.05157061506959	1.8077299840262432e-10
553.4563791951257	1	1	1	1	4	0	553.4563791951257	40.0	0	0.0005448393405261219	0.8598498951919119	1.1338893148237053	72.83030624384423	3.5589289873527603	27.2419670263061	13.11981346816231	28.909596762023078	1.3961377886629474	43.92070948182118	2.5317311023990705e-10
569.9086231778117	1	1	1	1	4	0	569.9086231778117	41.0	0	0.0005907583975513922	0.8197053200762769	1.1112292565281854	83.31828034708512	5.714914375475442	29.53791987756961	16.902676399219242	31.16276969482082	1.4902589446183652	52.1555106522643	3.467852975963417e-10
586.4840554837581	1	1	1	1	4	0	586.4840554837581	42.0	0	0.0006486551285113471	0.8759068177062522	1.1325412886874189	96.51946261113251	8.855413387403516	32.43275642556736	21.235179308434056	33.996113489727605	1.5786491520631596	62.523349121404934	4.331821979989846e-10
603.1819574050269	1	1	1	1	4	0	603.1819574050269	43.0	0	0.0007167619954963131	0.8600462171964709	1.1525954202837383	112.16936432511272	13.245560691819014	35.83809977481565	25.57314943921299	37.51255441926506	1.6370852415875494	74.65680990584768	5.189857312147002e-10
620.0015739432909	1	1	1	1	4	0	620.0015739432909	44.0	0	0.0007904930371822808	0.8910668166254289	1.1914408520364417	130.742827371051	19.149508706136935	39.524651859114044	30.270548265462274	41.798118540337775	1.6698167898925789	88.94470883071324	6.10142962041228e-10
636.9421140335545	1	1	1	1	4	0	636.9421140335545	45.0	0	0.0008663025195119717	0.846582806810919	1.1684900198632135	151.4257983539222	25.67711641720799	43.315125975598576	36.273404815269885	46.160151145845745	1.7241826297189486	105.26564720807644	6.922995365880539e-10
654.0027507785644	1	1	1	1	4	0	654.0027507785644	46.0	0	0.0009508222667468573	0.8355128419642012	1.1573556007456516	175.41015621896386	33.40111145910839	47.541113337342864	43.4965448288628	50.97138659364976	1.7860541815738544	124.43876962531405	8.81619864903282e-10
671.1826216938364	1	1	1	1	4	0	671.1826216938364	47.0	0	0.0010488445575604886	0.8231734654758933	1.1606541748300854	202.38342726299516	42.405486788764414	52.442227878024426	51.28284568954703	56.25286690665924	1.8439073290199264	146.13056035633588	1.027849613062435e-09
688.4808289632283	1	1	1	1	4	0	688.4808289632283	48.0	0	0.0011546343400847866	0.8463271062900332	1.1575458190177184	231.19370378967312	52.72402569282475	57.73171700423932	58.73753471951387	62.000426373095166	1.878523399547048	169.1932774165779	1.1829402594585979e-09
705.8964397049822	1	1	1	1	4	0	705.8964397049822	49.0	0	0.0012766632647908801	0.7935043956956355	1.1612846154242995	265.21682071241287	66.10318752877643	63.83316323954399	66.15174857003296	69.12872137405947	1.8803314921191892	196.08809933835343	1.3061215729211085e-09
723.4284862481575	1	1	1	1	4	0	723.4284862481575	50.0	0	0.0014060754973307865	0.8309771034333671	1.164324399377891	302.692424617818	80.08275231253606	70.30377486653933	76.0082644220833	76.29763301665935	1.9176484709122736	226.39479160115872	1.4427939763340425e-09
741.0759664193733	1	1	1	1	4	0	741.0759664193733	51.0	0	0.0015333491476915895	0.8438134110984773	1.1601340585849835	342.70547128084536	94.9238237021445	76.66745738457949	87.45080167543682	83.66338851868464	1.9616496769475644	259.0420827621608	1.7984240818142458e-09
758.8378438397727	1	1	1	1	4	0	758.8378438397727	52.0	0	0.0016858148900301742	0.8480524543702194	1.1408321190659934	388.29255836055	111.8420944716679	84.2907445015087	100.329752790665	91.82996659670843	2.0104602466314234	296.4625917638416	2.0137348612332646e-09
776.7130482321257	1	1	1	1	4	0	776.7130482321257	53.0	0	0.001851297407821414	0.7698373053150459	1.1634795944814882	436.57189143779124	130.4187825007389	92.56487039107071	112.99775804184073	100.59048050414087	2.04355946410306	335.9814109336503	2.132712317252961e-09
794.7004757379742	1	1	1	1	4	0	794.7004757379742	54.0	0	0.002034716288473311	0.7569253867896435	1.1633065994476741	489.9276539692355	152.51779914955577	101.73581442366553	124.85991105918029	110.81412933683391	2.044827016544783	379.11352463240166	2.316488821148425e-09
812.7989892447298	1	1	1	1	4	0	812.7989892447298	55.0	0	0.0022399947623921407	0.8403477719670831	1.1849959876418517	548.6781277665789	176.04231434635827	111.99973811960702	139.10415150968737	121.53192379092629	2.066155803320231	427.1462039756526	2.552703736745925e-09
831.0074187226242	1	1	1	1	4	0	831.0074187226242	56.0	0	0.0024431425270376138	0.7979126748260478	1.181100207946738	610.3931948281138	200.32766122218143	122.15712635188068	155.44001956648978	132.46838768756186	2.0955727684487813	477.92480714055193	3.1158395836354407e-09
849.3245615714155	1	1	1	1	4	0	849.3245615714155	57.0	0	0.002664558557451227	0.8398458272525816	1.1807044166614522	679.3139694506649	227.6639195767308	133.22792787256134	173.7425361008247	144.6795859005481	2.121726172097256	534.6343835501168	3.3762762799590155e-09
867.7491829767432	1	1	1	1	4	0	867.7491829767432	58.0	0	0.002904175385146619	0.8138268443291568	1.1637623192058213	751.7342210561949	257.26414192556933	145.2087692573309	191.42019733950409	157.84111253379058	2.1327077666458383	593.8931085224043	3.5805240015584513e-09
886.2800162760308	1	1	1	1	4	0	886.2800162760308	59.0	0	0.0031526352961947905	0.8298797506546346	1.1856964370883885	826.4387217777333	290.0584299587116	157.6317648097395	206.34287939201332	172.40564761726887	2.1111526752868137	654.0330741604644	3.757156790739607e-09
