11.247441493196291	1	1	1	1	4	0	11.247441493196291	1.0	0	0.0			15.0	0.0	0.0	0.0	0.0		0.0	0.0
11.367595075476835	1	1	1	1	4	0	11.367595075476835	1.0	0	0.0			15.0	0.0	0.0	0.0	0.0		0.0	0.0
22.856168219862568	1	1	1	1	4	0	22.856168219862568	2.0	0	0.0			14.552750241652504	0.0	0.0	0.0	0.7285827694774977	0.0	0.0	0.0
34.4665080713728	1	1	1	1	4	0	34.4665080713728	3.0	0	0.0			13.791431040067982	0.0	0.0	0.0	2.1993864847666735	0.0	0.0	0.0
46.1993671861199	1	1	1	1	4	0	46.1993671861199	4.0	0	0.0			12.713098668736418	0.0	0.0	0.0	4.42587529936556	0.0	0.0	0.0
58.05546181511435	1	1	1	1	4	0	58.05546181511435	5.0	0	0.0			11.314922877436091	0.0	0.0	0.0	7.421310407022852	0.0	0.0	0.0
70.03547169202406	1	1	1	1	4	0	70.03547169202406	6.0	0	2.500826149469408e-05			10.075555122184273	0.0	1.2504130747347042	0.0	8.825142047449571	0.14168758621806754	1.2504130747347042	0.0
82.14003983175478	1	1	1	1	4	0	82.14003983175478	7.0	0	2.573092133036234e-05	0.5607411386493876	1.475793214131814	10.13735388931542	0.0	1.2865460665181172	0.0	8.850807822797304	0.14535916859524622	1.2865460665181172	6.414554668924854e-13
94.36977233991071	1	1	1	1	4	0	94.36977233991071	8.0	0	2.711083801017817e-05	1.38625220758475	1.4482343863300693	10.246720839607084	0.0	1.3555419005089084	0.0	8.891178939098175	0.15245918564837702	1.3555419005089084	7.963521677632299e-13
106.72523823319248	1	1	1	1	4	0	106.72523823319248	9.0	0	2.8127251866410358e-05	0.6321249713133192	1.1829363613519333	10.324673283176892	0.0	1.4063625933205182	0.0	8.918310689856375	0.15769383263582698	1.4063625933205182	7.119044954317376e-13
119.20696927078512	1	1	1	1	4	0	119.20696927078512	10.0	0	2.9660371634322827e-05	1.1717755361237274	1.1191773212959413	10.440767423272003	0.0	1.4830185817161416	0.0	8.957748841555864	0.1655570621534146	1.4830185817161416	8.391855603390559e-13
131.81545979678634	1	1	1	1	4	0	131.81545979678634	11.0	0	3.1157971264567376e-05	0.9453247310193991	1.000643119671411	10.554107736785094	0.0	1.5578985632283688	0.0	8.996209173556725	0.17317278124297336	1.5578985632283688	1.0104730093919779e-12
144.55116659372186	1	1	1	1	4	0	144.55116659372186	12.0	0	3.252823541145297e-05	0.6918163728732963	1.503976494976795	10.658692488295234	0.0	1.6264117705726486	0.0	9.032280717722584	0.1800665658432652	1.6264117705726486	1.0064124178759487e-12
157.41450874719058	1	1	1	1	4	0	157.41450874719058	13.0	0	3.406326860331405e-05	0.7769933139075558	1.0807403836057794	10.777802880284147	0.0	1.7031634301657026	0.0	9.074639450118443	0.18768386772032825	1.7031634301657026	1.0713320752902253e-12
170.4058675216809	1	1	1	1	4	0	170.4058675216809	14.0	0	3.596336617323711e-05	0.9468398323217848	1.1591065864495051	10.918738318923971	0.0	1.7981683086618556	0.0	9.120570010262114	0.19715525527885056	1.7981683086618556	1.1608046433692713e-12
183.52558624759342	1	1	1	1	4	0	183.52558624759342	15.0	0	3.787480156878235e-05	0.7904970145053349	0.9414414711908516	11.057653709220107	0.0	1.8937400784391172	0.0	9.163913630780993	0.20665189074656568	1.8937400784391172	1.3900372774601057e-12
196.77397021950497	1	1	1	1	4	0	196.77397021950497	16.0	0	4.0053087759537936e-05	0.9038786044106174	1.1671461366433096	11.215135678134034	0.0	2.002654387976897	0.0	9.212481290157138	0.21738490694321266	2.002654387976897	1.496532628044831e-12
210.1512866057031	1	1	1	1	4	0	210.1512866057031	17.0	0	4.2146330824558285e-05	0.7373191219255999	1.1606784620345332	11.367443033339224	0.0	2.107316541227915	0.0	9.260126492111306	0.2275688720908009	2.107316541227915	1.5404076167017202e-12
223.65776436901845	1	1	1	1	4	0	223.65776436901845	18.0	0	4.425253036021896e-05	0.6920489187065996	1.3601444091481043	11.523399915048135	0.0	2.212626518010948	0.0	9.310773397037185	0.2376415388559489	2.212626518010948	1.8458024210614638e-12
237.29359419897813	1	1	1	1	4	0	237.29359419897813	19.0	0	4.653725718869503e-05	0.7956859215464787	1.4586938220521055	11.697780435553415	0.0	2.326862859434752	0.0	9.370917576118662	0.24830683233887904	2.326862859434752	1.978912570276745e-12
251.0589284553002	1	1	1	1	4	0	251.0589284553002	20.0	0	4.885527990026153e-05	0.8278342429803118	1.02073181319867	11.883335935960483	0.0	2.4427639950130766	0.0	9.44057194094741	0.25875169537322895	2.4427639950130766	2.099651284283838e-12
264.95388112274634	1	1	1	1	4	0	264.95388112274634	21.0	0	5.050605696322106e-05	0.3730452049521549	1.4695339356302521	12.01604580985084	0.0	2.5253028481610533	0.0	9.490742961689786	0.2660806280767121	2.5253028481610533	2.280995309034612e-12
278.9785277773454	1	1	1	1	4	0	278.9785277773454	22.0	0	5.295096154441197e-05	0.8694513948177655	1.1977822813832522	12.217517646909199	0.0	2.6475480772205993	0.0	9.5699695696886	0.27665167145424346	2.6475480772205993	2.592814950477844e-12
293.1329055639992	1	1	1	1	4	0	293.1329055639992	23.0	0	5.513452281987473e-05	0.6212331052442912	1.581584485416182	12.394284777848961	0.0	2.7567261409937367	0.0	9.637558636855225	0.2860398825955437	2.7567261409937367	2.6284609521158347e-12
307.41701318547484	1	1	1	1	4	0	307.41701318547484	24.0	0	4.574127010699716e-05	0.6451351245466158	1.226779238020127	12.028960184320605	0.0	2.2870635053498587	0.0	9.741896678970749	0.2347657320454657	2.2870635053498587	2.607837903257428e-12
321.83081090278995	1	1	1	1	4	0	321.83081090278995	25.0	0	4.7377897204388424e-05	0.7169776130683554	1.1595027677643743	12.208923732166994	0.0	2.368894860219422	0.0	9.840028871947574	0.24074064121628555	2.368894860219422	2.397086322949186e-12
336.3742205469876	1	1	1	1	4	0	336.3742205469876	26.0	0	4.9212142022903524e-05	0.8408540557003081	1.2895487731254849	12.405422683023026	0.0	2.4606071011451767	0.0	9.944815581877846	0.24742611674258405	2.4606071011451767	2.5360559181187936e-12
351.0471255422998	1	1	1	1	4	0	351.0471255422998	27.0	0	5.105612435862572e-05	0.6331612340492503	1.1703608986106522	12.581053832090547	0.0	2.5528062179312867	0.0	10.028247614159259	0.2545615461595587	2.5528062179312867	2.565059698148654e-12
365.84937094069124	1	1	1	1	4	0	365.84937094069124	28.0	0	5.31810396298575e-05	0.7286673418166829	1.1530982029683885	12.771569852528213	0.0	2.659051981492876	0.0	10.112517871035331	0.2629465792202984	2.659051981492876	2.9964736005387366e-12
380.78076346777357	1	1	1	1	4	0	380.78076346777357	29.0	0	5.5176927386043056e-05	0.5740924044838419	1.1039116314467559	12.945401368128614	0.0	2.758846369302153	0.0	10.18655499882646	0.2708321281944667	2.758846369302153	3.061978487995622e-12
395.84107158007737	1	1	1	1	4	0	395.84107158007737	30.0	0	4.572001092835641e-05	0.7944699557387819	1.4985971972370542	12.597671003803113	0.0	2.286000546417821	0.0	10.311670457385294	0.2216906131615728	2.286000546417821	3.1391083251442693e-12
411.03002553366304	1	1	1	1	4	0	411.03002553366304	31.0	0	4.737259807272754e-05	0.8660248562301258	1.2050047471385008	12.797019198337052	0.0	2.3686299036363776	0.0	10.428389294700674	0.2271328617200768	2.3686299036363776	2.827313967710136e-12
426.3473174640513	1	1	1	1	4	0	426.3473174640513	32.0	0	4.8888129597780075e-05	0.6514153592426604	1.0264565560304195	12.974752031895502	0.0	2.4444064798890044	0.0	10.530345552006498	0.2321297499513904	2.4444064798890044	2.862137682113349e-12
441.79260147745117	1	1	1	1	4	0	441.79260147745117	33.0	0	5.016938573430218e-05	0.5098875169529412	1.0928249033731503	13.135339545290165	0.0	2.5084692867151093	0.028652607590868306	10.598217650984187	0.23939137483842596	2.5371218943059777	2.89879676786444e-12
457.365493753255	1	1	1	1	4	0	457.365493753255	34.0	0	5.15364411687626e-05	0.6267136962553156	1.2423353404338502	13.314590254156911	0.0	2.5768220584381307	0.0761884787115037	10.661579717007276	0.248838409276026	2.653010537149634	3.3681294511562416e-12
473.0655726577729	1	1	1	1	4	0	473.0655726577729	35.0	0	5.276314932705614e-05	0.5281949665012677	1.1456257223098083	13.481913017517991	0.0	2.638157466352808	0.1289025479671561	10.714853003198025	0.25824526136700976	2.767060014319964	3.543488605834992e-12
488.8923788691719	1	1	1	1	4	0	488.8923788691719	36.0	0	4.4262692368470056e-05	0.615375270712301	1.1076106833095072	13.200595013884337	0.0	2.2131346184235032	0.20559660776239724	10.781863787698434	0.2243333132204426	2.4187312261859004	3.718195089316509e-12
504.8454155135833	1	1	1	1	4	0	504.8454155135833	37.0	0	4.5219809320413e-05	0.7434209781747657	1.2173203180392678	13.434076095352856	0.016810800006495617	2.2609904660206506	0.2983364180880889	10.857938411237619	0.23571020456884506	2.5761376841152352	4.2673549827063305e-12
520.9241483123367	1	1	1	1	4	0	520.9241483123367	38.0	0	4.647651780269271e-05	0.84765131035697	1.143293087870724	13.748991286087039	0.05746033184124595	2.323825890134636	0.41437394496127533	10.95333111914988	0.24998786262461045	2.795660166937157	5.343402236437522e-12
537.1280057402779	1	1	1	1	4	0	537.1280057402779	39.0	0	4.810079228558675e-05	0.7866031071956704	1.1944827367052189	14.134355553368655	0.1171089658456864	2.405039614279338	0.5621277961694279	11.050079177074203	0.2685200135583464	3.0842763762944525	6.482516954164303e-12
553.4563791951257	1	1	1	1	4	0	553.4563791951257	40.0	0	5.02005806944382e-05	0.9707115029190936	1.20277166413741	14.619614490157385	0.2039592041036038	2.5100290347219105	0.7460484771090621	11.159577774222806	0.2917742568497613	3.4600367159345766	8.023190632925351e-12
569.9086231778117	1	1	1	1	4	0	569.9086231778117	41.0	0	4.438286400900084e-05	0.5884202081921474	1.202687384218923	14.759115035409307	0.3172287766497376	2.2191432004500427	0.944789743892198	11.277953314417331	0.2805414117380308	3.4811617209919783	8.935763039827264e-12
586.4840554837581	1	1	1	1	4	0	586.4840554837581	42.0	0	4.586763394578743e-05	0.5820478546170694	1.017732282926856	15.347904737826976	0.474020291045449	2.293381697289372	1.1610928503983733	11.419409899093786	0.30250902439029564	3.9284948387331937	1.1335413013046065e-11
603.1819574050269	1	1	1	1	4	0	603.1819574050269	43.0	0	4.792221426869734e-05	0.8829267101159077	1.1125457504287326	16.068863303241276	0.6956794728947449	2.396110713434868	1.3801175990914385	11.596955517820222	0.32562238483398875	4.471907785421051	1.302139498057051e-11
620.0015739432909	1	1	1	1	4	0	620.0015739432909	44.0	0	5.015705005775892e-05	0.4782792450509276	1.1069659653202617	16.823993612660693	0.950838678500136	2.5078525028879457	1.583131675436746	11.782170755835864	0.3472182047861065	5.041822856824829	1.4595590196124197e-11
636.9421140335545	1	1	1	1	4	0	636.9421140335545	45.0	0	5.315940989321633e-05	0.4665037341807705	1.1963741295899042	17.728592145051177	1.2423854541925112	2.657970494660817	1.8512411497656045	11.976995046432245	0.3764893971271737	5.751597098618933	1.7301317860334918e-11
654.0027507785644	1	1	1	1	4	0	654.0027507785644	46.0	0	5.677139191226481e-05	0.6295425409960511	1.1608301374321102	18.75357236779369	1.5724731806622914	2.838569595613241	2.15992465514408	12.182604936374082	0.4102976561140156	6.5709674314196125	2.3893370581328907e-11
671.1826216938364	1	1	1	1	4	0	671.1826216938364	47.0	0	4.6245951304762546e-05	0.5054499027120228	1.1363110991546936	19.237805371499157	1.9847104986600792	2.3122975652381275	2.51639622217892	12.424401085422025	0.3886460002553136	6.813404286077128	2.2621839790110934e-11
688.4808289632283	1	1	1	1	4	0	688.4808289632283	48.0	0	4.9316076729802416e-05	0.6256757332628594	1.0959431173375729	20.651984589692454	2.537766084207957	2.4658038364901222	2.915954477943534	12.732460191050842	0.42268016028954775	7.919524398641612	2.8884838492384745e-11
705.8964397049822	1	1	1	1	4	0	705.8964397049822	49.0	0	5.3027013152241204e-05	0.6529676980489892	1.143730574418948	22.164241807606988	3.1734828114350133	2.65135065761206	3.2682440923308933	13.071164246229026	0.4528743299703186	9.093077561377966	3.16687570004626e-11
723.4284862481575	1	1	1	1	4	0	723.4284862481575	50.0	0	5.823486424239435e-05	0.7482356113646533	1.1489612179726123	23.955601011781805	3.863766726638593	2.911743212119718	3.7549398126814713	13.425151260342028	0.4965815949124244	10.530449751439784	4.12010184245239e-11
741.0759664193733	1	1	1	1	4	0	741.0759664193733	51.0	0	6.4846532559127e-05	0.6921745536109924	1.1948110981187616	26.034216594252435	4.634737318075807	3.2423266279563503	4.3493618380304815	13.807790810189795	0.5498119554638936	12.226425784062636	4.84189195721498e-11
758.8378438397727	1	1	1	1	4	0	758.8378438397727	52.0	0	7.28109700968506e-05	0.6271065841401184	1.1234675047889169	28.415574543940448	5.518506410879182	3.6405485048425295	5.022126749907162	14.23439287831158	0.6085735674718303	14.181181665628872	6.266764925458485e-11
776.7130482321257	1	1	1	1	4	0	776.7130482321257	53.0	0	8.210314668738645e-05	0.7519834307985641	1.2172692540545822	31.12655631177268	6.5616248498382905	4.1051573343693235	5.733460753129535	14.726313374435533	0.6680978353060464	16.400242937337147	7.364727873152552e-11
794.7004757379742	1	1	1	1	4	0	794.7004757379742	54.0	0	9.368015278737032e-05	0.6731890279833102	1.1563435411066023	34.494257532609	7.956467352625924	4.684007639368517	6.482174393473422	15.37160814714113	0.7264159953829339	19.122649385467867	9.522232486663735e-11
812.7989892447298	1	1	1	1	4	0	812.7989892447298	55.0	0	0.00010679898206277908	0.7476996277651179	1.1193345895411189	38.24885206404285	9.459859757889236	5.339949103138956	7.392487857231754	16.056555345782904	0.7929743762702353	22.192296718259946	1.0836624151895107e-10
831.0074187226242	1	1	1	1	4	0	831.0074187226242	56.0	0	0.00012173996140744356	0.8679898628409176	1.1729026980404058	42.78783157893028	11.245982616208227	6.08699807037218	8.593947630317606	16.86090326203226	0.8707093251491842	25.926928316898014	1.2948483057680507e-10
849.3245615714155	1	1	1	1	4	0	849.3245615714155	57.0	0	0.00013757184235756268	0.7466980778878812	1.160197759524975	47.71586455276653	13.200603458621789	6.878592117878134	9.902630033835944	17.734038942430672	0.9462718676884784	29.98182561033587	1.5205690466108927e-10
867.7491829767432	1	1	1	1	4	0	867.7491829767432	58.0	0	0.00015704126213672527	0.8213735594329291	1.1483116454074629	53.60017698850685	15.605689779181445	7.8520631068362645	11.338980772137203	18.803443330351943	1.0206132750162773	34.796733658154906	2.0189633038076009e-10
886.2800162760308	1	1	1	1	4	0	886.2800162760308	59.0	0	0.0001793286797414027	0.7769784961768288	1.157878071913634	60.30134015606128	18.54741180330715	8.966433987070141	12.677579201489518	20.10991516419447	1.0762856537105954	40.19142499186681	2.2635444560529999e-10
