11.247441493196291	1	1	1	1	4	0	11.247441493196291	1.0	0	0.0			15.0	0.0	0.0	0.0	0.0		0.0	0.0
11.367595075476835	1	1	1	1	4	0	11.367595075476835	1.0	0	0.0			15.0	0.0	0.0	0.0	0.0		0.0	0.0
22.856168219862568	1	1	1	1	4	0	22.856168219862568	2.0	0	0.0			14.552750241652504	0.0	0.0	0.0	0.7285827694774977	0.0	0.0	0.0
34.4665080713728	1	1	1	1	4	0	34.4665080713728	3.0	0	0.0			13.791431040067982	0.0	0.0	0.0	2.1993864847666735	0.0	0.0	0.0
46.1993671861199	1	1	1	1	4	0	46.1993671861199	4.0	0	0.0			12.713098668736418	0.0	0.0	0.0	4.42587529936556	0.0	0.0	0.0
58.05546181511435	1	1	1	1	4	0	58.05546181511435	5.0	0	0.0			11.314922877436091	0.0	0.0	0.0	7.421310407022852	0.0	0.0	0.0
70.03547169202406	1	1	1	1	4	0	70.03547169202406	6.0	0	2.500826149469408e-05			10.075555122184273	0.0	1.2504130747347042	0.0	8.825142047449571	0.14168758621806754	1.2504130747347042	0.0
82.14003983175478	1	1	1	1	4	0	82.14003983175478	7.0	0	2.6162454405760447e-05	0.3140370200629142	1.3934107396438309	10.174256745569016	0.0	1.3081227202880226	0.0	8.866134025280994	0.14754150078918574	1.3081227202880226	7.571879951730408e-13
94.36977233991071	1	1	1	1	4	0	94.36977233991071	8.0	0	2.8414830782290112e-05	0.6275075404846596	1.4539652863942203	10.352771534768404	0.0	1.420741539114506	0.0	8.932029995653899	0.1590614384194638	1.420741539114506	1.0179953075883336e-12
106.72523823319248	1	1	1	1	4	0	106.72523823319248	9.0	0	3.04836119107021e-05	0.4120248468131086	1.2336708999588246	10.511433819016114	0.0	1.524180595535105	0.0	8.987253223481007	0.1695935963563235	1.524180595535105	9.779307435025026e-13
119.20696927078512	1	1	1	1	4	0	119.20696927078512	10.0	0	3.376166390678028e-05	0.8526533568324816	1.0142301568273484	10.759661410647748	0.0	1.6880831953390143	0.0	9.071578215308733	0.18608484160895966	1.6880831953390143	1.276049098116052e-12
131.81545979678634	1	1	1	1	4	0	131.81545979678634	11.0	0	3.749617846693132e-05	0.8560091459218793	1.259984982110582	11.042294393801994	0.0	1.8748089233465663	0.0	9.167485470455427	0.20450634248492885	1.8748089233465663	1.6025012004523082e-12
144.55116659372186	1	1	1	1	4	0	144.55116659372186	12.0	0	4.1407459687117187e-05	0.7062289813052681	1.297572002817154	11.340821050453673	0.0	2.0703729843558603	0.0	9.270448066097813	0.22333041181981805	2.0703729843558603	1.7089960841833483e-12
157.41450874719058	1	1	1	1	4	0	157.41450874719058	13.0	0	4.6253821560861624e-05	0.9433578664367354	0.9708977330382202	11.716872894519641	0.0	2.3126910780430823	0.0	9.404181816476557	0.24592156161752865	2.3126910780430823	2.0067996784845227e-12
170.4058675216809	1	1	1	1	4	0	170.4058675216809	14.0	0	5.17480471290359e-05	0.8241526948006185	1.4962613082697052	12.124394646398999	0.0	2.5874023564517947	0.0	9.536992289947204	0.27130171418709603	2.5874023564517947	2.17780503015434e-12
183.52558624759342	1	1	1	1	4	0	183.52558624759342	15.0	0	5.797903329511312e-05	0.8013864857940577	1.041063288961822	12.577237508474154	0.0	2.898951664755657	0.0	9.678285843718498	0.2995315194825708	2.898951664755657	2.7200851550279657e-12
196.77397021950497	1	1	1	1	4	0	196.77397021950497	16.0	0	6.519890581816674e-05	0.8824607449383047	1.1386153305007385	13.099207369488447	0.0	3.259945290908337	0.0	9.83926207858011	0.33132009950270336	3.259945290908337	3.1228941635393486e-12
210.1512866057031	1	1	1	1	4	0	210.1512866057031	17.0	0	7.299010536074914e-05	0.8348724583431191	1.181097523061952	13.66610617643376	0.0	3.649505268037458	0.0	10.016600908396304	0.3643456798781213	3.649505268037458	3.501405484259271e-12
223.65776436901845	1	1	1	1	4	0	223.65776436901845	18.0	0	8.133392333317046e-05	0.8181478583001186	1.2024966656845335	14.283937398259294	0.0	4.066696166658524	0.0	10.21724123160077	0.3980229177794778	4.066696166658524	4.344556341410966e-12
237.29359419897813	1	1	1	1	4	0	237.29359419897813	19.0	0	9.213844310019238e-05	0.987029562076526	1.4002165203105652	15.108586436078653	0.0	4.60692215500962	0.0	10.501664281069033	0.4386849580893907	4.60692215500962	7.234273050638658e-12
251.0589284553002	1	1	1	1	4	0	251.0589284553002	20.0	0	0.00010129913740754264	0.4732299546447101	1.206605829473594	15.84189125133987	0.0	5.064956870377133	0.0	10.77693438096274	0.4699812294787921	5.064956870377133	7.246445627581967e-12
264.95388112274634	1	1	1	1	4	0	264.95388112274634	21.0	0	0.00011378399128533616	0.8608556973323891	1.1195324373867388	16.845578194197586	0.0	5.689199564266808	0.0	11.15637862993078	0.5099503838103518	5.689199564266808	9.716514473625274e-12
278.9785277773454	1	1	1	1	4	0	278.9785277773454	22.0	0	0.00012776650678525663	0.9233368236375106	1.2021932883256687	17.997804381729946	0.0	6.388325339262832	0.0	11.609479042467113	0.5502680452666769	6.388325339262832	1.1029613811080775e-11
293.1329055639992	1	1	1	1	4	0	293.1329055639992	23.0	0	0.00014262725283112901	0.7820619713931989	1.049582169384692	19.200835169861374	0.0	7.131362641556452	0.0	12.069472528304928	0.5908595114519061	7.131362641556452	1.2061940881864374e-11
307.41701318547484	1	1	1	1	4	0	307.41701318547484	24.0	0	0.00016041102360737274	0.8416917866492161	1.2499352089490376	20.63978591192345	0.0	8.020551180368638	0.0	12.619234731554814	0.6355814239918199	8.020551180368638	1.83428938863844e-11
321.83081090278995	1	1	1	1	4	0	321.83081090278995	25.0	0	0.00018057916040641192	0.8740166090036059	1.094254792377612	22.29648714776661	0.0	9.028958020320594	0.0	13.267529127446014	0.6805304841308202	9.028958020320594	2.1399180576431735e-11
336.3742205469876	1	1	1	1	4	0	336.3742205469876	26.0	0	0.00020257246444393767	0.8597570767016941	1.1482153929581524	24.16265520704641	0.0	10.128623222196882	0.0	14.034031984849527	0.7217186930406929	10.128623222196882	2.3346251645253662e-11
351.0471255422998	1	1	1	1	4	0	351.0471255422998	27.0	0	0.0002287156724118632	0.9601900232285592	1.1331163614277828	26.35249173281322	0.0	11.43578362059316	0.0	14.916708112220062	0.7666425818994701	11.43578362059316	2.7026287219059096e-11
365.84937094069124	1	1	1	1	4	0	365.84937094069124	28.0	0	0.0002573486368349297	0.9227778183195684	1.1322779867584396	28.783510501261354	0.0	12.867431841746486	0.0	15.916078659514868	0.8084549038122617	12.867431841746486	3.189688822816061e-11
380.78076346777357	1	1	1	1	4	0	380.78076346777357	29.0	0	0.00028927538914631963	0.9182183890140976	1.098603493769566	31.56416573865521	0.0	14.463769457315982	0.0	17.10039628133923	0.8458148699805008	14.463769457315982	4.293720298353858e-11
395.84107158007737	1	1	1	1	4	0	395.84107158007737	30.0	0	0.00032516568584989417	0.8817892317726006	1.153866291381436	34.667454152271816	0.0	16.258284292494707	0.0	18.409169859777105	0.8831622727333323	16.258284292494707	4.8401813534433247e-11
411.03002553366304	1	1	1	1	4	0	411.03002553366304	31.0	0	0.00036376445218035754	0.7920516034807041	1.1286845850996985	38.0436308402772	0.0	18.188222609017874	0.0	19.855408231259325	0.9160336769295572	18.188222609017874	5.5111464213948976e-11
426.3473174640513	1	1	1	1	4	0	426.3473174640513	32.0	0	0.0004056835380457066	0.7851675817261929	1.1024041550743602	41.828326677462975	0.0	20.284176902285328	0.0	21.54414977517765	0.9415167047184192	20.284176902285328	6.085661077965532e-11
441.79260147745117	1	1	1	1	4	0	441.79260147745117	33.0	0	0.0004468519574621757	0.8305926005873241	1.1240240851288346	46.156693991676896	0.0	22.342597873108787	0.6738158979359109	23.1402802206322	0.9946471499737044	23.016413771044693	6.942619171403638e-11
457.365493753255	1	1	1	1	4	0	457.365493753255	34.0	0	0.0004864509374521821	0.7910787295240601	1.146117893094469	50.90985686901784	0.0	24.322546872609106	1.8625407821160511	24.724769214292678	1.059062975584351	26.185087654725162	8.887601048592039e-11
473.0655726577729	1	1	1	1	4	0	473.0655726577729	35.0	0	0.0005268760823495664	0.8569928776390543	1.178938350894166	56.42383907234136	0.0	26.343804117478317	3.5996889973483235	26.48034595751471	1.1307817942736942	29.943493114826644	1.1599216352660143e-10
488.8923788691719	1	1	1	1	4	0	488.8923788691719	36.0	0	0.0005707246519501517	0.7591385407107114	1.2185930112926715	62.65377049534007	0.0	28.536232597507592	5.754470164603211	28.36306773322928	1.2089913222587303	34.290702762110804	1.3739125521534855e-10
504.8454155135833	1	1	1	1	4	0	504.8454155135833	37.0	0	0.0006194640323904778	0.826038847138412	1.1304339729260025	70.39659075997864	0.4805144335373431	30.97320161952389	8.405314705481187	30.53756000143621	1.2895108948833198	39.85903075854242	1.7847851332888712e-10
520.9241483123367	1	1	1	1	4	0	520.9241483123367	38.0	0	0.000670219997363833	0.8028448184709407	1.1538128070392948	79.49630384020655	1.5386666582032367	33.51099986819165	11.425899732259392	33.02073758155225	1.3608690444745246	46.47556625865428	2.2016735696641612e-10
537.1280057402779	1	1	1	1	4	0	537.1280057402779	39.0	0	0.0007244834219712033	0.8123169437768836	1.1575705361234934	90.33264837819424	3.131746803921404	36.22417109856017	15.372071019192484	35.60465945652018	1.4491429746929927	54.727988921674054	2.713414770070924e-10
553.4563791951257	1	1	1	1	4	0	553.4563791951257	40.0	0	0.0007814239509123082	0.8629542310397347	1.1576492293165248	103.13923446744582	5.406423291745111	39.071197545615405	20.189099238683568	38.472514391401745	1.5403281465155059	64.66672007604409	3.4452607981397355e-10
569.9086231778117	1	1	1	1	4	0	569.9086231778117	41.0	0	0.0008488770738547936	0.7789797476876567	1.173419962420717	118.54561805703449	8.5734732459114	42.44385369273969	25.745962443054903	41.78232867532849	1.6320252675638711	76.76328938170597	5.094843623834733e-10
586.4840554837581	1	1	1	1	4	0	586.4840554837581	42.0	0	0.0009365431800853096	0.8386612822307877	1.1718548573553211	138.5345920032292	13.328755891954794	46.82715900426548	32.30615425329629	46.072522853712606	1.7175815075033394	92.46206914951657	6.324193026940227e-10
603.1819574050269	1	1	1	1	4	0	603.1819574050269	43.0	0	0.0010392468265167415	0.8361784364027126	1.1727213366978777	162.1342970472754	19.94900075851316	51.96234132583708	38.8477170980529	51.375237864872275	1.767584194213166	110.75905918240312	7.43916608858089e-10
620.0015739432909	1	1	1	1	4	0	620.0015739432909	44.0	0	0.0011441968102261955	0.8198662261012143	1.150431554345927	188.57207141647103	28.35277797033104	57.209840511309785	45.53407224805068	57.47538068677954	1.787616045890646	131.09669072969152	8.426543736159281e-10
636.9421140335545	1	1	1	1	4	0	636.9421140335545	45.0	0	0.0012523960956741602	0.8308997775138097	1.190418915030607	218.09189680658818	37.66932345142181	62.61980478370803	54.101665237423155	63.70110333403522	1.8323304293344542	154.390793472553	9.616440764688284e-10
654.0027507785644	1	1	1	1	4	0	654.0027507785644	46.0	0	0.0013689346859633539	0.7900629560316229	1.1735900758102242	251.16231343733998	48.31942029899332	68.44673429816773	64.06116679989523	70.33499204028364	1.8839541635573152	180.82732139705627	1.2229394989067015e-09
671.1826216938364	1	1	1	1	4	0	671.1826216938364	47.0	0	0.0015042049307478068	0.8306516445891391	1.1922729714357725	288.38528533972794	60.74541080445369	75.21024653739036	74.80622095694093	77.62340704094295	1.9326189510749527	210.76187829878498	1.4333073235976971e-09
688.4808289632283	1	1	1	1	4	0	688.4808289632283	48.0	0	0.0016561317444001205	0.8251732029785722	1.1714500081477577	329.76029726145975	75.56407003443428	82.80658722000605	85.51204834468128	85.87759166233819	1.959983184280468	243.88270559912158	1.6080297727208004e-09
705.8964397049822	1	1	1	1	4	0	705.8964397049822	49.0	0	0.0018234714417356941	0.8379030291716731	1.1651733996116729	376.41659700331763	93.91107176065712	91.17357208678473	95.67924685696259	95.65270629891322	1.9534504163409157	280.7638907044044	1.7795522186006363e-09
723.4284862481575	1	1	1	1	4	0	723.4284862481575	50.0	0	0.001999477495221889	0.817274203844218	1.1621325366367217	427.384987053835	112.92386505502672	99.97387476109449	109.08452101223646	105.40272622547735	1.9834249384224991	321.9822608283576	1.911931293581412e-09
741.0759664193733	1	1	1	1	4	0	741.0759664193733	51.0	0	0.002174764792594767	0.8746035170971851	1.1767170886762175	482.49284943802695	133.36369126121818	108.73823962973835	124.84372509370056	115.54719345336987	2.0215286736298195	366.9456559846572	2.4039899312096507e-09
758.8378438397727	1	1	1	1	4	0	758.8378438397727	52.0	0	0.002368240298007715	0.8338435561814278	1.1632545927484963	540.3418099832959	154.8325860938528	118.41201490038576	141.1868165842067	125.91039240485055	2.0617744613953857	414.4314175784452	2.584405848240987e-09
776.7130482321257	1	1	1	1	4	0	776.7130482321257	53.0	0	0.002590975611225617	0.8315099888675772	1.1725615960115832	605.3245798761043	179.8363416683611	129.54878056128086	158.23763352322732	137.70182412323507	2.0899244865990747	467.62275575286935	2.811452147564952e-09
794.7004757379742	1	1	1	1	4	0	794.7004757379742	54.0	0	0.0028317434370701373	0.8382550016023197	1.167106623522976	675.3629036043628	208.84498119841842	141.58717185350687	173.80868477852425	151.1220657739134	2.087027165866566	524.2408378304495	3.0686200910590367e-09
812.7989892447298	1	1	1	1	4	0	812.7989892447298	55.0	0	0.0030944632503239785	0.8530997608380508	1.1615310006410315	750.5530256369145	238.9521625380212	154.7231625161989	192.0387705720292	164.83893001066525	2.1036410092312066	585.7140956262492	3.257923604115971e-09
831.0074187226242	1	1	1	1	4	0	831.0074187226242	56.0	0	0.0033592473502928807	0.8307066351095176	1.1809405817404988	830.9928400494776	270.6058394867659	167.96236751464403	213.33104581896504	179.09358722910278	2.1290176785941823	651.8992528203747	3.934257804864928e-09
849.3245615714155	1	1	1	1	4	0	849.3245615714155	57.0	0	0.003630041151551854	0.8418374935185489	1.1609616728151522	915.2835687328967	304.03832989045367	181.50205757759272	235.7151885374456	194.02799272740498	2.150294090302721	721.2555760054919	4.0931923635499934e-09
867.7491829767432	1	1	1	1	4	0	867.7491829767432	58.0	0	0.00393524248921336	0.8397068009137769	1.16004820014424	1007.5256615624053	341.7403040916473	196.7621244606681	258.2313277780106	210.79190523207927	2.1584958480153045	796.7337563303261	4.429053564791229e-09
886.2800162760308	1	1	1	1	4	0	886.2800162760308	59.0	0	0.004254095421375985	0.8154929886757448	1.1728457448363658	1103.39524873371	383.82578521993173	212.70477106879926	277.38186561769703	229.4828268272821	2.135613559681984	873.9124219064281	4.679642937446501e-09
