11.247441493196291	1	1	1	1	4	0	11.247441493196291	1.0	0	0.0			15.0	0.0	0.0	0.0	0.0		0.0	0.0
11.367595075476835	1	1	1	1	4	0	11.367595075476835	1.0	0	0.0			15.0	0.0	0.0	0.0	0.0		0.0	0.0
22.856168219862568	1	1	1	1	4	0	22.856168219862568	2.0	0	0.0			14.552750241652504	0.0	0.0	0.0	0.7285827694774977	0.0	0.0	0.0
34.4665080713728	1	1	1	1	4	0	34.4665080713728	3.0	0	0.0			13.791431040067982	0.0	0.0	0.0	2.1993864847666735	0.0	0.0	0.0
46.1993671861199	1	1	1	1	4	0	46.1993671861199	4.0	0	0.0			12.713098668736418	0.0	0.0	0.0	4.42587529936556	0.0	0.0	0.0
58.05546181511435	1	1	1	1	4	0	58.05546181511435	5.0	0	0.0			11.314922877436091	0.0	0.0	0.0	7.421310407022852	0.0	0.0	0.0
70.03547169202406	1	1	1	1	4	0	70.03547169202406	6.0	0	2.500826149469408e-05			10.075555122184273	0.0	1.2504130747347042	0.0	8.825142047449571	0.14168758621806754	1.2504130747347042	0.0
82.14003983175478	1	1	1	1	4	0	82.14003983175478	7.0	0	2.5579414199664225e-05	0.6429876248965004	1.169866591816019	10.124397649842026	0.0	1.2789707099832115	0.0	8.845426939858815	0.14459117899894447	1.2789707099832115	6.009736583506524e-13
94.36977233991071	1	1	1	1	4	0	94.36977233991071	8.0	0	2.6173922578398027e-05	0.5665339445645692	1.3863139893709366	10.171516123918037	0.0	1.3086961289199022	0.0	8.862819994998134	0.14766136846494504	1.3086961289199022	6.005473184449857e-13
106.72523823319248	1	1	1	1	4	0	106.72523823319248	9.0	0	2.669992813210048e-05	0.4287330120641304	1.206649293578751	10.211857386476574	0.0	1.3349964066050244	0.0	8.876860979871548	0.15039059523768078	1.3349964066050244	5.848388031497231e-13
119.20696927078512	1	1	1	1	4	0	119.20696927078512	10.0	0	2.7622077424407093e-05	0.8711517827308086	1.4196277707191096	10.281686327026613	0.0	1.3811038712203547	0.0	8.900582455806259	0.15517005522704835	1.3811038712203547	6.79901645942846e-13
131.81545979678634	1	1	1	1	4	0	131.81545979678634	11.0	0	2.833883695846849e-05	0.5301362714774438	1.3123033249904132	10.335931633090658	0.0	1.4169418479234248	0.0	8.918989785167232	0.15886797519152634	1.4169418479234248	7.944836743345782e-13
144.55116659372186	1	1	1	1	4	0	144.55116659372186	12.0	0	2.9212289932500982e-05	0.6633708448959688	0.9378309265893804	10.402597510945384	0.0	1.4606144966250496	0.0	8.941983014320332	0.16334346579342826	1.4606144966250496	8.427031812277601e-13
157.41450874719058	1	1	1	1	4	0	157.41450874719058	13.0	0	3.051118283513943e-05	1.2258424015115736	1.1225317653578244	10.503384675421813	0.0	1.5255591417569718	0.0	8.977825533664841	0.169925238136614	1.5255591417569718	9.59231627212859e-13
170.4058675216809	1	1	1	1	4	0	170.4058675216809	14.0	0	3.176908879363177e-05	0.9266410743132956	1.382061876049243	10.596687004120094	0.0	1.588454439681589	0.0	9.008232564438504	0.1763336401806806	1.588454439681589	9.562411914586104e-13
183.52558624759342	1	1	1	1	4	0	183.52558624759342	15.0	0	3.281607169292239e-05	0.5793193495720023	0.9152494371166948	10.67277748482758	0.0	1.64080358464612	0.0	9.03197390018146	0.1816661122784196	1.64080358464612	1.1035086941098406e-12
196.77397021950497	1	1	1	1	4	0	196.77397021950497	16.0	0	3.430527104224914e-05	0.989832411253288	1.20062710835204	10.780441044663103	0.0	1.7152635521124573	0.0	9.065177492550648	0.18921455796336956	1.7152635521124573	1.2251047669845726e-12
210.1512866057031	1	1	1	1	4	0	210.1512866057031	17.0	0	3.6012753548757254e-05	1.177510649737155	1.1112351179755522	10.90467991064633	0.0	1.800637677437863	0.0	9.104042233208467	0.1977844161211979	1.800637677437863	1.3160252604209368e-12
223.65776436901845	1	1	1	1	4	0	223.65776436901845	18.0	0	3.7000122782285686e-05	0.4032958100833983	1.740152032721456	10.977791229944058	0.0	1.8500061391142848	0.0	9.127785090829773	0.2026785381891707	1.8500061391142848	1.404992843941279e-12
237.29359419897813	1	1	1	1	4	0	237.29359419897813	19.0	0	3.8453453910982564e-05	0.7961621150554412	1.25941366504639	11.088715930232068	0.0	1.922672695549128	0.0	9.166043234682938	0.2097603782048531	1.922672695549128	1.5558821862044509e-12
251.0589284553002	1	1	1	1	4	0	251.0589284553002	20.0	0	3.9641661187180604e-05	0.5544331020242155	1.1375594471879973	11.18383078593305	0.0	1.9820830593590302	0.0	9.20174772657402	0.21540289065249085	1.9820830593590302	1.556190420699415e-12
264.95388112274634	1	1	1	1	4	0	264.95388112274634	21.0	0	4.1175450471584376e-05	0.8570142727709047	1.181273092027152	11.307135735507936	0.0	2.058772523579219	0.0	9.248363211928718	0.2226093932949967	2.058772523579219	1.9107327081065277e-12
278.9785277773454	1	1	1	1	4	0	278.9785277773454	22.0	0	4.249465482685233e-05	0.6372033282480281	1.18757647135479	11.415844487152455	0.0	2.1247327413426165	0.0	9.291111745809838	0.228684445895384	2.1247327413426165	1.931063305387341e-12
293.1329055639992	1	1	1	1	4	0	293.1329055639992	23.0	0	4.398704086835366e-05	0.7540874210267009	1.2060220968982742	11.536658499461234	0.0	2.1993520434176834	0.0	9.337306456043553	0.2355445924123179	2.1993520434176834	2.0341902669203352e-12
307.41701318547484	1	1	1	1	4	0	307.41701318547484	24.0	0	3.7987146992776736e-05	0.6681936363312327	0.9580254811136908	11.302488000543695	0.0	1.8993573496388372	0.0	9.40313065090486	0.2019920194830073	1.8993573496388372	1.9644095477155592e-12
321.83081090278995	1	1	1	1	4	0	321.83081090278995	25.0	0	3.911170679096216e-05	0.8491652315686979	1.0720092590394934	11.426144618089289	0.0	1.9555853395481082	0.0	9.470559278541183	0.20649100882343466	1.9555853395481082	1.9253902530213663e-12
336.3742205469876	1	1	1	1	4	0	336.3742205469876	26.0	0	4.01770840809558e-05	0.7052272747592355	1.1605314753237719	11.54027634011267	0.0	2.00885420404779	0.0	9.531422136064881	0.2107612248592696	2.00885420404779	1.9523636404700332e-12
351.0471255422998	1	1	1	1	4	0	351.0471255422998	27.0	0	4.160794458612609e-05	0.9709266450380544	1.2951484135664353	11.67655946485311	0.0	2.0803972293063056	0.0	9.596162235546805	0.2167947121193873	2.0803972293063056	2.076197065703228e-12
365.84937094069124	1	1	1	1	4	0	365.84937094069124	28.0	0	4.2908816562535385e-05	0.6905192199278667	1.2784601029917857	11.793193269221556	0.0	2.14544082812677	0.0	9.647752441094788	0.2223772677860414	2.14544082812677	2.3166817751154297e-12
380.78076346777357	1	1	1	1	4	0	380.78076346777357	29.0	0	4.4306100056481125e-05	0.7255645183960193	1.0366174105904369	11.914889445132882	0.0	2.2153050028240564	0.0	9.699584442308826	0.22839174358450556	2.2153050028240564	2.4060248702922266e-12
395.84107158007737	1	1	1	1	4	0	395.84107158007737	30.0	0	3.77201220863637e-05	0.4195381546518563	1.261751386267546	11.64158957915473	0.0	1.8860061043181853	0.0	9.755583474836543	0.1933258127699825	1.8860061043181853	2.2571338401256884e-12
411.03002553366304	1	1	1	1	4	0	411.03002553366304	31.0	0	3.8751883598559225e-05	0.8275615035142994	1.1755062696558851	11.766048852208106	0.0	1.9375941799279612	0.0	9.828454672280145	0.1971412846205304	1.9375941799279612	2.2205401666963307e-12
426.3473174640513	1	1	1	1	4	0	426.3473174640513	32.0	0	3.961487318831848e-05	0.5455542082747882	1.028452113955698	11.867255315144625	0.0	1.980743659415924	0.0	9.886511655728698	0.20034808316522745	1.980743659415924	2.2109960988482543e-12
441.79260147745117	1	1	1	1	4	0	441.79260147745117	33.0	0	4.064569237337711e-05	0.8451262166470009	1.4403696346040455	11.996454063911145	0.0	2.0322846186688555	0.023052110163387474	9.9411173350789	0.20675107832996226	2.055336728832243	2.3460786865762728e-12
457.365493753255	1	1	1	1	4	0	457.365493753255	34.0	0	4.156543078081066e-05	0.720766697827576	1.1644590351675488	12.117051778786914	0.0	2.0782715390405335	0.05503367089484118	9.983746568851542	0.21367782076831848	2.1333052099353744	2.64754171891531e-12
473.0655726577729	1	1	1	1	4	0	473.0655726577729	35.0	0	4.255738278526854e-05	0.8812851263844522	1.1059179905274985	12.252353846671049	0.0	2.1278691392634275	0.09765980516137764	10.026824902246243	0.22195749563017045	2.225528944424805	2.8410830128354213e-12
488.8923788691719	1	1	1	1	4	0	488.8923788691719	36.0	0	3.720238848874163e-05	0.7530632125835407	1.0604393998508481	12.084420253626616	0.0	1.8601194244370818	0.15093082500759514	10.073370004181939	0.19964026424223408	2.0110502494446774	2.9024237298138444e-12
504.8454155135833	1	1	1	1	4	0	504.8454155135833	37.0	0	3.770676042735501e-05	0.7960150064286713	1.1540752095686675	12.207457783628328	0.008858787603443698	1.8853380213677509	0.1998019246424435	10.113459050014688	0.20617475541240915	2.0939987336136383	2.9301337673119216e-12
520.9241483123367	1	1	1	1	4	0	520.9241483123367	38.0	0	3.850635893876112e-05	0.902552821214432	1.3272496459324228	12.407827019040383	0.03472262603752474	1.925317946938056	0.2736324390881917	10.174154006976607	0.2161310301100599	2.2336730120637727	3.969664886785192e-12
537.1280057402779	1	1	1	1	4	0	537.1280057402779	39.0	0	3.947099793098875e-05	0.7734503404812264	1.2305520063278248	12.636690676227644	0.07014730259297877	1.9735498965494382	0.36138184821098623	10.23161162887424	0.2282076206031025	2.4050790473534027	4.605026543408941e-12
553.4563791951257	1	1	1	1	4	0	553.4563791951257	40.0	0	4.0576785288440034e-05	0.7266542027523663	1.0549885975276885	12.89223699467062	0.11588424211145508	2.0288392644220017	0.4582378756562095	10.289275612480953	0.2417154748057649	2.6029613821896667	5.332480593417279e-12
569.9086231778117	1	1	1	1	4	0	569.9086231778117	41.0	0	3.702255769136568e-05	0.7838289423585245	1.285088014962104	13.000874883883743	0.1912459655516507	1.851127884568284	0.590466540837802	10.368034492926007	0.23549250603592786	2.6328403909577367	6.173744632925906e-12
586.4840554837581	1	1	1	1	4	0	586.4840554837581	42.0	0	3.781285784695292e-05	0.482082698929244	1.0833350989941324	13.314270637596215	0.2747015603556968	1.8906428923476464	0.7055984373629978	10.443327747529878	0.2486028775956709	2.870942890066341	6.326923310529319e-12
603.1819574050269	1	1	1	1	4	0	603.1819574050269	43.0	0	3.892672324774248e-05	0.8173355163926564	1.1686018724355705	13.705129438521798	0.39487135399976797	1.9463361623871245	0.8243400055389781	10.539581916595928	0.2628829293089241	3.16554752192587	8.291193459199481e-12
620.0015739432909	1	1	1	1	4	0	620.0015739432909	44.0	0	4.022997633310535e-05	0.6777087637505127	1.1562639932048016	14.145486582621011	0.5436684260672406	2.0114988166552674	0.942728444933092	10.647590894965413	0.2774549934093759	3.4978956876556	9.311021300599397e-12
636.9421140335545	1	1	1	1	4	0	636.9421140335545	45.0	0	4.184870849994659e-05	0.6095216174116831	1.2220180333003428	14.63320385260466	0.7008568277966409	2.09243542499733	1.0872805486501669	10.752631051160526	0.2957151564597124	3.8805728014441376	1.0543718739522838e-11
654.0027507785644	1	1	1	1	4	0	654.0027507785644	46.0	0	4.389411676846316e-05	0.6393698643821908	1.1341777893118632	15.213633935480821	0.8877802846401458	2.1947058384231584	1.2620831337477916	10.869064678669725	0.31803923100713666	4.344569256811096	1.2399280260213949e-11
671.1826216938364	1	1	1	1	4	0	671.1826216938364	47.0	0	3.799872621697594e-05	0.3923635009581165	1.1647720205333707	15.503002397016814	1.126080411655914	1.8999363108487972	1.4681470100472396	11.008838664464863	0.30594356258192645	4.494163732551951	1.3571457502778556e-11
688.4808289632283	1	1	1	1	4	0	688.4808289632283	48.0	0	3.9550123677945454e-05	0.6254929575434275	1.16305518426745	16.217616213953114	1.4055507629959858	1.9775061838972732	1.6700520066467108	11.164507260413146	0.326710181243503	5.05310895353997	1.633028391126936e-11
705.8964397049822	1	1	1	1	4	0	705.8964397049822	49.0	0	4.158718563675404e-05	0.4876314429556795	1.0674749270789514	17.047746752412436	1.7545177659826554	2.0793592818377027	1.8634360181896028	11.350433686402473	0.34736957273717844	5.697313066009961	1.8376566346066704e-11
723.4284862481575	1	1	1	1	4	0	723.4284862481575	50.0	0	4.4339828949576425e-05	0.5035082670834857	1.1026426771519482	17.994581223843074	2.1193717854700105	2.2169914474788213	2.1206821830300964	11.537535807864144	0.3759618780599839	6.457045415978929	2.063078443851464e-11
741.0759664193733	1	1	1	1	4	0	741.0759664193733	51.0	0	4.768328678436986e-05	0.581949735227485	1.0700915659378765	19.045717370093307	2.509244286758753	2.384164339218493	2.4212757522503203	11.731032991865744	0.4096348629145352	7.314684378227566	2.349979690503375e-11
758.8378438397727	1	1	1	1	4	0	758.8378438397727	52.0	0	5.190256401169483e-05	0.901788134196396	1.0978713584871993	20.307276559883846	2.9774338845573576	2.5951282005847416	2.7776828002784595	11.95703167446329	0.4493432105175358	8.350244885420556	3.217634959047989e-11
776.7130482321257	1	1	1	1	4	0	776.7130482321257	53.0	0	4.201253316313883e-05	0.4672228044606698	1.1904269808242134	21.036292641703028	3.5455825532313265	2.100626658156942	3.1651205559724302	12.224962874342324	0.4307372765263025	8.811329767360697	3.2960929077593304e-11
794.7004757379742	1	1	1	1	4	0	794.7004757379742	54.0	0	4.5397278990833256e-05	0.7148286246852791	1.1215060906201728	22.574761676855378	4.230403180080736	2.269863949541663	3.5327137025006516	12.541780844732331	0.4626597868260035	10.03298083212305	3.6116385860915604e-11
812.7989892447298	1	1	1	1	4	0	812.7989892447298	55.0	0	5.0114125298154605e-05	0.7775000921305045	1.1198448629068278	24.29583545097796	4.951001984269045	2.5057062649077304	3.9690407659634213	12.870086435837765	0.5030849686325113	11.425749015140195	4.07803985910441e-11
831.0074187226242	1	1	1	1	4	0	831.0074187226242	56.0	0	5.586045818883983e-05	0.5709042685739921	1.1413055949298596	26.190814142144603	5.708263198274759	2.793022909441992	4.478422795373369	13.211105239054476	0.5504040406339069	12.979708903090119	5.0548823382076407e-11
849.3245615714155	1	1	1	1	4	0	849.3245615714155	57.0	0	6.300716281715822e-05	0.8039993667574453	1.1335815280327834	28.41538847880017	6.59060294458137	3.1503581408579118	5.069178032839512	13.605249360521377	0.6041444707032136	14.810139118278792	6.583420335499323e-11
867.7491829767432	1	1	1	1	4	0	867.7491829767432	58.0	0	7.137116257130145e-05	0.6613876443043339	1.1678274276008274	30.94327006562118	7.6238202475121835	3.5685581285650727	5.68622966346247	14.064662026081455	0.6580170767605721	16.878608039539724	7.341669888977656e-11
886.2800162760308	1	1	1	1	4	0	886.2800162760308	59.0	0	8.083153392178383e-05	0.6547412564768282	1.0759683256954338	33.78772217621181	8.872497113165798	4.041576696089192	6.25442641265371	14.619221954303107	0.7042784589307309	19.168500221908694	9.182106212319948e-11
