0.0
0.0009714436926366636
0.0019610716203855693
0.0029686517527985155
0.00399391347687639
0.0034987970974365654
0.0022018121306576826
0.0025017174841017362
0.002754811853763084
0.0030565796654011736
0.003913203686640465
0.004560366944116818
0.005474176910002122
0.006586752384395176
0.00851769610832966
0.009833612434534096
0.011125880557697471
0.013529588889533501
0.0167047201916039
0.019742639092653974
0.022423440768608617
0.02366783599273657
0.024917871593227746
0.02617246441130007
0.027430487975191854
0.028690772872580456
0.0299521071911899
0.031213237028462917
0.032472867071065364
0.033729661244877605
0.034982243436013624
0.036229198283291054
0.037469072042453665
0.03870037352232635
0.0399215750929526
0.04113111376564518
0.0423273923447398
0.043508780650720724
0.04467361681424757
0.045820208640481724
0.046946835042974505
0.04805174754624216
0.049133171856025115
0.050189309496078076
0.05121833951021348
0.052218420228185326
0.05318769109384948
0.054124274553933
0.055026278005574795
0.05589179580070095
0.05671891130515087
0.05750569901034669
0.05825022669517557
0.05895055763563323
0.05960475285965231
0.060210873444427084
0.06076698285343492
0.06127114931023812
0.061721448206057405
1.860320221169571
