0.0
0.0007285827694774977
0.001470803715289176
0.0022264888145988866
0.002995435107657292
0.0014038316404267192
0.00012009419428755664
0.00026449592800064183
0.00021885367626857112
0.00019345816861612522
0.0004730654619689396
0.0005284794967846658
0.0006212093076246071
0.000744683045507376
0.0007343969208570176
0.0009931444947143754
0.001702173628130954
0.0018436460757365264
0.002720839625863281
0.0031726475328225237
0.003922495036104625
0.005082205551662821
0.006325192636454247
0.008862224091099123
0.011361409245356705
0.014432751982523152
0.01741293590668805
0.018953220880418984
0.024354650303298985
0.025297245933658247
0.0262366825770103
0.027171898712468192
0.02810180403184029
0.029025280141744787
0.029941181319714478
0.03084833532423392
0.03174554425855491
0.03263158548804046
0.03350521261068576
0.03436515648036147
0.035210126282230705
0.03603881065968142
0.03684987889201898
0.03764198212205849
0.03841375463266025
0.03916381517113882
0.03989076832038723
0.04059320591544963
0.04126970850418127
0.041918846850525826
0.04253918347886338
0.043129274257759795
0.043687670021381686
0.044212918226725045
0.044703564644739006
0.04515815508332003
0.04557523714007607
0.045953361982678645
0.04629108615454289
1.2509746904569714
