0.0
0.0007285827694774977
0.001470803715289176
0.0022264888145988866
0.002995435107657292
0.0014038316404267192
0.0002533704763517388
9.361905590644249e-05
0.00027948208849086953
0.0003619585830688319
0.00043828490876919444
0.00047037883097463863
0.0007285664776948285
0.0010161031413667115
0.0012568780864537477
0.0012292285259190444
0.0015348616332486386
0.002042328764068298
0.0029453540461313035
0.0025254420172592697
0.0037845541286169113
0.005114825875739911
0.004029049585470326
0.004726541406282863
0.004546012311567048
0.00645791590666751
0.009638292477614514
0.010485902245084425
0.01187820559451872
0.01433320166627388
0.017566399649749886
0.02364298110943662
0.0204764689795974
0.022337833629406164
0.023469475713164826
0.024845812211944294
0.02812982555778081
0.028806415703558796
0.030851870409215457
0.03245674215150984
0.03332343210581456
0.03351114854488032
0.0368498788920187
0.03764198212205861
0.03841375463266031
0.03916381517113882
0.03989076832038711
0.04059320591544997
0.041269708504181046
0.041918846850525715
0.04253918347886338
0.043129274257759906
0.0436876700213818
0.044212918226724816
0.044703564644739006
0.04515815508332026
0.04557523714007607
0.045953361982678874
0.04629108615454266
1.1354063170455553
