0.0
0.0009714436926366636
0.0019610716203855693
0.0029686517527985155
0.00399391347687639
0.0033356808726873557
0.0021154205823804163
0.0025134561557577837
0.0028175605747439575
0.003286644878977839
0.003833041790539362
0.0044122727389481935
0.005491073073992318
0.0067134122916516145
0.0076860829950195185
0.00954831602180758
0.011156941298818909
0.013251033739866755
0.01622883523380011
0.019211442328717725
0.02239892743011892
0.02366783599273657
0.024917871593227774
0.026172464411300042
0.027430487975191854
0.028690772872580428
0.029952107191189955
0.031213237028462917
0.03247286707106525
0.033729661244877716
0.034982243436013735
0.03622919828329094
0.037469072042453665
0.03870037352232641
0.0399215750929526
0.04113111376564518
0.0423273923447398
0.043508780650720835
0.04467361681424757
0.045820208640481724
0.046946835042974394
0.04805174754624239
0.04913317185602478
0.050189309496078076
0.0512183395102137
0.0522184202281851
0.053187691093849715
0.054124274553933
0.055026278005575024
0.05589179580070072
0.0567189113051511
0.05750569901034669
0.05825022669517557
0.05895055763563323
0.05960475285965208
0.060210873444427084
0.06076698285343514
0.06127114931023835
0.061721448206057176
1.8578945669779239
