0.0
0.0009714436926366636
0.0019610716203855693
0.0029686517527985155
0.00399391347687639
0.0035948773633887932
0.0020422334403600627
0.0030029114278046108
0.002804932488535702
0.003716544800421805
0.004055571491253638
0.004896553340837911
0.005532273780349442
0.007400392662641302
0.008230652172549995
0.009483001507195006
0.010925930870854188
0.01370713808229651
0.01614472506216913
0.01904506319291481
0.022423440768608645
0.02366783599273657
0.024917871593227746
0.0261724644113001
0.0274304879751918
0.02869077287258051
0.0299521071911899
0.031213237028462862
0.03247286707106531
0.033729661244877716
0.034982243436013735
0.036229198283291
0.03746907204245361
0.03870037352232635
0.039921575092952716
0.04113111376564507
0.04232739234473968
0.043508780650720835
0.04467361681424757
0.04582020864048195
0.046946835042974165
0.04805174754624216
0.04913317185602523
0.05018930949607795
0.05121833951021359
0.0522184202281851
0.053187691093849715
0.054124274553933
0.05502627800557457
0.05589179580070141
0.05671891130515087
0.05750569901034669
0.05825022669517557
0.05895055763563323
0.05960475285965208
0.060210873444427084
0.06076698285343514
0.06127114931023812
0.061721448206057405
1.8609006674222766
