1	0	0.0	10.0	0.0	0.0	1.0	0.0		0.0	
1	4	0.0	10.0	0.0	0.0	0.15	0.0		0.0	
2	0	0.0	10.0	0.0	0.0	1.0	0.0		0.0	
2	4	0.0	10.0	0.0	0.0	0.15	0.0		0.0	
3	0	0.0	10.0	0.0	0.0	0.9868366698887	0.0		0.0	
3	4	0.0	10.0	0.0	0.0	0.145527502416525	0.0		0.0	
4	0	0.0011257771665567782	10.0	0.0	0.0	0.935692587304462	0.0	0.0	0.00011257771665567784	
4	4	0.0	10.0	0.0	0.0	0.1379143104006798	0.0		0.0	
5	0	0.0033581469321961525	10.0	0.0001577222961105173	433.37813365634514	0.8588534034697907	0.0	0.0	0.00033581469321961526	0.6554619156936998
5	4	0.0	10.0	0.0	0.0	0.12713098668736414	0.0		0.0	
6	0	0.006675093645202824	10.0	0.0007019193354111155	1865.346077978451	0.7835054834500057	0.0	0.0	0.0006675093645202824	0.920976869006701
6	4	0.0	10.0	0.0	0.0	0.11314922877436093	0.0		0.0	
7	0	0.009573656285272594	10.0	0.0019208984616291558	4891.305016182255	0.8041431429449043	0.0	0.0	0.0009573656285272596	0.9274338986115211
7	4	0.00025008261494694075	10.0	0.0	0.0	0.10075555122184272	0.0	0.0	2.500826149469408e-05	
8	0	0.01145028460706405	10.0	0.0035535393256924744	8543.162440823504	0.9569905643330211	0.0	0.0	0.001145028460706405	1.0657192288402733
8	4	0.00027035969512623047	10.0	4.14141590715628e-05	128.1510062823307	0.10248956007946898	0.0	0.0	2.703596951262305e-05	0.8572059882164634
9	0	0.013695924799667835	10.0	0.004182776562733439	10211.552978151907	1.1397139113364787	0.0	0.0	0.0013695924799667835	1.1084112218644633
9	4	0.00035549426104554866	10.0	0.00016987057857328783	399.970043841838	0.10923700213534962	0.0	0.0	3.554942610455486e-05	1.8914633394461349
10	0	0.01642663495772068	10.0	0.0051939988930639076	12609.431197390895	1.3656089618338718	0.0	0.0	0.0016426634957720679	1.086746257864131
10	4	0.0004023850823916135	10.0	7.450173735622802e-05	231.78819094752518	0.11283322830100916	0.0	0.0	4.023850823916135e-05	0.8169010071012047
11	0	0.019778945441919462	10.0	0.006389103334913694	15641.253949918206	1.6461216916353962	0.0	0.0	0.0019778945441919467	1.1313421748025974
11	4	0.0004540058312913461	10.0	7.916207104582042e-05	249.93156035424457	0.11674216391061272	0.0	0.0	4.540058312913461e-05	1.186357436339344
12	0	0.0238153850051784	10.0	0.007717794619847554	18994.57419535288	1.9868506333198348	0.0	0.0	0.0023815385005178397	1.123447365427091
12	4	0.0004965511847290472	10.0	6.597842159754748e-05	213.9862177381269	0.11996205232389096	0.0	0.0	4.9655118472904716e-05	0.8223416328841346
13	0	0.028549768850781213	10.0	0.008978771177110384	22453.90114681749	2.3893758739079236	0.0	0.0	0.002854976885078121	1.1716782150016347
13	4	0.0006434152966445847	10.0	0.00022757533237966344	647.3146572030146	0.1311713849809224	0.0	0.0	6.434152966445846e-05	1.1471305883041694
14	0	0.03449569732292294	10.0	0.011328302737296366	28334.638874906068	2.8980659377938425	0.0	0.0	0.003449569732292293	1.15800922880005
14	4	0.0008033137832810487	10.0	0.0002388007443228623	715.943877687874	0.14357865507950074	0.0	0.0	8.033137832810487e-05	1.2050711038027648
15	0	0.041777423900137514	10.0	0.013945355008581198	34881.29701521176	3.5245609926743184	0.0	0.0	0.00417774239001375	1.1074137719709096
15	4	0.0009580476184446672	10.0	0.00020997197484573936	669.8465551336441	0.1550556872469012	0.0	0.0	9.580476184446672e-05	1.1870492185873782
16	0	0.050441941024863664	10.0	0.016522837579465655	41976.77906175138	4.278263437953696	0.0	0.0	0.005044194102486368	1.1085814646337149
16	4	0.001209366312535692	10.0	0.00034066722812232974	1040.9796801542197	0.17332051302115234	0.0	0.0	0.00012093663125356921	1.364188833113844
17	0	0.061484184232192526	10.0	0.021503411652081604	53900.10361088911	5.247610673458984	0.0	0.0	0.006148418423219253	1.1320198574927347
17	4	0.0015065094800904221	10.0	0.0003876337636332936	1221.2734237908721	0.1948028560091543	0.0	0.0	0.00015065094800904223	1.2408361087563635
18	0	0.0745866550081676	10.0	0.025738461868508127	64511.04924737736	6.406985862714564	0.0	0.0	0.007458665500816759	1.139714922629518
18	4	0.0020215846737914505	10.0	0.0007261960630564343	2093.9431932240955	0.2322804627884895	0.0	0.0	0.00020215846737914507	1.1366752432741505
19	0	0.09025943103255246	10.0	0.0301237510089282	77750.46608721724	7.8037770170288026	0.0	0.0	0.009025943103255244	1.112974923776432
19	4	0.002523985237468676	10.0	0.0006551807881940338	2091.754723670416	0.2694815085361907	0.0	0.0	0.00025239852374686763	1.0132452073249785
20	0	0.1094567334326724	10.0	0.03691985922457732	95841.69820566774	9.526170339794726	0.0	0.0	0.010945673343267242	1.0864836600367622
20	4	0.003263321435611551	10.0	0.0010182785262147019	3144.69453987472	0.3259109378463649	0.0	0.0	0.00032633214356115513	1.1476412247252434
21	0	0.13276113243880314	10.0	0.0455031187801773	117400.50733263454	11.636209924291904	0.0	0.0	0.01327611324388032	1.113975855449647
21	4	0.004004058866575855	10.0	0.0010162571897168813	3318.9730468803245	0.38520626053107815	0.0	0.0	0.0004004058866575855	1.105494645698277
22	0	0.1603485629436305	10.0	0.05280466781637856	140209.72505917182	14.154566401707607	0.0	0.0	0.01603485629436305	1.1101568202586234
22	4	0.005252882481582549	10.0	0.0018237906562533985	5562.733827494918	0.485602145703914	0.0	0.0	0.0005252882481582549	1.2877550338804324
23	0	0.1896969727566961	10.0	0.06624565892501934	174130.78815782798	17.468325538564223	0.0	0.0	0.018969697275669613	1.106879265321872
23	4	0.006809791798451407	10.0	0.002297734906242846	7106.397435899153	0.6138989236706264	0.0	0.0	0.0006809791798451407	1.1980013539797076
24	0	0.2205758991174591	10.0	0.0794405100209478	211082.5179397912	21.65878707821929	0.0	0.0	0.02205758991174591	1.1043316988343732
24	4	0.008721391520227904	10.0	0.002734404651552113	8581.298038907089	0.7686497896622679	0.0	0.0	0.0008721391520227905	1.0875926972801275
25	0	0.252772008155579	10.0	0.08849975060808916	239435.39992873516	26.498738797462664	0.0	0.0	0.025277200815557902	1.0873119430243998
25	4	0.011124850338312236	10.0	0.003353660139485225	10783.0063520481	0.9631225419999232	0.0	0.0	0.0011124850338312237	1.1534079969652578
26	0	0.2869211426599557	10.0	0.10951719062037683	289424.59314849915	32.525586785738646	0.0	0.0	0.028692114265995567	1.1214730975113638
26	4	0.013916426000853663	10.0	0.003814787153103412	12734.130804880495	1.1924350906088956	0.0	0.0	0.0013916426000853664	1.074917905440831
27	0	0.3227538607554421	10.0	0.12310622272926253	328157.86823663267	39.44140289478314	0.0	0.0	0.03227538607554421	1.1135891973568774
27	4	0.017236951540204683	10.0	0.004633181090773359	15649.27885912797	1.4741871498259531	0.0	0.0	0.0017236951540204686	1.0732684664455294
28	0	0.3599840826835541	10.0	0.13164954190446676	362227.89963799977	47.125663225021114	0.0	0.0	0.03599840826835542	1.0806894121482271
28	4	0.021764787839503887	10.0	0.006416786713683005	21020.820484518157	1.8534528207819796	0.0	0.0	0.002176478783950389	0.9843621057703807
29	0	0.398308724274733	10.0	0.15070187775958066	411219.3126513839	55.976731230423745	0.0	0.0	0.0398308724274733	1.0705265466032226
29	4	0.02717346455418692	10.0	0.007501530621311919	25475.19148212384	2.3126646024049267	0.0	0.0	0.002717346455418692	1.0237098035932155
30	0	0.4374073411492866	10.0	0.16455223581891468	454441.9877911616	65.84370670269962	0.0	0.0	0.04374073411492866	1.073418221098944
30	4	0.03323066186210049	10.0	0.008429265826805069	29328.853264344805	2.8402152049185783	0.0	0.0	0.0033230661862100486	0.9147114343663818
31	0	0.4778822038043679	10.0	0.1806999615663648	502589.8690863879	76.82051356349588	0.0	0.0	0.04778822038043679	1.0582933443321836
31	4	0.040167886736596894	10.0	0.01049288060694487	36511.42396912484	3.521702342376706	0.0	0.0	0.00401678867365969	0.9017581536631768
32	0	0.519341627550429	10.0	0.1900890453069433	538432.9708214387	88.58703805248442	0.0	0.0	0.05193416275504291	1.0571215966015914
32	4	0.04717021498376309	10.0	0.01197265765557885	42438.254463837184	4.348138752326651	0.0	0.0	0.004717021498376309	0.956057420477542
33	0	0.5613726557882633	10.0	0.2018602751414287	577617.2132562784	101.24002020352766	0.0	0.0	0.05613726557882634	1.0302650259593165
33	4	0.053915007633381334	10.0	0.014398406992005475	50917.51176957376	5.392551053797822	0.0	0.0	0.005391500763338133	0.9299398741195712
34	0	0.603540690805643	10.0	0.2090633704468878	611215.5742011818	114.64044369211004	0.0	0.0	0.0603540690805643	1.01021313192047
34	4	0.06116320503502139	10.0	0.01728984527469378	61015.53831337147	6.628596683393219	0.0	0.0	0.006116320503502139	0.9216511909265676
35	0	0.6453891414924077	10.0	0.22562654452143216	659770.1690555798	129.19383368540431	0.0	0.0	0.06453891414924078	0.9917287674458132
35	4	0.06841709882750527	10.0	0.019143040800044538	67578.76348533054	7.9802658429612	0.0	0.0	0.0068417098827505286	0.8852333211663345
36	0	0.6874597561656333	10.0	0.2367728162533649	699878.359262104	144.64198863725412	0.0	0.0	0.06874597561656333	0.9911401144945304
36	4	0.07531156583341292	10.0	0.020205013216314096	72903.97527551798	9.430515531440033	0.0	0.0	0.0075311565833412935	0.8960655261204581
37	0	0.7292082344482146	10.0	0.2521010471856294	742511.6033366027	161.0643992334281	0.0	0.0	0.07292082344482148	0.9833601506129394
37	4	0.08249613976236471	10.0	0.019508500161938808	72559.9822887366	10.824185964202897	0.0	0.0	0.00824961397623647	0.8235924283373172
38	0	0.7700641538827215	10.0	0.25724443035279804	773851.0928000275	178.17596823576835	0.0	0.0	0.07700641538827216	0.9690840333808204
38	4	0.08961163141770531	10.0	0.02102245678196246	79150.05864586016	12.33235658871649	0.07015059303619688	0.011842864191612222	0.00896116314177053	0.829638266709168
39	0	0.8094306378834903	10.0	0.2711018126722546	817034.5664716752	196.30617976498527	0.0	0.0	0.08094306378834902	0.9559610324895412
39	4	0.0962815032114843	10.0	0.0211724204306214	81211.68406859867	13.853355929221175	0.20920301141753514	0.030797163583186207	0.009628150321148431	0.7672017824175958
40	0	0.8498038380986999	10.0	0.27824513714647403	846586.1896345207	215.0029964932264	0.0	0.0	0.08498038380987	0.9459704305246208
40	4	0.10331773598642617	10.0	0.02096895225174266	82783.43739414451	15.312457575446905	0.4157746167947757	0.05287730642580727	0.01033177359864262	0.7170606043541352
41	0	0.8909500831246692	10.0	0.2861796883624723	881456.1768774717	234.41485553389128	0.0	0.0	0.08909500831246693	0.9504586304504186
41	4	0.11014085023581002	10.0	0.024076373563567836	95116.77091034825	17.02861421686787	0.6883463305711178	0.07602716143926315	0.011014085023581005	0.7482316009960303
42	0	0.9323472787590614	10.0	0.2902735767928786	908543.9101849962	254.35189178863357	0.0	0.0	0.09323472787590614	0.9294429600264004
42	4	0.11731657906286078	10.0	0.023914842458781217	95628.42919726943	18.698115531164802	1.0252601851334668	0.0991471088359238	0.01173165790628608	0.7231754383721489
43	0	0.9734492377627368	10.0	0.3038571225526345	953571.6302438773	275.3061923696885	0.0	0.0	0.09734492377627367	0.9304423386335816
43	4	0.12468077301853635	10.0	0.026048477222894828	105756.52906122072	20.60281278211348	1.424717001744445	0.12219326096188755	0.012468077301853635	0.7072407099642578
44	0	1.0143255906924205	10.0	0.3081683574276916	978996.6662092457	296.74814227271764	0.0	0.0	0.10143255906924206	0.9179378358821522
44	4	0.13181790357298287	10.0	0.0295765377944685	121098.76765916072	22.91226356597982	1.884774200848633	0.14575579377500106	0.013181790357298287	0.7296108916783126
45	0	1.056207282694912	10.0	0.31614848085337066	1013546.8718944776	318.86259098754846	0.0	0.0	0.1056207282694912	0.9049702558521282
45	4	0.13829402310958486	10.0	0.03330937068645056	135897.39706389027	25.59539339914957	2.4033437504483035	0.16941647126082662	0.013829402310958487	0.7566820526976403
46	0	1.098527810906971	10.0	0.3191584309371285	1034002.0720532469	341.2952622366192	0.0	0.0	0.1098527810906971	0.9083068466917191
46	4	0.14497010079264613	10.0	0.033203114725878675	137108.4885057419	28.20491182654601	2.9781902580941217	0.19062497455252028	0.014497010079264615	0.7575982142509655
47	0	1.1406957431420022	10.0	0.3309786364942889	1079141.125504498	364.7201203234318	0.0	0.0	0.11406957431420026	0.8981251910779855
47	4	0.15185007121797475	10.0	0.03385967109061898	141359.82057189458	30.847095924422213	3.606929211914912	0.20990042221075605	0.015185007121797475	0.7454552575663419
48	0	1.1821517042452567	10.0	0.3442135599788122	1122168.210437967	389.09615160608473	0.0	0.0	0.11821517042452567	0.8875725089407268
48	4	0.15925364798308836	10.0	0.03807732797214256	157260.18763477413	33.84896531839327	4.287025375977758	0.22776222420234415	0.015925364798308837	0.7635161089973552
49	0	1.2247596116784838	10.0	0.34853812913345034	1151599.9570978985	413.97745637701416	0.0	0.0	0.1224759611678484	0.8836772193766481
49	4	0.16672524780008408	10.0	0.03952602462309658	165063.47623739115	37.03094252399782	5.0157913451254235	0.2452563450187503	0.01667252478000841	0.7436388288776933
50	0	1.2679047449703462	10.0	0.3551272807074419	1181811.9050683535	439.4061203378814	0.0	0.0	0.12679047449703462	0.8779188778432112
50	4	0.17379018850612651	10.0	0.042925823102964535	176348.82038954514	40.510135460487966	5.7903862642825255	0.2630999718505461	0.017379018850612653	0.7884612258738211
51	0	1.3109468008051657	10.0	0.36368572872511545	1213499.2349109605	465.4432926964003	0.0	0.0	0.13109468008051658	0.8724815367036209
51	4	0.18135732258013168	10.0	0.04365639811146327	182743.46895810188	44.0319334386036	6.607814717055173	0.2778676605565054	0.018135732258013168	0.7151025794822937
52	0	1.3535073360510557	10.0	0.3737805258400031	1257050.1722934523	492.41286632659376	0.0	0.0	0.13535073360510558	0.8719259659049224
52	4	0.1887077120455901	10.0	0.046197555957325255	193973.7567521155	47.7673488607966	7.46492578827098	0.2908498904689154	0.01887077120455901	0.7558166514821735
53	0	1.3973268528388751	10.0	0.3836420432518417	1294406.5225946966	520.0697638837285	0.0	0.0	0.1397326852838875	0.8646310948939318
53	4	0.19675972202260736	10.0	0.0480221951153204	203033.37430775762	51.66693828382191	8.358412304917856	0.302379188257716	0.019675972202260736	0.7367268418253868
54	0	1.4417401234843523	10.0	0.3898148080784926	1331097.9374973646	548.4184318694059	0.0	0.0	0.14417401234843524	0.8495313783181894
54	4	0.20501214386447844	10.0	0.052432433596426624	217279.82553567746	55.90758354533556	9.284810259740649	0.3135392456703785	0.020501214386447846	0.7704581068840762
55	0	1.4860558987991528	10.0	0.3927494942193417	1357920.6373325835	577.2213457032997	0.0	0.0	0.1486055898799153	0.8542489172514841
55	4	0.21294422770676316	10.0	0.05588185146792054	234523.6567194693	60.60835738758879	10.2404984215452	0.32532040896420844	0.021294422770676315	0.7788829808676809
56	0	1.5299778212765642	10.0	0.3980572860353023	1386252.0464818578	606.5269320862308	0.0	0.0	0.15299778212765644	0.8415869880300619
56	4	0.2215063246645937	10.0	0.056826834240481724	241781.37156387352	65.39716274874	11.221698136039505	0.33515995663366555	0.022150632466459368	0.7674984959173929
57	0	1.5752095989461838	10.0	0.4071610638228176	1420680.6503025861	636.4201404469899	0.0	0.0	0.1575209598946184	0.8369422796889907
57	4	0.2298945736885879	10.0	0.05825849133480875	248088.28928751725	70.26747928540412	12.224473320812006	0.34359315792243555	0.022989457368858792	0.7731415843744356
58	0	1.621033573754182	10.0	0.414999139182742	1455309.4727202784	666.9314006748724	0.0	0.0	0.16210335737541826	0.8324085090512096
58	4	0.2381583721436676	10.0	0.06111009203918265	260351.8736832804	75.40751132242991	13.244730657807848	0.35136683176390016	0.023815837214366763	0.7528095091862256
59	0	1.6667058746245114	10.0	0.4201938294080649	1483844.0502214585	697.9257691718735	0.0	0.0	0.16667058746245114	0.8267202876215459
59	4	0.2465245739734889	10.0	0.06420242706936596	271801.8683766157	80.82238080200834	14.278219986415348	0.3590749955815962	0.02465245739734889	0.7746277422693355
60	0	1.7118969757784723	10.0	0.4303152227463557	1529149.0593276122	729.8558436111373	0.0	0.0	0.17118969757784724	0.8206403708910956
60	4	0.2544214818269555	10.0	0.06649264346621836	287563.2259276932	86.67078884663681	15.320534900017474	0.3676162431830882	0.02544214818269555	0.7509196584569723
