1	0	0.0	10.0	0.0	0.0	1.0	0.0		0.0	
1	4	0.0	10.0	0.0	0.0	0.15	0.0		0.0	
2	0	0.0	10.0	0.0	0.0	1.0	0.0		0.0	
2	4	0.0	10.0	0.0	0.0	0.15	0.0		0.0	
3	0	0.0	10.0	0.0	0.0	0.9868366698887	0.0		0.0	
3	4	0.0	10.0	0.0	0.0	0.145527502416525	0.0		0.0	
4	0	0.0011257771665567782	10.0	0.0	0.0	0.935692587304462	0.0	0.0	0.00011257771665567784	
4	4	0.0	10.0	0.0	0.0	0.1379143104006798	0.0		0.0	
5	0	0.0033581469321961525	10.0	0.0002872594157314461	728.3295285792018	0.8666418900041237	0.0	0.0	0.00033581469321961526	0.8467149884156419
5	4	0.0	10.0	0.0	0.0	0.12713098668736414	0.0		0.0	
6	0	0.006675093645202824	10.0	0.0008443683709433955	2185.686776053645	0.7996827900789033	0.0	0.0	0.0006675093645202824	0.7431455271717894
6	4	0.0	10.0	0.0	0.0	0.11314922877436093	0.0		0.0	
7	0	0.009718885334813764	10.0	0.0019378425535130134	4925.962618402671	0.8160059586043331	0.0	0.0	0.0009718885334813763	1.0730885749247134
7	4	0.00025008261494694075	10.0	0.0	0.0	0.10075555122184272	0.0	0.0	2.500826149469408e-05	
8	0	0.011461656952511369	10.0	0.003179324498357105	7957.385903224622	0.9579510335775104	0.0	0.0	0.0011461656952511368	1.0945222969661563
8	4	0.0002632593867017399	10.0	3.046202795674927e-05	95.30198396004707	0.10188237218105943	0.0	0.0	2.632593867017399e-05	0.7641905177342099
9	0	0.013838142701531596	10.0	0.004466670885872906	10787.86668246925	1.15132102739807	0.0	0.0	0.0013838142701531595	1.1235552561666549
9	4	0.0002632593867017399	10.0	6.3791179546397345e-06	19.96782140903	0.10188237218105943	0.0	0.0	2.632593867017399e-05	1.0294919209454276
10	0	0.016866478415321247	10.0	0.0058552346896167074	13945.376366475808	1.4018368307586742	0.0	0.0	0.001686647841532125	1.1087451210830055
10	4	0.0002793628270681233	10.0	3.176444115304581e-05	101.5402263249776	0.10311740308775487	0.0	0.0	2.7936282706812328e-05	0.8666078202581039
11	0	0.02058607960530184	10.0	0.007238861700299646	17316.315804183476	1.713083503312583	0.0	0.0	0.002058607960530184	1.1554957319134478
11	4	0.0003711513439501414	10.0	0.00016617170152144023	411.1751656031041	0.11006800744434292	0.0	0.0	3.711513439501414e-05	1.7287527460663243
12	0	0.024754235915156245	10.0	0.007879878917596176	19618.91805436448	2.0649310823421976	0.0	0.0	0.002475423591515625	1.1620757245812916
12	4	0.00039436681932341423	10.0	4.0529874632014035e-05	132.5676099518799	0.11182498521331613	0.0	0.0	3.943668193234143e-05	0.8305911504448539
13	0	0.02987051642994795	10.0	0.009748786935333998	24237.12146432458	2.4999258170943097	0.0	0.0	0.002987051642994795	1.1478544455185655
13	4	0.000506921519978652	10.0	0.0001756290448599797	502.8716829709442	0.12041566856884375	0.0	0.0	5.06921519978652e-05	1.8347182973576428
14	0	0.03594930241675669	10.0	0.011536502066333956	28987.238387906662	3.01998219625636	0.0	0.0	0.0035949302416756687	1.2076732173592517
14	4	0.0006792681893729661	10.0	0.00031237118437090107	764.5341117149045	0.13378885128462065	0.0	0.0	6.792681893729661e-05	1.7612410843534207
15	0	0.04355788753589068	10.0	0.014539590371957425	36444.24659710418	3.674599051370138	0.0	0.0	0.004355788753589068	1.114166414342972
15	4	0.000925043904776642	10.0	0.00042216682180394485	1031.8394862838677	0.15201870895389585	0.0	0.0	9.25043904776642e-05	1.0289675060590564
16	0	0.05294143014382599	10.0	0.018085505030345644	45411.67390496522	4.490847540140664	0.0	0.0	0.0052941430143826	1.1375910831091396
16	4	0.0012067553229327284	10.0	0.0003963367552687687	1159.4423262815992	0.1724923549349406	0.0	0.0	0.00012067553229327287	0.9520776564691444
17	0	0.06414700488500588	10.0	0.02149831940770483	54748.25481352785	5.474532892261988	0.0	0.0	0.006414700488500589	1.0866469772345295
17	4	0.001443051969284345	10.0	0.00030610198881264296	983.005390200959	0.18957572133240305	0.0	0.0	0.0001443051969284345	0.9438864900796524
18	0	0.07746216634681477	10.0	0.025456908477025728	65606.55757502772	6.6527280665690665	0.0	0.0	0.007746216634681478	1.1318884759932102
18	4	0.0019384423505830273	10.0	0.000700137775329176	2014.674086916056	0.2256210330453827	0.0	0.0	0.00019384423505830275	1.2903162795453254
19	0	0.09342003492800152	10.0	0.030242711274467995	79208.80517056581	8.074927276283454	0.0	0.0	0.009342003492800151	1.1309747110473702
19	4	0.002465596499780775	10.0	0.0006971682614989786	2188.646342047184	0.2646549972528653	0.0	0.0	0.00024655964997807747	0.9963062279754956
20	0	0.11329174074631099	10.0	0.038570551685970136	99207.60639158834	9.857828472506263	0.0	0.0	0.0113291740746311	1.0677287369130044
20	4	0.003278694089164777	10.0	0.0011549298814591273	3447.623022506748	0.3267142242427915	0.0	0.0	0.00032786940891647783	1.018413910111355
21	0	0.13697183310741526	10.0	0.04609738672782282	119353.83387931777	12.001884289321561	0.0	0.0	0.013697183310741528	1.1153465685842607
21	4	0.003969849557293492	10.0	0.0009377729945807242	3104.5235177908557	0.3820405582376116	0.0	0.0	0.00039698495572934925	1.0436453608130694
22	0	0.1645894552374504	10.0	0.054239855652208235	143690.87101507018	14.607691658720439	0.0	0.0	0.01645894552374504	1.0845416388126972
22	4	0.004942430438883673	10.0	0.001341445933999532	4360.206757660408	0.4602286364706612	0.0	0.0	0.0004942430438883673	1.2335266093368609
23	0	0.193937865050516	10.0	0.06641044035234543	176107.78258833458	17.969577183195902	0.0	0.0	0.0193937865050516	1.0837134942086721
23	4	0.006181611856620585	10.0	0.0017595551412267446	5681.280178155614	0.5623431151299599	0.0	0.0	0.0006181611856620585	1.055457911669923
24	0	0.22481679141127894	10.0	0.0771485705408289	207550.9906440844	22.062273948278847	0.0	0.0	0.0224816791411279	1.094580267400163
24	4	0.007810778514868322	10.0	0.002258698304848343	7326.7794290372985	0.6942300098268525	0.0	0.0	0.0007810778514868322	0.965957415566093
25	0	0.25701290044939884	10.0	0.09133622175001507	245330.50061261968	27.054260314350337	0.0	0.0	0.025701290044939887	1.0898030092689626
25	4	0.009555149435117163	10.0	0.0023270025027916697	7872.5159411355835	0.8353735199240817	0.0	0.0	0.0009555149435117164	0.9029076910496864
26	0	0.2911620349537756	10.0	0.10447721299209957	282452.41308744514	32.89200122228215	0.0	0.0	0.029116203495377562	1.082128429320254
26	4	0.011411254863680588	10.0	0.002447401128191384	8533.324678287527	0.9878423467669624	0.0	0.0	0.0011411254863680589	0.9044892525492966
27	0	0.32699475304926195	10.0	0.11797814298407965	321448.92732790427	39.62736330776185	0.0	0.0	0.0326994753049262	1.088017973258722
27	4	0.013307620547781328	10.0	0.0025575016363685397	9041.947037069007	1.1487520974049212	0.0	0.0	0.0013307620547781329	0.8051637780168411
28	0	0.3642249749773741	10.0	0.13241622695317554	362194.4238164821	47.309066031740024	0.0	0.0	0.036422497497737405	1.0618376909336105
28	4	0.014922093984696357	10.0	0.0021013761900379653	7707.688824735995	1.2839854209654555	0.0	0.0	0.0014922093984696355	0.6341097112005326
29	0	0.4025496165685528	10.0	0.14644236320678433	403246.7381466644	55.94795960951055	0.0	0.0	0.040254961656855284	1.0605095570459713
29	4	0.016530072264419878	10.0	0.0020756528733766274	7823.4904273835255	1.4205072745712155	0.0	0.0	0.0016530072264419882	0.5791375642142741
30	0	0.4416482334431064	10.0	0.1616888537019864	447573.79160305846	65.6338324378316	0.0	0.0	0.04416482334431065	1.0445693258638602
30	4	0.017728968837161067	10.0	0.0016006064671288244	6133.178362787933	1.5249249742348616	0.0	0.0	0.0017728968837161067	0.4498760696326399
31	0	0.4821230960981877	10.0	0.17194672735784106	485318.2479438844	76.15645373912271	0.0	0.0	0.04821230960981877	1.0285056363410254
31	4	0.018864003774865117	10.0	0.0015058818160030966	5829.24311611776	1.623066842504126	0.0	0.0	0.0018864003774865122	0.4145393678218623
32	0	0.523582519844249	10.0	0.18449874138245054	522865.0220459464	87.51786751116495	0.0	0.0	0.0523582519844249	1.0229447565176442
32	4	0.020463844629288845	10.0	0.002114269150769692	8123.750089762561	1.7630025428055391	0.0	0.0	0.0020463844629288845	0.5469086695713931
33	0	0.5656135480820832	10.0	0.20022281446660647	572734.2632637967	100.05153301957864	0.0	0.0	0.05656135480820833	1.0193661819989408
33	4	0.021949902358909	10.0	0.0020099809918418207	7859.509371703118	1.8971723699142988	0.0	0.0	0.0021949902358909	0.4506422441506295
34	0	0.6077815830994627	10.0	0.21212193331114906	611395.9571336103	113.4674160845302	0.0	0.0	0.060778158309946276	1.0115946266400693
34	4	0.02337269401889432	10.0	0.0022139170207870922	8739.449138179589	2.046761909743778	0.0	0.0	0.002337269401889432	0.5066754503794084
35	0	0.6496300337862276	10.0	0.2236453396668368	648863.6020934922	127.74336451909187	0.0	0.0	0.06496300337862276	0.9880130995980366
35	4	0.02462676586363428	10.0	0.0022300367155403825	8841.276618277307	2.197291234979953	0.0	0.0	0.0024626765863634283	0.5398272063133714
36	0	0.691700648459453	10.0	0.2408958878816188	704656.0293076127	143.33073284866018	0.0	0.0	0.0691700648459453	0.9884690190235066
36	4	0.026005324564796758	10.0	0.00274693529813799	10921.656538465326	2.385326383987881	0.0	0.0	0.002600532456479676	0.5739861809623343
37	0	0.7334491267420343	10.0	0.2490715080224753	737821.6328501183	159.64110138626538	0.0	0.0	0.07334491267420344	0.9848378278610006
37	4	0.027277301943831062	10.0	0.0025922532094309093	10590.016045357675	2.566046802354357	0.0	0.0	0.0027277301943831067	0.5281011344475431
38	0	0.7743050461765414	10.0	0.25984368225417204	780127.5797158283	176.9312169827287	0.0	0.0	0.07743050461765415	0.9677172144653152
38	4	0.02848183392753116	10.0	0.002614007578964469	11226.889961493938	2.7574007869257717	0.011875304909423541	0.007051178977504244	0.0028481833927531163	0.5622983262818283
39	0	0.8136715301773102	10.0	0.2736715543001001	825019.918227071	195.283492471676	0.0	0.0	0.08136715301773102	0.9630657300926501
39	4	0.029710195134042376	10.0	0.003086416862127909	12854.041146177551	2.9776258293223137	0.037483982511070116	0.02032436894629028	0.0029710195134042376	0.551555641365776
40	0	0.8540447303925198	10.0	0.28375402019732154	861443.6994921815	214.38184079085832	0.0	0.0	0.08540447303925199	0.9592781523292244
40	4	0.030800586823469006	10.0	0.0028100743372919787	12795.199694241754	3.1953758167858863	0.06949599362261565	0.034573139071289546	0.0030800586823469004	0.5530873784364975
41	0	0.8951909754184889	10.0	0.2928865731386658	898042.3630074892	234.23726506379384	0.0	0.0	0.08951909754184889	0.9493866433031444
41	4	0.03191110427236153	10.0	0.0029402824593424324	14601.613053370678	3.44514408514125	0.11385926135633442	0.05166142081372125	0.003191110427236153	0.5569894385289265
42	0	0.9365881710528812	10.0	0.29988549475377224	929620.9168209288	254.73245906999549	0.0	0.0	0.09365881710528813	0.9460026735202144
42	4	0.03313918537058478	10.0	0.0031111217830201736	16349.085964518003	3.7256394521902036	0.17151995987071986	0.07075360540619102	0.0033139185370584783	0.6061223944461609
43	0	0.9776901300565566	10.0	0.315917945546087	980973.7699637895	276.40691544696216	0.0	0.0	0.09776901300565566	0.93161113523509
43	4	0.03460860332991838	10.0	0.0038519687517506633	19395.8780949564	4.0606852135242	0.2512257666215083	0.09348553292588854	0.0034608603329918386	0.602346830308067
44	0	1.0185664829862406	10.0	0.3226377701374378	1012855.5680300564	298.733037003776	0.0	0.0	0.10185664829862406	0.9330586200062349
44	4	0.0360830440010852	10.0	0.0035455815484363882	19713.37222609636	4.399488811580607	0.3462677502657191	0.1173789453451095	0.00360830440010852	0.5636976315007435
45	0	1.060448174988732	10.0	0.3320419260906922	1048805.187792161	321.7606527556215	0.0	0.0	0.1060448174988732	0.9211086286985511
45	4	0.037485756004408066	10.0	0.0035925729056972577	20616.072514657	4.752843639643072	0.4585886744966613	0.14233830185252375	0.003748575600440808	0.6029541518336683
46	0	1.102768703200791	10.0	0.3405802998170687	1083652.8030221176	345.47831865074363	0.0	0.0	0.11027687032007907	0.9212717716394376
46	4	0.03904091188205129	10.0	0.003874917396218308	24574.14573216083	5.177134149255727	0.5924960326114851	0.1665891783697118	0.0039040911882051296	0.6308733115052088
47	0	1.144936635435822	10.0	0.3470922248820991	1114389.5079324804	369.7962980162224	0.0	0.0	0.11449366354358224	0.9139847228735823
47	4	0.04045384612493781	10.0	0.0042871054544680815	23456.111598535812	5.578085662125074	0.7216196687276403	0.1861211218805866	0.004045384612493781	0.5933111161458804
48	0	1.1863925965390765	10.0	0.3545881055416197	1147383.8590877648	394.7924881178868	0.0	0.0	0.11863925965390765	0.910418779561101
48	4	0.0420968364715822	10.0	0.00462767093381814	26360.43719773315	6.030195315704023	0.8725455614137804	0.2057533541282192	0.004209683647158221	0.6045127947618589
49	0	1.2290005039723035	10.0	0.36311355577655946	1178734.9531356627	420.33905256558313	0.0	0.0	0.12290005039723036	0.897849323104832
49	4	0.043805101950376166	10.0	0.004422969776805121	27223.84358977113	6.495416054897135	1.0391666034539258	0.22526201357562226	0.004380510195037618	0.5468188964110945
50	0	1.2721456372641662	10.0	0.3754797519207974	1221198.0399197084	446.75049243763823	0.0	0.0	0.12721456372641662	0.8916808180388964
50	4	0.04555571987065015	10.0	0.00453555843215982	28619.80707066065	6.983509171606787	1.2311030687196327	0.2462709844802093	0.004555571987065015	0.5619835517106047
51	0	1.315187693098986	10.0	0.3831766640266678	1261831.2804470768	473.9978214416858	0.0	0.0	0.1315187693098986	0.8838514995032548
51	4	0.04751846006742075	10.0	0.005085553801355774	33129.51744134012	7.551885690114885	1.443125172008692	0.26437516812461803	0.004751846006742075	0.5943709960145318
52	0	1.3577482283448756	10.0	0.39344167296448507	1303464.193480685	502.116012956642	0.0	0.0	0.13577482283448758	0.8870919525779332
52	4	0.04940863360864922	10.0	0.005496185073343172	34722.675158172446	8.146129682425851	1.663533719925691	0.2798922378052696	0.0049408633608649215	0.6029780667663168
53	0	1.401567745132695	10.0	0.4065925991802735	1350408.0147925671	531.1643575970832	0.0	0.0	0.14015677451326952	0.8830216850266251
53	4	0.0515433067243078	10.0	0.005825665671464385	37306.75388156279	8.78439456552415	1.9004064575071766	0.29384378737443223	0.00515433067243078	0.554637399659989
54	0	1.4459810157781727	10.0	0.4155281203077905	1381471.6122316262	560.7433414943737	0.0	0.0	0.14459810157781727	0.8802317374325173
54	4	0.053686916623578905	10.0	0.005872767711785725	36828.06902076457	9.409790273154966	2.1410431899324296	0.3067696596571878	0.005368691662357891	0.591647024644123
55	0	1.4902967910929732	10.0	0.41389410038265934	1395455.2704066741	590.4264706625971	0.0	0.0	0.14902967910929732	0.8681422458360367
55	4	0.056141686814493545	10.0	0.0072181048860120315	41839.17921081303	10.1238723508026	2.4368034035224198	0.32247465620557986	0.005614168681449354	0.5952688328591279
56	0	1.5342187135703846	10.0	0.4231444418793179	1437948.3482215225	620.9783034646323	0.0	0.0	0.15342187135703847	0.8590967931532888
56	4	0.05871541705484516	10.0	0.0070845680706110034	43300.7197558193	10.86047111910306	2.7317479001166536	0.3348224657983945	0.0058715417054845155	0.5694780503948663
57	0	1.5794504912400045	10.0	0.4388478201916417	1484421.5958312482	652.4245928906155	0.0	0.0	0.15794504912400045	0.8649603233511584
57	4	0.061116414986406735	10.0	0.007125344192752275	43162.79174394342	11.589879826206104	3.01877575748868	0.3446505707393781	0.006111641498640674	0.5780544254150519
58	0	1.6252744660480023	10.0	0.44080257544553975	1505117.205042619	684.1070360262091	0.0	0.0	0.16252744660480026	0.8509174232421686
58	4	0.06398465844227258	10.0	0.00868659709540933	52251.23318388368	12.482685827718553	3.372892141866209	0.3552818569180119	0.006398465844227257	0.6233221486989295
59	0	1.6709467669183315	10.0	0.4414931370574754	1529263.5915158002	716.1461722124666	0.0	0.0	0.16709467669183314	0.8481019283363522
59	4	0.06712477746557156	10.0	0.009379321344159856	55598.31282956362	13.431735241008143	3.7607957051736514	0.3661874573315835	0.006712477746557157	0.6188354379161206
60	0	1.7161378680722927	10.0	0.4505318826230317	1561630.9785882984	748.7699805843628	0.0	0.0	0.17161378680722927	0.8402172385964852
60	4	0.07065376314453194	10.0	0.009836381169380942	61981.63284871527	14.492796206892017	4.226587439270436	0.37994077161220413	0.0070653763144531935	0.6692901002664411
