1	0	0.0	10.0	0.0	0.0	1.0	0.0		0.0	
1	4	0.0	10.0	0.0	0.0	0.15	0.0		0.0	
2	0	0.0	10.0	0.0	0.0	1.0	0.0		0.0	
2	4	0.0	10.0	0.0	0.0	0.15	0.0		0.0	
3	0	0.0	10.0	0.0	0.0	0.9868366698887	0.0		0.0	
3	4	0.0	10.0	0.0	0.0	0.145527502416525	0.0		0.0	
4	0	0.0011257771665567782	10.0	0.0	0.0	0.935692587304462	0.0	0.0	0.00011257771665567784	
4	4	0.0	10.0	0.0	0.0	0.1379143104006798	0.0		0.0	
5	0	0.0033581469321961525	10.0	0.00023812445723264453	626.5986219354952	0.8639555836832901	0.0	0.0	0.00033581469321961526	1.0414822805810982
5	4	0.0	10.0	0.0	0.0	0.12713098668736414	0.0		0.0	
6	0	0.006675093645202824	10.0	0.0007591247340526147	1997.8671293354528	0.7920610949237165	0.0	0.0	0.0006675093645202824	0.9111803382753454
6	4	0.0	10.0	0.0	0.0	0.11314922877436093	0.0		0.0	
7	0	0.009715397241045256	10.0	0.002075721297300925	5196.585650811351	0.8157210389308286	0.0	0.0	0.0009715397241045254	0.9679832141839628
7	4	0.00025008261494694075	10.0	0.0	0.0	0.10075555122184272	0.0	0.0	2.500826149469408e-05	
8	0	0.011668665086726608	10.0	0.003681205782166944	8884.809275973737	0.974810588004518	0.0	0.0	0.001166866508672661	1.0428205469786729
8	4	0.00026903945515819455	10.0	3.934541259666581e-05	122.04301919388314	0.10237665882452868	0.0	0.0	2.6903945515819448e-05	0.8145650546823668
9	0	0.013903817396811251	10.0	0.004094030331012244	10171.4586098179	1.1566805565356857	0.0	0.0	0.0013903817396811252	1.0550507487516791
9	4	0.0002920747307108122	10.0	4.2657095805284186e-05	133.66341644974656	0.10420234719627457	0.0	0.0	2.920747307108122e-05	2.6210099231211137
10	0	0.016573713043430614	10.0	0.004977049991781131	12343.045584009044	1.3775447922134512	0.0	0.0	0.0016573713043430615	1.0432911516106786
10	4	0.0003533966701559585	10.0	9.852121434173436e-05	289.94900699161116	0.10890534784397238	0.0	0.0	3.533966701559585e-05	1.0323978244631695
11	0	0.019691361720247786	10.0	0.005804043423692284	14583.014940170551	1.6384216247796068	0.0	0.0	0.0019691361720247783	1.0937751361889545
11	4	0.0004040910045122249	10.0	7.827839008008341e-05	244.79757728732326	0.11274413153064967	0.0	0.0	4.0409100451222493e-05	1.3264383363509409
12	0	0.023812216916460918	10.0	0.008075465203115036	19377.457234105645	1.9862763635501504	0.0	0.0	0.002381221691646092	1.0569102281235836
12	4	0.0005052092270994501	10.0	0.0001543373106676443	452.4430792187858	0.1203968918669025	0.0	0.0	5.052092270994502e-05	0.9168812088592951
13	0	0.02870550635427445	10.0	0.009412855490943436	23184.622605191093	2.402312023618657	0.0	0.0	0.002870550635427445	1.1635389007427877
13	4	0.0006846667086848758	10.0	0.0003484393124878444	782.0466305726151	0.13409389777697134	0.0	0.0	6.846667086848757e-05	1.0909753396587345
14	0	0.03463313906141988	10.0	0.011309962545152258	28254.367409280338	2.90943683593648	0.0	0.0	0.003463313906141988	1.1138645793545765
14	4	0.0008227276053175901	10.0	0.00020070214701232568	625.2681258966809	0.14480668731367585	0.0	0.0	8.227276053175899e-05	0.9098592726875048
15	0	0.04177748351865298	10.0	0.013534114476441412	34245.71338482149	3.524111999217797	0.0	0.0	0.0041777483518652975	1.075174444418875
15	4	0.0011042739801164897	10.0	0.00041882518794233634	1179.1339379405777	0.16568975271928096	0.0	0.0	0.00011042739801164898	1.29310745190795
16	0	0.05137947764773776	10.0	0.019051856551508532	46388.423065860086	4.3593629832566965	0.0	0.0	0.005137947764773776	1.1279536109279396
16	4	0.0014534703299594472	10.0	0.0004933137756796545	1429.438287483845	0.19106793047065834	0.0	0.0	0.00014534703299594472	0.9606421953255162
17	0	0.0627516546746333	10.0	0.022327545523397763	55494.670023269435	5.357673576106295	0.0	0.0	0.006275165467463329	1.1352926093895843
17	4	0.0018395572400086934	10.0	0.0005077157602427377	1575.203247491968	0.21898057437598425	0.0	0.0	0.00018395572400086932	1.0846031498812558
18	0	0.07581764838741302	10.0	0.025613659829718468	64373.943763963885	6.513821083898685	0.0	0.0	0.007581764838741303	1.1144339088517672
18	4	0.0024312182429287107	10.0	0.000805133164166737	2403.657029503373	0.2620306740221617	0.0	0.0	0.00024312182429287105	1.4560806250846885
19	0	0.09181988795078437	10.0	0.03097849614591223	79375.39730722387	7.939974729976312	0.0	0.0	0.009181988795078441	1.1277718211599659
19	4	0.00304211185634438	10.0	0.0008035929805420964	2536.511115426877	0.30726525953559564	0.0	0.0	0.00030421118563443803	1.0005791547136436
20	0	0.111580120919304	10.0	0.038134183286134174	98620.53142815274	9.71287451620172	0.0	0.0	0.0111580120919304	1.1171343716124291
20	4	0.0037956012433025756	10.0	0.001007362829334834	3216.013395723255	0.3647749232097492	0.0	0.0	0.0003795601243302576	1.1421832774206233
21	0	0.13552888702321536	10.0	0.046815677849321516	120620.49375069088	11.881256737336173	0.0	0.0	0.013552888702321537	1.1306573505380169
21	4	0.0046456651364990866	10.0	0.0011599816461137346	3805.6763836100927	0.43282172460345336	0.0	0.0	0.00046456651364990876	1.1063433534870193
22	0	0.16314650915325046	10.0	0.05588712132528735	146572.04109868102	14.564229931930747	0.0	0.0	0.016314650915325045	1.1152762231103244
22	4	0.005961587642716497	10.0	0.001871672829028937	5870.79238813165	0.5386118483991547	0.0	0.0	0.0005961587642716497	1.1256211719621032
23	0	0.192494918966316	10.0	0.06631118395418813	176261.73725085836	17.930571938765922	0.0	0.0	0.019249491896631603	1.1247001605981009
23	4	0.007429637285701346	10.0	0.0020692522873626768	6728.317712674101	0.6595861640188506	0.0	0.0	0.0007429637285701345	1.1139826394941772
24	0	0.223373845327079	10.0	0.07956068058814647	211250.97243934165	22.121321470334298	0.0	0.0	0.0223373845327079	1.082686737868899
24	4	0.008991083692573391	10.0	0.002076728941672177	7063.334624039268	0.7859908610431985	0.0	0.0	0.000899108369257339	1.0663342880028
25	0	0.2555699543651989	10.0	0.09399473401191738	250179.78649946878	27.24082665183543	0.0	0.0	0.025556995436519892	1.10201757173111
25	4	0.011549226447181106	10.0	0.003576041149360814	11466.038282406682	0.9929796634382878	0.0	0.0	0.0011549226447181106	1.078111568913103
26	0	0.28971908886957565	10.0	0.1097534707504195	291325.92768852896	33.31120248928609	0.0	0.0	0.028971908886957564	1.0992703545562137
26	4	0.014006474667191095	10.0	0.003303037098107732	11258.543214465748	1.1948290560434545	0.0	0.0	0.0014006474667191096	1.0066904744061524
27	0	0.32555180696506203	10.0	0.1189608226228438	324465.25166169327	40.1224408237208	0.0	0.0	0.0325551806965062	1.0904570982589037
27	4	0.016868103734684038	10.0	0.003891183893812506	13543.532371742407	1.4376429940561417	0.0	0.0	0.0016868103734684035	0.9515592002768224
28	0	0.3627820288931741	10.0	0.13476210044021944	368093.35639087344	47.95545506361472	0.0	0.0	0.036278202889317414	1.0692624499091608
28	4	0.020983526489379057	10.0	0.005645292935919826	19139.469320158234	1.7823636220012569	0.0	0.0	0.002098352648937906	0.9612003791545766
29	0	0.4011066704843529	10.0	0.15285346730173555	417410.57006301073	56.962541285681404	0.0	0.0	0.040110667048435286	1.0665953701189022
29	4	0.025011040335256297	10.0	0.00536295070838043	19106.91734808335	2.124310812828091	0.0	0.0	0.0025011040335256303	0.9086925901203002
30	0	0.44020528735890657	10.0	0.16138476621969333	450830.8051133883	66.72528757767068	0.0	0.0	0.044020528735890664	1.0690988536344832
30	4	0.028919862569152424	10.0	0.005218290261661436	19141.828544758144	2.4647490418942923	0.0	0.0	0.0028919862569152426	0.8143592197136987
31	0	0.4806801500139877	10.0	0.17619338082837802	495321.65534052026	77.5022357584188	0.0	0.0	0.048068015001398776	1.0523419870198072
31	4	0.033363360914859544	10.0	0.005843481851239529	21625.994181055292	2.848960324571821	0.0	0.0	0.003336336091485955	0.8281874322866907
32	0	0.5221395737600489	10.0	0.18790962425093896	533599.5937757712	89.13499459338519	0.0	0.0	0.0522139573760049	1.0334505683068929
32	4	0.03875578738965834	10.0	0.0071121104833659545	26488.35082619543	3.3206278488685803	0.0	0.0	0.0038755787389658345	0.8126344217084679
33	0	0.5641706019978833	10.0	0.20543861073900835	587322.6677608638	102.0393273672084	0.0	0.0	0.05641706019978832	1.0101440757232212
33	4	0.04532620489687587	10.0	0.008988210873151062	33224.86153912272	3.9138428790821598	0.0	0.0	0.004532620489687587	0.8214590785993268
34	0	0.6063386370152629	10.0	0.2202997738046664	632656.7605248238	115.99873305737968	0.0	0.0	0.060633863701526285	1.001170136552995
34	4	0.0518329785278444	10.0	0.010219844496012922	38344.461624926735	4.597952366511413	0.0	0.0	0.00518329785278444	0.7439330639126256
35	0	0.6481870877020276	10.0	0.23030680111930255	672014.6829801621	130.8632270810791	0.0	0.0	0.06481870877020278	0.9879031617776992
35	4	0.0582913468896887	10.0	0.011548545587514836	43506.396000282526	5.373166191550814	0.0	0.0	0.00582913468896887	0.7839479298704477
36	0	0.6902577023752532	10.0	0.238936654894143	708470.3940775486	146.52323876370448	0.0	0.0	0.06902577023752532	0.9840955153007636
36	4	0.06413830785359173	10.0	0.011871489440892584	44977.62028819857	6.170690573475164	0.0	0.0	0.006413830785359174	0.7603372180190437
37	0	0.7320061806578345	10.0	0.2558492372816871	759089.7879190466	163.36648165082437	0.0	0.0	0.07320061806578346	0.979664773876007
37	4	0.06999000808724308	10.0	0.012297545786631944	47082.1096733631	7.002090354486648	0.0	0.0	0.00699900080872431	0.718099653507718
38	0	0.7728621000923416	10.0	0.2683878484028017	800847.1408620394	181.1701895565335	0.0	0.0	0.07728621000923416	0.968287512576148
38	4	0.07563340873912495	10.0	0.013067787598462005	50888.506112387826	7.898610509935981	0.055637462827074505	0.011164489640404816	0.007563340873912495	0.7153371382210115
39	0	0.8122285840931102	10.0	0.2758722269966439	832358.2913793556	199.67809137377571	0.0	0.0	0.08122285840931102	0.9688809112434332
39	4	0.08154132000637132	10.0	0.015139325484076071	59994.64181480603	8.957802221956621	0.17880465024725736	0.031077085995959014	0.008154132000637134	0.726945045550659
40	0	0.8526017843083198	10.0	0.2897116359603036	874713.9829547531	219.08730340795188	0.0	0.0	0.08526017843083199	0.9426063381134836
40	4	0.08772111705301824	10.0	0.017862026546738127	69818.14937438205	10.19190070462425	0.3602327862489019	0.05381899856345677	0.008772111705301825	0.743120854505475
41	0	0.8937480293342889	10.0	0.29397223696805497	902257.0062886551	239.011670387816	0.0	0.0	0.08937480293342889	0.947838727005392
41	4	0.09334015505331436	10.0	0.017996893649606088	71844.91959378941	11.45568759294064	0.5847037186612397	0.0761909100292716	0.009334015505331436	0.728804497547234
42	0	0.9351452249686812	10.0	0.3004745511790429	934290.2920315741	259.58719426791373	0.0	0.0	0.09351452249686812	0.9270408005510341
42	4	0.09955719732705434	10.0	0.02042843050524054	80725.78801552753	12.875668371941725	0.8766054511412421	0.0997376436874568	0.009955719732705436	0.764358904063019
43	0	0.9762471839723564	10.0	0.3060689678983291	959849.4442919878	280.6601490844095	0.0	0.0	0.09762471839723566	0.9244979428655616
43	4	0.10680542234209177	10.0	0.02367830620013305	93799.19632652527	14.528354765937252	1.2697717512161426	0.12588091764167772	0.010680542234209178	0.7998354711777298
44	0	1.0171235369020404	10.0	0.3170038768946635	998671.8510281438	302.5734563073338	0.0	0.0	0.10171235369020404	0.922128962720574
44	4	0.1139425528965383	10.0	0.024625717598900646	98160.82052605752	16.286776239952452	1.7298289503203306	0.15229257791654607	0.011394255289653831	0.7672251039843824
45	0	1.059005228904532	10.0	0.3227029507359931	1030687.0858037658	325.08808168434183	0.0	0.0	0.1059005228904532	0.9125862056671524
45	4	0.12041867243314028	10.0	0.02942692442431323	115253.92155154925	18.48442384467757	2.248398499920001	0.17825251190503633	0.01204186724331403	0.7899928643297041
46	0	1.1013257571165906	10.0	0.33867978089446626	1073248.7487327834	348.5010712615412	0.0	0.0	0.11013257571165908	0.9023970727103025
46	4	0.12709475011620155	10.0	0.030841081338236494	121941.34914239528	20.757437516035726	2.823245007565819	0.2009306372173461	0.012709475011620158	0.7704935728605505
47	0	1.143493689351622	10.0	0.3370665944355609	1087879.5562795408	372.0918240701752	0.0	0.0	0.11434936893516222	0.903063894452896
47	4	0.13397472054153015	10.0	0.03290137753713784	130994.98313104395	23.19295498524341	3.451983961386609	0.2211173070186512	0.013397472054153021	0.8172032012183145
48	0	1.1849496504548769	10.0	0.3461529977188977	1129891.5225754508	396.6054517994101	0.0	0.0	0.11849496504548765	0.8967816867140865
48	4	0.14137829730664375	10.0	0.03406950734372618	137163.5185368923	25.733039003468413	4.132080125449456	0.23954197543892775	0.014137829730664376	0.7717681133798756
49	0	1.2275575578881035	10.0	0.3578016302096789	1169191.8146943192	421.8837034602905	0.0	0.0	0.12275575578881034	0.8897460616714609
49	4	0.1488498971236395	10.0	0.035286662323423514	144326.02437227214	28.44046639195696	4.860846094597119	0.25747686864418395	0.01488498971236395	0.7819357297933229
50	0	1.270702691179966	10.0	0.3629844331480283	1201737.5584508488	447.7673680006265	0.0	0.0	0.12707026911799665	0.8889269730923954
50	4	0.15591483782968193	10.0	0.03778262878575901	154815.29610094475	31.428359371270684	5.635441013754223	0.27576235356787177	0.01559148378296819	0.7854877686097536
51	0	1.3137447470147858	10.0	0.3742406639858056	1243553.0855225294	474.5228911094298	0.0	0.0	0.1313744747014786	0.8784442824773966
51	4	0.16348197190368707	10.0	0.038747159807863536	160357.35163223327	34.440765520082394	6.452869466526869	0.2905652608979256	0.01634819719036871	0.76621780706625
52	0	1.3563052822606758	10.0	0.3807602640056471	1276229.3139088368	501.91719276740173	0.0	0.0	0.13563052822606758	0.8723180540405246
52	4	0.1708323613691455	10.0	0.043663364205532434	180251.28547006773	37.90014587686832	7.309980537742678	0.3034011031406261	0.01708323613691455	0.8017045089412353
53	0	1.4001247990484949	10.0	0.38753545417261137	1308838.5999268342	529.8696448206017	0.0	0.0	0.1400124799048495	0.860340144497675
53	4	0.17888437134616275	10.0	0.0463320048911338	192455.25721180148	41.60921436671318	8.203467054389552	0.3146743541160118	0.017888437134616277	0.7820440993975251
54	0	1.4445380696939725	10.0	0.39063323063322253	1335807.3435325294	558.2544704536118	0.0	0.0	0.14445380696939725	0.8551740024897819
54	4	0.18713679318803386	10.0	0.04963859863518584	209168.1394221991	45.7261819599683	9.129865009212343	0.3255961078001777	0.018713679318803387	0.7887028506281285
55	0	1.4888538450087732	10.0	0.3948045046449702	1360374.8431651504	587.0336656994627	0.0	0.0	0.1488853845008773	0.8502277470800027
55	4	0.19506887703031853	10.0	0.048693779820850616	206169.68549743734	49.769873452400866	10.085553171016898	0.33724471743769563	0.019506887703031852	0.7960754358927512
56	0	1.5327757674861844	10.0	0.3993488306578023	1389670.7338725694	616.3412150616675	0.0	0.0	0.15327757674861844	0.8407751577720137
56	4	0.2036309739881491	10.0	0.05276363711380542	222310.18260243846	54.14206895325311	11.066752885511203	0.3468204765856471	0.020363097398814912	0.7805025737435843
57	0	1.5780075451558038	10.0	0.4043602454600365	1411312.7962758152	645.8987273222169	0.0	0.0	0.1578007545155804	0.8401410189399949
57	4	0.21201922301214332	10.0	0.05727288233663705	239522.40051312285	58.88749047509994	12.069528070283699	0.3549246753438732	0.021201922301214336	0.7726057838598405
58	0	1.6238315199638018	10.0	0.4154896347231497	1456592.0586294404	676.3585482317396	0.0	0.0	0.1623831519963802	0.8328727386082254
58	4	0.22028302146722306	10.0	0.05877033976047996	248630.8249049665	63.82043639737832	13.089785407279544	0.3623727919638877	0.022028302146722304	0.7787741848152857
59	0	1.6695038208341308	10.0	0.427227468629774	1497713.0544412043	707.6342973261555	0.0	0.0	0.16695038208341312	0.8299144522113101
59	4	0.2286492232970443	10.0	0.059539331735910174	252877.27611110327	68.8398667679191	14.123274735887044	0.36980207740724624	0.02286492232970443	0.775673652929997
60	0	1.7146949219880925	10.0	0.4329542147188513	1529660.2128694737	739.4904925324573	0.0	0.0	0.17146949219880925	0.8177450975352156
60	4	0.2365461311505109	10.0	0.057738059023165325	254158.42482909915	73.9140302610449	15.16558964948917	0.3781669379988686	0.02365461311505109	0.7429362680413449
