1	0	0.0	10.0	0.0	0.0	1.0	0.0		0.0	
1	4	0.0	10.0	0.0	0.0	0.15	0.0		0.0	
2	0	0.0	10.0	0.0	0.0	1.0	0.0		0.0	
2	4	0.0	10.0	0.0	0.0	0.15	0.0		0.0	
3	0	0.0	10.0	0.0	0.0	0.9868366698887	0.0		0.0	
3	4	0.0	10.0	0.0	0.0	0.145527502416525	0.0		0.0	
4	0	0.0011257771665567782	10.0	0.0	0.0	0.935692587304462	0.0	0.0	0.00011257771665567784	
4	4	0.0	10.0	0.0	0.0	0.1379143104006798	0.0		0.0	
5	0	0.0033581469321961525	10.0	0.00016681947500228202	448.4453683245832	0.8592512688684403	0.0	0.0	0.00033581469321961526	1.1879610959749598
5	4	0.0	10.0	0.0	0.0	0.12713098668736414	0.0		0.0	
6	0	0.006675093645202824	10.0	0.000764937833816618	1999.7523209201388	0.7874488993111857	0.0	0.0	0.0006675093645202824	0.8577272847553175
6	4	0.0	10.0	0.0	0.0	0.11314922877436093	0.0		0.0	
7	0	0.009656317139617409	10.0	0.0020270714980775264	5108.5975963933615	0.810895170038943	0.0	0.0	0.0009656317139617412	1.012767819472714
7	4	0.00025008261494694075	10.0	0.0	0.0	0.10075555122184272	0.0	0.0	2.500826149469408e-05	
8	0	0.011319991734691065	10.0	0.0030315672314759987	7607.114658286534	0.9463979592343976	0.0	0.0	0.0011319991734691066	1.0159483807488972
8	4	0.0002892381406064715	10.0	7.309241041939592e-05	215.4906597051949	0.10410396370126787	0.0	0.0	2.8923814060647157e-05	1.230447244278904
9	0	0.013477485490846564	10.0	0.004012727980467131	9819.919236152298	1.1219490032361068	0.0	0.0	0.0013477485490846564	1.0582799103080651
9	4	0.00034606509073327815	10.0	9.539319982386172e-05	279.1434311914934	0.10860785174077972	0.0	0.0	3.460650907332782e-05	0.764190836276251
10	0	0.0161948599318961	10.0	0.005107012996790864	12543.693880301731	1.3467408709379929	0.0	0.0	0.0016194859931896106	1.1323275627483071
10	4	0.00037420682676977816	10.0	4.8317979387540995e-05	153.78110357501419	0.11076614294951406	0.0	0.0	3.742068267697782e-05	0.855762665996814
11	0	0.0193790178446802	10.0	0.005984624430753092	14873.601349684981	1.6131830255189306	0.0	0.0	0.0019379017844680195	1.1413525937147415
11	4	0.0004060830008525623	10.0	5.2354449270659446e-05	168.3395453506016	0.11317993807310173	0.0	0.0	4.060830008525623e-05	2.0428817756005104
12	0	0.02286261025974673	10.0	0.0064136821078406145	16458.6173991738	1.9072443481879695	0.0	0.0	0.002286261025974673	1.1622453820838514
12	4	0.0005382756991708363	10.0	0.0002126555064287422	579.822292473601	0.1231844556817817	0.0	0.0	5.382756991708363e-05	1.2627779410553437
13	0	0.027780705569919486	10.0	0.009491552878287237	23271.785430727166	2.3253890450530323	0.0	0.0	0.0027780705569919488	1.1165502311336608
13	4	0.0006523116044748388	10.0	0.00016752344449152406	512.8595047794244	0.13188819126923032	0.0	0.0	6.523116044748387e-05	1.4327534155057116
14	0	0.03373009485245289	10.0	0.01154699700692113	28328.84822948623	2.834375190512668	0.0	0.0	0.003373009485245289	1.1032505873124911
14	4	0.0007551100348707106	10.0	0.00014848026394931145	476.48833901281904	0.13986480142021493	0.0	0.0	7.551100348707107e-05	1.6305812129847623
15	0	0.04131935657799322	10.0	0.014816759037902194	36291.043138177956	3.4873295263871467	0.0	0.0	0.004131935657799322	1.1507455490875629
15	4	0.000925032072076988	10.0	0.00023402191292001451	729.5274311273823	0.15246838411371233	0.0	0.0	9.25032072076988e-05	1.327836021564931
16	0	0.050096237923639264	10.0	0.016837299931442624	42492.879050128664	4.250806225309296	0.0	0.0	0.005009623792363926	1.1352135722926404
16	4	0.0012532657315693474	10.0	0.0005235669477910586	1342.511174844867	0.17632307835186342	0.0	0.0	0.00012532657315693477	1.1912998465744384
17	0	0.06064357470965336	10.0	0.02053087973959046	51540.33060868879	5.176707925126973	0.0	0.0	0.0060643574709653356	1.1009648560469063
17	4	0.0016519727663041467	10.0	0.000546842986168824	1619.5381598414276	0.2051481102123876	0.0	0.0	0.00016519727663041469	1.225003599794265
18	0	0.07351679896637887	10.0	0.025176496128290347	63389.46328987706	6.315798182541418	0.0	0.0	0.007351679896637888	1.1510449130518687
18	4	0.00208781346933367	10.0	0.0005698102997534466	1785.56957624429	0.2368605022792643	0.0	0.0	0.000208781346933367	1.3236421415365982
19	0	0.08861138516574635	10.0	0.02879531149725009	74931.62674863022	7.661059829138438	0.0	0.0	0.008861138516574635	1.1272742707077297
19	4	0.002742037936335545	10.0	0.000929041576328273	2701.513096892045	0.2853035895004768	0.0	0.0	0.0002742037936335545	1.447476999427359
20	0	0.10742863894437947	10.0	0.03712279508342975	93948.33493717408	9.34935496486058	0.0	0.0	0.010742863894437949	1.1695917355760237
20	4	0.003420761893210946	10.0	0.0009028653354930363	2899.8088040078237	0.3371068227816652	0.0	0.0	0.00034207618932109463	1.193554479214786
21	0	0.1306133563335109	10.0	0.04557899037071581	116753.99761096256	11.448558271222513	0.0	0.0	0.01306133563335109	1.1112106101257357
21	4	0.00442772588817369	10.0	0.0014539020022142231	4475.729402256352	0.4177133272153276	0.0	0.0	0.0004427725888173691	1.289348263561478
22	0	0.15823097846354597	10.0	0.055802733946517316	144877.30185967733	14.09067446766698	0.0	0.0	0.015823097846354602	1.1217782162871863
22	4	0.0055486339699192975	10.0	0.0015608998459524352	5017.476913395937	0.5078257800164642	0.0	0.0	0.0005548633969919298	1.1245010628143792
23	0	0.18757938827661166	10.0	0.06555328267550183	173140.53900963085	17.378860112922677	0.0	0.0	0.018757938827661164	1.1192513594055673
23	4	0.006833224073256681	10.0	0.0018059994466943484	5899.940168383773	0.6136821516627997	0.0	0.0	0.0006833224073256682	1.1060171144394082
24	0	0.2184583146373746	10.0	0.07825693355333571	208070.81520377984	21.490599818961396	0.0	0.0	0.021845831463737458	1.1133022140728372
24	4	0.008601158792528736	10.0	0.002451070325208776	7952.027428604168	0.7568028195031291	0.0	0.0	0.0008601158792528737	1.0678932791793494
25	0	0.25065442367549445	10.0	0.09223953963881124	244975.57483846886	26.478359082204513	0.0	0.0	0.02506544236754945	1.1082209550418811
25	4	0.010583207337648715	10.0	0.002682445610943148	8934.26518568423	0.917177706285484	0.0	0.0	0.0010583207337648717	0.9865093454475716
26	0	0.2848035581798712	10.0	0.10630448827908696	284030.7180912328	32.362959823155656	0.0	0.0	0.028480355817987118	1.1111922278842865
26	4	0.012866856391184036	10.0	0.0030694103436513147	10461.226226313574	1.1047668845483107	0.0	0.0	0.0012866856391184035	0.9623084927923397
27	0	0.3206362762753576	10.0	0.11991855978047845	324399.98585943977	39.18100893281122	0.0	0.0	0.032063627627535764	1.1015203448498798
27	4	0.015443896512940291	10.0	0.0035179207007088173	12206.431913066277	1.3234329819431558	0.0	0.0	0.0015443896512940289	0.9259907627016469
28	0	0.3578664982034697	10.0	0.1337254111513558	364661.9585480836	46.93188656828661	0.0	0.0	0.03578664982034697	1.0716556529636885
28	4	0.01814398126446078	10.0	0.0035301060507386102	12686.788518506013	1.5496004904906828	0.0	0.0	0.001814398126446078	0.8313633230594334
29	0	0.3961911397946484	10.0	0.14842226969358832	408124.9661946414	55.70298925106309	0.0	0.0	0.03961911397946485	1.0845344054122936
29	4	0.02137191944964921	10.0	0.004273433171872443	15354.922790313918	1.8236614712413117	0.0	0.0	0.002137191944964921	0.9187471483490672
30	0	0.4352897566692021	10.0	0.15946685745203146	445620.23215293774	65.33948112177029	0.0	0.0	0.04352897566692021	1.0682157314581766
30	4	0.024863083082474167	10.0	0.004668742552037167	17071.41175823876	2.1277237931941286	0.0	0.0	0.002486308308247417	0.8580172386769863
31	0	0.4757646193242833	10.0	0.17697374698044696	494771.66334307275	76.11437847193692	0.0	0.0	0.047576461932428336	1.0610028335387305
31	4	0.029683423016789112	10.0	0.006458837455081693	23273.926194990967	2.5445190398704574	0.0	0.0	0.002968342301678911	0.8619424812886181
32	0	0.5172240430703445	10.0	0.1917021616931838	539036.2222827504	87.9031876348369	0.0	0.0	0.05172240430703446	1.0330862829655445
32	4	0.03517912457757867	10.0	0.007345894426337957	26873.29245690726	3.0252198823512386	0.0	0.0	0.0035179124577578674	0.8073595557155182
33	0	0.5592550713081788	10.0	0.20013757962654505	574131.9696275358	100.4702930963784	0.0	0.0	0.05592550713081789	1.0193983138327103
33	4	0.041421676665973815	10.0	0.0085368796561727	31522.724399361163	3.588833339435098	0.0	0.0	0.004142167666597383	0.8098714759058446
34	0	0.6014231063255585	10.0	0.2120891514536318	614971.2217365714	113.97681575774456	0.0	0.0	0.06014231063255586	1.0094326736494943
34	4	0.04777572047457917	10.0	0.010044190529377037	37364.961527122854	4.2568851112563015	0.0	0.0	0.004777572047457917	0.8454500865331469
35	0	0.6432715570123232	10.0	0.2286952614069913	667156.3073155369	128.73121676934062	0.0	0.0	0.06432715570123232	0.992577504961142
35	4	0.05454485036325332	10.0	0.012262399764950985	45408.168649990235	5.069400406015536	0.0	0.0	0.005454485036325333	0.8314100378483693
36	0	0.6853421716855487	10.0	0.23739618634406	698934.1362681695	144.15860212105713	0.0	0.0	0.06853421716855487	0.9886112878360018
36	4	0.061108784313102876	10.0	0.013408845858398324	50164.821072619794	5.964719769128156	0.0	0.0	0.006110878431310289	0.8453266815671493
37	0	0.7270906499681301	10.0	0.2449744961728793	735398.9843857004	160.3975473798593	0.0	0.0	0.07270906499681301	0.9814376673463894
37	4	0.0679720487450993	10.0	0.014357054840624	54787.27046917629	6.939840899388996	0.0	0.0	0.00679720487450993	0.7849498394793435
38	0	0.7679465694026372	10.0	0.2648699952118558	788900.4698190695	177.91251189844655	0.0	0.0	0.07679465694026373	0.9681455425358508
38	4	0.07474088972672026	10.0	0.015832256376627662	60539.83964717322	8.015150405729125	0.06673301467116864	0.013088858241912608	0.0074740889726720265	0.8263410729568412
39	0	0.8073130534034058	10.0	0.2725538719475878	825346.747776483	196.2645859942341	0.0	0.0	0.08073130534034058	0.962435713072475
39	4	0.08141076152049925	10.0	0.017470554255458702	68378.09453300107	9.23612083660371	0.2057854330525069	0.03448180572797723	0.008141076152049925	0.7769320998280362
40	0	0.8476862536186155	10.0	0.2802299682450233	855805.0541673476	215.20521040326588	0.0	0.0	0.08476862536186155	0.9482180346947918
40	4	0.08787741238942133	10.0	0.018279927368699142	72058.85313672049	10.5023320250191	0.395635100358091	0.05691448470274588	0.008787741238942133	0.7289288377088321
41	0	0.8888324986445846	10.0	0.28515755568155465	883795.943061884	234.677033384606	0.0	0.0	0.08888324986445846	0.9477124992741116
41	4	0.093839099883363	10.0	0.019056104230146656	76120.00679832233	11.843184762923027	0.6337942924556591	0.07930375638203052	0.0093839099883363	0.7456612273030965
42	0	0.9302296942789771	10.0	0.29394157053742315	922276.3889477286	254.97432987290063	0.0	0.0	0.0930229694278977	0.9409289147075782
42	4	0.10023614523766312	10.0	0.020669287995683253	83082.08024173738	13.304278486520937	0.9341475053589446	0.10221344283121653	0.010023614523766312	0.7413323246955881
43	0	0.9713316532826524	10.0	0.3047439939434339	956637.9639000436	276.0039981177219	0.0	0.0	0.09713316532826524	0.933618518664462
43	4	0.10760033919333868	10.0	0.02377213104152493	96445.83195818767	15.011662003168714	1.3336043219699227	0.12752092886026947	0.010760033919333868	0.7613549473607576
44	0	1.0122080062123362	10.0	0.31499266870778986	998381.3169582301	297.95153885669623	0.0	0.0	0.10122080062123362	0.8993106743152635
44	4	0.11473746974778523	10.0	0.029375399854144182	117017.58533711296	17.263665443649565	1.7936615210741114	0.15291977483389796	0.011473746974778522	0.7930383725879752
45	0	1.0540896982148278	10.0	0.3180437779732263	1022338.5312453931	320.2873095590916	0.0	0.0	0.10540896982148278	0.9002892354979015
45	4	0.1212135892843872	10.0	0.03139971349228074	124645.20956359182	19.70050739678741	2.3122310706737816	0.1780776655333399	0.01212135892843872	0.7887867615464705
46	0	1.0964102264268865	10.0	0.3296173835074985	1065062.5955411359	343.5273425242396	0.0	0.0	0.10964102264268866	0.9034533391803682
46	4	0.12788966696744847	10.0	0.032511486447626026	130377.03808990672	22.185329118524567	2.8870775783196003	0.20019007239341988	0.012788966696744848	0.8116420371121563
47	0	1.1385781586619177	10.0	0.3397260777300366	1103833.622010355	367.5841419511973	0.0	0.0	0.1138578158661918	0.8938648069130183
47	4	0.1347696373927771	10.0	0.03401786153287716	138321.25153853942	24.801453006878184	3.5158165321403905	0.2199806696978813	0.01347696373927771	0.7964221187360921
48	0	1.1800341197651725	10.0	0.3460993500728789	1134495.732447102	392.2599175853736	0.0	0.0	0.11800341197651724	0.8914395093188148
48	4	0.14217321415789064	10.0	0.03249595874026718	135489.92373610786	27.282867598598948	4.195912696203236	0.2381232652414054	0.014217321415789068	0.7206572305680999
49	0	1.2226420271983995	10.0	0.3551770777582945	1170467.09926564	417.61095421857084	0.0	0.0	0.12226420271983995	0.8848025407228739
49	4	0.1496448139748864	10.0	0.03392204642899019	141960.758092951	29.913889308359572	4.924678665350902	0.2558326950389678	0.014964481397488641	0.7039504608259378
50	0	1.2657871604902615	10.0	0.36118502430016936	1197912.8465914514	443.4320781607231	0.0	0.0	0.12657871604902618	0.8838187307704555
50	4	0.15670975468092888	10.0	0.03482328797325675	148507.99158960918	32.72197079849935	5.699273584508003	0.27391532094746723	0.015670975468092888	0.7051175321456974
51	0	1.3088292163250814	10.0	0.37080153134486493	1231242.8173048976	469.9015539355306	0.0	0.0	0.13088292163250814	0.8778028691173672
51	4	0.164276888754934	10.0	0.037739883157631916	162788.2111569937	35.786923721076796	6.516702037280649	0.2886200695351168	0.0164276888754934	0.7091125592572992
52	0	1.3513897515709712	10.0	0.3733457751917279	1255711.4054399035	496.7956517370373	0.0	0.0	0.13513897515709716	0.8637376876436581
52	4	0.1716272782203924	10.0	0.040499455597852764	172825.2443007297	39.03809661093625	7.373813108496457	0.3014112578687669	0.01716272782203924	0.7246069654645482
53	0	1.3952092683587902	10.0	0.3827051771173957	1295282.301528077	524.4362300439926	0.0	0.0	0.13952092683587902	0.8623208783171402
53	4	0.1796792881974097	10.0	0.0408202077150401	176339.3638847104	42.31136726497935	8.267299625143334	0.31267512468925845	0.017967928819740967	0.727004740093873
54	0	1.4396225390042676	10.0	0.3920054096764509	1330788.983556222	552.7374415964581	0.0	0.0	0.14396225390042675	0.8513305875359686
54	4	0.1879317100392808	10.0	0.04524875357394288	193969.7347571479	46.02068640856473	9.193697579966123	0.32359299939784425	0.01879317100392808	0.72154495633533
55	0	1.483938314319068	10.0	0.3979445072282836	1362942.0059077612	581.6340786014047	0.0	0.0	0.14839383143190682	0.8536003263251118
55	4	0.19586379388156544	10.0	0.04460850485256628	190208.20768490236	49.6402485778421	10.149385741770676	0.33522234027987835	0.019586379388156543	0.7068243418958686
56	0	1.5278602367964795	10.0	0.40374635659004543	1395296.2459976857	611.1387715206678	0.0	0.0	0.15278602367964794	0.8505410952423353
56	4	0.204425890839396	10.0	0.047656121071210485	205319.21702925328	53.564947265639866	11.130585456264985	0.34481360833626595	0.0204425890839396	0.7252532586039774
57	0	1.5730920144660991	10.0	0.4088650925668437	1423126.1249124724	641.0550485290656	0.0	0.0	0.15730920144660993	0.8386930415812686
57	4	0.21281413986339026	10.0	0.05035403161716054	214534.7844759841	57.65573989359853	12.133360641037482	0.35295278686780496	0.021281413986339027	0.7473490272925897
58	0	1.6189159892740974	10.0	0.4184499156364007	1460681.9448311434	671.6664600827688	0.0	0.0	0.16189159892740976	0.837626833421139
58	4	0.22107793831846995	10.0	0.05116952862756188	219043.73787021555	61.81849495087079	13.153617978033322	0.3604395829526207	0.022107793831846998	0.7390991905366385
59	0	1.6645882901444269	10.0	0.41986384226534335	1485086.025209906	702.6510086366442	0.0	0.0	0.16645882901444267	0.8287408934455114
59	4	0.2294441401482912	10.0	0.055278149467257134	241826.7206603059	66.56414182719637	14.187107306640826	0.36790114793180856	0.02294441401482912	0.7593847977478758
60	0	1.7097793912983876	10.0	0.4329055952290352	1526200.0179535272	734.4606835342007	0.0	0.0	0.17097793912983875	0.8169921590692293
60	4	0.23734104800175784	10.0	0.05807394263671139	247576.59220443194	71.48498697250173	15.229422220242949	0.37627914123195183	0.023734104800175786	0.7391446684781092
