1	0	0.0	10.0	0.0	0.0	1.0	0.0		0.0	
1	4	0.0	10.0	0.0	0.0	0.15	0.0		0.0	
2	0	0.0	10.0	0.0	0.0	1.0	0.0		0.0	
2	4	0.0	10.0	0.0	0.0	0.15	0.0		0.0	
3	0	0.0	10.0	0.0	0.0	0.9868366698887	0.0		0.0	
3	4	0.0	10.0	0.0	0.0	0.145527502416525	0.0		0.0	
4	0	0.0011257771665567782	10.0	0.0	0.0	0.935692587304462	0.0	0.0	0.00011257771665567784	
4	4	0.0	10.0	0.0	0.0	0.1379143104006798	0.0		0.0	
5	0	0.0033581469321961525	10.0	0.00025587977658733814	643.7079574608126	0.8644073727971715	0.0	0.0	0.00033581469321961526	0.856099125743068
5	4	0.0	10.0	0.0	0.0	0.12713098668736414	0.0		0.0	
6	0	0.006675093645202824	10.0	0.0008028162650768999	2095.30859099386	0.795081857172125	0.0	0.0	0.0006675093645202824	1.0685342141576937
6	4	0.0	10.0	0.0	0.0	0.11314922877436093	0.0		0.0	
7	0	0.009783714996040407	10.0	0.002174311467807328	5385.121259911131	0.8213014716082717	0.0	0.0	0.0009783714996040409	0.9690407740248148
7	4	0.00025008261494694075	10.0	0.0	0.0	0.10075555122184272	0.0	0.0	2.500826149469408e-05	
8	0	0.011789025685600828	10.0	0.003802207352208932	9116.0303549312	0.9846298006237588	0.0	0.0	0.0011789025685600828	1.0179184787669118
8	4	0.00031342477040263684	10.0	0.00012174538756922164	327.38821324450424	0.10617230046039916	0.0	0.0	3.134247704026369e-05	0.9604881393187472
9	0	0.014097744562412081	10.0	0.0042949386296917726	10498.647699942268	1.172485736695102	0.0	0.0	0.001409774456241208	1.0937072782873227
9	4	0.00031342477040263684	10.0	1.1303450647257056e-05	35.65126796824044	0.10617230046039916	0.0	0.0	3.134247704026369e-05	0.9102114563829482
10	0	0.01679966990630605	10.0	0.005021413687151556	12491.777732089493	1.3959995945094117	0.0	0.0	0.001679966990630605	1.096083612036487
10	4	0.00039908868860607036	10.0	0.00014044916108026855	391.61880214927527	0.11274217523018633	0.0	0.0	3.9908868860607036e-05	1.214375121860379
11	0	0.020090789117772137	10.0	0.006190200515657816	15374.600942136949	1.6713919957986498	0.0	0.0	0.0020090789117772137	1.048954766802632
11	4	0.0005172774497950887	10.0	0.00018798813886304318	522.6093225128046	0.12169191476542733	0.0	0.0	5.172774497950887e-05	0.9009291411542496
12	0	0.023807997572941983	10.0	0.006918114825641044	17545.32947645086	1.9851736053337317	0.0	0.0	0.002380799757294198	1.0786425368004473
12	4	0.0006018666903656812	10.0	0.00012372922836197784	387.8168521662802	0.12809373996121706	0.0	0.0	6.0186669036568126e-05	0.7942034451887292
13	0	0.028641918621185595	10.0	0.0091702163164738	22911.170291909297	2.396161665529838	0.0	0.0	0.00286419186211856	1.1477740170459172
13	4	0.0007024253460896247	10.0	0.0001451626313645442	458.8828059388768	0.1357688309609968	0.0	0.0	7.024253460896247e-05	1.7908240516368912
14	0	0.03440819054969732	10.0	0.010932658336755805	27505.425453234515	2.8894816321996784	0.0	0.0	0.003440819054969732	1.205443483269691
14	4	0.000921591393822252	10.0	0.00034197395783113464	966.3096321416408	0.15277494782837506	0.0	0.0	9.21591393822252e-05	1.1855651574225572
15	0	0.04165284231249256	10.0	0.013861362933868457	34705.80267955969	3.5127868958063373	0.0	0.0	0.004165284231249257	1.180768045138407
15	4	0.0010957570076700043	10.0	0.00023467158044059404	750.9560901695979	0.16569328821896914	0.0	0.0	0.00010957570076700048	0.9985380547453722
16	0	0.05059286597187595	10.0	0.01739051362689077	43269.30871993985	4.29045489460387	0.0	0.0	0.005059286597187595	1.1348401617622066
16	4	0.0014336052630033508	10.0	0.00047166205866496094	1384.821191940077	0.19024673237924844	0.0	0.0	0.00014336052630033508	1.0057010909249129
17	0	0.061303778188738924	10.0	0.02072730615549493	52330.698264147744	5.230716121622024	0.0	0.0	0.0061303778188738925	1.1447773439285058
17	4	0.0018730164200106687	10.0	0.0006112635084444982	1783.487656050878	0.2220145204972348	0.0	0.0	0.00018730164200106688	1.69076564034397
18	0	0.0744145825520294	10.0	0.025347868572695064	64545.18454914697	6.3908287102991475	0.0	0.0	0.007441458255202941	1.1281985507195926
18	4	0.0024192319954481237	10.0	0.0007447974725366338	2225.7991642399493	0.2617579459297463	0.0	0.0	0.00024192319954481246	1.209763735989114
19	0	0.08984778543220319	10.0	0.029499111409996493	76589.85007271719	7.766268596138383	0.0	0.0	0.00898477854322032	1.123508270031544
19	4	0.003154250764501135	10.0	0.0010135620632927402	3033.656008240924	0.3161835752579157	0.0	0.0	0.0003154250764501136	1.2854497188601661
20	0	0.10898982331945854	10.0	0.03703502411388378	95560.6653330572	9.483703554132004	0.0	0.0	0.010898982331945854	1.11563591993429
20	4	0.004036692274830944	10.0	0.0012041607222488366	3751.518605046791	0.3835354389331967	0.0	0.0	0.0004036692274830945	0.9677262880629772
21	0	0.13212469012868822	10.0	0.045160642891639534	116555.6010215707	11.57839326214389	0.0	0.0	0.013212469012868822	1.1151697902092272
21	4	0.005099563341152827	10.0	0.0014942751284678915	4733.669040310592	0.4686172509428266	0.0	0.0	0.0005099563341152827	1.170459250195918
22	0	0.1597423122587233	10.0	0.05760606040818868	147924.58233536573	14.299807431911097	0.0	0.0	0.01597423122587233	1.1071100361000863
22	4	0.006682586156074592	10.0	0.0023091643527635955	7044.678063562662	0.5958802005243918	0.0	0.0	0.0006682586156074592	1.2233200816520131
23	0	0.1890907220717889	10.0	0.06723201488486641	176254.03638989595	17.668325892311877	0.0	0.0	0.01890907220717889	1.1117107202351657
23	4	0.00849043501094017	10.0	0.0025963984529155807	8262.702306751822	0.7448555972395502	0.0	0.0	0.000849043501094017	1.1521447539245429
24	0	0.21996964843255187	10.0	0.07632840236034506	204305.89563072487	21.678043940090003	0.0	0.0	0.021996964843255192	1.1325294382604083
24	4	0.010685446428845306	10.0	0.0030484244464845426	9867.165004395983	0.9225496583511972	0.0	0.0	0.0010685446428845306	1.1847713699207738
25	0	0.25216575747067177	10.0	0.09389663226643548	248513.7965779803	26.757546489496498	0.0	0.0	0.025216575747067174	1.1078561931430908
25	4	0.013329579463841909	10.0	0.0035817304022213274	11889.000185456885	1.1364962527316067	0.0	0.0	0.0013329579463841911	1.0813289439781548
26	0	0.28631489197504845	10.0	0.1041205385164452	279978.922603684	32.532642832137796	0.0	0.0	0.02863148919750485	1.130963375565286
26	4	0.016639127861981292	10.0	0.004514935805915114	15095.112542330784	1.4083574055943484	0.0	0.0	0.0016639127861981292	1.0846303975133902
27	0	0.3221476100705349	10.0	0.12030154578414795	325023.8532466395	39.36563863693893	0.0	0.0	0.032214761007053484	1.0980010912297362
27	4	0.021206241868591758	10.0	0.006619893721517113	21445.33140797781	1.7958845487504476	0.0	0.0	0.0021206241868591768	1.1200206467494038
28	0	0.3593778319986469	10.0	0.13410871461578935	364523.42568634346	47.11119650633007	0.0	0.0	0.035937783199864695	1.0880196625092489
28	4	0.026723041682043383	10.0	0.007715266776672535	25612.05828828044	2.2579888839055533	0.0	0.0	0.002672304168204339	0.9907077788001928
29	0	0.39770247358982574	10.0	0.1479432539058331	405246.6657269172	55.80468099751344	0.0	0.0	0.039770247358982574	1.082472794224382
29	4	0.032706770178947665	10.0	0.008188251069838618	28254.434401962142	2.766024170309697	0.0	0.0	0.0032706770178947677	0.9156408516263326
30	0	0.43680109046437937	10.0	0.1633727544672657	450924.27562076313	65.58031621431397	0.0	0.0	0.04368010904643794	1.0653691800759493
30	4	0.03927227991666615	10.0	0.010552675055671805	36420.00244418224	3.45776997020988	0.0	0.0	0.003927227991666614	0.9396071129528996
31	0	0.4772759531194606	10.0	0.1761914366857756	493385.77746430744	76.31645034613301	0.0	0.0	0.047727595311946064	1.0636236069941571
31	4	0.046209504791162564	10.0	0.012433966770354056	43376.71951957863	4.3149841090856675	0.0	0.0	0.004620950479116257	0.9009701875330532
32	0	0.5187353768655217	10.0	0.1873297643494364	532230.635930316	87.92373254894285	0.0	0.0	0.05187353768655218	1.0474417639150926
32	4	0.053211833038328736	10.0	0.013676317205857238	48576.21843168233	5.296360059670153	0.0	0.0	0.005321183303832874	0.899289420783949
33	0	0.560766405103356	10.0	0.19913837812379795	572555.6577087776	100.44902901373068	0.0	0.0	0.0560766405103356	1.0173507641420714
33	4	0.05995662568794698	10.0	0.016909496546437777	59818.192235350194	6.567269737754525	0.0	0.0	0.005995662568794698	0.9093426190358084
34	0	0.6029344401207357	10.0	0.20965135514007466	612047.2218816062	113.87853191167045	0.0	0.0	0.06029344401207357	0.992642293279226
34	4	0.06720482308958703	10.0	0.01833056148549885	65721.30902323424	7.917003480558951	0.0	0.0	0.006720482308958704	0.9186821059702368
35	0	0.6447828908075005	10.0	0.21882851976256965	647898.2084655201	128.12528811964762	0.0	0.0	0.06447828908075005	0.9802862397658834
35	4	0.07445871688207092	10.0	0.02190709339987553	77999.29436935298	9.532241517475931	0.0	0.0	0.0074458716882070935	0.8975665754011879
36	0	0.6868535054807259	10.0	0.23220389555914744	692840.8498554104	143.3972275081961	0.0	0.0	0.0686853505480726	0.9752738884173924
36	4	0.08135318388797859	10.0	0.02213242341368107	80680.70055723234	11.173875632673084	0.0	0.0	0.00813531838879786	0.8663661863158789
37	0	0.7286019837633073	10.0	0.2372114657438435	717177.7926395911	159.1618763492663	0.0	0.0	0.07286019837633073	0.9623986540788444
37	4	0.08853775781693035	10.0	0.025010605800701143	90447.76219981877	13.024200540856883	0.0	0.0	0.008853775781693036	0.8964489099793294
38	0	0.7694579031978144	10.0	0.2510527091347489	761732.8801096354	175.97057453326144	0.0	0.0	0.07694579031978144	0.9504754594910716
38	4	0.09565324947227097	10.0	0.02677690446103422	98355.9976750848	15.019723060186298	0.07015059303619688	0.011268213744291792	0.0095653249472271	0.8761075132862876
39	0	0.8088243871985831	10.0	0.2595022523807011	794845.0354263152	193.53469784901725	0.0	0.0	0.08088243871985831	0.9387372736921528
39	4	0.10232312126604996	10.0	0.029034544832252436	106868.22117779632	17.19402262135323	0.20920301141753514	0.02948592761553011	0.010232312126604996	0.8921514326889718
40	0	0.8491975874137927	10.0	0.2677726383993174	827868.3087375897	211.76219355153782	0.0	0.0	0.08491975874137928	0.9288157667531121
40	4	0.10935935404099184	10.0	0.03131508875294845	116662.77609112627	19.517676084982266	0.4157746167947757	0.05092102314278876	0.010935935404099184	0.8871469301101748
41	0	0.8903438324397618	10.0	0.2756866289970336	858137.0877195161	230.5874559503729	0.0	0.0	0.08903438324397618	0.9167781948193744
41	4	0.11618246829037568	10.0	0.035091176396668325	130902.63362690645	22.14094725071085	0.6883463305711178	0.07357245100222225	0.01161824682903757	0.8464601343076769
42	0	0.9317410280741542	10.0	0.2827396030873746	888492.0841343628	250.02945028267385	0.0	0.0	0.0931741028074154	0.9120300956078252
42	4	0.12335819711742645	10.0	0.037451374249563865	140831.22264478062	24.95806253147818	1.0252601851334668	0.09633297841703804	0.012335819711742644	0.8809657897803523
43	0	0.9728429870778296	10.0	0.29069352840901475	920628.7570998144	270.1527633290404	0.0	0.0	0.09728429870778296	0.9149444158542728
43	4	0.13072239107310202	10.0	0.03970793307150493	151187.41828291054	28.00606832021197	1.424717001744445	0.1191073701585376	0.013072239107310202	0.8631973220563965
44	0	1.0137193400075133	10.0	0.30410305136468097	963570.4288525559	291.23374886979445	0.0	0.0	0.10137193400075134	0.9103674171938992
44	4	0.13785952162754855	10.0	0.04130457379017338	158602.75182766927	31.239220010189065	1.884774200848633	0.1424285335247855	0.013785952162754857	0.8682468987878895
45	0	1.0556010320100049	10.0	0.3101087837844317	990583.22250984	312.79144899960085	0.0	0.0	0.1055601032010005	0.9017957803544264
45	4	0.14433564116415054	10.0	0.044321107863681264	169966.80142668824	34.74704392696498	2.4033437504483035	0.1658840886285094	0.014433564116415052	0.8503203251081484
46	0	1.0979215602220636	10.0	0.3176306466499689	1028243.0878082896	335.12668878859074	0.0	0.0	0.10979215602220636	0.8867179021769331
46	4	0.15101171884721182	10.0	0.045426996162379184	176988.46690016694	38.32726820909427	2.9781902580941217	0.187009099871194	0.015101171884721182	0.8196998165685264
47	0	1.1400894924570948	10.0	0.3284586400683848	1068513.5007439929	358.32643097700964	0.0	0.0	0.11400894924570948	0.8864135458991899
47	4	0.15789168927254044	10.0	0.04508331636114599	180484.55469069871	41.91147882866867	3.606929211914912	0.2062742864736537	0.015789168927254044	0.8249309404079295
48	0	1.1815454535603491	10.0	0.3320109302098423	1092097.6573307728	381.96596243843186	0.0	0.0	0.11815454535603495	0.87843206598076
48	4	0.16529526603765402	10.0	0.04610253517334265	184279.97081447567	45.527253171144714	4.287025375977758	0.2241645988153238	0.0165295266037654	0.8157807152776441
49	0	1.2241533609935766	10.0	0.34321490303208363	1133712.6162425792	406.43910578924454	0.0	0.0	0.12241533609935765	0.8715072847853895
49	4	0.17276686585464973	10.0	0.04874763384404646	199007.55392686703	49.50045310154282	5.0157913451254235	0.24168644256109595	0.017276686585464975	0.7859991119846963
50	0	1.2672984942854386	10.0	0.3529388280901058	1168666.954525045	431.58850934135523	0.0	0.0	0.12672984942854387	0.8721800815844037
50	4	0.17983180656069214	10.0	0.04809373391652124	200841.3907609095	53.514171256061296	5.7903862642825255	0.25953761965904104	0.017983180656069218	0.7995430683321336
51	0	1.3103405501202583	10.0	0.3582676859887388	1200533.047246243	457.35365504736825	0.0	0.0	0.13103405501202586	0.8497778342414795
51	4	0.1873989406346973	10.0	0.05405674624155783	223419.2111640315	57.993016560706536	6.607814717055173	0.2743822064999866	0.018739894063469733	0.800459130986027
52	0	1.3529010853661485	10.0	0.3656274431804809	1237324.4146824155	483.875157060926	0.0	0.0	0.13529010853661486	0.847999984481888
52	4	0.19474933010015572	10.0	0.055430322108811735	231767.10878714317	62.600753488637544	7.46492578827098	0.2874664861384688	0.01947493301001557	0.7842397896757637
53	0	1.396720602153967	10.0	0.3751299867182157	1270148.7444815598	510.9683431125962	0.0	0.0	0.13967206021539674	0.8487093096847804
53	4	0.20280134007717301	10.0	0.05046546450904179	217980.12049087798	66.76152604972378	8.358412304917856	0.2991104290259637	0.0202801340077173	0.7628152244384068
54	0	1.4411338727994452	10.0	0.38621727737482064	1309433.0932978448	538.8268420092813	0.0	0.0	0.1441133872799445	0.8460765047982562
54	4	0.2110537619190441	10.0	0.055072055442337606	234997.6014954729	71.33417561333869	9.284810259740649	0.31037313371532377	0.02110537619190441	0.7444689954260407
55	0	1.4854496481142454	10.0	0.3888577829444149	1339199.209936385	567.2217221400924	0.0	0.0	0.14854496481142454	0.842972243221823
55	4	0.2189858457613288	10.0	0.055658733787210465	240812.33679484692	76.0621690130503	10.2404984215452	0.3222281422013403	0.02189858457613288	0.7449219115097911
56	0	1.5293715705916568	10.0	0.3962848490417131	1373570.786240984	596.2824437771718	0.0	0.0	0.1529371570591657	0.8376766111558955
56	4	0.2275479427191593	10.0	0.059262761200057336	251633.53603604413	80.9720463246245	11.221698136039505	0.3321630847373491	0.022754794271915936	0.7782382012988514
57	0	1.5746033482612765	10.0	0.4040506964351616	1410532.2350986216	625.9998734808366	0.0	0.0	0.15746033482612765	0.8282867245354553
57	4	0.2359361917431536	10.0	0.058697884270470874	252595.08203145672	85.82119527830211	12.224473320812006	0.3407004120722317	0.02359361917431536	0.759945616856014
58	0	1.6204273230692747	10.0	0.4127640382444428	1446537.0324958547	656.3732710548484	0.0	0.0	0.16204273230692748	0.8211360117604833
58	4	0.2441999901982333	10.0	0.06219793380981964	264966.5196611964	90.94309821308468	13.244730657807848	0.3485734186481315	0.024419999019823332	0.7575158202226232
59	0	1.6660996239396038	10.0	0.4238120330874019	1486617.7686533742	687.5359055273427	0.0	0.0	0.1666099623939604	0.8221837862566621
59	4	0.2525661920280545	10.0	0.06507286184484175	278485.45522496675	96.39463420496477	14.278219986415348	0.35636771840567943	0.025256619202805454	0.7752023075138507
60	0	1.711290725093565	10.0	0.4260667617757961	1511794.0390337363	719.1012120735272	0.0	0.0	0.1711290725093565	0.817906162088327
60	4	0.2604630998815212	10.0	0.0649873390931406	281087.88548343955	101.93190412919571	15.320534900017474	0.3649707775304768	0.02604630998815212	0.7563064680971
