1	0	0.0	10.0	0.0	0.0	1.0	0.0		0.0	
1	4	0.0	10.0	0.0	0.0	0.15	0.0		0.0	
2	0	0.0	10.0	0.0	0.0	1.0	0.0		0.0	
2	4	0.0	10.0	0.0	0.0	0.15	0.0		0.0	
3	0	0.0	10.0	0.0	0.0	0.9868366698887	0.0		0.0	
3	4	0.0	10.0	0.0	0.0	0.145527502416525	0.0		0.0	
4	0	0.0011257771665567782	10.0	0.0	0.0	0.935692587304462	0.0	0.0	0.00011257771665567784	
4	4	0.0	10.0	0.0	0.0	0.1379143104006798	0.0		0.0	
5	0	0.0033581469321961525	10.0	0.0001768645026755215	481.0965575855392	0.8601134561720648	0.0	0.0	0.00033581469321961526	1.0958893222559012
5	4	0.0	10.0	0.0	0.0	0.12713098668736414	0.0		0.0	
6	0	0.006675093645202824	10.0	0.0010063479645236444	2513.005904082885	0.8018563010460731	0.0	0.0	0.0006675093645202824	1.1193677714931425
6	4	0.0	10.0	0.0	0.0	0.11314922877436093	0.0		0.0	
7	0	0.009857509826893223	10.0	0.002210744726830098	5456.987374472494	0.8273292909584046	0.0	0.0	0.0009857509826893224	1.2957108642324748
7	4	0.00025008261494694075	10.0	0.0	0.0	0.10075555122184272	0.0	0.0	2.500826149469408e-05	
8	0	0.01167175211082775	10.0	0.003337065575149827	8276.17016860335	0.9750955010558648	0.0	0.0	0.001167175211082775	1.1297725875851343
8	4	0.0002757458912393004	10.0	5.0029110671715226e-05	153.06982188478457	0.10295016445082787	0.0	0.0	2.7574589123930046e-05	0.9267001482434352
9	0	0.0141261367486667	10.0	0.004624974315203054	11136.623472274661	1.1748039749854322	0.0	0.0	0.00141261367486667	1.1197677736123786
9	4	0.0003269173409681325	10.0	8.629982429451064e-05	254.50063369700524	0.10700581902816984	0.0	0.0	3.2691734096813254e-05	1.0500072355933372
10	0	0.016890523740618172	10.0	0.0051534379080721785	12772.1078150945	1.4034849052187937	0.0	0.0	0.0016890523740618177	1.0636611318705882
10	4	0.0004387218660084674	10.0	0.00022834833008223768	500.36403114594896	0.11558051119280033	0.0	0.0	4.387218660084674e-05	1.0475333248076268
11	0	0.0206858871355258	10.0	0.007691362114185494	17659.850799322987	1.7210711644607612	0.0	0.0	0.00206858871355258	1.2282857991026368
11	4	0.0005656254011262465	10.0	0.00019955321778999008	559.2784817865323	0.1251901692853243	0.0	0.0	5.656254011262466e-05	0.806958201367888
12	0	0.02532407409217126	10.0	0.009154984476409993	21768.166172764275	2.112595553295268	0.0	0.0	0.0025324074092171263	1.1560436136800352
12	4	0.0007100856018336843	10.0	0.0002163860077139805	634.1435616240592	0.1361231076405982	0.0	0.0	7.100856018336845e-05	1.2164310094080226
13	0	0.030766403230217964	10.0	0.010497362046876915	25753.09110153474	2.5753114878484955	0.0	0.0	0.0030766403230217962	1.1171162826758072
13	4	0.0008206189399079127	10.0	0.00015778767582382661	502.80668936383597	0.14455951147000146	0.0	0.0	8.206189399079128e-05	1.0860001380326914
14	0	0.03720277044195528	10.0	0.012295496470232144	30667.96888796665	3.125959895994004	0.0	0.0	0.003720277044195528	1.1586617622937374
14	4	0.0010612698942409128	10.0	0.00036750741459367785	1059.4970839780383	0.16323274254740727	0.0	0.0	0.00010612698942409129	1.1252736064547042
15	0	0.04501340324936598	10.0	0.01488675156900505	37420.81887267932	3.797960248855619	0.0	0.0	0.004501340324936598	1.1667704169564976
15	4	0.0013745147906278148	10.0	0.0004450716772392379	1312.6128158410945	0.18646697407992854	0.0	0.0	0.0001374514790627815	1.1445281239244238
16	0	0.05441290804569513	10.0	0.017961679753274663	45528.83787656895	4.6155972443659055	0.0	0.0	0.005441290804569513	1.1186925869491806
16	4	0.0017383082992026952	10.0	0.0004903610237370745	1493.9127536030442	0.2129060142633744	0.0	0.0	0.00017383082992026953	1.146935323734918
17	0	0.06537429286608831	10.0	0.020661630680132208	53631.06415075994	5.5778462977018775	0.0	0.0	0.006537429286608831	1.1495309683041637
17	4	0.002076221151895921	10.0	0.0004262989405339129	1394.2257217544825	0.2373358534595693	0.0	0.0	0.00020762211518959216	0.9623644868337838
18	0	0.0788123181899144	10.0	0.025523069641364363	66229.92845414254	6.766913109558416	0.0	0.0	0.007881231818991441	1.1681404580207198
18	4	0.002617105744792438	10.0	0.0007496976204131975	2210.036215002375	0.2766913889881209	0.0	0.0	0.0002617105744792438	1.3870698468322558
19	0	0.09523898706212336	10.0	0.031585367612065825	81508.05779789433	8.230892798916036	0.0	0.0	0.009523898706212336	1.1188214202067754
19	4	0.0029786133574546533	10.0	0.0004495835611078372	1542.482753255775	0.3034597929452261	0.0	0.0	0.00029786133574546535	0.8089810991194761
20	0	0.11464207217595755	10.0	0.036721562154796265	96986.12296737325	9.971749068436386	0.0	0.0	0.011464207217595756	1.106555157925602
20	4	0.003669532618973161	10.0	0.0009164876421108373	2956.353529309778	0.35619382615613904	0.0	0.0	0.00036695326189731606	1.134708932230609
21	0	0.1386321516512607	10.0	0.04607580479538803	120911.09477467574	12.143871907339301	0.0	0.0	0.01386321516512607	1.143067301260507
21	4	0.004181380694656929	10.0	0.0006742196371922432	2338.049246268938	0.3971667749292396	0.0	0.0	0.000418138069465693	1.109963343081784
22	0	0.16624977378129582	10.0	0.056669048274716874	148995.1020968517	14.888464914121544	0.0	0.0	0.016624977378129582	1.0874753425556003
22	4	0.005012181121285446	10.0	0.0011104467005912991	3748.72392004968	0.4639567869301678	0.0	0.0	0.0005012181121285446	0.9225656359781892
23	0	0.1955981835943614	10.0	0.06831910981350879	180494.41933568023	18.363657009248808	0.0	0.0	0.01955981835943614	1.0805603916028956
23	4	0.005560607516261651	10.0	0.0007270810216199965	2603.081933812474	0.5091497462534842	0.0	0.0	0.0005560607516261651	0.7329688625832406
24	0	0.2264771099551244	10.0	0.07631230600834649	206327.82642169832	22.42050818144095	0.0	0.0	0.02264771099551244	1.0636776119319724
24	4	0.00622232171601883	10.0	0.0008566305912433495	3071.584675449809	0.5627178883100367	0.0	0.0	0.000622232171601883	0.7535757169691719
25	0	0.2586732189932443	10.0	0.08762685648566419	239414.6224621934	27.253055760973826	0.0	0.0	0.025867321899324437	1.0761347607089544
25	4	0.006905509404419769	10.0	0.0008727679540091452	3182.413532991484	0.6179971338402046	0.0	0.0	0.000690550940441977	0.7089613159538161
26	0	0.29282235349762104	10.0	0.0999364877573512	275682.5726325711	32.91024310283461	0.0	0.0	0.0292822353497621	1.043887116692046
26	4	0.0074849094888546535	10.0	0.0007556615998432608	2785.508932410624	0.6655916561054759	0.0	0.0	0.0007484909488854652	0.483264356703874
27	0	0.3286550715931075	10.0	0.10908041867879867	305104.5583157425	39.213851603254206	0.0	0.0	0.03286550715931075	1.0266852797559602
27	4	0.008011269469514791	10.0	0.0007086029499040741	2643.108083525361	0.7102541671095108	0.0	0.0	0.000801126946951479	0.5254129556609252
28	0	0.3658852935212194	10.0	0.12010050306490935	337825.3121595066	46.25578517015885	0.0	0.0	0.03658852935212194	1.0053082027199571
28	4	0.008898261630570945	10.0	0.0011403193102831268	4261.576228004001	0.7845513931703921	0.0	0.0	0.0008898261630570945	0.6588629919975216
29	0	0.4042099351123982	10.0	0.13020319313173595	369951.530697849	54.0249650277902	0.0	0.0	0.040420993511239824	0.9922413781734324
29	4	0.00956822965429453	10.0	0.0008787940192822027	3344.7394504942877	0.8414335523442454	0.0	0.0	0.0009568229654294529	0.5490410515699413
30	0	0.4433085519869518	10.0	0.14193346494802495	405142.0053578826	62.60769105975661	0.0	0.0	0.04433085519869518	0.9705935980482021
30	4	0.010413048649401612	10.0	0.0011211246767485364	4267.450184525127	0.9150129236652759	0.0	0.0	0.0010413048649401614	0.6261654102558522
31	0	0.4837834146420331	10.0	0.15391149623828526	446976.1069331855	72.14508505792188	0.0	0.0	0.04837834146420331	0.9786596928402256
31	4	0.011308956001889294	10.0	0.0011684979235857024	4502.767612606876	0.9924783993511328	0.0	0.0	0.0011308956001889294	0.5953221278787832
32	0	0.5252428383880944	10.0	0.16745253451767855	485151.2857720061	82.54673222804526	0.0	0.0	0.05252428383880944	0.9824948524917246
32	4	0.012080881906848402	10.0	0.001022704759825677	3991.074801061381	1.059997610272999	0.0	0.0	0.0012080881906848405	0.5654810830111238
33	0	0.5672738666259286	10.0	0.17861652757678234	523840.2320305144	93.83404216526098	0.0	0.0	0.05672738666259286	0.9656798588942632
33	4	0.012904661645430398	10.0	0.001114938954947784	4385.01807931296	1.134373176509916	0.0	0.0	0.00129046616454304	0.6170821851949511
34	0	0.6094419016433081	10.0	0.18887841885400533	563656.7932445488	106.04528228624686	0.0	0.0	0.06094419016433082	0.9574240073784912
34	4	0.013549575202095165	10.0	0.0010209739888296866	4054.895769877237	1.2021781298874683	0.0	0.0	0.0013549575202095165	0.4691614647538653
35	0	0.6512903523300729	10.0	0.20660778926192025	609429.8583749214	119.34674248836048	0.0	0.0	0.0651290352330073	0.959335555793958
35	4	0.014291701040569444	10.0	0.0013110035270159244	5228.947440748817	1.2912573179534663	0.0	0.0	0.0014291701040569445	0.6218967096014931
36	0	0.6933609670032984	10.0	0.21788145070611487	648634.7770621835	133.53038322941256	0.0	0.0	0.06933609670032985	0.9429311462552314
36	4	0.01489808224036812	10.0	0.0011837925592778228	4914.748993448334	1.3739676001950576	0.0	0.0	0.001489808224036812	0.5731335172783892
37	0	0.7351094452858798	10.0	0.228436351973017	691724.1892700081	148.7117058184146	0.0	0.0	0.07351094452858799	0.9450379887904428
37	4	0.015481562076651191	10.0	0.001187022411333167	4953.194351335036	1.4568674393427754	0.0	0.0	0.0015481562076651194	0.476835007393034
38	0	0.7759653647203869	10.0	0.24390762806886365	733769.7223147965	164.87606039245694	0.0	0.0	0.0775965364720387	0.9408350994787088
38	4	0.01609093187827839	10.0	0.001262540275199788	5733.749925249661	1.553672954843216	0.006007687877816957	0.0064511348223092865	0.001609093187827839	0.44941449638169056
39	0	0.8153318487211555	10.0	0.25239124203427604	768164.1484305449	181.8354988334696	0.0	0.0	0.08153318487211555	0.9345760179947246
39	4	0.016616576922679406	10.0	0.0011704414166044375	5627.924682846379	1.6479125006503728	0.016966251534512932	0.01696992395193367	0.0016616576922679409	0.4997964701967312
40	0	0.8557050489363652	10.0	0.2611060572068111	803955.3642606874	199.5368421152729	0.0	0.0	0.08557050489363653	0.9377694563592014
40	4	0.01715469691954944	10.0	0.0014720860831042638	6375.3802529890345	1.7553744555685755	0.03276452245512728	0.030292046574011505	0.001715469691954944	0.5557143929071989
41	0	0.8968512939623343	10.0	0.2745243022717434	848531.1401019384	218.2184780242446	0.0	0.0	0.08968512939623344	0.9388608306913916
41	4	0.017660331106010497	10.0	0.001428190378906509	6750.730811703116	1.8690974549681758	0.05296374112716439	0.045272890236000604	0.0017660331106010496	0.5261039284325294
42	0	0.9382484895967266	10.0	0.2853336556037773	885498.0324746645	237.69273222975482	0.0	0.0	0.09382484895967266	0.9202499292345124
42	4	0.0183119877023003	10.0	0.0017245971637591113	8689.288853640825	2.017936694030344	0.08356023397111358	0.06493942837424423	0.0018311987702300302	0.5602373084712922
43	0	0.979350448600402	10.0	0.2925359102468408	921048.196673298	257.93815145997496	0.0	0.0	0.0979350448600402	0.9180106235097814
43	4	0.019015376198876083	10.0	0.0015643455982307134	9364.452780263618	2.178318110938902	0.12171421679314337	0.08615714516732856	0.0019015376198876078	0.5335926867863896
44	0	1.0202268015300855	10.0	0.3068115258340888	965127.2689051656	279.1701784259798	0.0	0.0	0.10202268015300857	0.9205831871740884
44	4	0.019735218134848208	10.0	0.0015468143737774119	9691.083002280147	2.343726623270733	0.16811500242186564	0.10909882327428362	0.001973521813484821	0.5494466061832629
45	0	1.0621084935325775	10.0	0.3153294415372883	1004023.3587652859	301.1913509277419	0.0	0.0	0.10621084935325777	0.9121199284701766
45	4	0.0205057666481893	10.0	0.0018769454566578293	11300.08663194086	2.5378342068662496	0.2298159937716401	0.1359646843705434	0.00205057666481893	0.5912608570754115
46	0	1.1044290217446362	10.0	0.3234797577844963	1041175.2016919705	323.972476998591	0.0	0.0	0.11044290217446362	0.9138574940513916
46	4	0.021334774740069957	10.0	0.0017982797410419707	13101.200523686384	2.7640110620829157	0.30119808802689985	0.1611772157182466	0.0021334774740069955	0.5621835850280155
47	0	1.1465969539796674	10.0	0.3319933745552217	1074595.466882743	347.43320749097984	0.0	0.0	0.11465969539796675	0.898621042723442
47	4	0.022153146660972182	10.0	0.0020700819220081123	13505.832092284165	2.9962422939519917	0.37598653529842985	0.18301663111413305	0.002215314666097218	0.5430785640444465
48	0	1.1880529150829218	10.0	0.3478852714013477	1122872.763688288	371.9834254222529	0.0	0.0	0.1188052915082922	0.8977302704096043
48	4	0.02330585580627555	10.0	0.002437147993162561	18181.631589525194	3.3134388821271963	0.4818749582692095	0.208651507911834	0.002330585580627555	0.6270813059135882
49	0	1.230660822516149	10.0	0.35052056422448125	1145657.1917576836	396.8618200672631	0.0	0.0	0.12306608225161493	0.8925032529979007
49	4	0.02448547123466388	10.0	0.0021029704579716333	18509.073273615726	3.634689629373963	0.5969324562545104	0.2325739635354611	0.0024485471234663887	0.5928058916045937
50	0	1.2738059558080113	10.0	0.362067694560463	1187193.3315948544	422.58662670377714	0.0	0.0	0.12738059558080114	0.8783758360530343
50	4	0.025678580736352503	10.0	0.002729586201883647	19235.437688221242	3.967342762025526	0.7277441072589763	0.2571904009623017	0.0025678580736352504	0.57487084368267
51	0	1.3168480116428312	10.0	0.3711877995103392	1222811.270284961	449.0210681110885	0.0	0.0	0.1316848011642831	0.8773382408787461
51	4	0.026968053178574317	10.0	0.0022979418572379165	21553.74701457777	4.340752273191623	0.8670374583519941	0.2768698263382591	0.002696805317857432	0.5453310496248737
52	0	1.359408546888721	10.0	0.3750631158799717	1251254.7654187058	475.98540824861533	0.0	0.0	0.1359408546888721	0.8762944827834672
52	4	0.028281208715430186	10.0	0.00275637463013928	23814.08888986617	4.75358991572858	1.020161337590863	0.2941292530591861	0.002828120871543019	0.6080898378061224
53	0	1.40322806367654	10.0	0.3920816834046895	1310292.3743935341	504.209634731052	0.0	0.0	0.140322806367654	0.870702860010712
53	4	0.02994574876568804	10.0	0.003240358009319732	28545.63556126973	5.251285536101112	1.2048660381027996	0.3107768653252541	0.0029945748765688035	0.6133062175558833
54	0	1.4476413343220176	10.0	0.3944159179803285	1333196.2313180238	532.7564514257319	0.0	0.0	0.14476413343220176	0.8629743924383395
54	4	0.03137423806933055	10.0	0.002918914092463277	24336.6334619036	5.668045637460192	1.3652249720906686	0.3236598282853953	0.003137423806933055	0.5611139651466914
55	0	1.4919571096368183	10.0	0.4038362065236373	1370052.1020884726	562.020666541963	0.0	0.0	0.1491957109636818	0.8707419209100001
55	4	0.033167399898280936	10.0	0.003579363329746889	30151.79135308835	6.18966869167295	1.5812720495297912	0.3408090675355829	0.003316739989828094	0.5736818495015621
56	0	1.5358790321142295	10.0	0.4125866363150272	1400901.489936795	591.8498922412173	0.0	0.0	0.15358790321142296	0.8604426479879137
56	4	0.03494760167178646	10.0	0.003751295842764239	29673.272595245824	6.699160484220455	1.7852797220087129	0.3530799112784193	0.0034947601671786463	0.5813647361968637
57	0	1.581110809783849	10.0	0.4247086598375719	1445957.0548725612	622.5426426996562	0.0	0.0	0.15811108097838492	0.8530669654641891
57	4	0.03677302174079817	10.0	0.004583413521804471	32284.671828172308	7.2537121041761665	2.0034999896419956	0.363441099587761	0.0036773021740798173	0.5806774108081191
58	0	1.6269347845918474	10.0	0.4336268617686031	1486957.4751301787	654.0144975589006	0.0	0.0	0.16269347845918475	0.8574189523838571
58	4	0.0386520615651878	10.0	0.004251708994418061	34115.20446030823	7.838605980205088	2.2354882427149483	0.37296372101809777	0.0038652061565187796	0.5376643752355604
59	0	1.6726070854621766	10.0	0.4349114720636933	1505902.9059401162	685.7076043280522	0.0	0.0	0.16726070854621766	0.8489522708284899
59	4	0.04065788655545395	10.0	0.005304723020235309	35468.718411345246	8.444833647388782	2.483270780676813	0.3826360994989295	0.0040657886555453965	0.5423493197686663
60	0	1.7177981866161376	10.0	0.4551624043396335	1563898.9253793163	718.6652472138716	0.0	0.0	0.17177981866161374	0.8389460377994297
60	4	0.04327398314338865	10.0	0.006437423803850039	45432.57685518598	9.23141603251686	2.8285700471271555	0.3970964669019129	0.0043273983143388645	0.5852989079996592
