11.247441493196291	1	1	1	1	4	0	11.247441493196291	1.0	0	0.0			15.0	0.0	0.0	0.0	0.0		0.0	0.0
11.247441493196291	2	2	1	1	0	0	11.247441493196291	1.0	0	0.0			100.0	0.0	0.0	0.0	0.0		0.0	0.0
11.367595075476835	1	1	1	1	4	0	11.367595075476835	1.0	0	0.0			15.0	0.0	0.0	0.0	0.0		0.0	0.0
11.367595075476835	2	2	1	1	0	0	11.367595075476835	1.0	0	0.0			100.0	0.0	0.0	0.0	0.0		0.0	0.0
22.856168219862568	1	1	1	1	4	0	22.856168219862568	2.0	0	0.0			14.552750241652504	0.0	0.0	0.0	0.7285827694774977	0.0	0.0	0.0
22.856168219862568	2	2	1	1	0	0	22.856168219862568	2.0	0	0.0			98.68366698886999	0.0	0.0	0.0	0.9714436926366636	0.0	0.0	0.0
34.4665080713728	1	1	1	1	4	0	34.4665080713728	3.0	0	0.0			13.791431040067982	0.0	0.0	0.0	2.1993864847666735	0.0	0.0	0.0
34.4665080713728	2	2	1	1	0	0	34.4665080713728	3.0	0	0.00011257771665567784			93.56925873044621	0.0	4.740114385502225	3.1600762570014824	2.932515313022233	2.6939980867011464	7.900190642503707	0.0
46.1993671861199	1	1	1	1	4	0	46.1993671861199	4.0	0	0.0			12.713098668736418	0.0	0.0	0.0	4.42587529936556	0.0	0.0	0.0
46.1993671861199	2	2	1	1	0	0	46.1993671861199	4.0	0	0.00033581469321961526	0.4556821588819738	0.7517231400455952	86.50442580068442	0.0	14.139566030299589	9.426377353533061	5.901167065820748	3.993437759172312	23.56594338383265	8.550911500533955e-12
58.05546181511435	1	1	1	1	4	0	58.05546181511435	5.0	0	0.0			11.314922877436091	0.0	0.0	0.0	7.421310407022852	0.0	0.0	0.0
58.05546181511435	2	2	1	1	0	0	58.05546181511435	5.0	0	0.0006675093645202824	0.5822268227912039	1.1019143948014816	80.49104040395616	0.0	28.105657453485573	18.737104968990387	9.895080542697137	4.73394453136082	46.842762422475964	3.0714953307024375e-11
70.03547169202406	1	1	1	1	4	0	70.03547169202406	6.0	0	2.500826149469408e-05			10.075555122184273	0.0	1.2504130747347042	0.0	8.825142047449571	0.14168758621806754	1.2504130747347042	0.0
70.03547169202406	2	2	1	1	0	0	70.03547169202406	6.0	0	0.000984906745624074	0.6369830221658384	0.9880514094077548	82.66396886571061	0.0	41.46975771048733	27.646505140324894	13.547706014898393	5.101694912393668	69.11626285081222	6.602091079547516e-11
82.14003983175478	1	1	1	1	4	0	82.14003983175478	7.0	0	3.1936333215977706e-05	1.1002766946117963	2.488532802825404	10.668014077061104	0.0	1.5968166607988854	0.0	9.07119741626222	0.1760315190513021	1.5968166607988854	2.316849347915583e-12
82.14003983175478	2	2	1	1	0	0	82.14003983175478	7.0	0	0.001190141533240915	0.7938245568925033	1.0702955154132243	99.37990973802256	0.0	50.11122245224905	33.4074816348327	15.861205650940793	5.265596192690933	83.51870408708177	1.1445988443611358e-10
94.36977233991071	1	1	1	1	4	0	94.36977233991071	8.0	0	3.617682472860797e-05	0.4458502349549031	1.3304614311577057	11.004099314132056	0.0	1.8088412364303983	0.0	9.195258077701657	0.19671456974294246	1.8088412364303983	1.5791029213242185e-12
94.36977233991071	2	2	1	1	0	0	94.36977233991071	8.0	0	0.0014260845061881615	0.7403593256676104	1.1357877619560632	118.57812762745169	0.0	60.045663418448896	40.030442278965936	18.502021930036854	5.408928066123825	100.07610569741483	1.31351827214142e-10
106.72523823319248	1	1	1	1	4	0	106.72523823319248	9.0	0	4.499554761260887e-05	0.7766204434054685	1.2763755591143064	11.680438970225673	0.0	2.2497773806304435	0.0	9.430661589595227	0.23855986764625345	2.2497773806304435	2.6853663812074758e-12
106.72523823319248	2	2	1	1	0	0	106.72523823319248	9.0	0	0.0017209720772158206	0.7848770709570805	1.1624197574734292	142.97238366077826	0.0	72.46198219856089	48.9657146354344	21.54468682678297	5.63608549106614	121.42769683399528	1.7330047896989526e-10
119.20696927078512	1	1	1	1	4	0	119.20696927078512	10.0	0	5.388191114525952e-05	0.5929562203103446	1.25518992305033	12.35335099868407	0.0	2.694095557262976	0.0	9.659255441421092	0.2789133772889036	2.694095557262976	2.7620900771884857e-12
119.20696927078512	2	2	1	1	0	0	119.20696927078512	10.0	0	0.002062269738485041	0.7508388338212902	1.144336369250713	171.53129522006566	0.0	86.83241004147541	59.808075682368155	24.890809496222076	5.891350610597884	146.64048572384357	2.4940655533805003e-10
131.81545979678634	1	1	1	1	4	0	131.81545979678634	11.0	0	7.169990790200086e-05	1.0586257282434317	0.9515500557915132	13.701840473307188	0.0	3.5849953951000426	0.0	10.116845078207145	0.35435902866819	3.5849953951000426	5.2440323157582914e-12
131.81545979678634	2	2	1	1	0	0	131.81545979678634	11.0	0	0.0025020956803986465	0.8645274417733882	1.037815584566409	208.6584280223686	0.0	105.35139706941669	74.23959205475997	29.067438898192	6.178424929461098	179.59098912417664	3.1387456154984434e-10
144.55116659372186	1	1	1	1	4	0	144.55116659372186	12.0	0	8.610861202918353e-05	0.5786150061986122	1.1269567260968396	14.801577880981153	0.0	4.305430601459176	0.0	10.496147279521976	0.4101915194977387	4.305430601459176	4.753461152779367e-12
144.55116659372186	2	2	1	1	0	0	144.55116659372186	12.0	0	0.003031147122432123	0.8139900966575593	1.1549334608554245	253.63926733175202	0.0	127.62724726029992	92.01401506093777	33.998005010514305	6.460416199518499	219.6412623212377	4.2782740446668453e-10
157.41450874719058	1	1	1	1	4	0	157.41450874719058	13.0	0	0.0001095994572350708	0.8188148675917898	1.6538900852639902	16.624342232566164	0.0	5.47997286175354	0.0	11.144369370812624	0.4917257028563432	5.47997286175354	7.19626003931446e-12
157.41450874719058	2	2	1	1	0	0	157.41450874719058	13.0	0	0.0036729853577322897	0.8123919466198394	1.1359611900863258	308.5502428756039	0.0	154.65201506241218	113.97283792371668	39.92538988947503	6.728171064321722	268.62485298612893	5.629574378533763e-10
170.4058675216809	1	1	1	1	4	0	170.4058675216809	14.0	0	0.00014320148150490143	0.8783080156494537	1.5625556481863652	19.11669636459437	0.0	7.160074075245071	0.0	11.956622289349305	0.5988375230037256	7.160074075245071	9.60729009836204e-12
170.4058675216809	2	2	1	1	0	0	170.4058675216809	14.0	0	0.004450419936822809	0.8075969308401216	1.0996527135065757	375.4380769804112	0.0	187.38610260306564	140.95900025647	47.0929741208755	6.9722736562944325	328.34510285953564	6.473677127100882e-10
183.52558624759342	1	1	1	1	4	0	183.52558624759342	15.0	0	0.00019235391547464423	1.0063795623555798	1.083746964513294	22.68889637973761	0.0	9.617695773732212	0.0	13.071200606005394	0.735792836758506	9.617695773732212	1.4711074517644357e-11
183.52558624759342	2	2	1	1	0	0	183.52558624759342	15.0	0	0.005380275428313435	0.797239666822566	1.1218944271709217	456.3236413580212	0.0	226.53791277109198	174.44423192510766	55.34149666182149	7.245596322529992	400.9821446961997	8.278644793303897e-10
196.77397021950497	1	1	1	1	4	0	196.77397021950497	16.0	0	0.00025456858340653596	0.8809936615506001	1.2210970499384384	27.18678487704379	0.0	12.728429170326798	0.0	14.458355706716993	0.8803510875315848	12.728429170326798	3.1442788616214805e-11
196.77397021950497	2	2	1	1	0	0	196.77397021950497	16.0	0	0.006463465225123414	0.7593993216725285	1.1524922723079352	551.4118417671915	0.0	272.1459042157227	214.5580120786294	64.7079254728394	7.521550300645039	486.70391629435204	1.1486364017343907e-09
210.1512866057031	1	1	1	1	4	0	210.1512866057031	17.0	0	0.0003323182087103305	0.8189764645491413	1.2086080251498732	32.843958664503624	0.0	16.615910435516525	0.0	16.228048228987102	1.023900730454856	16.615910435516525	3.683373005323546e-11
210.1512866057031	2	2	1	1	0	0	210.1512866057031	17.0	0	0.007835304476350401	0.8179226313629381	1.1181329660126773	672.7993585732469	0.0	329.9075568989643	266.5024687333039	76.38933294097869	7.807504041082244	596.4100256322681	1.5026906935444661e-09
223.65776436901845	1	1	1	1	4	0	223.65776436901845	18.0	0	0.0004510525334486453	1.0409615687865827	1.0367216087199729	41.635829864015776	0.0	22.55262667243227	0.0	19.0832031915835	1.1818050903728223	22.55262667243227	6.316583233740689e-11
223.65776436901845	2	2	1	1	0	0	223.65776436901845	18.0	0	0.009518590737854752	0.8309990271776125	1.1469159084254592	822.8174125918707	0.0	400.78276790967385	331.41344687545103	90.62119780674601	8.07974549560212	732.1962147851248	2.140245821419277e-09
237.29359419897813	1	1	1	1	4	0	237.29359419897813	19.0	0	0.0005549299334213879	0.6024299832936031	1.07009106970755	49.564215371732814	0.0	27.746496671069398	0.0	21.81771870066341	1.2717414250201016	27.746496671069398	6.109344434054946e-11
237.29359419897813	2	2	1	1	0	0	237.29359419897813	19.0	0	0.0115568337826769	0.8258707623374235	1.108319164158732	1005.6897837930355	0.0	486.603527691659	411.2343506402827	107.85190546109385	8.324728937272463	897.8378783319416	2.46282835481838e-09
251.0589284553002	1	1	1	1	4	0	251.0589284553002	20.0	0	0.000686876260891642	0.6571602550033313	1.3181979255621008	60.12639265258978	0.0	34.3438130445821	0.0	25.782579608007694	1.3320549598503102	34.3438130445821	8.081694601708456e-11
251.0589284553002	2	2	1	1	0	0	251.0589284553002	20.0	0	0.013993896480227409	0.810324445394874	1.1161024941960311	1226.347641581183	0.0	589.216693904312	509.188633768366	127.94231390850493	8.58516071905795	1098.4053276726781	3.1199742108079324e-09
264.95388112274634	1	1	1	1	4	0	264.95388112274634	21.0	0	0.0008425354073251984	0.6153075838826525	1.125137403368896	72.6401997296294	0.0	42.126770366259926	0.0	30.51342936336948	1.3805976989538884	42.126770366259926	9.656643244919528e-11
264.95388112274634	2	2	1	1	0	0	264.95388112274634	21.0	0	0.016755658693230917	0.8297167730213258	1.0907707083132163	1509.1746736811233	0.0	705.5014186623545	622.5917243799875	150.36575467711356	8.83241763321848	1328.0931430423418	4.3163406191002495e-09
278.9785277773454	1	1	1	1	4	0	278.9785277773454	22.0	0	0.000995695578775152	0.4897687914446822	0.884363273397022	85.26133077236531	0.0	49.784778938757604	0.0	35.476551833607715	1.4033150451672531	49.784778938757604	1.243544441638532e-10
278.9785277773454	2	2	1	1	0	0	278.9785277773454	22.0	0	0.01969049967453748	0.8231657442991982	1.111706785327978	1862.330331345877	0.0	829.0736705068413	745.3060199882736	174.03359066985013	9.046412732366056	1574.379690495115	5.811515554103639e-09
293.1329055639992	1	1	1	1	4	0	293.1329055639992	23.0	0	0.001221855925095707	0.6148301450713299	0.8866332205457156	103.56982341723264	0.0	61.092796254785355	0.0	42.47702716244729	1.4382549894827792	61.092796254785355	2.0217945720748154e-10
293.1329055639992	2	2	1	1	0	0	293.1329055639992	23.0	0	0.022778392310613776	0.8179488638183996	1.0984651924089712	2287.7279410277397	0.0	959.0902025521588	876.4775995001248	198.9514622630779	9.22620915258754	1835.567802052284	6.745017698239043e-09
307.41701318547484	1	1	1	1	4	0	307.41701318547484	24.0	0	0.0014691716792641027	0.5301993759784767	0.8546332420778593	123.5810568312196	0.0	73.45858396320514	0.0	50.12247286801447	1.4655817991390954	73.45858396320514	2.2229665799339586e-10
307.41701318547484	2	2	1	1	0	0	307.41701318547484	24.0	0	0.025998003214425768	0.8024208274663751	1.1010110894759673	2790.262667037615	0.0	1094.65276692319	1015.1943231509883	225.12392667437797	9.37193625414098	2109.8470900741777	7.674237980721908e-09
321.83081090278995	1	1	1	1	4	0	321.83081090278995	25.0	0	0.0017598666582789473	0.5210009406149487	0.8504051423972865	147.46004653592246	0.0	87.99333291394737	0.0	59.466713621975096	1.4797073447393376	87.99333291394737	2.6849367999122865e-10
321.83081090278995	2	2	1	1	0	0	321.83081090278995	25.0	0	0.029412916664863436	0.8071518502722752	1.0967053513380784	3378.826063691718	0.0	1238.4385964153025	1165.3268118364435	252.55441464956985	9.51781188060828	2403.765408251746	8.991405773259565e-09
336.3742205469876	1	1	1	1	4	0	336.3742205469876	26.0	0	0.0020856615754069573	0.49804295115271596	0.8391575827744608	175.1042816714269	0.0	104.28307877034786	0.0	70.82120290107906	1.4724838678044956	104.28307877034786	3.145331747009725e-10
336.3742205469876	2	2	1	1	0	0	336.3742205469876	26.0	0	0.03299618847441208	0.7838899616032668	1.0784233500114109	4043.2402282739254	0.0	1389.3131989226142	1325.6791681159766	281.24518752215033	9.653471374776016	2714.9923670385906	1.3638607195340079e-08
351.0471255422998	1	1	1	1	4	0	351.0471255422998	27.0	0	0.002500421151472646	0.5310018605469963	0.7968046728832665	209.84583558457032	0.0	125.02105757363232	0.0	84.82477801093796	1.473874267699364	125.02105757363232	3.9591393489758613e-10
351.0471255422998	2	2	1	1	0	0	351.0471255422998	27.0	0	0.036719210667223286	0.7987784329050097	1.052549309806708	4811.381922159499	0.0	1546.072028093612	1494.9781894487887	311.19729471334017	9.772097216795117	3041.0502175424012	1.34196477031484e-08
365.84937094069124	1	1	1	1	4	0	365.84937094069124	28.0	0	0.002996125122336345	0.5329425964933131	0.8131455786905091	251.93248923867557	0.0	149.80625611681728	0.0	102.12623312185828	1.4668734128092888	149.80625611681728	5.848400163559646e-10
365.84937094069124	2	2	1	1	0	0	365.84937094069124	28.0	0	0.04055167482634117	0.7757787933521538	1.0492465191264393	5664.376118676399	0.0	1707.43894005647	1671.87161939455	342.41053174180314	9.86917821207442	3379.31055945102	1.6573078448156745e-08
380.78076346777357	1	1	1	1	4	0	380.78076346777357	29.0	0	0.0036489154581200883	0.6106166822790183	0.8603986438904365	308.7871560839966	0.0	182.4457729060044	0.0	126.34138317799221	1.4440697760049943	182.4457729060044	7.369252103882537e-10
380.78076346777357	2	2	1	1	0	0	380.78076346777357	29.0	0	0.04446153651379653	0.7534639698757525	1.020897645681096	6598.147439273165	0.0	1872.0646953177481	1854.926448190405	374.88339881286834	9.941734297411676	3726.991143508153	1.8407985130661768e-08
395.84107158007737	1	1	1	1	4	0	395.84107158007737	30.0	0	0.0043426379455697274	0.5550562640221132	0.8783092869056178	374.3957940992158	0.0	217.13189727848638	0.0	151.63862911165046	1.4319035891482088	217.13189727848638	8.137244606362257e-10
395.84107158007737	2	2	1	1	0	0	395.84107158007737	30.0	0	0.048509022779304654	0.7548645048308609	1.0066689977458845	7621.291345756228	0.0	2042.4851696549329	2047.9068137357528	408.61306005774605	10.010428895279613	4090.391983390685	1.968532430243372e-08
411.03002553366304	1	1	1	1	4	0	411.03002553366304	31.0	0	0.0050428707702863465	0.5365698451021869	0.8547590814119546	454.4677349356843	0.0	252.14353851431736	0.0	177.87531168866073	1.4175297073022142	252.14353851431736	9.564094901137924e-10
411.03002553366304	2	2	1	1	0	0	411.03002553366304	31.0	0	0.05265496515391078	0.7221409939097327	1.0039816019737715	8716.501467436714	0.0	2217.0511643751897	2249.014022751358	443.5953034937597	10.06788203561171	4466.065187126548	2.3095105949825183e-08
426.3473174640513	1	1	1	1	4	0	426.3473174640513	32.0	0	0.00571735003524817	0.5918156998699685	0.9051961079193528	561.695714397633	0.0	285.8675017624085	0.0	205.04721040112895	1.3941545520330307	285.8675017624085	1.1369444379529326e-09
426.3473174640513	2	2	1	1	0	0	426.3473174640513	32.0	0	0.0568580679776942	0.7124417955655027	0.9837166369997444	9898.053522604445	0.0	2394.023914850282	2456.3474899298944	479.8245017770507	10.108636359370179	4850.371404780177	2.4879078900911547e-08
441.79260147745117	1	1	1	1	4	0	441.79260147745117	33.0	0	0.006442169775412177	0.5847107425282653	0.9498503832617072	680.3913189628847	0.0	322.1084887706088	11.86334260539778	233.14901443296924	1.4324393872658814	333.9718313760066	1.3411961699139676e-09
441.79260147745117	2	2	1	1	0	0	441.79260147745117	33.0	0	0.06107487147943216	0.6920388525016975	0.9698480536009554	11168.16720273858	0.0	2571.57353597609	2667.902912548177	517.2935738195044	10.128632393087566	5239.476448524267	2.7675448171798212e-08
457.365493753255	1	1	1	1	4	0	457.365493753255	34.0	0	0.007167559154660566	0.5869775232024659	0.8740452149208691	815.8594100364445	0.0	358.3779577330283	33.638863238761594	262.174294574714	1.4952526967134592	392.01682097178985	1.9956300178038493e-09
457.365493753255	2	2	1	1	0	0	457.365493753255	34.0	0	0.06525971654810864	0.6821996585502397	0.971028382180734	12526.116425739605	0.0	2747.7775388677314	2881.570525564481	555.9939473418308	10.124836954333304	5629.348064432214	2.9260173980727368e-08
473.0655726577729	1	1	1	1	4	0	473.0655726577729	35.0	0	0.007857005855251332	0.5791373583110672	0.8738337870564266	966.4510075009399	0.0	392.8502927625666	63.26574790347243	292.11547589442847	1.5614237461040266	456.116040666039	2.05230640706572e-09
473.0655726577729	2	2	1	1	0	0	473.0655726577729	35.0	0	0.06946677801543119	0.6709014666828751	0.9568973039524412	13970.927708993515	0.0	2924.9169690707868	3100.863503521704	595.9155224347834	10.1118031763503	6025.780472592492	3.1593551148022016e-08
488.8923788691719	1	1	1	1	4	0	488.8923788691719	36.0	0	0.008575463248146509	0.6091811188460959	0.8458965231961314	1142.8111407487809	0.0	428.7731624073253	98.57176754760937	322.9638112186624	1.6328297835137209	527.3449299549347	2.4480534661405543e-09
488.8923788691719	2	2	1	1	0	0	488.8923788691719	36.0	0	0.07364162584368933	0.6742240471626744	0.954862732644268	15517.384546194631	0.0	3100.700035523761	3323.216334189069	637.0466362004286	10.083902817582302	6423.91636971283	3.731763833374158e-08
504.8454155135833	1	1	1	1	4	0	504.8454155135833	37.0	0	0.009287012413680571	0.5726770581555019	0.8081746929934417	1323.1775487230325	7.015059303619688	464.35062068402846	137.2716074713363	354.70935547721723	1.6960991269766683	608.6372874589845	2.6243145466757623e-09
504.8454155135833	2	2	1	1	0	0	504.8454155135833	37.0	0	0.07772721778714002	0.6675653254678751	0.9431248132742536	17156.907741886913	0.0	3272.7249594585273	3545.9354688180656	679.3740285451684	10.036681035450053	6818.660428276593	3.902305021705151e-08
520.9241483123367	1	1	1	1	4	0	520.9241483123367	38.0	0	0.00995399959305847	0.5684844771374282	0.8074462238394041	1521.6640931636466	20.920301141753512	497.6999796529235	176.96529644246598	387.3409409652578	1.7417866399924478	695.585577237143	2.938327897456785e-09
520.9241483123367	2	2	1	1	0	0	520.9241483123367	38.0	0	0.08166386618721691	0.6471975771268448	0.9403835174208508	18855.21553314914	0.0	3438.478576303869	3766.1976257348383	722.8828091958893	9.966589480877195	7204.676202038707	4.220938087439457e-08
537.1280057402779	1	1	1	1	4	0	537.1280057402779	39.0	0	0.010657622870552658	0.6119758925704378	0.8364625683913302	1747.2067920702843	41.57746167947757	532.8811435276328	228.13453234226182	420.8461535759435	1.8082989933578328	802.5931375493723	3.2082897224279983e-09
537.1280057402779	2	2	1	1	0	0	537.1280057402779	39.0	0	0.08570118620873787	0.6456486887477914	0.9339687319285519	20640.857017458347	0.0	3608.4709982626473	3992.854188346542	767.5564260101368	9.903278676359882	7601.32518660919	4.6915823371315495e-08
553.4563791951257	1	1	1	1	4	0	553.4563791951257	40.0	0	0.011339934295491044	0.6194717054328946	0.8453135278224547	1993.2252280487414	68.8346330571118	566.9967147745522	285.8563949510358	455.21131005630485	1.8735323373667907	921.6877427826996	4.077902326788889e-09
553.4563791951257	2	2	1	1	0	0	553.4563791951257	40.0	0	0.08981581071133478	0.6309350883934564	0.9216306754893594	22480.79419623523	0.0	3781.7183457404108	4223.850651650228	813.3766346506186	9.842388699583664	8005.568997390638	5.3059388166994336e-08
569.9086231778117	1	1	1	1	4	0	569.9086231778117	41.0	0	0.01205750717819612	0.6074483172808266	0.8114020534452108	2249.7216448327717	102.52601851334668	602.8753589098058	344.97084620866616	490.42143633853567	1.9327177298672933	1050.3722236318183	4.4343109753256085e-09
569.9086231778117	2	2	1	1	0	0	569.9086231778117	41.0	0	0.093955530274774	0.6262309244433659	0.9230735376710716	24412.838763447282	0.0	3956.022327358906	4456.255960474887	860.323469693593	9.778041148673827	8412.278287833793	5.2046996698967586e-08
586.4840554837581	1	1	1	1	4	0	586.4840554837581	42.0	0	0.012793926573763676	0.5855971170750596	0.8181178723434667	2516.0187042108355	142.47170017444452	639.6963286881837	400.0782610971759	526.4602469982174	1.975029635597312	1182.246289959804	4.882971575291729e-09
586.4840554837581	2	2	1	1	0	0	586.4840554837581	42.0	0	0.09806572617514156	0.6164229369991296	0.9153995945626252	26420.640237311214	0.0	4129.0832073743795	4687.00380049552	908.3752172398353	9.705336341801829	8816.087007869899	5.7369849698831846e-08
603.1819574050269	1	1	1	1	4	0	603.1819574050269	43.0	0	0.013507639629208328	0.5505707398323098	0.8088290475005104	2795.939842556765	188.47742008486333	675.3819814604162	445.5372001664082	563.310125890236	1.9898793401864776	1309.3966017116875	5.208877192568004e-09
603.1819574050269	2	2	1	1	0	0	603.1819574050269	43.0	0	0.10215336146810994	0.6060381123106934	0.9115501936159556	28491.01227573493	0.0	4301.194167078313	4916.4850801007615	957.50838909586	9.626734712875976	9217.679247179076	6.122130700624911e-08
620.0015739432909	1	1	1	1	4	0	620.0015739432909	44.0	0	0.014155251582868528	0.5609327834536899	0.8077674459032691	3101.926285373781	240.3343750448304	707.7625791434264	486.7965064426599	600.9521080122946	1.987777511151766	1434.8934606309167	5.648637041756747e-09
620.0015739432909	2	2	1	1	0	0	620.0015739432909	44.0	0	0.10634153066835908	0.6031204151862197	0.9059834639454142	30640.759531531803	0.0	4477.538133404593	5151.610368535803	1007.6976985919383	9.555592431535032	9629.148501940395	6.49761700411569e-08
636.9421140335545	1	1	1	1	4	0	636.9421140335545	45.0	0	0.014822859351174656	0.5442404065366954	0.7793568468586036	3408.4066242316053	297.8190258094122	741.1429675587327	539.6599945120054	639.3658626449549	2.0032395173121382	1578.6219878801505	5.8055782389978704e-09
636.9421140335545	2	2	1	1	0	0	636.9421140335545	45.0	0	0.11057358348956496	0.5990061480716119	0.8981683377804889	32873.326435886185	0.0	4655.729831139577	5389.199298849115	1058.9160381021518	9.486048722041998	10044.929129988692	7.08564488037628e-08
654.0027507785644	1	1	1	1	4	0	654.0027507785644	46.0	0	0.015510856393707516	0.5808761929831457	0.8022089718259047	3751.973729986113	360.69292119149117	775.5428196853758	598.4568926302895	678.5296778160938	2.0249662722756683	1734.6926335071564	7.413083983011277e-09
654.0027507785644	2	2	1	1	0	0	654.0027507785644	46.0	0	0.1147903767130681	0.5873179346873051	0.8933544757819017	35180.37363404307	0.0	4833.279019497604	5625.931549993151	1111.1344583303367	9.4130917199773	10459.210569490755	7.022908793544426e-08
671.1826216938364	1	1	1	1	4	0	671.1826216938364	47.0	0	0.016251214070218876	0.5558088795458165	0.7707442564059618	4094.9429832294377	428.702537597776	812.5607035109438	657.2664508030814	718.4204461364809	2.045914982262068	1898.529691911801	7.716854883089851e-09
671.1826216938364	2	2	1	1	0	0	671.1826216938364	47.0	0	0.11893597282339352	0.577083139090715	0.8824324017008087	37537.873556637205	0.0	5007.830434669201	5858.666770221947	1164.3221494241866	9.332895719853097	10866.497204891148	7.334744098339544e-08
688.4808289632283	1	1	1	1	4	0	688.4808289632283	48.0	0	0.01699837405191845	0.5622536518272546	0.8045631243288212	4467.125208836234	501.57913451254234	849.9187025959226	709.916576233926	759.0136520519306	2.055081979899785	2061.4144133423906	8.475947608549473e-09
688.4808289632283	2	2	1	1	0	0	688.4808289632283	48.0	0	0.12319676356671624	0.5696876150933254	0.8753213660526769	39975.91065269707	0.0	5187.232150177527	6097.86905756638	1218.4464239781196	9.261877244383921	11285.101207743908	7.985938830890213e-08
705.8964397049822	1	1	1	1	4	0	705.8964397049822	49.0	0	0.017704868122522692	0.5503381107992935	0.7892052147726856	4861.355676960049	579.0386264282525	885.2434061261348	752.8416297505372	800.2833605561118	2.046881288070737	2217.1236623049244	8.952386956093952e-09
705.8964397049822	2	2	1	1	0	0	705.8964397049822	49.0	0	0.1275112768959025	0.5663086325681546	0.8795141842779924	42477.33442989315	0.0	5368.895869301157	6340.0873497312205	1273.4727019836944	9.194530201388096	11708.98321903238	8.32273761520853e-08
723.4284862481575	1	1	1	1	4	0	723.4284862481575	50.0	0	0.018461581529923204	0.5342326718762512	0.7781441667744283	5248.3659520541305	660.7814717055172	923.0790764961604	810.4757308638319	842.2022074066376	2.0583593727426392	2394.336279065509	9.199081468297831e-09
723.4284862481575	2	2	1	1	0	0	723.4284862481575	50.0	0	0.13181548247938446	0.5543069490616971	0.8702100620114566	45025.74185732519	0.0	5550.125578079344	6581.726961435473	1329.3644977843953	9.126054261065754	12131.852539514817	8.467877691013625e-08
741.0759664193733	1	1	1	1	4	0	741.0759664193733	51.0	0	0.01919662047646905	0.5400464093124824	0.7789679373107081	5658.287898472563	746.4925788270981	959.8310238234523	876.5594057224796	884.7413908855009	2.0756239602489552	2582.88300837303	9.822016913375513e-09
741.0759664193733	2	2	1	1	0	0	741.0759664193733	51.0	0	0.13607153600397345	0.5529841649741674	0.8568902065652254	47676.732794608186	0.0	5729.32783174625	6820.663299658013	1386.0834090895464	9.05428277194932	12549.991131404262	9.284628067882367e-08
758.8378438397727	1	1	1	1	4	0	758.8378438397727	52.0	0	0.02000182147417077	0.547505750228068	0.7821573244811479	6084.858769588842	835.8412304917856	1000.0910737085388	944.5756310611807	927.8706651432608	2.095838113892164	2780.5079352615053	1.1582492500637892e-08
758.8378438397727	2	2	1	1	0	0	758.8378438397727	52.0	0	0.1404534876827554	0.5477357568918052	0.8593844858038027	50381.40142436751	0.0	5913.831060326542	7066.667604431735	1443.5891080998929	8.991823637297808	12980.498664758275	9.644618129163668e-08
776.7130482321257	1	1	1	1	4	0	776.7130482321257	53.0	0	0.020827063658357882	0.5568301490469982	0.7683512255924995	6550.683939030262	928.4810259740648	1041.3531829178944	1007.7495086544756	971.5583351646426	2.109088685060917	2977.583717546435	1.2459010053260116e-08
776.7130482321257	2	2	1	1	0	0	776.7130482321257	53.0	0	0.14489481474730315	0.5447991533989112	0.8523154634433605	53162.72501624991	0.0	6100.834305149606	7316.005264195819	1501.8393347950687	8.93360511906968	13416.839569345424	1.0840044082950003e-07
794.7004757379742	1	1	1	1	4	0	794.7004757379742	54.0	0	0.021620272042586347	0.5461408145809802	0.7561749223712924	7024.793111801187	1024.0498421545199	1081.0136021293176	1059.048258242922	1015.7712533913674	2.1068344405565624	3164.1117025267595	1.2985999091127488e-08
794.7004757379742	2	2	1	1	0	0	794.7004757379742	54.0	0	0.1493263922787832	0.5382609597827138	0.8489668703693555	56002.65358809255	0.0	6287.427043317186	7564.795581752593	1560.789892430702	8.875136039929734	13852.22262506978	1.0743811677285676e-07
812.7989892447298	1	1	1	1	4	0	812.7989892447298	55.0	0	0.02247648173836941	0.5111805915146557	0.7641127016377883	7482.979180724749	1122.1698136039506	1123.8240869184706	1118.4605119973603	1060.4748180361064	2.1144156945360746	3364.4544125197813	1.280168996145371e-08
812.7989892447298	2	2	1	1	0	0	812.7989892447298	55.0	0	0.15371858452652434	0.5323098489098052	0.8441541816508982	58910.4999083471	0.0	6472.361453748393	7811.3747956608695	1620.394645290354	8.814973741689817	14283.73624940926	1.126494525710768e-07
831.0074187226242	1	1	1	1	4	0	831.0074187226242	56.0	0	0.023315306640768828	0.5195614389112143	0.7679544740096972	7975.736228538721	1222.4473320812006	1165.7653320384416	1185.9135452722826	1105.6329731194267	2.126997778182854	3574.126209391924	1.5151019444555532e-08
831.0074187226242	2	2	1	1	0	0	831.0074187226242	56.0	0	0.1582417622934863	0.5273007821438427	0.8414517861387479	61871.70336388375	0.0	6662.811043936264	8065.30758257803	1680.6055187347808	8.763578640157114	14728.118626514297	1.194203207503806e-07
849.3245615714155	1	1	1	1	4	0	849.3245615714155	57.0	0	0.0241416864862768	0.4922444670864552	0.7433656740064345	8456.461761177216	1324.473065780785	1207.0843243138402	1254.223101530684	1151.2082102595027	2.13802108420483	3785.780491625309	1.5268924322391223e-08
849.3245615714155	2	2	1	1	0	0	849.3245615714155	57.0	0	0.16282415977428613	0.5234379429170252	0.8385865712587566	64877.55307467526	0.0	6855.754095759416	8322.5649850089	1741.372501588216	8.716296522958157	15178.319080768313	1.2471022666939284e-07
867.7491829767432	1	1	1	1	4	0	867.7491829767432	58.0	0	0.024978306669258925	0.4967085982601642	0.7454759155903408	8963.818487056229	1427.8219986415347	1248.9153334629464	1315.9445103417586	1197.1615722421816	2.142450863170408	3992.6818424462404	1.6809387393319795e-08
867.7491829767432	2	2	1	1	0	0	867.7491829767432	58.0	0	0.16739138986131905	0.5186662340362017	0.8252715364763807	67978.48191452806	0.0	7048.058520476589	8578.970884631799	1802.6436508984546	8.668950958399199	15627.02940510839	1.3052148797838518e-07
886.2800162760308	1	1	1	1	4	0	886.2800162760308	59.0	0	0.02576799745460559	0.4822892827497462	0.7365036555778335	9484.086250826911	1532.0534900017474	1288.3998727302796	1363.3739103596945	1243.4526583967242	2.1325892587733115	4183.8272730917215	1.7425560581742674e-08
886.2800162760308	2	2	1	1	0	0	886.2800162760308	59.0	0	0.17191049997671515	0.5110605240364692	0.8304271279253254	71118.95671852074	0.0	7238.336841124847	8832.675312162806	1864.3650991045115	8.620099228958349	16071.012153287656	1.3586123108037953e-07
