11.247441493196291	1	1	1	1	4	0	11.247441493196291	1.0	0	0.0			15.0	0.0	0.0	0.0	0.0		0.0	0.0
11.247441493196291	2	2	1	1	0	0	11.247441493196291	1.0	0	0.0			100.0	0.0	0.0	0.0	0.0		0.0	0.0
11.367595075476835	1	1	1	1	4	0	11.367595075476835	1.0	0	0.0			15.0	0.0	0.0	0.0	0.0		0.0	0.0
11.367595075476835	2	2	1	1	0	0	11.367595075476835	1.0	0	0.0			100.0	0.0	0.0	0.0	0.0		0.0	0.0
22.856168219862568	1	1	1	1	4	0	22.856168219862568	2.0	0	0.0			14.552750241652504	0.0	0.0	0.0	0.7285827694774977	0.0	0.0	0.0
22.856168219862568	2	2	1	1	0	0	22.856168219862568	2.0	0	0.0			98.68366698886999	0.0	0.0	0.0	0.9714436926366636	0.0	0.0	0.0
34.4665080713728	1	1	1	1	4	0	34.4665080713728	3.0	0	0.0			13.791431040067982	0.0	0.0	0.0	2.1993864847666735	0.0	0.0	0.0
34.4665080713728	2	2	1	1	0	0	34.4665080713728	3.0	0	0.00011257771665567784			93.56925873044621	0.0	4.740114385502225	3.1600762570014824	2.932515313022233	2.6939980867011464	7.900190642503707	0.0
46.1993671861199	1	1	1	1	4	0	46.1993671861199	4.0	0	0.0			12.713098668736418	0.0	0.0	0.0	4.42587529936556	0.0	0.0	0.0
46.1993671861199	2	2	1	1	0	0	46.1993671861199	4.0	0	0.00033581469321961526	0.29361844593338504	0.7974411657753183	85.93499632238908	0.0	14.139566030299589	9.426377353533061	5.901167065820748	3.993437759172312	23.56594338383265	5.998422163083744e-12
58.05546181511435	1	1	1	1	4	0	58.05546181511435	5.0	0	0.0			11.314922877436091	0.0	0.0	0.0	7.421310407022852	0.0	0.0	0.0
58.05546181511435	2	2	1	1	0	0	58.05546181511435	5.0	0	0.0006675093645202824	0.5506755701704262	1.0400663420357958	79.68936828166723	0.0	28.105657453485573	18.737104968990387	9.895080542697137	4.73394453136082	46.842762422475964	2.965293863921864e-11
70.03547169202406	1	1	1	1	4	0	70.03547169202406	6.0	0	2.500826149469408e-05			10.075555122184273	0.0	1.2504130747347042	0.0	8.825142047449571	0.14168758621806754	1.2504130747347042	0.0
70.03547169202406	2	2	1	1	0	0	70.03547169202406	6.0	0	0.0009815971549231386	0.6627266690434295	1.0595395295903136	82.39362994579483	0.0	41.33040652307953	27.55360434871969	13.509619073995614	5.09888624501579	68.8840108717992	6.783725801128101e-11
82.14003983175478	1	1	1	1	4	0	82.14003983175478	7.0	0	2.837496194517335e-05	0.5072407529057822	2.617978616259268	10.363460893157551	0.0	1.418748097258668	0.0	8.944712795898884	0.15861304098094228	1.418748097258668	1.3539276760212746e-12
82.14003983175478	2	2	1	1	0	0	82.14003983175478	7.0	0	0.0011468516145737152	0.6119794612569823	0.9611148847548072	95.85325737290566	0.0	48.28848903468275	32.192326023121836	15.372442315101061	5.235395482911948	80.48081505780459	9.384467388301684e-11
94.36977233991071	1	1	1	1	4	0	94.36977233991071	8.0	0	3.838525949040659e-05	1.8256963523219167	1.073764057275419	11.156839022466354	0.0	1.9192629745203302	0.0	9.237576047946025	0.20776694714703636	1.9192629745203302	2.977084498638867e-12
94.36977233991071	2	2	1	1	0	0	94.36977233991071	8.0	0	0.0013632454332388256	0.6934128702303669	1.0600296226219426	113.46079884262879	0.0	57.39980771531896	38.26653847687932	17.794452650430493	5.3761893142514765	95.66634619219828	1.209654708066721e-10
106.72523823319248	1	1	1	1	4	0	106.72523823319248	9.0	0	4.97075240916856e-05	0.9652962035345982	2.2253279669347505	12.025184320006284	0.0	2.4853762045842807	0.0	9.539808115422005	0.2605268548920218	2.4853762045842807	3.310939221669259e-12
106.72523823319248	2	2	1	1	0	0	106.72523823319248	9.0	0	0.0016432500202698936	0.7762217074004757	1.0750252626173142	136.62387608843463	0.0	69.18947453767973	46.750847386420965	20.683554164333945	5.6054351685855055	115.9403219241007	1.6469690345079504e-10
119.20696927078512	1	1	1	1	4	0	119.20696927078512	10.0	0	6.179723001955016e-05	0.7377067958718391	2.061088616074882	12.940666621567972	0.0	3.0898615009775092	0.0	9.850805120590461	0.3136658844787197	3.0898615009775092	3.570088706622913e-12
119.20696927078512	2	2	1	1	0	0	119.20696927078512	10.0	0	0.001958168512225645	0.7231972284141814	1.0521179567359782	162.97544652317637	0.0	82.44920051476402	56.75519367300978	23.771052335402576	5.856046767456511	139.2043941877738	2.4934596505901415e-10
131.81545979678634	1	1	1	1	4	0	131.81545979678634	11.0	0	6.68072933248265e-05	0.24733433352585105	1.1777102207036434	13.319834814636845	0.0	3.3403646662413258	0.0	9.979470148395515	0.3347236493090151	3.3403646662413258	2.3749087951483964e-12
131.81545979678634	2	2	1	1	0	0	131.81545979678634	11.0	0	0.0023278713595993386	0.707360347639684	1.1202327240254442	194.1832617150526	0.0	98.01563619365636	68.88583942705526	27.28178609434097	6.1176887408897285	166.90147562071164	2.4828042143663116e-10
144.55116659372186	1	1	1	1	4	0	144.55116659372186	12.0	0	8.87994174055043e-05	1.0339903351269062	1.0232937716621646	14.998373100401325	0.0	4.439970870275215	0.0	10.55840223012611	0.4205154126072903	4.439970870275215	6.4566787989950135e-12
144.55116659372186	2	2	1	1	0	0	144.55116659372186	12.0	0	0.0028094404935813323	0.7984842850814906	1.1573751325314434	235.1270757017316	0.0	118.29223130868769	85.06500994630514	31.769834446738745	6.400953759954766	203.35724125499283	3.654334760983786e-10
157.41450874719058	1	1	1	1	4	0	157.41450874719058	13.0	0	0.00010936823063999486	0.6757142822698771	1.187053697797291	16.59440334919131	0.0	5.468411531999744	0.0	11.125991817191567	0.4914987914650546	5.468411531999744	6.545187430317906e-12
157.41450874719058	2	2	1	1	0	0	157.41450874719058	13.0	0	0.003407383409248913	0.8178522764910682	1.1210206930663211	286.2826893954013	0.0	143.46877512627003	105.52206882042694	37.29184544870434	6.676817436916301	248.99084394669697	5.164120291908042e-10
170.4058675216809	1	1	1	1	4	0	170.4058675216809	14.0	0	0.00014341497271556792	0.8951875337596896	1.39213340101109	19.11974341837105	0.0	7.170748635778398	0.0	11.948994782592655	0.6001131280285412	7.170748635778398	9.703969868889073e-12
170.4058675216809	2	2	1	1	0	0	170.4058675216809	14.0	0	0.004112002325652967	0.7829181945633548	1.1052415712801111	346.90571087545806	0.0	173.13694002749335	129.98066761732272	43.788103230641966	6.922373550830147	303.11760764481613	5.84001748038725e-10
183.52558624759342	1	1	1	1	4	0	183.52558624759342	15.0	0	0.00019475665503864692	1.1675102595107645	1.3442374099147774	22.851049145466494	0.0	9.737832751932348	0.0	13.113216393534147	0.7425968168064299	9.737832751932348	1.5227426934241086e-11
183.52558624759342	2	2	1	1	0	0	183.52558624759342	15.0	0	0.0049708190233010065	0.7961109315589244	1.1507273714986492	421.61180652352266	0.0	209.29764308635814	160.90770557624066	51.406457860923844	7.201533894129809	370.2053486625988	7.723398388722803e-10
196.77397021950497	1	1	1	1	4	0	196.77397021950497	16.0	0	0.00023802707646279126	0.567613530264935	0.9793760082597448	25.979339262040163	0.0	11.901353823139562	0.0	14.0779854389006	0.8453875644915414	11.901353823139562	2.632159339017456e-11
196.77397021950497	2	2	1	1	0	0	196.77397021950497	16.0	0	0.0060335501701388955	0.8263609802177546	1.1035511506838092	514.9040370903106	0.0	254.04421769005867	200.26384031098613	60.59597908926561	7.4973301005961295	454.30805800104486	1.082364815933095e-09
210.1512866057031	1	1	1	1	4	0	210.1512866057031	17.0	0	0.00029463063639847547	0.6076819839928297	1.290379699658742	30.097895130237216	0.0	14.731531819923775	0.0	15.366363310313439	0.9586869399369476	14.731531819923775	2.8751521279085782e-11
210.1512866057031	2	2	1	1	0	0	210.1512866057031	17.0	0	0.007305239046118469	0.8113838765241901	1.1712546164155613	627.4297245329002	0.0	307.58901246814605	248.41612027926269	71.42459178549144	7.784505572215966	556.0051327474089	1.3326341947222718e-09
223.65776436901845	1	1	1	1	4	0	223.65776436901845	18.0	0	0.00037651426915372014	0.7422454599792595	1.4165366089225535	36.161098455130116	0.0	18.825713457686003	0.0	17.33538499744411	1.0859703121944868	18.825713457686003	4.8567744228242295e-11
223.65776436901845	2	2	1	1	0	0	223.65776436901845	18.0	0	0.008865207053873215	0.8277131353332415	1.153467214511144	766.4573933297273	0.0	373.2718759525564	308.5716930832145	84.61382429395648	8.058299866780414	681.843569035771	1.7720423843870707e-09
237.29359419897813	1	1	1	1	4	0	237.29359419897813	19.0	0	0.00047674909134449436	0.7167669634492617	1.1157799966261497	43.81146621399257	0.0	23.837454567224718	0.0	19.974011646767842	1.1934234839140112	23.837454567224718	5.4168485749944183e-11
237.29359419897813	2	2	1	1	0	0	237.29359419897813	19.0	0	0.010819877512980185	0.8644297128220428	1.144486560652575	941.8315827237856	0.0	455.57379002021827	385.11975883263125	101.138033870936	8.312338263621706	840.6935488528494	2.2859289710263508e-09
251.0589284553002	1	1	1	1	4	0	251.0589284553002	20.0	0	0.0006177153290016253	0.8564575717703227	1.3456634892736603	55.095678675955114	0.0	30.885766450081263	0.0	24.20991222587386	1.275748799166348	30.885766450081263	7.849340587005663e-11
251.0589284553002	2	2	1	1	0	0	251.0589284553002	20.0	0	0.013158684182418574	0.8372647288894058	1.1240077672426867	1153.5930897123478	0.0	554.0498603123608	479.1247800864061	120.4184493135808	8.57986999739786	1033.174640398767	3.0211020476284662e-09
264.95388112274634	1	1	1	1	4	0	264.95388112274634	21.0	0	0.0007555264635286665	0.6051902532483455	1.0531524258105636	66.17464184677961	0.0	37.77632317643332	0.0	28.398318670346285	1.3302309765218463	37.77632317643332	8.563451334802728e-11
264.95388112274634	2	2	1	1	0	0	264.95388112274634	21.0	0	0.015920446395422082	0.8477824098031059	1.1227064955782455	1419.233101413526	0.0	670.3345850704034	592.5278706980275	142.84189008218945	8.840981136848551	1262.862455768431	5.049314765378028e-09
278.9785277773454	1	1	1	1	4	0	278.9785277773454	22.0	0	0.000924923492918876	0.6220845750487136	1.03844842372697	80.13376768180534	0.0	46.246174645943796	0.0	33.887593035861556	1.3646934025973392	46.246174645943796	1.352572270749829e-10
278.9785277773454	2	2	1	1	0	0	278.9785277773454	22.0	0	0.018855287376728643	0.8782742107174626	1.1186915167874092	1766.7130414404705	0.0	793.9068369148903	715.2421663063138	166.50972607492602	9.063428538355275	1509.1490032212039	5.335910541040266e-09
293.1329055639992	1	1	1	1	4	0	293.1329055639992	23.0	0	0.0011419031285339425	0.6365577811285987	0.933832151957231	97.69904880811649	0.0	57.09515642669712	0.0	40.60389238141937	1.4061498314093717	57.09515642669712	1.7482637290136414e-10
293.1329055639992	2	2	1	1	0	0	293.1329055639992	23.0	0	0.02194318001280494	0.8456343331664942	1.130724257660776	2185.6627406757298	0.0	923.923368960208	846.4137458181648	191.42759766815377	9.248076747258317	1770.3371147783728	6.851167390203704e-09
307.41701318547484	1	1	1	1	4	0	307.41701318547484	24.0	0	0.0013751130898115606	0.5407114854807072	0.7786777597390582	116.56893028932484	0.0	68.75565449057804	0.0	47.81327579874679	1.4380034277505027	68.75565449057804	2.1389904565649173e-10
307.41701318547484	2	2	1	1	0	0	307.41701318547484	24.0	0	0.025162790916616933	0.8569189850253691	1.1260666683895877	2692.860981866383	0.0	1059.4859333312393	985.1304694690283	217.60006207945386	9.396212405737746	2044.616402800268	8.123058089094555e-09
321.83081090278995	1	1	1	1	4	0	321.83081090278995	25.0	0	0.001659840185017179	0.5570051527357679	0.8653799820545007	139.95769124455865	0.0	82.99200925085897	0.0	56.96568199369968	1.4568773048313148	82.99200925085897	2.7483296338708166e-10
321.83081090278995	2	2	1	1	0	0	321.83081090278995	25.0	0	0.028577704367054608	0.825267575554592	1.1055996958847607	3270.876251241685	0.0	1203.2717628233515	1135.2629581544834	245.0305500546457	9.543849615716507	2338.534720977835	8.688643658408654e-09
336.3742205469876	1	1	1	1	4	0	336.3742205469876	26.0	0	0.0019829854911230004	0.5323936617273948	0.8245378244364482	167.3771025222795	0.0	99.14927455615002	0.0	68.22782796612947	1.4532087201335349	99.14927455615002	3.245990576485897e-10
336.3742205469876	2	2	1	1	0	0	336.3742205469876	26.0	0	0.03216097617660325	0.8342769919205273	1.098304451748365	3945.913170704042	0.0	1354.1463653306628	1295.6153144340167	273.72132292722614	9.680508816147904	2649.7616797646797	1.0733968020698024e-08
351.0471255422998	1	1	1	1	4	0	351.0471255422998	27.0	0	0.0024080398783933193	0.5813654665181264	0.8862757815327101	202.98098188643212	0.0	120.40199391966594	0.0	82.57898796676619	1.4580221541116682	120.40199391966594	4.0034429828979975e-10
351.0471255422998	2	2	1	1	0	0	351.0471255422998	27.0	0	0.03588399836941445	0.8179813357373563	1.0907529637957831	4710.779923349945	0.0	1510.9051945016608	1464.9143357668286	303.67343011841604	9.7994069784376	2975.81953026849	1.3139543250934136e-08
365.84937094069124	1	1	1	1	4	0	365.84937094069124	28.0	0	0.0028816509378849268	0.5307043141366438	0.8667131479232273	243.191885569223	0.0	144.08254689424638	0.0	99.1093386749766	1.4537736687635137	144.08254689424638	5.262055298554136e-10
365.84937094069124	2	2	1	1	0	0	365.84937094069124	28.0	0	0.03971646252853234	0.812982092805617	1.0699521122521105	5572.2112638656445	0.0	1672.2721064645186	1641.8077657125898	334.88666714687895	9.896123665991087	3314.079872177109	1.5965496319389602e-08
380.78076346777357	1	1	1	1	4	0	380.78076346777357	29.0	0	0.003459052229215925	0.5565514607872208	0.9342841744181314	293.4805559970237	0.0	172.9526114607962	0.0	120.52794453622755	1.434958607535294	172.9526114607962	6.6750916753923e-10
380.78076346777357	2	2	1	1	0	0	380.78076346777357	29.0	0	0.043626324215987694	0.7880813889302714	1.0609644149766482	6520.897848502706	0.0	1836.8978617257967	1824.8625945084452	367.35953421794426	9.967783915094527	3661.760456234242	1.600943888155557e-08
395.84107158007737	1	1	1	1	4	0	395.84107158007737	30.0	0	0.004152774716665565	0.5978074701476093	0.8869675968417701	360.1088662923732	0.0	207.63873583327825	0.0	145.8251904698858	1.423887979602245	207.63873583327825	8.287882536992041e-10
395.84107158007737	2	2	1	1	0	0	395.84107158007737	30.0	0	0.04767381048149583	0.7827771713138062	1.0282161425337253	7567.613880242309	0.0	2007.3183360629816	2017.8429600537925	401.08919546282186	10.035576479371601	4025.1612961167743	1.9615566771975742e-08
411.03002553366304	1	1	1	1	4	0	411.03002553366304	31.0	0	0.004853007541382184	0.5762490764752491	0.8918784062257421	439.99218305972886	0.0	242.6503770691092	0.0	172.0618730468961	1.4102507009381096	242.6503770691092	9.650124628845338e-10
411.03002553366304	2	2	1	1	0	0	411.03002553366304	31.0	0	0.051819752856101936	0.7840133251687186	1.017388870711705	8721.375111868325	0.0	2181.884330783239	2218.950169069398	436.0714388988356	10.092003528058596	4400.834499852636	2.4110332172455195e-08
426.3473174640513	1	1	1	1	4	0	426.3473174640513	32.0	0	0.005527486806344008	0.5674267406250646	0.8918911384373227	538.9764764508792	0.0	276.3743403172004	0.0	199.23377175936432	1.3871862078232742	276.3743403172004	1.1455815719470254e-09
426.3473174640513	2	2	1	1	0	0	426.3473174640513	32.0	0	0.05602285567988537	0.7432093270718559	1.0173489394074704	9935.178555868904	0.0	2358.857081258331	2426.2836362479347	472.3006371821266	10.131556768705012	4785.140717506265	2.393007552452879e-08
441.79260147745117	1	1	1	1	4	0	441.79260147745117	33.0	0	0.006252306546508014	0.6082531270600904	0.8885804896839016	658.6330464425977	0.0	312.6153273254007	11.86334260539778	227.33557579120458	1.4273114482918177	324.4786699307985	1.426857443635041e-09
441.79260147745117	2	2	1	1	0	0	441.79260147745117	33.0	0	0.06023965918162333	0.7293724972138589	1.0009739311862325	11238.019148823623	0.0	2536.40670238414	2637.8390588662164	509.76970922458025	10.150163235710874	5174.245761250357	2.5829580957897823e-08
457.365493753255	1	1	1	1	4	0	457.365493753255	34.0	0	0.006977695925756404	0.6131477397049245	0.9404217409372108	795.0617411741232	0.0	348.8847962878202	33.638863238761594	256.3608559329493	1.4921297486486396	382.5236595265818	1.9266478565356333e-09
457.365493753255	2	2	1	1	0	0	457.365493753255	34.0	0	0.0644245042502998	0.7179395541801439	0.9803844637322524	12630.948249841647	0.0	2712.61070527578	2851.506671882522	548.4700827469067	10.144796502466447	5564.117377158302	3.2429168264960786e-08
473.0655726577729	1	1	1	1	4	0	473.0655726577729	35.0	0	0.007667142626347169	0.5561739851265926	0.8613820971977655	933.6798251390646	0.0	383.3571313173585	63.26574790347243	286.3020372526638	1.5599710135023688	446.62287922083084	1.9453949620592506e-09
473.0655726577729	2	2	1	1	0	0	473.0655726577729	35.0	0	0.06863156571762236	0.7022489553970579	0.9823982693740716	14108.701660302202	0.0	2889.7501354788346	3070.7996498397442	588.3916578398592	10.13024183109823	5960.549785318579	3.24387238631811e-08
488.8923788691719	1	1	1	1	4	0	488.8923788691719	36.0	0	0.008385600019242346	0.558841563494727	0.8617187179645208	1089.674780164293	0.0	419.28000096211724	98.57176754760937	317.1503725768977	1.6328272431216078	517.8517685097266	2.270736483782359e-09
488.8923788691719	2	2	1	1	0	0	488.8923788691719	36.0	0	0.0728064135458805	0.6936417590231773	0.9721681928497858	15683.419331404255	0.0	3065.533201931809	3293.152480507109	629.5227716055044	10.100803289803217	6358.685682438919	3.878448480848361e-08
504.8454155135833	1	1	1	1	4	0	504.8454155135833	37.0	0	0.009097149184776408	0.5515220088994075	0.845333114759314	1259.4233571981727	7.015059303619688	454.85745923882035	137.2716074713363	348.89591683545257	1.6971510359905375	599.1441260137765	2.5814138184632367e-09
504.8454155135833	2	2	1	1	0	0	504.8454155135833	37.0	0	0.0768920054893312	0.685938239197711	0.9656178117218528	17339.014609676928	0.0	3237.558125866576	3515.871615136106	671.8501639502442	10.051987933283923	6753.429741002682	3.972598304602627e-08
520.9241483123367	1	1	1	1	4	0	520.9241483123367	38.0	0	0.009764136364154305	0.5516865011008169	0.8243073011933734	1447.1261965419567	20.920301141753512	488.2068182077153	176.96529644246598	381.52750232349314	1.7434447336019012	686.0924157919347	2.9072410289368275e-09
520.9241483123367	2	2	1	1	0	0	520.9241483123367	38.0	0	0.08082865388940806	0.6635486188551556	0.9712848241998604	19058.491054630358	0.0	3403.3117427119178	3736.1337720528777	715.3589446009652	9.980228203824662	7139.445514764796	4.3800765920425266e-08
537.1280057402779	1	1	1	1	4	0	537.1280057402779	39.0	0	0.010467759641648491	0.5663455599854611	0.8267531328683383	1650.0579596003793	41.57746167947757	523.3879820824246	228.13453234226182	415.03271493417884	1.8107548811998408	793.0999761041638	3.108302475456545e-09
537.1280057402779	2	2	1	1	0	0	537.1280057402779	39.0	0	0.08486597391092904	0.6712209318303521	0.937926253745943	20874.833231360244	0.0	3573.304164670695	3962.790334664581	760.0325614152125	9.915488996027683	7536.094499335277	4.876493486556325e-08
553.4563791951257	1	1	1	1	4	0	553.4563791951257	40.0	0	0.01115007106658688	0.5578659389380566	0.8249339635587857	1867.8015295029863	68.8346330571118	557.5035533293441	285.8563949510358	449.39787141454025	1.8766442876682767	912.1945813374916	3.6816175475768083e-09
553.4563791951257	2	2	1	1	0	0	553.4563791951257	40.0	0	0.08898059841352594	0.6507009811270342	0.9499942430989258	22748.557501404877	0.0	3746.55151214846	4193.786797968268	805.8527700556945	9.853336248466267	7940.338310116727	4.823965983682483e-08
569.9086231778117	1	1	1	1	4	0	569.9086231778117	41.0	0	0.011867643949291951	0.5029183589083505	0.7770537359299573	2074.122483128222	102.52601851334668	593.3821974645978	344.97084620866616	484.607997696771	1.9363135733067496	1040.8790621866106	4.186421826280805e-09
569.9086231778117	2	2	1	1	0	0	569.9086231778117	41.0	0	0.09312031797696516	0.6412086915097741	0.9286745122438006	24703.14191965273	0.0	3920.8554937669537	4426.192106792926	852.7996050986688	9.787818322915529	8347.04760055988	5.538339656751028e-08
586.4840554837581	1	1	1	1	4	0	586.4840554837581	42.0	0	0.012604063344859513	0.4915097762156412	0.7348582489005139	2291.823268339797	142.47170017444452	630.2031672429756	400.0782610971759	520.6468083564525	1.9788490235683645	1172.753128514596	4.3030330845829965e-09
586.4840554837581	2	2	1	1	0	0	586.4840554837581	42.0	0	0.09723051387733272	0.6423382807203519	0.9246458436207668	26759.004998551987	0.0	4093.916373782429	4656.93994681356	900.851352644911	9.713984771076118	8750.856320595989	5.7571201163491634e-08
603.1819574050269	1	1	1	1	4	0	603.1819574050269	43.0	0	0.013317776400304165	0.4686378842151674	0.7197253488352315	2522.0456565610884	188.47742008486333	665.8888200152084	445.5372001664082	557.4966872484713	1.9936011201556498	1299.9034402664795	4.5437403131959205e-09
603.1819574050269	2	2	1	1	0	0	603.1819574050269	43.0	0	0.1013181491703011	0.6285630628286507	0.9154545286591858	28874.893762353622	0.0	4266.027333486361	4886.421226418803	949.984524500936	9.634313321802061	9152.448559905164	6.093753770616233e-08
620.0015739432909	1	1	1	1	4	0	620.0015739432909	44.0	0	0.013965388353964363	0.4461802408547687	0.6982308721304481	2758.2683503370977	240.3343750448304	698.2694176982183	486.7965064426599	595.1386693705299	1.99124336080246	1425.4002991857087	4.915340602433905e-09
620.0015739432909	2	2	1	1	0	0	620.0015739432909	44.0	0	0.10550631837055026	0.6249694660454475	0.920915076867762	31075.849243941117	0.0	4442.371299812642	5121.546514853842	1000.173833997014	9.562255569560357	9563.917814666484	6.679515394503692e-08
636.9421140335545	1	1	1	1	4	0	636.9421140335545	45.0	0	0.014632996122270491	0.4652772139815262	0.7202945513429265	3011.9021746175954	297.8190258094122	731.6498061135247	539.6599945120054	633.5524240031901	2.0066371028818417	1569.1288264349425	5.316703452319715e-09
636.9421140335545	2	2	1	1	0	0	636.9421140335545	45.0	0	0.10973837119175613	0.6181164033596911	0.9162168628328532	33346.2686225067	0.0	4620.562997547626	5359.135445167155	1051.3921735072277	9.49188960521226	9979.69844271478	6.816397914341973e-08
654.0027507785644	1	1	1	1	4	0	654.0027507785644	46.0	0	0.015320993164803353	0.473149409009287	0.7282199253403988	3283.283920203555	360.69292119149117	766.0496582401677	598.4568926302895	672.716239174329	2.028353816083302	1725.1994720619489	7.405810883294118e-09
654.0027507785644	2	2	1	1	0	0	654.0027507785644	46.0	0	0.11395516441525927	0.5992309777689395	0.9028405249053492	35664.19755744285	0.0	4798.112185905653	5595.867696311191	1103.6105937354127	9.418158851697985	10393.979882216845	7.152687723936581e-08
671.1826216938364	1	1	1	1	4	0	671.1826216938364	47.0	0	0.01606135084131471	0.4603728283275771	0.7212015210627972	3557.932263201953	428.702537597776	803.0675420657358	657.2664508030814	712.6070074947162	2.049283795289713	1889.036530466593	7.0929498721542046e-09
671.1826216938364	2	2	1	1	0	0	671.1826216938364	47.0	0	0.11810076052558473	0.6003030910480869	0.8978894357445631	38087.68048516136	0.0	4972.663601077251	5828.602916539988	1156.7982848292625	9.337208275003148	10801.266517617238	7.383211844588284e-08
688.4808289632283	1	1	1	1	4	0	688.4808289632283	48.0	0	0.016808510823014287	0.46071459287397704	0.704730097469513	3852.825585998285	501.57913451254234	840.4255411507144	709.916576233926	753.2002134101658	2.058339986874618	2051.9212518971826	7.030824880687396e-09
688.4808289632283	2	2	1	1	0	0	688.4808289632283	48.0	0	0.12236155126890742	0.5955056805031964	0.8850280207292275	40583.25615433052	0.0	5152.0653165855765	6067.805203884423	1210.9225593831954	9.265555781027842	11219.870520469998	8.444799362452535e-08
705.8964397049822	1	1	1	1	4	0	705.8964397049822	49.0	0	0.017515004893618527	0.4998550521289475	0.7225074009235972	4200.004111636627	579.0386264282525	875.7502446809267	752.8416297505372	794.4699219143471	2.049910046320224	2207.6305008597164	8.352596858393585e-09
705.8964397049822	2	2	1	1	0	0	705.8964397049822	49.0	0	0.12667606459809366	0.5843279881461872	0.8859614732061268	43150.241903970964	0.0	5333.729035709206	6310.023496049263	1265.9488373887702	9.197648584105217	11643.75253175847	9.14570102551646e-08
723.4284862481575	1	1	1	1	4	0	723.4284862481575	50.0	0	0.018271718301019042	0.4766867276117861	0.7197967445534907	4541.502544625374	660.7814717055172	913.5859150509523	810.4757308638319	836.3887687648728	2.0613161131524658	2384.8431176203007	8.764446941078638e-09
723.4284862481575	2	2	1	1	0	0	723.4284862481575	50.0	0	0.13098027018157565	0.5745296169600113	0.8790613016735879	45771.86634850728	0.0	5514.958744487394	6551.663107753513	1321.8406331894712	9.128651025899648	12066.621852240909	8.523106002371324e-08
741.0759664193733	1	1	1	1	4	0	741.0759664193733	51.0	0	0.019006757247564884	0.4890915640821266	0.7315278833247478	4905.228016366905	746.4925788270981	950.3378623782443	876.5594057224796	878.9279522437363	2.0785517896398704	2573.389846927822	9.903482246729522e-09
741.0759664193733	2	2	1	1	0	0	741.0759664193733	51.0	0	0.13523632370616462	0.5667098370814891	0.8634781727381239	48442.93453698002	0.0	5694.1609981543	6790.599445976053	1378.5595444946225	9.056380984041748	12484.760444130352	8.807422515236948e-08
758.8378438397727	1	1	1	1	4	0	758.8378438397727	52.0	0	0.01981195824526661	0.48566648231401705	0.721765911405029	5284.994775292829	835.8412304917856	990.5979122633307	944.5756310611807	922.0572265014963	2.098756441253672	2771.014773816297	1.054790145773416e-08
758.8378438397727	2	2	1	1	0	0	758.8378438397727	52.0	0	0.13961827538494653	0.5727328772664824	0.8703124524388125	51230.4040960399	0.0	5878.6642267345915	7036.603750749776	1436.065243504969	8.99351059145641	12915.267977484364	9.516536670224337e-08
776.7130482321257	1	1	1	1	4	0	776.7130482321257	53.0	0	0.020637200429453724	0.4735232216526886	0.7204076526388238	5670.049417834511	928.4810259740648	1031.8600214726864	1007.7495086544756	965.744896522878	2.1119547589334267	2968.090556101227	1.1311752755549064e-08
776.7130482321257	2	2	1	1	0	0	776.7130482321257	53.0	0	0.14405960244949428	0.5600007201886035	0.8582928676413237	54063.15051967751	0.0	6065.667471557654	7285.9414105138585	1494.3154702001443	8.934933184010493	13351.60888207151	1.0480988192781175e-07
794.7004757379742	1	1	1	1	4	0	794.7004757379742	54.0	0	0.02143040881368219	0.4661746920710974	0.7244311022590719	6071.689687338149	1024.0498421545199	1071.5204406841094	1059.048258242922	1009.9578147496028	2.10956207062496	3154.6185410815515	1.168224019923456e-08
794.7004757379742	2	2	1	1	0	0	794.7004757379742	54.0	0	0.1484911799809743	0.5473216194729487	0.8569726622107409	56922.91944856459	0.0	6252.260209725236	7534.731728070634	1553.266027835778	8.876130482944887	13786.991937795869	1.0440933683804104e-07
812.7989892447298	1	1	1	1	4	0	812.7989892447298	55.0	0	0.02228661850946525	0.4976717409938517	0.7230811837441314	6502.757398327035	1122.1698136039506	1114.3309254732624	1118.4605119973603	1054.6613793943416	2.1170694984136462	3354.9612510745733	1.2241484647501481e-08
812.7989892447298	2	2	1	1	0	0	812.7989892447298	55.0	0	0.15288337222871545	0.5435310156759399	0.8425994556169739	59844.858765827805	0.0	6437.194620156441	7781.310941978909	1612.87078069543	8.815650783880331	14218.50556213535	1.127994028778366e-07
831.0074187226242	1	1	1	1	4	0	831.0074187226242	56.0	0	0.02312544341186467	0.4660373873941481	0.7132908171204239	6935.8607136198425	1222.4473320812006	1156.272170593233	1185.9135452722826	1099.8195344776618	2.1296091244441224	3564.6330479467156	1.4194131754513112e-08
831.0074187226242	2	2	1	1	0	0	831.0074187226242	56.0	0	0.1574065499956774	0.5404853044843622	0.838645997254608	62849.59270316466	0.0	6627.644210344312	8035.243728896072	1673.081654139857	8.764000192673606	14662.887939240383	1.155739627078584e-07
849.3245615714155	1	1	1	1	4	0	849.3245615714155	57.0	0	0.02395182325737264	0.4581517116272347	0.7196520268099225	7373.311416036566	1324.473065780785	1197.591162868632	1254.223101530684	1145.3947716177381	2.140584473715042	3776.2873301801005	1.5223409095779757e-08
849.3245615714155	2	2	1	1	0	0	849.3245615714155	57.0	0	0.16198894747647724	0.5268146664584888	0.8362656533499807	65883.90837689381	0.0	6820.587262167464	8292.501131326939	1733.8486369932916	8.716498125062618	15113.088393494405	1.239596174163111e-07
867.7491829767432	1	1	1	1	4	0	867.7491829767432	58.0	0	0.02478844344035477	0.484832889876583	0.7388793045685551	7866.301858548972	1427.8219986415347	1239.4221720177381	1315.9445103417586	1191.3481336004165	2.1449369922096833	3983.188681001031	1.6180286173128636e-08
867.7491829767432	2	2	1	1	0	0	867.7491829767432	58.0	0	0.16655617756351015	0.5270880281850335	0.8371170352102925	69008.53173537005	0.0	7012.891686884639	8548.90703094984	1795.1197863035302	8.668947240495289	15561.798717834483	1.2703577181734713e-07
886.2800162760308	1	1	1	1	4	0	886.2800162760308	59.0	0	0.025578134225701425	0.4728714799942771	0.7167311987402111	8371.027335924797	1532.0534900017474	1278.9067112850717	1363.3739103596945	1237.6392197549596	2.134936077872445	4174.3341116465135	1.6208850720693713e-08
886.2800162760308	2	2	1	1	0	0	886.2800162760308	59.0	0	0.17107528767890626	0.5205950213181183	0.8327604431472081	72201.61417195384	0.0	7203.170007532895	8802.611458480847	1856.8412345095874	8.619897688905562	16005.781466013745	1.336364558034911e-07
