NumAxe Jour Diam     X1       Y1       Z1      X2       Y2       Z2
    1     7    0.70  -50.00    0.00   10.00  -49.68    0.30   14.98
    1     7    0.70  -49.68    0.30   14.98  -49.05    0.68   19.93
    1     7    0.70  -49.05    0.68   19.93  -47.96    0.89   24.80
    1     7    0.70  -47.96    0.89   24.80  -47.22    0.97   29.75
    1     7    0.70  -47.22    0.97   29.75  -46.00    1.04   34.60
    1     7    0.70  -46.00    1.04   34.60  -45.00    1.42   39.48
    1     7    0.70  -45.00    1.42   39.48  -43.86    2.14   44.29
    1     9    0.70  -43.86    2.14   44.29  -42.30    2.72   49.01
    1     9    0.70  -42.30    2.72   49.01  -40.46    3.60   53.57
    1     9    0.70  -40.46    3.60   53.57  -38.84    4.83   58.14
    1     9    0.70  -38.84    4.83   58.14  -37.51    5.69   62.88
    1     9    0.70  -37.51    5.69   62.88  -36.17    6.46   67.64
    1     9    0.70  -36.17    6.46   67.64  -35.00    6.89   72.48
    1     9    0.70  -35.00    6.89   72.48  -34.07    7.00   77.39
    2     9    0.70  -50.00    0.00   10.00  -50.52   -2.47   14.31
    2     9    0.70  -50.52   -2.47   14.31  -51.04   -5.00   18.60
    2     9    0.70  -51.04   -5.00   18.60  -51.82   -7.74   22.70
    2     9    0.70  -51.82   -7.74   22.70  -52.25  -10.48   26.87
    2     9    0.70  -52.25  -10.48   26.87  -52.88  -13.49   30.81
    2     9    0.70  -52.88  -13.49   30.81  -53.23  -16.82   34.52
    2     9    0.70  -53.23  -16.82   34.52  -53.82  -20.39   37.98
