1	4	0.0	1.0	0.0	0.0	0.015	0.0		0.0	
2	4	0.0	1.0	0.0	0.0	0.015	0.0		0.0	
3	4	0.0	1.0	0.0	0.0	0.014552750241652503	0.0		0.0	
4	4	0.0	1.0	0.0	0.0	0.013791431040067982	0.0		0.0	
5	4	0.0	1.0	0.0	0.0	0.01271309866873642	0.0		0.0	
6	4	0.0	1.0	0.0	0.0	0.011314922877436092	0.0		0.0	
7	4	2.500826149469408e-05	1.0	0.0	0.0	0.010075555122184271	0.0	0.0	2.500826149469408e-05	
8	4	2.9037735231288483e-05	1.0	2.392273440215416e-05	22.076113368132553	0.010420138419633749	0.0	0.0	2.9037735231288483e-05	1.1281001503222443
9	4	3.3433578945602704e-05	1.0	1.7538600729959765e-05	22.39992718370413	0.01076853628163908	0.0	0.0	3.3433578945602704e-05	1.1261223657600763
10	4	3.836180713319418e-05	1.0	1.5938817701692194e-05	24.118185706973467	0.011146499871309593	0.0	0.0	3.836180713319418e-05	1.040288342508935
11	4	4.582835646338685e-05	1.0	3.6738408677192625e-05	34.38724972703742	0.011711897723524848	0.0	0.0	4.582835646338685e-05	1.254658434562982
12	4	5.4668004306095694e-05	1.0	4.015906886135116e-05	40.184652462244735	0.012380893920909264	0.0	0.0	5.4668004306095694e-05	1.1594260467117825
13	4	6.383727828431925e-05	1.0	3.072624400014517e-05	42.08134812252997	0.013080734344174005	0.0	0.0	6.383727828431925e-05	1.0408757357137108
14	4	7.577629657704802e-05	1.0	4.984696962682614e-05	54.57703311878906	0.01400713851338003	0.0	0.0	7.577629657704802e-05	1.270869654835916
15	4	8.977834298289849e-05	1.0	4.768943258478129e-05	60.96098764471391	0.015045708628568156	0.0	0.0	8.977834298289849e-05	1.0750606539300018
16	4	0.00010892559318361635	1.0	8.455705675184591e-05	80.4109798270412	0.016437253297527172	0.0	0.0	0.00010892559318361635	1.285424415446916
17	4	0.00013124749022376867	1.0	9.648539537691912e-05	92.90878777420146	0.018051043216728645	0.0	0.0	0.00013124749022376867	1.1763688860206722
18	4	0.00015764544047290372	1.0	9.10089697644745e-05	110.06557691309031	0.0199717957812402	0.0	0.0	0.00015764544047290372	1.1221291057796496
19	4	0.0001894793633502298	1.0	0.00011286496855413125	134.33178449538923	0.02232898903878806	0.0	0.0	0.0001894793633502298	1.1428010326003677
20	4	0.00022867014823804244	1.0	0.00015732315921495094	169.43593801932988	0.025320204173380597	0.0	0.0	0.00022867014823804244	1.142312884370756
21	4	0.0002753052020411812	1.0	0.0002045820989780868	210.5911387805484	0.029053295614535707	0.0	0.0	0.0002753052020411812	1.1483306278651768
22	4	0.0003308287026519116	1.0	0.00023599907092382538	251.38774451184275	0.03351696119926993	0.0	0.0	0.0003308287026519116	1.0913794133368502
23	4	0.000394638999424754	1.0	0.00027915204981986423	295.8976131059078	0.03877523500388675	0.0	0.0	0.000394638999424754	1.209073845867102
24	4	0.00047303538082176335	1.0	0.0003185012364541573	356.5614275105018	0.04512170376175189	0.0	0.0	0.00047303538082176335	1.1563069479296724
25	4	0.0005668487527984041	1.0	0.0003725670508447425	426.0424593005922	0.05271249105425685	0.0	0.0	0.0005668487527984041	1.1728026546782164
26	4	0.0006839239730603531	1.0	0.0005230337909123001	538.2528058498334	0.06232957487450452	0.0	0.0	0.0006839239730603531	1.1947709196741585
27	4	0.0008193198419475318	1.0	0.0006018630059110358	642.7780874673948	0.07381813727715998	0.0	0.0	0.0008193198419475318	1.1552258517205944
28	4	0.000979637601794604	1.0	0.0006553965906727625	751.6565044663173	0.08724685217217015	0.0	0.0	0.000979637601794604	1.2082358631049035
29	4	0.001173564914590892	1.0	0.0008559571474726555	920.4956912880851	0.1037118234603927	0.0	0.0	0.001173564914590892	1.1779156821928922
30	4	0.001404925175477818	1.0	0.0010553884108610002	1125.4838363402318	0.12386210730027235	0.0	0.0	0.001404925175477818	1.18452655888602
31	4	0.0016797344205419394	1.0	0.001185372325996654	1327.7270474327738	0.1476237483144375	0.0	0.0	0.0016797344205419394	1.1789452360929498
32	4	0.0020046046830409442	1.0	0.0014015313680154813	1587.6233939213087	0.1760396670379768	0.0	0.0	0.0020046046830409442	1.1721928615170265
33	4	0.0023827096303362444	1.0	0.0016815265119553475	1906.8467240624293	0.2101771533525523	0.0	0.0	0.0023827096303362444	1.1525638982774076
34	4	0.0027674121144490465	1.0	0.0019544351545603893	2259.821082005356	0.2506240221304346	0.0	0.0	0.0027674121144490465	1.1709299285844228
35	4	0.0031625371887096256	1.0	0.002318690654156161	2651.278657955303	0.2980518557603903	0.0	0.0	0.0031625371887096256	1.1384398805152496
36	4	0.0035630771710646095	1.0	0.00265605466246826	3057.276234398328	0.35268543444096545	0.0	0.0	0.0035630771710646095	1.1759242596623891
37	4	0.004005846723955459	1.0	0.0030672376301838795	3523.5431172322337	0.4155933918915313	0.0	0.0	0.004005846723955459	1.1581055777149305
38	4	0.004453365268166872	1.0	0.003421314143447066	3987.8268931762323	0.4866869433814629	0.004412019968790664	0.014299292120583304	0.004453365268166872	1.1749330658113806
39	4	0.004903776653348463	1.0	0.0038551923902694967	4534.549012882854	0.5674383265020888	0.013802124353466321	0.037580969404003406	0.004903776653348463	1.146908125275638
40	4	0.005353102101568214	1.0	0.004213509263716128	5047.805445214694	0.6571681104555632	0.02699354114487129	0.061969011522684914	0.005353102101568214	1.182969577571537
41	4	0.005794077750340177	1.0	0.004584442928168888	5589.676730711729	0.7563486539855149	0.04460976211468176	0.08703191293688155	0.005794077750340177	1.1640232390192369
42	4	0.0062797667317655926	1.0	0.005015595460391858	6259.238167825918	0.8672806676071338	0.06741376583255253	0.11241849641759036	0.0062797667317655926	1.16090140027287
43	4	0.0068153277599642	1.0	0.005343098897201882	6902.030555151485	0.98939531258874	0.09646426405581562	0.13868309605344167	0.0068153277599642	1.1548332445168612
44	4	0.007400104849961708	1.0	0.005932444526588056	7606.815335018971	1.1237680181349885	0.1341588120358776	0.16775024786163362	0.007400104849961708	1.135712086318874
45	4	0.007990679687082008	1.0	0.00662535606318816	8431.549928766643	1.272538734814047	0.18144857028685998	0.1984785753491975	0.007990679687082008	1.1771099244548668
46	4	0.00858000294153735	1.0	0.006935062538026493	9132.180258022872	1.4333227871100642	0.2321924996988348	0.2230321232609832	0.00858000294153735	1.1666603170191463
47	4	0.0091922797177358	1.0	0.007465401303888216	9888.287558245174	1.6070699384353864	0.2881465570445672	0.2441991017684284	0.0091922797177358	1.14898283204146
48	4	0.009881753992247794	1.0	0.007995565250492167	10811.965562608762	1.796795931675616	0.3514819993844328	0.26376794407251314	0.009881753992247794	1.1569402057380251
49	4	0.010627323600160143	1.0	0.00846043005620906	11597.181756752863	1.9998407443342312	0.4242034741937946	0.28373286040557993	0.010627323600160143	1.1607233048014036
50	4	0.011333817670764388	1.0	0.009321115630154326	12794.404808797844	2.235271677816318	0.5016629661095049	0.3038927025730333	0.011333817670764388	1.1658521085799871
51	4	0.0120905310781649	1.0	0.00978255479844206	13445.396283919035	2.476279882584376	0.5834058113867695	0.3191493698319576	0.0120905310781649	1.1604222472758596
52	4	0.012825570024710744	1.0	0.010656272281510792	14734.832367622748	2.744044527374969	0.6691169185083504	0.3318128537075609	0.012825570024710744	1.1637735208299005
53	4	0.013630771022412471	1.0	0.011276830586796448	15797.391111392622	3.033313664396213	0.758465570173038	0.34255011292701776	0.013630771022412471	1.160493840568644
54	4	0.014456013206599581	1.0	0.011694489432048814	16687.313439414203	3.3434747033951138	0.8511053656553171	0.35297270111760504	0.014456013206599581	1.1539827941373533
55	4	0.015249221590828047	1.0	0.012576557464489442	17819.318317128993	3.6850313920293583	0.9466741818357725	0.36441691675203786	0.015249221590828047	1.157156283654546
56	4	0.01610543128661111	1.0	0.01333561969158077	19179.158598359794	4.053291139461772	1.0447941532852028	0.373391404646177	0.01610543128661111	1.1585854299573528
57	4	0.01694425618901053	1.0	0.013948730280305131	20052.411578259584	4.437102662789797	1.1450716717624527	0.3807017071450875	0.01694425618901053	1.1630231216455749
58	4	0.0177706360345185	1.0	0.014669766443548154	21450.248759337257	4.853342784975122	1.2470974054620372	0.3873639040269609	0.0177706360345185	1.1534676468079472
59	4	0.018607256217500628	1.0	0.015300525681229396	22612.033687476636	5.2983897559745925	1.350446338322787	0.3941357842218426	0.018607256217500628	1.1562940102744652
60	4	0.01939694700284729	1.0	0.016373982906615025	23805.911977681157	5.77756465265346	1.454677829683	0.4021231484187567	0.01939694700284729	1.152742293475917
