1	4	0.0	1.0	0.0	0.0	0.015	0.0		0.0	
2	4	0.0	1.0	0.0	0.0	0.015	0.0		0.0	
3	4	0.0	1.0	0.0	0.0	0.014552750241652503	0.0		0.0	
4	4	0.0	1.0	0.0	0.0	0.013791431040067982	0.0		0.0	
5	4	0.0	1.0	0.0	0.0	0.01271309866873642	0.0		0.0	
6	4	0.0	1.0	0.0	0.0	0.011314922877436092	0.0		0.0	
7	4	2.500826149469408e-05	1.0	0.0	0.0	0.010075555122184271	0.0	0.0	2.500826149469408e-05	
8	4	2.8641738117979707e-05	1.0	1.3614358530949311e-05	20.24406365466207	0.010386274446320018	0.0	0.0	2.8641738117979707e-05	0.9875413869933578
9	4	3.568947578364408e-05	1.0	2.4098693598661208e-05	33.75912533036498	0.010944851341739734	0.0	0.0	3.568947578364408e-05	1.1424986771267365
10	4	4.221578847455183e-05	1.0	2.0451907855364616e-05	30.808962031233506	0.0114453777942645	0.0	0.0	4.221578847455183e-05	1.045890032998607
11	4	5.371683379519044e-05	1.0	3.586289832090104e-05	51.017213468552534	0.012316284291356052	0.0	0.0	5.371683379519044e-05	1.2490029420991438
12	4	6.906652092821699e-05	1.0	4.906716016019499e-05	67.04521378606813	0.013477968840984948	0.0	0.0	6.906652092821699e-05	1.161876742738546
13	4	8.863226918563441e-05	1.0	5.999088523221013e-05	85.38414010637283	0.014971315159840959	0.0	0.0	8.863226918563441e-05	1.382770715519362
14	4	0.0001152186693243382	1.0	9.437489117762322e-05	116.70952470720054	0.017034278070926796	0.0	0.0	0.0001152186693243382	1.4754605953047235
15	4	0.00014932977722667318	1.0	9.734484646642092e-05	142.6856564315039	0.019564392329691163	0.0	0.0	0.00014932977722667318	1.193500824478886
16	4	0.00019279940751295582	1.0	0.00011971470088011209	177.5815296019191	0.022723589167481902	0.0	0.0	0.00019279940751295582	1.2066847267217329
17	4	0.00024674298268346085	1.0	0.00014344533432403508	218.73156234744837	0.02662350850046947	0.0	0.0	0.00024674298268346085	1.176208033009163
18	4	0.00032463059811245037	1.0	0.00022574282866599877	315.67188461574136	0.032290722646530795	0.0	0.0	0.00032463059811245037	1.1864765959383512
19	4	0.0004249912850119978	1.0	0.00028214524934414893	413.04452597215163	0.039722088720832105	0.0	0.0	0.0004249912850119978	1.1142522870606861
20	4	0.0005524822560557801	1.0	0.000363880774044132	539.970759408132	0.04945276707294265	0.0	0.0	0.0005524822560557801	1.1951044996731883
21	4	0.0007077151311578052	1.0	0.0004414957934040015	689.1180344880825	0.06187901021346773	0.0	0.0	0.0007077151311578052	1.1969181198260366
22	4	0.0009136087373242414	1.0	0.0006235959183211486	916.5726358665074	0.07843128436500657	0.0	0.0	0.0009136087373242414	1.1423004517326023
23	4	0.0011696810134842524	1.0	0.0007929870751266702	1168.3328478496214	0.099532865299729	0.0	0.0	0.0011696810134842524	1.165531669439418
24	4	0.0015028723439339438	1.0	0.0010006664857964069	1493.172137904358	0.12650590067979245	0.0	0.0	0.0015028723439339438	1.1637717313126303
25	4	0.00193565568154342	1.0	0.001343940080448492	1937.605603782819	0.1615240030069521	0.0	0.0	0.00193565568154342	1.157249355837532
26	4	0.0024876724495889084	1.0	0.0016728842182057824	2508.2359543701277	0.20686913681577665	0.0	0.0	0.0024876724495889084	1.1910217759442563
27	4	0.003105091763258285	1.0	0.002205950471233789	3299.0251522497365	0.2696689247527822	0.0	0.0	0.003105091763258285	1.1917936205947808
28	4	0.0037704356049255055	1.0	0.0027560359089014983	4135.1643436715385	0.35255022302753203	0.0	0.0	0.0037704356049255055	1.2069255519953292
29	4	0.0044411534190915945	1.0	0.0033928317029827	5051.079702376711	0.4583507308642502	0.0	0.0	0.0044411534190915945	1.1841937244704392
30	4	0.005097704392863443	1.0	0.0037531073871400616	5851.28205335545	0.5842278714765653	0.0	0.0	0.005097704392863443	1.1446241403303694
31	4	0.0057914268803130825	1.0	0.004375885741740159	6803.405246301914	0.7329133808644931	0.0	0.0	0.0057914268803130825	1.1440820112153005
32	4	0.0064916597050297025	1.0	0.005109607803935633	7833.967084783648	0.9069316136434348	0.0	0.0	0.0064916597050297025	1.1687996424048124
33	4	0.007166138969991525	1.0	0.005742707400594068	8825.601748453155	1.105719842335772	0.0	0.0	0.007166138969991525	1.160454852760794
34	4	0.007890958710155532	1.0	0.00657374131991195	9883.385700049674	1.3240892749879314	0.0	0.0	0.007890958710155532	1.1671818032882293
35	4	0.008616348089403921	1.0	0.007264067898793341	10906.911563068355	1.5628645483599108	0.0	0.0	0.008616348089403921	1.1662538349345801
36	4	0.009305794789994687	1.0	0.007732642860803976	11873.249264053786	1.8220207584852917	0.0	0.0	0.009305794789994687	1.1580002261517044
37	4	0.010024252182889864	1.0	0.008468850355217656	12998.793417792524	2.1051213286720976	0.0	0.0	0.010024252182889864	1.1494193637759496
38	4	0.010735801348423928	1.0	0.00915110716093075	14084.557365751796	2.4096472434729743	0.007015059303619688	0.010299954397795252	0.010735801348423928	1.1463793498170065
39	4	0.011402788527801824	1.0	0.009790438492172971	15214.648875197989	2.7384699185089683	0.020920301141753514	0.027239087905621767	0.011402788527801824	1.1524691464314267
40	4	0.012106411805296013	1.0	0.01034034446847666	16266.284282906605	3.0831314321927117	0.04157746167947757	0.047515329630127855	0.012106411805296013	1.1663909934165584
41	4	0.012788723230234398	1.0	0.011069466064690538	17533.876668903336	3.4526143273161725	0.06883463305711181	0.0692412739363429	0.012788723230234398	1.1606538738288663
42	4	0.013506296112939471	1.0	0.011464443838786578	18618.257098928854	3.842933949411207	0.10252601851334668	0.09131185684920236	0.013506296112939471	1.1534437728706488
43	4	0.014242715508507031	1.0	0.012197006461920136	19984.664721653367	4.264099938940342	0.14247170017444452	0.11355170144000278	0.014242715508507031	1.139775149735168
44	4	0.014956428563951685	1.0	0.01280944107574838	21202.226908340726	4.71530324724128	0.18847742008486326	0.136396369378577	0.014956428563951685	1.1432721444959242
45	4	0.015604040517611885	1.0	0.013723871282549134	22602.076513422653	5.199779304268996	0.2403343750448304	0.15944346061181144	0.015604040517611885	1.1517665600485565
46	4	0.016271648285918008	1.0	0.014493552358836774	23855.819435555462	5.704857080596471	0.2978190258094122	0.18038034173964004	0.016271648285918008	1.154801171311705
47	4	0.016959645328450873	1.0	0.015011471790538897	25036.83885663667	6.230964221948817	0.3606929211914912	0.1995941110971399	0.016959645328450873	1.1487176637823515
48	4	0.01770000300496223	1.0	0.0153587444150953	26154.961625273336	6.778221534888946	0.4287025375977759	0.2175084983276992	0.01770000300496223	1.1397927977329747
49	4	0.018447162986661804	1.0	0.01592509215764669	27682.743505477403	7.361003240075134	0.5015791345125423	0.23505786590926214	0.018447162986661804	1.1389336052377133
50	4	0.019153657057266047	1.0	0.01688583890407407	29072.66542843392	7.978027461017663	0.5790386264282525	0.2529035448472573	0.019153657057266047	1.1544246627673382
51	4	0.01991037046466656	1.0	0.0175944548639804	30642.329710923837	8.621453087810398	0.6607814717055173	0.2678725369289509	0.01991037046466656	1.136537634123687
52	4	0.020645409411212404	1.0	0.01818520029201096	31752.09250364672	9.283268944905807	0.7464925788270981	0.2811306692301964	0.020645409411212404	1.1435470260704361
53	4	0.02145061040891413	1.0	0.0185300563850221	32927.7332046707	9.966028875484374	0.8358412304917856	0.29297463940825474	0.02145061040891413	1.1447838405971418
54	4	0.02227585259310124	1.0	0.019347429068036014	34498.94000065312	10.684129288559557	0.9284810259740648	0.3044176965102325	0.02227585259310124	1.1460850035819052
55	4	0.02306906097732971	1.0	0.020031757304080543	36112.18572049165	11.442661542580517	1.02404984215452	0.31640156293757776	0.02306906097732971	1.1444000002919248
56	4	0.023925270673112762	1.0	0.02096396333093516	37651.17962199355	12.228874805808038	1.1221698136039506	0.3265069739007191	0.023925270673112762	1.151559553091281
57	4	0.024764095575512183	1.0	0.021377158812043055	39120.500979091856	13.042618044857322	1.2224473320812006	0.3352325029515182	0.024764095575512183	1.1463780146235
58	4	0.025590475421020158	1.0	0.022549264920465557	41090.14194101488	13.900019547959422	1.3244730657807848	0.3432860456220969	0.025590475421020158	1.1451724232909228
59	4	0.026427095604002283	1.0	0.02291201100167466	42119.85808916568	14.778770039243035	1.4278219986415348	0.35123724412374235	0.026427095604002283	1.1477868357638912
60	4	0.027216786389348945	1.0	0.02369453426382227	44085.49321271631	15.708124135464823	1.5320534900017475	0.3599524162487964	0.027216786389348945	1.1427218277654334
