1	4	0.0	1.0	0.0	0.0	0.015	0.0		0.0	
2	4	0.0	1.0	0.0	0.0	0.015	0.0		0.0	
3	4	0.0	1.0	0.0	0.0	0.014552750241652503	0.0		0.0	
4	4	0.0	1.0	0.0	0.0	0.013791431040067982	0.0		0.0	
5	4	0.0	1.0	0.0	0.0	0.01271309866873642	0.0		0.0	
6	4	0.0	1.0	0.0	0.0	0.011314922877436092	0.0		0.0	
7	4	2.500826149469408e-05	1.0	0.0	0.0	0.010075555122184271	0.0	0.0	2.500826149469408e-05	
8	4	2.9738131333091967e-05	1.0	1.9675049479942198e-05	25.31644122533177	0.010480033287811791	0.0	0.0	2.9738131333091967e-05	1.5974878136890305
9	4	3.4538613597667393e-05	1.0	1.607369746745538e-05	24.15534266993415	0.010860501263078174	0.0	0.0	3.4538613597667393e-05	1.3106316977167087
10	4	4.292332352788762e-05	1.0	3.63788059160003e-05	38.490970433283024	0.011503554900803669	0.0	0.0	4.292332352788762e-05	1.1818753114914136
11	4	5.3701679234378133e-05	1.0	4.5220906057736214e-05	48.07640364993257	0.01231973636527469	0.0	0.0	5.3701679234378133e-05	1.2720004943820935
12	4	6.674936853795724e-05	1.0	4.809076909704192e-05	57.621139107304174	0.013307202685660692	0.0	0.0	6.674936853795724e-05	1.147416752696406
13	4	8.267387703525147e-05	1.0	5.5177947316698464e-05	70.29061704557135	0.014522633132334782	0.0	0.0	8.267387703525147e-05	1.2456745102789542
14	4	0.00010453377647749543	1.0	9.608887357985634e-05	96.7152619045868	0.016218844787697834	0.0	0.0	0.00010453377647749543	1.2684560075177906
15	4	0.0001326202621657663	1.0	0.0001065422127949842	118.23234209541755	0.018302096323295453	0.0	0.0	0.0001326202621657663	1.2079142968571253
16	4	0.00016722408974906592	1.0	0.00012215098753438395	142.29284350544862	0.020816962494382103	0.0	0.0	0.00016722408974906592	1.3164074133392047
17	4	0.00021184155947084825	1.0	0.00014662029515402451	181.60502208145863	0.024042639179825596	0.0	0.0	0.00021184155947084825	1.3150826581348949
18	4	0.00026846980283058914	1.0	0.00018204298289424173	231.10659353500972	0.028162991049212518	0.0	0.0	0.00026846980283058914	1.2289374092425491
19	4	0.0003412802167678041	1.0	0.00025043028924270254	301.2729415063577	0.0335543535109943	0.0	0.0	0.0003412802167678041	1.2785880604339903
20	4	0.00043197083934412106	1.0	0.0003216535454929812	385.9136122575375	0.04047626547556581	0.0	0.0	0.00043197083934412106	1.1571964680914677
21	4	0.0005378340711604184	1.0	0.000356982976304731	472.2547310658999	0.04895051590303805	0.0	0.0	0.0005378340711604184	1.1275800604955075
22	4	0.0006703051493217706	1.0	0.0004520500338268706	592.8334282796542	0.059600179307855675	0.0	0.0	0.0006703051493217706	1.2205759498145188
23	4	0.0008302269779118563	1.0	0.000555789066684601	733.264359679462	0.0727785032554033	0.0	0.0	0.0008302269779118563	1.1788123957381664
24	4	0.0010283873040191794	1.0	0.000621232580872874	892.6702250056828	0.0888202936579443	0.0	0.0	0.0010283873040191794	1.1629581065044277
25	4	0.001281992787003877	1.0	0.0008382665321570106	1140.4186554866285	0.1093404523196452	0.0	0.0	0.001281992787003877	1.1762384501542222
26	4	0.0016030656096701745	1.0	0.0011381981334396168	1464.1264925853836	0.13571481438427815	0.0	0.0	0.0016030656096701745	1.2192159812548553
27	4	0.0019936088464162826	1.0	0.0014237459989145506	1839.0430742475673	0.16885305104666412	0.0	0.0	0.0019936088464162826	1.2166370477694308
28	4	0.002479944750493822	1.0	0.0016820341141120616	2261.433240424861	0.20959006112773135	0.0	0.0	0.002479944750493822	1.19707749328205
29	4	0.003083949882387589	1.0	0.0021496485592835965	2845.7895142106877	0.26087178628119984	0.0	0.0	0.003083949882387589	1.1688219675263412
30	4	0.0037405008561594367	1.0	0.00266522481704458	3554.1854554261085	0.32786910462984026	0.0	0.0	0.0037405008561594367	1.1701367195946737
31	4	0.004434223343609077	1.0	0.003253259594518398	4335.211136029806	0.4136867092435432	0.0	0.0	0.004434223343609077	1.1851819260654914
32	4	0.005134456168325696	1.0	0.0038471764073092062	5160.0668442756405	0.5199709723162191	0.0	0.0	0.005134456168325696	1.16036434314993
33	4	0.005808935433287521	1.0	0.004678864194701879	6084.954944623082	0.6498723272785646	0.0	0.0	0.005808935433287521	1.1520351211571551
34	4	0.006533755173451527	1.0	0.0050371852672648895	6809.158197804055	0.7911663361419408	0.0	0.0	0.006533755173451527	1.1628855257988524
35	4	0.0072591445526999174	1.0	0.005804117896542	7724.900812865006	0.9507137400936648	0.0	0.0	0.0072591445526999174	1.1789763450682844
36	4	0.007948591253290681	1.0	0.00633921970107755	8607.701310932327	1.1291492482433163	0.0	0.0	0.007948591253290681	1.1546291445281205
37	4	0.008667048646185858	1.0	0.007069602901145392	9537.242612238128	1.3270799514508311	0.0	0.0	0.008667048646185858	1.1479949623668335
38	4	0.009378597811719921	1.0	0.007961407164605899	10566.744026719298	1.545716859616207	0.007015059303619688	0.011439774773547868	0.009378597811719921	1.1506673669085792
39	4	0.010045584991097816	1.0	0.008415589288021394	11468.690858497666	1.7833991407179224	0.020920301141753514	0.029879108080381838	0.010045584991097816	1.1524647700307329
40	4	0.010749208268592004	1.0	0.009119559477465615	12515.904711021294	2.037623768426583	0.04157746167947757	0.05151001359270828	0.010749208268592004	1.1596680246074256
41	4	0.011431519693530392	1.0	0.009528145457674731	13447.606283267329	2.308614176720834	0.06883463305711181	0.07431402836813046	0.011431519693530392	1.157481327522667
42	4	0.012149092576235466	1.0	0.010406053455038885	14608.953588112476	2.6033601316646093	0.10252601851334668	0.09718552856863004	0.012149092576235466	1.1580787080537571
43	4	0.012885511971803024	1.0	0.010974038596024029	15741.328451769165	2.923632748010901	0.14247170017444452	0.12004434770602518	0.012885511971803024	1.153865371258575
44	4	0.013599225027247678	1.0	0.011736709260814444	16897.407896278648	3.2732272101976934	0.18847742008486326	0.14344054876243634	0.013599225027247678	1.1478114681458575
45	4	0.014246836980907875	1.0	0.01249293912314028	18076.38332223287	3.6511764971522433	0.2403343750448304	0.16696000552637075	0.014246836980907875	1.1473255992038005
46	4	0.014914444749214002	1.0	0.013262455139517107	19184.526274499363	4.04684153153292	0.2978190258094122	0.18811191839666816	0.014914444749214002	1.1540030663972485
47	4	0.015602441791746866	1.0	0.013776907260718313	20207.241787431947	4.4603404726174185	0.3606929211914912	0.2073815603440162	0.015602441791746866	1.1438750024228692
48	4	0.016342799468258225	1.0	0.014313430871973704	21190.173990701962	4.892433217023039	0.4287025375977759	0.2252643154962596	0.016342799468258225	1.15473961763334
49	4	0.0170899594499578	1.0	0.014885827598913791	22598.40651668083	5.357930014543858	0.5015791345125423	0.2427786389573474	0.0170899594499578	1.1491998072457266
50	4	0.01779645352056204	1.0	0.015529331605027643	23734.769696524127	5.8520294198193605	0.5790386264282525	0.2606282856426147	0.01779645352056204	1.148779250471288
51	4	0.01855316692796256	1.0	0.01587017899031786	24519.674589979884	6.352914197859232	0.6607814717055173	0.2754500765939533	0.01855316692796256	1.1432483381008272
52	4	0.0192882058745084	1.0	0.016486427521531694	25847.940975537054	6.8792418797129375	0.7464925788270981	0.2885037533087314	0.0192882058745084	1.1399870140097914
53	4	0.020093406872210125	1.0	0.0171342155611407	27316.894095242485	7.43547823635468	0.8358412304917856	0.3001131271373333	0.020093406872210125	1.1427030472134616
54	4	0.02091864905639724	1.0	0.017853987489459443	28481.116142065304	8.017446948372159	0.9284810259740648	0.3113448292001275	0.02091864905639724	1.1445929938342163
55	4	0.021711857440625704	1.0	0.01874555588333129	29929.48004808872	8.636718817469331	1.02404984215452	0.32317756798152203	0.021711857440625704	1.1419446720381237
56	4	0.02256806713640876	1.0	0.01936951634410185	31116.213028051206	9.275623237343217	1.1221698136039506	0.3330835840137121	0.02256806713640876	1.1577856993447493
57	4	0.02340689203880818	1.0	0.020119736018331617	32629.201915202997	9.944536497427636	1.2224473320812006	0.3415892531962143	0.02340689203880818	1.1439227232791125
58	4	0.024233271884316152	1.0	0.021239694747685584	34079.95048719724	10.644709618927092	1.3244730657807848	0.3494320194152509	0.024233271884316152	1.1411470602991232
59	4	0.02506989206729828	1.0	0.021800961826971492	35455.42362408328	11.376776843087029	1.4278219986415348	0.357200082384099	0.02506989206729828	1.1423072038274729
60	4	0.02585958285264494	1.0	0.022508388076797867	37003.81171846816	12.149749996537109	1.5320534900017475	0.3657843321261511	0.02585958285264494	1.1436200246337462
