1	4	0.0	1.0	0.0	0.0	0.015	0.0		0.0	
2	4	0.0	1.0	0.0	0.0	0.015	0.0		0.0	
3	4	0.0	1.0	0.0	0.0	0.014552750241652503	0.0		0.0	
4	4	0.0	1.0	0.0	0.0	0.013791431040067982	0.0		0.0	
5	4	0.0	1.0	0.0	0.0	0.01271309866873642	0.0		0.0	
6	4	0.0	1.0	0.0	0.0	0.011314922877436092	0.0		0.0	
7	4	2.500826149469408e-05	1.0	0.0	0.0	0.010075555122184271	0.0	0.0	2.500826149469408e-05	
8	4	2.9572710496699605e-05	1.0	1.706169933537178e-05	24.55113464674977	0.010465887207951965	0.0	0.0	2.9572710496699605e-05	1.0556410966899838
9	4	3.546873110390952e-05	1.0	1.9755339024090397e-05	28.847949547550932	0.010933183387568707	0.0	0.0	3.546873110390952e-05	1.107038277825267
10	4	4.4184782229518974e-05	1.0	3.7083572931102656e-05	39.89052510119202	0.01160164877630248	0.0	0.0	4.4184782229518974e-05	1.3591063679652549
11	4	5.334841030014077e-05	1.0	2.761801715892425e-05	41.494791657552376	0.012295556416968305	0.0	0.0	5.334841030014077e-05	1.3176396261154664
12	4	6.612936490859294e-05	1.0	4.402722596344139e-05	56.520784918468074	0.01326283590413135	0.0	0.0	6.612936490859294e-05	1.3751353318901895
13	4	8.296687809801679e-05	1.0	6.476240537231761e-05	74.04545268783978	0.014547950994507891	0.0	0.0	8.296687809801679e-05	1.2577785585982708
14	4	0.00010433166641749794	1.0	8.515369735022874e-05	94.64546818799771	0.016205744666323078	0.0	0.0	0.00010433166641749794	1.2133176694420602
15	4	0.00013102990067630243	1.0	8.74066949044136e-05	112.65715139792394	0.018186025792794748	0.0	0.0	0.00013102990067630243	1.2086227034704966
16	4	0.00016463894327667188	1.0	0.00010954040755844821	138.34199944959062	0.020628595016526263	0.0	0.0	0.00016463894327667188	1.2745234456926482
17	4	0.00021117898500959813	1.0	0.00016484823677847055	189.06047442226318	0.023993266489238142	0.0	0.0	0.00021117898500959813	1.1520851405942365
18	4	0.00026855626740262715	1.0	0.00018510989205537784	234.03829206506504	0.02816811950854502	0.0	0.0	0.00026855626740262715	1.155927283718092
19	4	0.00034270444797719065	1.0	0.00025501160241209837	306.63370148145793	0.03365853902056475	0.0	0.0	0.00034270444797719065	1.1870060656599617
20	4	0.0004299735082348527	1.0	0.00027087420010915467	371.8209008456546	0.04031930212014645	0.0	0.0	0.0004299735082348527	1.1274834684744546
21	4	0.0005406657243343222	1.0	0.0004016427368934438	493.11398939660376	0.049180108119594224	0.0	0.0	0.0005406657243343222	1.1968410963809322
22	4	0.0006755979125346733	1.0	0.000454220247439587	603.6156579718235	0.06002762598352356	0.0	0.0	0.0006755979125346733	1.188652810197012
23	4	0.0008384541787504428	1.0	0.0005510956911359039	746.4921226628218	0.07344776163355149	0.0	0.0	0.0008384541787504428	1.2184434273598903
24	4	0.001049961552629404	1.0	0.0007287079392310724	951.3531975870732	0.09057004351009908	0.0	0.0	0.001049961552629404	1.2536479875280944
25	4	0.001308401483956712	1.0	0.0008223467970332367	1162.1775923159696	0.11148137528787228	0.0	0.0	0.001308401483956712	1.1286667383660265
26	4	0.0016369525425530731	1.0	0.0011333599848795395	1498.0897511078863	0.13847003320098708	0.0	0.0	0.0016369525425530731	1.1528917628135047
27	4	0.002036578075157049	1.0	0.0014101770488779888	1881.6743829312052	0.17237891762079788	0.0	0.0	0.002036578075157049	1.1987187734118074
28	4	0.002545542772507597	1.0	0.0017933058202199246	2365.179746318677	0.21501138590669053	0.0	0.0	0.002545542772507597	1.168857436960732
29	4	0.003163587768925212	1.0	0.002093810732091938	2912.1260673167403	0.2674851348289745	0.0	0.0	0.003163587768925212	1.1764083719614056
30	4	0.003820138742697061	1.0	0.002698194069092303	3670.830398856213	0.3375030594169003	0.0	0.0	0.003820138742697061	1.1775771396897805
31	4	0.0045138612301467	1.0	0.003224788585104341	4439.5261214642	0.4259884999429002	0.0	0.0	0.0045138612301467	1.165602926554397
32	4	0.00521409405486332	1.0	0.0038840873239896203	5300.588478968167	0.5358726611849727	0.0	0.0	0.00521409405486332	1.173911390422885
33	4	0.005888573319825144	1.0	0.0045820150524397045	6185.0609661346325	0.6682743005515336	0.0	0.0	0.005888573319825144	1.1622885805597345
34	4	0.00661339305998915	1.0	0.0052260054066272	7035.138334722957	0.8153699231509335	0.0	0.0	0.00661339305998915	1.1976433969596951
35	4	0.007338782439237541	1.0	0.005781195102423625	7875.451119011659	0.9786749262036848	0.0	0.0	0.007338782439237541	1.1628037404986298
36	4	0.008028229139828303	1.0	0.006655825246136274	8923.67360092143	1.1652023479677986	0.0	0.0	0.008028229139828303	1.1641206210469013
37	4	0.00874668653272348	1.0	0.00719186647032512	9754.653371970846	1.3685495217992951	0.0	0.0	0.00874668653272348	1.1567885765173669
38	4	0.009458235698257544	1.0	0.007703347238703063	10663.033750138133	1.5893558302681323	0.007015059303619688	0.011365970352705559	0.009458235698257544	1.1583270090834468
39	4	0.010125222877635441	1.0	0.00839183122149992	11672.933204133198	1.8320385840128324	0.020920301141753514	0.029710144079057574	0.010125222877635441	1.1561031162822877
40	4	0.01082884615512963	1.0	0.009153457376913423	12710.705909677212	2.090969377183548	0.04157746167947757	0.0512571548820379	0.01082884615512963	1.1447827799805237
41	4	0.011511157580068015	1.0	0.009895807695683849	13795.129683104175	2.3706563778950773	0.06883463305711181	0.07399593005515596	0.011511157580068015	1.1521625621156235
42	4	0.012228730462773087	1.0	0.010389876484320385	14848.431825563592	2.671167615366418	0.10252601851334668	0.09682008300869337	0.012228730462773087	1.1600625785599434
43	4	0.012965149858340649	1.0	0.010915444429367573	15941.578021356221	2.99611775449391	0.14247170017444452	0.11964293612145425	0.012965149858340649	1.1453630200410074
44	4	0.0136788629137853	1.0	0.011599850400104516	17154.607939927457	3.3518514759749456	0.18847742008486326	0.14300717743436933	0.0136788629137853	1.1447293696237488
45	4	0.0143264748674455	1.0	0.012423907455202443	18286.312698822443	3.7346365396557255	0.2403343750448304	0.1664994319223435	0.0143264748674455	1.1390463732388465
46	4	0.014994082635751627	1.0	0.012898362084945506	19222.92774701981	4.1305644629372456	0.2978190258094122	0.18763998686205788	0.014994082635751627	1.141756314823174
47	4	0.01568207967828449	1.0	0.013329092121821212	20533.7554237488	4.551931816719686	0.3606929211914912	0.20690786485589735	0.01568207967828449	1.1453721695000325
48	4	0.01642243735479585	1.0	0.014038740921806696	21475.10394189468	4.990724099319581	0.4287025375977759	0.2247939767617231	0.01642243735479585	1.1464930279287282
49	4	0.017169597336495424	1.0	0.014610669387958157	22760.74966116629	5.459623111973016	0.5015791345125423	0.24231161949314364	0.017169597336495424	1.1388736760307052
50	4	0.01787609140709967	1.0	0.01538122378432344	23965.389152274427	5.958897016720197	0.5790386264282525	0.26016200475699564	0.01787609140709967	1.1401733607949371
51	4	0.018632804814500185	1.0	0.01608294367970504	25123.931810806807	6.474776002561118	0.6607814717055173	0.2749936221995349	0.018632804814500185	1.1458363118399473
52	4	0.019367843761046024	1.0	0.016426789679039194	26228.8924057443	7.010066331638559	0.7464925788270981	0.2880604516660684	0.019367843761046024	1.143637125727707
53	4	0.02017304475874775	1.0	0.01697532281362838	27347.6244462149	7.565936733860747	0.8358412304917856	0.2996846620417253	0.02017304475874775	1.1445901303894457
54	4	0.02099828694293486	1.0	0.017950205110614917	29005.871977541163	8.160588021992247	0.9284810259740648	0.31092966441135184	0.02099828694293486	1.1481954907871357
55	4	0.021791495327163325	1.0	0.018596916716615	30295.70397874209	8.788242130539675	1.02404984215452	0.3227719607920746	0.021791495327163325	1.14952524081129
56	4	0.022647705022946385	1.0	0.019309629063485042	31471.623460658706	9.43516780847936	1.1221698136039506	0.3326903739607541	0.022647705022946385	1.1447105599692609
57	4	0.02348652992534581	1.0	0.0199684148101308	32930.77864223032	10.110608602477438	1.2224473320812006	0.3412096017872077	0.02348652992534581	1.1428231835251523
58	4	0.024312909770853774	1.0	0.02081114942134763	34307.6023373699	10.815298449787104	1.3244730657807848	0.34906531512187405	0.024312909770853774	1.1455053656891632
59	4	0.025149529953835903	1.0	0.021217096774232683	35709.817715893434	11.55254790485764	1.4278219986415348	0.3568446096024574	0.025149529953835903	1.1436488675129617
60	4	0.02593922073918256	1.0	0.022463023030924158	37350.272013490336	12.333087749302134	1.5320534900017475	0.3654369133268839	0.02593922073918256	1.1458049263632757
