11.247441493196291	1	1	1	1	4	0	11.247441493196291	1.0	0	0.0			15.0	0.0	0.0	0.0	0.0		0.0	0.0
11.367595075476835	1	1	1	1	4	0	11.367595075476835	1.0	0	0.0			15.0	0.0	0.0	0.0	0.0		0.0	0.0
22.856168219862568	1	1	1	1	4	0	22.856168219862568	2.0	0	0.0			14.552750241652504	0.0	0.0	0.0	0.7285827694774977	0.0	0.0	0.0
34.4665080713728	1	1	1	1	4	0	34.4665080713728	3.0	0	0.0			13.791431040067982	0.0	0.0	0.0	2.1993864847666735	0.0	0.0	0.0
46.1993671861199	1	1	1	1	4	0	46.1993671861199	4.0	0	0.0			12.713098668736418	0.0	0.0	0.0	4.42587529936556	0.0	0.0	0.0
58.05546181511435	1	1	1	1	4	0	58.05546181511435	5.0	0	0.0			11.314922877436091	0.0	0.0	0.0	7.421310407022852	0.0	0.0	0.0
70.03547169202406	1	1	1	1	4	0	70.03547169202406	6.0	0	2.500826149469408e-05			10.075555122184273	0.0	1.2504130747347042	0.0	8.825142047449571	0.14168758621806754	1.2504130747347042	0.0
82.14003983175478	1	1	1	1	4	0	82.14003983175478	7.0	0	3.094602783473389e-05	0.9154615187542252	0.9959725206680656	10.583327411740052	0.0	1.5473013917366951	0.0	9.036026020003355	0.17123693405833287	1.5473013917366951	2.0490050394585233e-12
94.36977233991071	1	1	1	1	4	0	94.36977233991071	8.0	0	3.4221991865734805e-05	0.3669898139507915	0.9112209050833109	10.842967867266381	0.0	1.7110995932867408	0.0	9.131868273979636	0.1873767275161372	1.7110995932867408	1.3276124834306703e-12
106.72523823319248	1	1	1	1	4	0	106.72523823319248	9.0	0	4.335802950187948e-05	0.8653188468941139	0.986216048197828	11.543643535859909	0.0	2.1679014750939745	0.0	9.375742060765935	0.2312245218611391	2.1679014750939745	2.739415900125188e-12
119.20696927078512	1	1	1	1	4	0	119.20696927078512	10.0	0	5.6498355561384155e-05	1.1311614962349374	1.2548697223869003	12.538683118791369	0.0	2.8249177780692083	0.0	9.713765340722162	0.29081593789655946	2.8249177780692083	3.7469068160143415e-12
131.81545979678634	1	1	1	1	4	0	131.81545979678634	11.0	0	7.113342557532652e-05	0.7778889141104903	1.0723295138847455	13.646284503144916	0.0	3.5566712787663266	0.0	10.089613224378589	0.3525081883389419	3.5566712787663266	4.540767703031595e-12
144.55116659372186	1	1	1	1	4	0	144.55116659372186	12.0	0	8.902095457685583e-05	0.7426236022031056	1.1606263565466841	15.011541545013335	0.0	4.4510477288427905	0.0	10.560493816170547	0.4214810222252309	4.4510477288427905	5.562563510275759e-12
157.41450874719058	1	1	1	1	4	0	157.41450874719058	13.0	0	0.00011439479075164426	0.8686874338960777	1.1997651660791546	16.980415957023475	0.0	5.719739537582213	0.0	11.260676419441259	0.5079392502307618	5.719739537582213	7.69332100208372e-12
170.4058675216809	1	1	1	1	4	0	170.4058675216809	14.0	0	0.00014991189725070296	0.9596363270391628	1.2006169661618515	19.61481698089552	0.0	7.495594862535149	0.0	12.11922211836037	0.6184881165912025	7.495594862535149	1.0121314931527383e-11
183.52558624759342	1	1	1	1	4	0	183.52558624759342	15.0	0	0.00019094567370032983	0.7416311947711653	1.2001810986714856	22.596985818047575	0.0	9.547283685016493	0.0	13.049702133031087	0.731609318564494	9.547283685016493	1.2990866979204954e-11
196.77397021950497	1	1	1	1	4	0	196.77397021950497	16.0	0	0.00024314825651444824	0.7209586176637188	1.3609391508317454	26.371037895707797	0.0	12.157412825722414	0.0	14.21362506998538	0.8553351285025078	12.157412825722414	2.341415942274353e-11
210.1512866057031	1	1	1	1	4	0	210.1512866057031	17.0	0	0.0003172531307256745	0.8198762795848167	1.2217409025316206	31.763014387847853	0.0	15.862656536283724	0.0	15.900357851564126	0.9976289014604354	15.862656536283724	3.8781395133360784e-11
223.65776436901845	1	1	1	1	4	0	223.65776436901845	18.0	0	0.0004184749936586995	0.9384064648127612	1.2096325033520294	39.2581476060069	0.0	20.92374968293497	0.0	18.33439792307193	1.1412291677494693	20.92374968293497	5.459286201701475e-11
237.29359419897813	1	1	1	1	4	0	237.29359419897813	19.0	0	0.0005440101285364421	0.8476481785757115	1.207877193575526	48.83954783680939	0.0	27.200506426822106	0.0	21.63904140998729	1.2570106924546105	27.200506426822106	6.843296711450354e-11
251.0589284553002	1	1	1	1	4	0	251.0589284553002	20.0	0	0.0006993624010892285	0.83441136832709	1.1576013656933206	61.2753486290403	0.0	34.96812005446143	0.0	26.30722857457886	1.3292209764829328	34.96812005446143	8.97960570857399e-11
264.95388112274634	1	1	1	1	4	0	264.95388112274634	21.0	0	0.0008892708768774652	0.7823891048623328	1.1523347802607604	76.54254032807128	0.0	44.46354384387326	0.0	32.07899648419803	1.3860640517784215	44.46354384387326	1.1466210290528301e-10
278.9785277773454	1	1	1	1	4	0	278.9785277773454	22.0	0	0.001143607240247875	0.8955765574641597	1.2015566881543494	97.50107374209101	0.0	57.18036201239376	0.0	40.32071172969725	1.4181387073651015	57.18036201239376	1.878964528075013e-10
293.1329055639992	1	1	1	1	4	0	293.1329055639992	23.0	0	0.0014623248524224097	0.8006637371766996	1.1509990744604834	123.30240962268078	0.0	73.11624262112048	0.0	50.186167001560285	1.4569003171500887	73.11624262112048	2.5200518296756853e-10
307.41701318547484	1	1	1	1	4	0	307.41701318547484	24.0	0	0.001886790343381404	0.8824498511730343	1.162925534829916	157.64748417858402	0.0	94.33951716907019	0.0	63.30796700951387	1.4901681672212426	94.33951716907019	3.367272250149825e-10
321.83081090278995	1	1	1	1	4	0	321.83081090278995	25.0	0	0.002422003684396194	0.8456463804020264	1.1519793491299912	201.61230910684387	0.0	121.1001842198097	0.0	80.51212488703416	1.5041235638697188	121.1001842198097	4.4800550353347316e-10
336.3742205469876	1	1	1	1	4	0	336.3742205469876	26.0	0	0.003039422998065571	0.8659732071844797	1.1793649494278966	262.3085190631806	0.0	151.97114990327856	0.0	102.03020454146947	1.4894721674453857	151.97114990327856	5.952002221767672e-10
351.0471255422998	1	1	1	1	4	0	351.0471255422998	27.0	0	0.0037047668397327924	0.9185638642491736	1.1864553958092632	345.03781703979433	0.0	185.2383419866396	0.0	124.49428493486191	1.4879264705489117	185.2383419866396	7.588725982161911e-10
365.84937094069124	1	1	1	1	4	0	365.84937094069124	28.0	0	0.004375484653898879	0.8758065312544772	1.178049943497823	448.45003754219414	0.0	218.774232694944	0.0	147.90421270620902	1.4791616052850929	218.774232694944	1.1152464674049953e-09
380.78076346777357	1	1	1	1	4	0	380.78076346777357	29.0	0	0.005032035627670728	0.9118686193773904	1.1800752396304108	577.5934088018828	0.0	251.60178138353646	0.0	172.25886300950802	1.4606028217523357	251.60178138353646	1.4045369290152425e-09
395.84107158007737	1	1	1	1	4	0	395.84107158007737	30.0	0	0.005725758115120368	0.8731555900948769	1.176847336668175	726.8070532356323	0.0	286.28790575601835	0.0	197.55610894316627	1.4491473196527618	286.28790575601835	1.618171511528179e-09
411.03002553366304	1	1	1	1	4	0	411.03002553366304	31.0	0	0.006425990939836988	0.870712827662576	1.1498391413458453	899.2397239882947	0.0	321.29954699184935	0.0	223.79279152017654	1.435701055468902	321.29954699184935	1.8528214075392176e-09
426.3473174640513	1	1	1	1	4	0	426.3473174640513	32.0	0	0.007100470204798813	0.9080943398907544	1.1717283007304573	1099.6509533575854	0.0	355.02351023994066	0.0	250.9646902326448	1.4146353015272113	355.02351023994066	2.1303945200117447e-09
441.79260147745117	1	1	1	1	4	0	441.79260147745117	33.0	0	0.007825289944962819	0.9092646649581534	1.1728589086750365	1317.451874633192	0.0	391.26449724814086	11.86334260539778	279.0664942644851	1.4445583692016948	403.1278398535386	2.34706294746393e-09
457.365493753255	1	1	1	1	4	0	457.365493753255	34.0	0	0.008550679324211208	0.9032838076210268	1.1621225766352128	1554.6454823567992	0.0	427.5339662105604	33.638863238761594	308.09177440622983	1.4968683611826954	461.17282944932197	3.113674983199445e-09
473.0655726577729	1	1	1	1	4	0	473.0655726577729	35.0	0	0.00924012602480197	0.9052973178505948	1.1475101985615768	1816.6017596649149	0.0	462.00630124009865	63.26574790347243	338.0329557259443	1.5539078076441408	525.272049143571	3.6504785117483453e-09
488.8923788691719	1	1	1	1	4	0	488.8923788691719	36.0	0	0.009958583417697148	0.8952028311927268	1.1568635663751732	2098.856991256893	0.0	497.92917088485746	98.57176754760937	368.8812910501782	1.6170539219657143	596.5009384324669	3.937405961865049e-09
504.8454155135833	1	1	1	1	4	0	504.8454155135833	37.0	0	0.010670132583231212	0.9156930420324816	1.1787258652049648	2404.846426855649	7.015059303619688	533.5066291615606	137.2716074713363	400.62683530873306	1.6743217815550933	677.7932959365165	4.2936208198024046e-09
520.9241483123367	1	1	1	1	4	0	520.9241483123367	38.0	0	0.011337119762609113	0.9020158574687644	1.1586437281469133	2733.6340873780696	20.920301141753512	566.8559881304554	176.96529644246598	433.2584207967736	1.7168074499394943	764.7415857146748	4.685933710988123e-09
537.1280057402779	1	1	1	1	4	0	537.1280057402779	39.0	0	0.0120407430401033	0.9020096673940304	1.1531498959746065	3079.245353981851	41.57746167947757	602.0371520051647	228.13453234226182	466.7636334074594	1.778569761930728	871.7491460269041	5.075888307177309e-09
553.4563791951257	1	1	1	1	4	0	553.4563791951257	40.0	0	0.012723054465041685	0.9131644402865708	1.1631161202183096	3446.787803482763	68.8346330571118	636.1527232520841	285.8563949510358	501.1287898878208	1.8398645953059585	990.8437512602317	6.169186233995555e-09
569.9086231778117	1	1	1	1	4	0	569.9086231778117	41.0	0	0.013440627347746759	0.9009736673511568	1.1387214756959796	3841.5519055208915	102.52601851334668	672.0313673873377	344.97084620866616	536.3389161700513	1.8961932146530152	1119.5282321093505	7.055125707508047e-09
586.4840554837581	1	1	1	1	4	0	586.4840554837581	42.0	0	0.014177046743314315	0.8935192585577937	1.1540312328815248	4262.484599887885	142.47170017444452	708.8523371657158	400.0782610971759	572.377726829733	1.937410465646524	1251.4022984373362	7.795431350085101e-09
603.1819574050269	1	1	1	1	4	0	603.1819574050269	43.0	0	0.014890759798758969	0.8995678271652234	1.1404797323780285	4717.595623044086	188.47742008486333	744.5379899379483	445.5372001664082	609.2276057217517	1.9534163897489096	1378.5526101892199	8.380447261993779e-09
620.0015739432909	1	1	1	1	4	0	620.0015739432909	44.0	0	0.015538371752419169	0.9118343007142904	1.1494682649885053	5203.512640377659	240.3343750448304	776.9185876209584	486.7965064426599	646.8695878438102	1.953585572442692	1504.0494691084484	9.019709114840623e-09
636.9421140335545	1	1	1	1	4	0	636.9421140335545	45.0	0	0.0162059795207253	0.8953961975743403	1.1409803651836201	5705.630066221778	297.8190258094122	810.2989760362648	539.6599945120054	685.2833424764707	1.9699281842599603	1647.7779963576825	9.552218135269759e-09
654.0027507785644	1	1	1	1	4	0	654.0027507785644	46.0	0	0.016893976563258157	0.897698842716244	1.144381630520364	6231.8545393934155	360.69292119149117	844.6988281629077	598.4568926302895	724.4471576476094	1.992078656888301	1803.8486419846888	1.1511487871011467e-08
671.1826216938364	1	1	1	1	4	0	671.1826216938364	47.0	0	0.017634334239769515	0.9059582788615841	1.1478009002838443	6784.412043342615	428.702537597776	881.7167119884758	657.2664508030814	764.3379259679966	2.0134852798812912	1967.6857003893329	1.2415337050722755e-08
688.4808289632283	1	1	1	1	4	0	688.4808289632283	48.0	0	0.018381494221469088	0.8933464409413322	1.1420401994023397	7365.62343120672	501.57913451254234	919.0747110734544	709.916576233926	804.9311318834464	2.0237647952511515	2130.5704218199226	1.3049688363409658e-08
705.8964397049822	1	1	1	1	4	0	705.8964397049822	49.0	0	0.01908798829207333	0.9106149013719368	1.1480168993868078	7986.443708983308	579.0386264282525	954.3994146036667	752.8416297505372	846.2008403876275	2.017536455733312	2286.2796707824564	1.416202443752212e-08
723.4284862481575	1	1	1	1	4	0	723.4284862481575	50.0	0	0.019844701699473846	0.9063707087553	1.1450971236515892	8622.890882753592	660.7814717055172	992.2350849736923	810.4757308638319	888.1196872381532	2.029806164351044	2463.4922875430416	1.4545061147996318e-08
741.0759664193733	1	1	1	1	4	0	741.0759664193733	51.0	0	0.020579740646019692	0.9026406971724752	1.1457361081494084	9284.360337948376	746.4925788270981	1028.9870323009843	876.5594057224796	930.6588707170166	2.0475240692170646	2652.0390168505623	1.7346133662618004e-08
758.8378438397727	1	1	1	1	4	0	758.8378438397727	52.0	0	0.021384941643721414	0.8880269184485623	1.1445263799574934	9969.23668858662	835.8412304917856	1069.2470821860707	944.5756310611807	973.7881449747766	2.0680296054532623	2849.6639437390368	1.8166993227560517e-08
776.7130482321257	1	1	1	1	4	0	776.7130482321257	53.0	0	0.022210183827908524	0.882796286340628	1.1346102742130082	10692.176072295088	928.4810259740648	1110.5091913954263	1007.7495086544756	1017.4758149961584	2.081876216446383	3046.7397260239673	1.935549986479252e-08
794.7004757379742	1	1	1	1	4	0	794.7004757379742	54.0	0	0.023003392212136996	0.8945465689106548	1.1474340345454166	11455.07209063589	1024.0498421545199	1150.1696106068496	1059.048258242922	1061.6887332228832	2.0808527016608966	3233.2677110042914	2.042452007863451e-08
812.7989892447298	1	1	1	1	4	0	812.7989892447298	55.0	0	0.02385960190792005	0.8945617059837364	1.134160789669093	12246.065880184218	1122.1698136039506	1192.9800953960025	1118.4605119973603	1106.3922978676221	2.089169105613137	3433.610420997313	2.146921560714937e-08
831.0074187226242	1	1	1	1	4	0	831.0074187226242	56.0	0	0.02469842681031947	0.8838551030029255	1.1516059970269084	13059.698028846411	1222.4473320812006	1234.9213405159735	1185.9135452722826	1151.5504529509426	2.102239532436176	3643.282217869456	2.3876726397828305e-08
849.3245615714155	1	1	1	1	4	0	849.3245615714155	57.0	0	0.02552480665582744	0.8847356480322304	1.1474455839459106	13910.182228175789	1324.473065780785	1276.240332791372	1254.223101530684	1197.1256900910184	2.1137825837900635	3854.9365001028414	2.582635164721904e-08
867.7491829767432	1	1	1	1	4	0	867.7491829767432	58.0	0	0.026361426838809567	0.8815164569559676	1.1436193288822123	14797.879284897626	1427.8219986415347	1318.0713419404785	1315.9445103417586	1243.079052073697	2.118944766938343	4061.837850923771	2.7173285955370952e-08
886.2800162760308	1	1	1	1	4	0	886.2800162760308	59.0	0	0.027151117624156233	0.8845625721281124	1.1418310237930804	15727.257622191697	1532.0534900017474	1357.5558812078114	1363.3739103596945	1289.37013822824	2.1102782753340423	4252.9832815692525	2.840825485610884e-08
