11.247441493196291	1	1	1	1	4	0	11.247441493196291	1.0	0	0.0			15.0	0.0	0.0	0.0	0.0		0.0	0.0
11.367595075476835	1	1	1	1	4	0	11.367595075476835	1.0	0	0.0			15.0	0.0	0.0	0.0	0.0		0.0	0.0
22.856168219862568	1	1	1	1	4	0	22.856168219862568	2.0	0	0.0			14.552750241652504	0.0	0.0	0.0	0.7285827694774977	0.0	0.0	0.0
34.4665080713728	1	1	1	1	4	0	34.4665080713728	3.0	0	0.0			13.791431040067982	0.0	0.0	0.0	2.1993864847666735	0.0	0.0	0.0
46.1993671861199	1	1	1	1	4	0	46.1993671861199	4.0	0	0.0			12.713098668736418	0.0	0.0	0.0	4.42587529936556	0.0	0.0	0.0
58.05546181511435	1	1	1	1	4	0	58.05546181511435	5.0	0	0.0			11.314922877436091	0.0	0.0	0.0	7.421310407022852	0.0	0.0	0.0
70.03547169202406	1	1	1	1	4	0	70.03547169202406	6.0	0	2.500826149469408e-05			10.075555122184273	0.0	1.2504130747347042	0.0	8.825142047449571	0.14168758621806754	1.2504130747347042	0.0
82.14003983175478	1	1	1	1	4	0	82.14003983175478	7.0	0	2.653127967058565e-05	0.4617557734864791	1.1017922024493592	10.205797099035513	0.0	1.3265639835292828	0.0	8.879233115506231	0.14940073836023526	1.3265639835292828	8.564053602060783e-13
94.36977233991071	1	1	1	1	4	0	94.36977233991071	8.0	0	2.8282521825155573e-05	0.4375169284461168	1.4351183677540718	10.344593894863127	0.0	1.4141260912577789	0.0	8.930467803605348	0.15834848995109502	1.4141260912577789	8.9772746972389e-13
106.72523823319248	1	1	1	1	4	0	106.72523823319248	9.0	0	3.095290355657195e-05	0.8676926850165818	1.607580710174474	10.549395098577268	0.0	1.547645177828598	0.0	9.00174992074867	0.17192714654973232	1.547645177828598	1.1204256713230394e-12
119.20696927078512	1	1	1	1	4	0	119.20696927078512	10.0	0	3.422992724004273e-05	1.0413700136395168	1.1262491398896235	10.797544822145102	0.0	1.7114963620021373	0.0	9.086048460142964	0.18836531298614795	1.7114963620021373	1.28114923223977e-12
131.81545979678634	1	1	1	1	4	0	131.81545979678634	11.0	0	3.749368236370504e-05	0.7493362338057169	1.1212398598664777	11.04455011079186	0.0	1.8746841181852527	0.0	9.169865992606608	0.2044396417239636	1.8746841181852527	1.5002850360912284e-12
144.55116659372186	1	1	1	1	4	0	144.55116659372186	12.0	0	4.1191526149118705e-05	0.7844362040007942	1.168316525359011	11.326786257960864	0.0	2.059576307455936	0.0	9.267209950504926	0.2222434064250071	2.059576307455936	1.6588879378274763e-12
157.41450874719058	1	1	1	1	4	0	157.41450874719058	13.0	0	4.513066724137761e-05	0.7139875464654537	1.0503859552718708	11.632442606036141	0.0	2.2565333620688808	0.0	9.37590924396726	0.24067354998351784	2.2565333620688808	1.7876619084395951e-12
170.4058675216809	1	1	1	1	4	0	170.4058675216809	14.0	0	4.955495477427577e-05	0.6423658131165897	1.21939466691926	11.960604124680126	0.0	2.477747738713789	0.0	9.482856385966334	0.26128706772155746	2.477747738713789	1.9171418601716553e-12
183.52558624759342	1	1	1	1	4	0	183.52558624759342	15.0	0	5.549832634984226e-05	1.0219038541348755	1.1634744703814333	12.392544322093535	0.0	2.774916317492114	0.0	9.617628004601423	0.2885239807741049	2.774916317492114	2.6014347330299435e-12
196.77397021950497	1	1	1	1	4	0	196.77397021950497	16.0	0	6.182369585502461e-05	0.8929119560537365	1.1954088242355587	12.849844950455275	0.0	3.0911847927512324	0.0	9.758660157704043	0.3167632382720977	3.0911847927512324	2.8568122659081537e-12
210.1512866057031	1	1	1	1	4	0	210.1512866057031	17.0	0	6.736830353269125e-05	0.4934556819934134	1.0890630318607502	13.253278524485806	0.0	3.368415176634564	0.0	9.88486334785124	0.3407649714618245	3.368415176634564	2.8786385040529e-12
223.65776436901845	1	1	1	1	4	0	223.65776436901845	18.0	0	7.388623005050255e-05	0.6544856215173666	1.1653172769166271	13.735908720587725	0.0	3.6943115025251285	0.0	10.041597218062591	0.3679007853332224	3.6943115025251285	3.6929740991814354e-12
237.29359419897813	1	1	1	1	4	0	237.29359419897813	19.0	0	8.27793021677391e-05	0.9919230124386168	1.291211142446803	14.414667566225773	0.0	4.138965108386957	0.0	10.275702457838817	0.4027914515206257	4.138965108386957	6.812806584493691e-12
251.0589284553002	1	1	1	1	4	0	251.0589284553002	20.0	0	9.277832427841476e-05	1.0745365628612622	1.2000021623675927	15.215079720114437	0.0	4.638916213920738	0.0	10.576163506193694	0.4386199410782615	4.638916213920738	7.402965339925256e-12
264.95388112274634	1	1	1	1	4	0	264.95388112274634	21.0	0	0.00010300114308660768	0.8142753866087366	1.2602611589202704	16.036916311669074	0.0	5.150057154330386	0.0	10.886859157338689	0.47305261140067206	5.150057154330386	8.14621478652933e-12
278.9785277773454	1	1	1	1	4	0	278.9785277773454	22.0	0	0.000114094910239421	0.8229006711226964	1.155767214649322	16.95109581191211	0.0	5.70474551197105	0.0	11.246350299941057	0.5072530518634966	5.70474551197105	9.33542228760758e-12
293.1329055639992	1	1	1	1	4	0	293.1329055639992	23.0	0	0.00012712704996238727	0.9524979551383372	1.0978427576892524	18.006094347891647	0.0	6.3563524981193655	0.0	11.649741849772283	0.5456217468238244	6.3563524981193655	1.0610637034199305e-11
307.41701318547484	1	1	1	1	4	0	307.41701318547484	24.0	0	0.00014135694245433667	0.8105998957750175	1.2157631736830097	19.15748763890881	0.0	7.0678471227168345	0.0	12.089640516191974	0.5846201227613577	7.0678471227168345	1.3878435995642117e-11
321.83081090278995	1	1	1	1	4	0	321.83081090278995	25.0	0	0.00015673106853138745	0.7505696754652682	1.1816898079584732	20.420387326949008	0.0	7.836553426569375	0.0	12.583833900379634	0.6227476847364426	7.836553426569375	1.6456841534757912e-11
336.3742205469876	1	1	1	1	4	0	336.3742205469876	26.0	0	0.00017423785835156853	0.8600062952145965	1.2109933761568994	21.905867267898444	0.0	8.711892917578428	0.0	13.193974350320016	0.6602933040693023	8.711892917578428	1.954010513985537e-11
351.0471255422998	1	1	1	1	4	0	351.0471255422998	27.0	0	0.00019485496678267185	0.9567407577269432	1.2101003146763705	23.63282048471545	0.0	9.742748339133595	0.0	13.89007214558185	0.7014181234639997	9.742748339133595	2.223334501586333e-11
365.84937094069124	1	1	1	1	4	0	365.84937094069124	28.0	0	0.00021679167538023533	0.8730930424089541	1.2631960017686945	25.49530840355955	0.0	10.839583769011774	0.0	14.655724634547779	0.7396143172245294	10.839583769011774	2.540305173193575e-11
380.78076346777357	1	1	1	1	4	0	380.78076346777357	29.0	0	0.0002391403187512776	0.757439026773143	1.1973275466310804	27.441759819357518	0.0	11.957015937563884	0.0	15.484743881793639	0.7721804137569545	11.957015937563884	2.753676901750571e-11
395.84107158007737	1	1	1	1	4	0	395.84107158007737	30.0	0	0.00026449989264557504	0.7238092927653577	1.149411280260095	29.63449933584609	0.0	13.224994632278754	0.0	16.40950470356734	0.8059350279721552	13.224994632278754	3.625776025396744e-11
411.03002553366304	1	1	1	1	4	0	411.03002553366304	31.0	0	0.00029355298231890887	0.8093022916647704	1.1746927033363064	32.17572988269457	0.0	14.677649115945446	0.0	17.49808076674912	0.8388147998400359	14.677649115945446	4.2848515159697274e-11
426.3473174640513	1	1	1	1	4	0	426.3473174640513	32.0	0	0.0003256405314379662	0.8623653385360618	1.1783888098103663	35.072778114291985	0.0	16.282026571898314	0.0	18.79075154239368	0.8664915043533277	16.282026571898314	4.771745687975671e-11
441.79260147745117	1	1	1	1	4	0	441.79260147745117	33.0	0	0.0003560681881820372	0.8323754960272474	1.1950950851987654	38.27188259209157	0.0	17.80340940910186	0.4980186060504893	19.97045457693922	0.9164252092832094	18.301428015152354	5.2942507981635085e-11
457.365493753255	1	1	1	1	4	0	457.365493753255	34.0	0	0.00038547543077136365	0.8715236570290195	1.202531934389616	41.801706184411934	0.0	19.273771538568187	1.3807969263475417	21.1471377194962	0.9767075213149838	20.65456846491573	6.228538352339068e-11
473.0655726577729	1	1	1	1	4	0	473.0655726577729	35.0	0	0.00041498369241853473	0.8209450276732762	1.1885217865143638	45.826627554181535	0.0	20.749184620926737	2.6488251346597127	22.428617798595084	1.0432212080876464	23.398009755586447	8.679278446155803e-11
488.8923788691719	1	1	1	1	4	0	488.8923788691719	36.0	0	0.00044833801571565057	0.8422338771211677	1.0895890847569318	50.56555401619289	0.0	22.416900785782534	4.2879040907540285	23.860749139656328	1.1191938995810249	26.70480487653656	1.0742307959343364e-10
504.8454155135833	1	1	1	1	4	0	504.8454155135833	37.0	0	0.0004830400590936917	0.7543696028259022	1.207743347453987	56.07837921553728	0.3421223775464989	24.152002954684587	6.175283893593706	25.408969989712485	1.1935661642544786	30.669409225824786	1.2970004780172685e-10
520.9241483123367	1	1	1	1	4	0	520.9241483123367	38.0	0	0.0005224595041996066	0.8197638605549269	1.1723994963529072	63.145639988412455	1.1639326525716298	26.122975209980332	8.521210834660412	27.33752129120008	1.2672760516803945	35.80811869721238	1.6850610128803847e-10
537.1280057402779	1	1	1	1	4	0	537.1280057402779	39.0	0	0.0005651524091754053	0.7152000142693876	1.1880972420259186	71.67136483885784	2.4173223855657358	28.25762045877028	11.625945137559125	29.370476856962696	1.3579474991354945	42.300887981895144	2.0744425451742804e-10
553.4563791951257	1	1	1	1	4	0	553.4563791951257	40.0	0	0.0006125687836157546	0.8291981715295026	1.1590572575720786	82.33585799694926	4.311525233397842	30.628439180787733	15.637253391849566	31.75864019091413	1.4567907282715935	50.57721780603514	2.8631122123003543e-10
569.9086231778117	1	1	1	1	4	0	569.9086231778117	41.0	0	0.0006695028281582051	0.7525341870849541	1.1294820316578789	95.33966999651564	6.984684833619978	33.475141407910264	20.32754323156153	34.552300523423874	1.5571375516081083	60.78736947309177	3.998555765802592e-10
586.4840554837581	1	1	1	1	4	0	586.4840554837581	42.0	0	0.000739985625055739	0.8012987100981649	1.1769283569300908	111.41063346710855	10.807891262455023	36.99928125278695	25.60188113536087	38.0015798165057	1.64733052389989	73.40905365060284	4.97250981300055e-10
603.1819574050269	1	1	1	1	4	0	603.1819574050269	43.0	0	0.0008245601050793144	0.907137349817998	1.1866279245841709	130.8445372491179	16.259535743176812	41.228005253965726	30.98873248251529	42.36826376946009	1.704500758620567	88.47627347965782	6.119226055479589e-10
620.0015739432909	1	1	1	1	4	0	620.0015739432909	44.0	0	0.0009136905844884152	0.8331968743618312	1.1608685949076916	153.29724682322882	23.396580126244487	45.68452922442078	36.66722826645629	47.54890920610728	1.7319378901819185	105.74833761712156	7.072896201836124e-10
636.9421140335545	1	1	1	1	4	0	636.9421140335545	45.0	0	0.0010077641596707306	0.8124513448038927	1.1503757612529462	178.96317891980945	31.496825318495326	50.38820798353653	44.116298746730614	52.96184687104697	1.7843884289075005	126.00133204876245	8.008993851347627e-10
654.0027507785644	1	1	1	1	4	0	654.0027507785644	46.0	0	0.0011108503368919538	0.8374054791124373	1.175952176329999	208.2161741818731	40.917548259518846	55.5425168445977	52.92614397101463	58.829965106741895	1.8437655133537016	149.38620907513115	1.0907351905347615e-09
671.1826216938364	1	1	1	1	4	0	671.1826216938364	47.0	0	0.0012293296650089768	0.8257145922379978	1.1615303016345244	240.8187077881451	51.80111698981408	61.466483250448846	62.33742875974535	65.2136787881368	1.898434719691288	175.60502900000833	1.222116387103021e-09
688.4808289632283	1	1	1	1	4	0	688.4808289632283	48.0	0	0.0013649625304636651	0.8453547652762213	1.168525123409113	277.75630484727293	65.03049477534772	68.24812652318325	71.89507043441088	72.58261311433104	1.9308094727430472	205.17369173294185	1.3834463663674851e-09
705.8964397049822	1	1	1	1	4	0	705.8964397049822	49.0	0	0.001511897412694893	0.8188686338212646	1.184378080735247	318.72349922534835	81.14032753387514	75.59487063474464	80.82251646072797	81.16578459600058	1.927134541654884	237.5577146293477	1.5193832051056987e-09
723.4284862481575	1	1	1	1	4	0	723.4284862481575	50.0	0	0.0016660910742602418	0.8413312269224863	1.148864646491542	363.3753877843777	97.79686949124536	83.3045537130121	92.56647790607191	89.70748667404847	1.9604944708584933	273.6679011103293	1.6693214635827273e-09
741.0759664193733	1	1	1	1	4	0	741.0759664193733	51.0	0	0.0018222797521887644	0.8270190909136826	1.1793936912515317	412.4789126732595	116.00965204925743	91.11398760943823	106.60862064875823	98.74665236580566	2.0023221397494644	313.7322603074539	2.097238839545282e-09
758.8378438397727	1	1	1	1	4	0	758.8378438397727	52.0	0	0.0020022684931487334	0.7851563852997272	1.1836447508107455	466.29534567423553	135.98199605466706	100.1134246574367	121.81247012051121	108.38745484162055	2.047523812624197	357.90789083261495	2.2576477915321493e-09
776.7130482321257	1	1	1	1	4	0	776.7130482321257	53.0	0	0.002204726346340055	0.8152180199585519	1.156382524741177	525.3621900683834	158.70945045873415	110.23631731700272	137.3110084652377	119.10541382740881	2.078388528509308	406.2567762409746	2.504352792968645e-09
794.7004757379742	1	1	1	1	4	0	794.7004757379742	54.0	0	0.00242560290890776	0.7985021533828336	1.175622304344068	589.6142309664551	185.3215136016824	121.28014544538799	151.59564248879082	131.41692943059394	2.0764127507506127	458.19730153586113	2.6721930088460798e-09
812.7989892447298	1	1	1	1	4	0	812.7989892447298	55.0	0	0.002668622765827219	0.8365458605234053	1.1804237658633148	659.1662471307335	213.17111813200032	133.43113829136092	168.4587514652214	144.10523924215076	2.094926536635453	515.0610078885826	2.9016606145449167e-09
831.0074187226242	1	1	1	1	4	0	831.0074187226242	56.0	0	0.002909445617692206	0.7826966549476643	1.149954045270151	732.3267787208058	241.9603420910862	145.47228088461034	187.82421354645518	157.0699421986543	2.1219622912290155	575.2568365221516	3.369964280772406e-09
849.3245615714155	1	1	1	1	4	0	849.3245615714155	57.0	0	0.003164864084883348	0.8354009397729034	1.1630128804794124	811.8315850296982	273.4945774154981	158.24320424416743	208.9374125781948	171.15639079183794	2.1452930569734368	640.6751942378603	3.7897879644254754e-09
867.7491829767432	1	1	1	1	4	0	867.7491829767432	58.0	0	0.0034462668350721927	0.8418408431351047	1.162148359918793	896.880945574071	308.2566767858865	172.31334175360962	229.6978180026206	186.61310903195422	2.154249301357457	710.2678365421167	4.01788625006998e-09
886.2800162760308	1	1	1	1	4	0	886.2800162760308	59.0	0	0.003744822550691061	0.8108045407156351	1.1738095927829404	986.6477638055437	347.66312304372076	187.2411275345531	247.6292903288582	204.11422289841173	2.1305248193304367	782.533540907132	4.244901283339137e-09
