11.247441493196291	1	1	1	1	4	0	11.247441493196291	1.0	0	0.0			15.0	0.0	0.0	0.0	0.0		0.0	0.0
11.367595075476835	1	1	1	1	4	0	11.367595075476835	1.0	0	0.0			15.0	0.0	0.0	0.0	0.0		0.0	0.0
22.856168219862568	1	1	1	1	4	0	22.856168219862568	2.0	0	0.0			14.552750241652504	0.0	0.0	0.0	0.7285827694774977	0.0	0.0	0.0
34.4665080713728	1	1	1	1	4	0	34.4665080713728	3.0	0	0.0			13.791431040067982	0.0	0.0	0.0	2.1993864847666735	0.0	0.0	0.0
46.1993671861199	1	1	1	1	4	0	46.1993671861199	4.0	0	0.0			12.713098668736418	0.0	0.0	0.0	4.42587529936556	0.0	0.0	0.0
58.05546181511435	1	1	1	1	4	0	58.05546181511435	5.0	0	0.0			11.314922877436091	0.0	0.0	0.0	7.421310407022852	0.0	0.0	0.0
70.03547169202406	1	1	1	1	4	0	70.03547169202406	6.0	0	2.500826149469408e-05			10.075555122184273	0.0	1.2504130747347042	0.0	8.825142047449571	0.14168758621806754	1.2504130747347042	0.0
82.14003983175478	1	1	1	1	4	0	82.14003983175478	7.0	0	3.0383167298093083e-05	1.06382182024388	1.0248253922690336	10.535193994723716	0.0	1.5191583649046545	0.0	9.016035629819061	0.1684951598771734	1.5191583649046545	1.896790149462999e-12
94.36977233991071	1	1	1	1	4	0	94.36977233991071	8.0	0	3.726948519561847e-05	0.9201628002768659	1.0516838122641787	11.080977372957669	0.0	1.863474259780924	0.0	9.217503113176743	0.2021669249145164	1.863474259780924	2.2207868525467203e-12
106.72523823319248	1	1	1	1	4	0	106.72523823319248	9.0	0	4.399550456137689e-05	0.5630892443525479	1.2288066745401405	11.596820050469288	0.0	2.1997752280688454	0.0	9.397044822400444	0.2340922353403141	2.1997752280688454	2.195178398879145e-12
119.20696927078512	1	1	1	1	4	0	119.20696927078512	10.0	0	5.528351679003816e-05	1.0393355303929626	1.1914917784012604	12.451594804860411	0.0	2.7641758395019087	0.0	9.687418965358502	0.2853366670096956	2.7641758395019087	3.3171463746007365e-12
131.81545979678634	1	1	1	1	4	0	131.81545979678634	11.0	0	6.615660720640467e-05	0.5749995400734711	1.4709569062378265	13.27448461583472	0.0	3.3078303603202337	0.0	9.966654255514486	0.3318897471024474	3.3078303603202337	3.6381510367586135e-12
144.55116659372186	1	1	1	1	4	0	144.55116659372186	12.0	0	8.19378082541379e-05	0.7661031335759613	1.1972053755319525	14.478977190394184	0.0	4.096890412706896	0.0	10.382086777687288	0.3946114591829214	4.096890412706896	4.983470589082377e-12
157.41450874719058	1	1	1	1	4	0	157.41450874719058	13.0	0	0.00010316821796179148	1.009334286155193	1.3569690228203322	16.126343798342234	0.0	5.158410898089575	0.0	10.96793290025266	0.4703175106013591	5.158410898089575	6.587917427229025e-12
170.4058675216809	1	1	1	1	4	0	170.4058675216809	14.0	0	0.00012902043758447875	0.7544165391682842	1.0740450054206057	18.04387370312705	0.0	6.451021879223938	0.0	11.592851823903114	0.5564654821105087	6.451021879223938	7.74345308083144e-12
183.52558624759342	1	1	1	1	4	0	183.52558624759342	15.0	0	0.00016321497235572798	0.894579181015452	1.3056333118870658	20.528994128757763	0.0	8.1607486177864	0.0	12.368245510971356	0.6598145719655499	8.1607486177864	1.0887969191806533e-11
196.77397021950497	1	1	1	1	4	0	196.77397021950497	16.0	0	0.0002087319817581936	0.9255140441629848	1.211907330861972	23.81970417879373	0.0	10.436599087909679	0.0	13.383105090884056	0.7798339037940156	10.436599087909679	2.4838035429906235e-11
210.1512866057031	1	1	1	1	4	0	210.1512866057031	17.0	0	0.00026750292870075316	0.9455379463257254	1.1887388391981508	28.09596222130568	0.0	13.37514643503766	0.0	14.720815786268018	0.908587311276211	13.37514643503766	3.019049477589026e-11
223.65776436901845	1	1	1	1	4	0	223.65776436901845	18.0	0	0.00034118072255091386	0.9243418091874704	1.2389408866077607	33.55155120302993	0.0	17.059036127545692	0.0	16.49251507548424	1.034350191554687	17.059036127545692	3.911717243158563e-11
237.29359419897813	1	1	1	1	4	0	237.29359419897813	19.0	0	0.0004338625530916946	0.9368678777228898	1.1848460898027249	40.62544102199948	0.0	21.69312765458473	0.0	18.93231336741476	1.145825511842717	21.69312765458473	5.1732363780938094e-11
251.0589284553002	1	1	1	1	4	0	251.0589284553002	20.0	0	0.0005456974451088368	0.9059371135403568	1.2359485541410244	49.57771713545817	0.0	27.284872255441837	0.0	22.292844880016325	1.2239295793019416	27.284872255441837	6.506090515824325e-11
264.95388112274634	1	1	1	1	4	0	264.95388112274634	21.0	0	0.0006820815469573037	0.8118095314130602	1.2124367550791697	60.541957772840455	0.0	34.104077347865186	0.0	26.437880424975265	1.2899701791391658	34.104077347865186	8.336077115222692e-11
278.9785277773454	1	1	1	1	4	0	278.9785277773454	22.0	0	0.0008489060044119863	0.8063499010252748	1.196559659286148	74.2890913698857	0.0	42.445300220599314	0.0	31.8437911492864	1.3329223276717317	42.445300220599314	1.4550153645057872e-10
293.1329055639992	1	1	1	1	4	0	293.1329055639992	23.0	0	0.0010565535376748966	0.8096146753403476	1.2028598808747029	91.09890527988199	0.0	52.82767688374484	0.0	38.27122839613715	1.3803496542346922	52.82767688374484	1.5962386359977458e-10
307.41701318547484	1	1	1	1	4	0	307.41701318547484	24.0	0	0.0013242806788929793	0.8295091330207796	1.2183698259585662	112.76169959797696	0.0	66.21403394464896	0.0	46.54766565332801	1.4224995607253372	66.21403394464896	2.2574914407214775e-10
321.83081090278995	1	1	1	1	4	0	321.83081090278995	25.0	0	0.0016621692055603507	0.8741056711051552	1.1809174148405306	140.5173790285988	0.0	83.10846027801752	0.0	57.40891875058129	1.4476576477444283	83.10846027801752	2.926248311294448e-10
336.3742205469876	1	1	1	1	4	0	336.3742205469876	26.0	0	0.002070831894790682	0.8487279541561799	1.179360667218606	175.19308106771945	0.0	103.54159473953409	0.0	71.65148632818537	1.4450725315771182	103.54159473953409	3.6471187558333713e-10
351.0471255422998	1	1	1	1	4	0	351.0471255422998	27.0	0	0.0025833632560552065	0.8181019744184047	1.1571187039820041	218.12430423187882	0.0	129.16816280276032	0.0	88.9561414291185	1.4520432285800449	129.16816280276032	4.497971902288108e-10
365.84937094069124	1	1	1	1	4	0	365.84937094069124	28.0	0	0.0032273039141218745	0.87334572970537	1.1731128883057835	272.79666726061953	0.0	161.36519570609371	0.0	111.43147155452586	1.448111502567156	161.36519570609371	7.061613965317858e-10
380.78076346777357	1	1	1	1	4	0	380.78076346777357	29.0	0	0.0038838548878937225	0.9094888285399424	1.1893821392727029	347.8240192906246	0.0	194.1927443946861	0.0	135.7861218578248	1.4301369074964532	194.1927443946861	9.318342752421573e-10
395.84107158007737	1	1	1	1	4	0	395.84107158007737	30.0	0	0.004577577375343362	0.8922802441596069	1.2086796656064491	441.58051135361984	0.0	228.87886876716811	0.0	161.08336779148306	1.4208721353742992	228.87886876716811	1.1222399805120066e-09
411.03002553366304	1	1	1	1	4	0	411.03002553366304	31.0	0	0.0052778102000599824	0.8941168068976688	1.1721403265502497	556.4762072016143	0.0	263.89051000299906	0.0	187.3200503684933	1.4087680922777752	263.89051000299906	1.3473103286901566e-09
426.3473174640513	1	1	1	1	4	0	426.3473174640513	32.0	0	0.005952289465021806	0.8861400347372238	1.1826930651036671	693.0036576031407	0.0	297.6144732510903	0.0	214.4919490809616	1.3875321406061425	297.6144732510903	1.5504463613970916e-09
441.79260147745117	1	1	1	1	4	0	441.79260147745117	33.0	0	0.0066771092051858116	0.9059088751023728	1.17675837223938	845.1169350591985	0.0	333.8554602592906	11.86334260539778	242.59375311280186	1.425093591358617	345.7188028646883	1.750999665412651e-09
457.365493753255	1	1	1	1	4	0	457.365493753255	34.0	0	0.007402498584434202	0.8768236951790501	1.1673668610157026	1012.559882257344	0.0	370.12492922171015	33.638863238761594	271.6190332545466	1.4865077296777145	403.76379246047173	2.306160628603015e-09
473.0655726577729	1	1	1	1	4	0	473.0655726577729	35.0	0	0.008091945285024967	0.901258068978381	1.1583482617187495	1201.7675667135386	0.0	404.5972642512484	63.26574790347243	301.56021457426107	1.551474596260133	467.8630121547208	2.7032291236890466e-09
488.8923788691719	1	1	1	1	4	0	488.8923788691719	36.0	0	0.008810402677920142	0.8964023765914927	1.1612258550292878	1409.9970883483575	0.0	440.52013389600717	98.57176754760937	332.408549898495	1.6217750765082153	539.0919014436166	3.0375799614297395e-09
504.8454155135833	1	1	1	1	4	0	504.8454155135833	37.0	0	0.009521951843454205	0.8976082894856248	1.1520649351734435	1637.4433963042102	7.015059303619688	476.09759217271034	137.2716074713363	364.15409415704977	1.68436716622364	620.3842589476664	3.4140159469243317e-09
520.9241483123367	1	1	1	1	4	0	520.9241483123367	38.0	0	0.010188939022832105	0.8966163079839244	1.144522473205867	1886.6690902919674	20.920301141753512	509.4469511416052	176.96529644246598	396.7856796450904	1.7299320081260003	707.3325487258247	3.797986520770663e-09
537.1280057402779	1	1	1	1	4	0	537.1280057402779	39.0	0	0.010892562300326291	0.8983509854015085	1.1677803574836598	2149.4988582967503	41.57746167947757	544.6281150163145	228.13453234226182	430.29089225577616	1.795907515744549	814.3401090380537	4.1176159783256355e-09
553.4563791951257	1	1	1	1	4	0	553.4563791951257	40.0	0	0.011574873725264678	0.904549471681511	1.153882597092512	2433.8071822702327	68.8346330571118	578.7436862632337	285.8563949510358	464.65604873613745	1.8607313593914856	933.4347142713814	5.4413128593854205e-09
569.9086231778117	1	1	1	1	4	0	569.9086231778117	41.0	0	0.012292446607969751	0.8821495115732405	1.1519345417863136	2738.091364612872	102.52601851334668	614.6223303984875	344.97084620866616	499.8661750183682	1.919700160891847	1062.1191951205003	5.803646158589333e-09
586.4840554837581	1	1	1	1	4	0	586.4840554837581	42.0	0	0.01302886600353731	0.8959783813909714	1.1519533514368638	3069.482008512644	142.47170017444452	651.4433001768655	400.0782610971759	535.9049856780498	1.9621417776951848	1193.993261448486	6.630489522790479e-09
603.1819574050269	1	1	1	1	4	0	603.1819574050269	43.0	0	0.01374257905898196	0.8850585529482665	1.1511373257395938	3429.359298484797	188.47742008486333	687.1289529490983	445.5372001664082	572.7548645700685	1.9775757888424543	1321.1435732003695	7.064295901609486e-09
620.0015739432909	1	1	1	1	4	0	620.0015739432909	44.0	0	0.01439019101264216	0.8981212671854659	1.156367293020776	3820.4495586041994	240.3343750448304	719.5095506321081	486.7965064426599	610.3968466921273	1.9762652176399695	1446.6404321195985	7.651659897232342e-09
636.9421140335545	1	1	1	1	4	0	636.9421140335545	45.0	0	0.015057798780948291	0.9068659099071508	1.156807083868765	4224.333220339639	297.8190258094122	752.8899390474146	539.6599945120054	648.8106013247874	1.992183745025436	1590.368959368832	8.063966306984979e-09
654.0027507785644	1	1	1	1	4	0	654.0027507785644	46.0	0	0.01574579582348115	0.8961140142787212	1.1603298546566838	4647.495008531285	360.69292119149117	787.2897911740578	598.4568926302895	687.9744164959262	2.014241591805693	1746.4396049958386	9.716923520472787e-09
671.1826216938364	1	1	1	1	4	0	671.1826216938364	47.0	0	0.01648615349999251	0.9109834250443101	1.160786583189947	5097.675122088294	428.702537597776	824.3076749996255	657.2664508030814	727.8651848163133	2.03550624031647	1910.2766634004827	1.0653884199947699e-08
688.4808289632283	1	1	1	1	4	0	688.4808289632283	48.0	0	0.01723331348169209	0.8941309637755719	1.1452036684656943	5573.844087957256	501.57913451254234	861.6656740846042	709.916576233926	768.4583907317633	2.0451104045099875	2073.1613848310726	1.1290255736297417e-08
705.8964397049822	1	1	1	1	4	0	705.8964397049822	49.0	0	0.017939807552296332	0.8933533421249434	1.1469495703075008	6079.098890918362	579.0386264282525	896.9903776148165	752.8416297505372	809.7280992359442	2.037513591194535	2228.8706337936064	1.1979184874353229e-08
723.4284862481575	1	1	1	1	4	0	723.4284862481575	50.0	0	0.01869652095969684	0.9004318789076932	1.1341210936234822	6600.915367272615	660.7814717055172	934.826047984842	810.4757308638319	851.64694608647	2.049325470922864	2406.083250554191	1.2452710821898905e-08
741.0759664193733	1	1	1	1	4	0	741.0759664193733	51.0	0	0.019431559906242686	0.8871920144642497	1.145621648660081	7146.414823392161	746.4925788270981	971.5779953121344	876.5594057224796	894.1861295653334	2.0668374736845885	2594.629979861712	1.4544642039786369e-08
758.8378438397727	1	1	1	1	4	0	758.8378438397727	52.0	0	0.02023676090394441	0.8975479837953376	1.1466890334328763	7717.316825232194	835.8412304917856	1011.8380451972207	944.5756310611807	937.3154038230934	2.0872522400449642	2792.254906750187	1.581297142245993e-08
776.7130482321257	1	1	1	1	4	0	776.7130482321257	53.0	0	0.02106200308813152	0.9039545886903552	1.131861248606904	8323.483498039359	928.4810259740648	1053.1001544065762	1007.7495086544756	981.0030738444752	2.1007576000600503	2989.3306890351173	1.672039172885988e-08
794.7004757379742	1	1	1	1	4	0	794.7004757379742	54.0	0	0.021855211472359987	0.8976875822711031	1.1459125249283404	8960.684195031663	1024.0498421545199	1092.7605736179994	1059.048258242922	1025.2159920712	2.09888340457284	3175.8586740154415	1.7603051270223788e-08
812.7989892447298	1	1	1	1	4	0	812.7989892447298	55.0	0	0.022711421168143047	0.8841428065066106	1.1426129718308715	9621.11477063552	1122.1698136039506	1135.5710584071526	1118.4605119973603	1069.9195567159388	2.1067299464299385	3376.2013840084637	1.840312906369588e-08
831.0074187226242	1	1	1	1	4	0	831.0074187226242	56.0	0	0.023550246070542468	0.8805757275124233	1.1464727122805498	10308.596371755564	1222.4473320812006	1177.5123035271233	1185.9135452722826	1115.077711799259	2.1195167151048566	3585.873180880606	2.1357985452485014e-08
849.3245615714155	1	1	1	1	4	0	849.3245615714155	57.0	0	0.02437662591605044	0.8799419989759449	1.1414836131700739	11023.933252155779	1324.473065780785	1218.831295802522	1254.223101530684	1160.6529489393351	2.1307440777996653	3797.527463113991	2.2608964144220878e-08
867.7491829767432	1	1	1	1	4	0	867.7491829767432	58.0	0	0.02521324609903256	0.8933950215058369	1.1403722254236808	11779.191662475316	1427.8219986415347	1260.662304951628	1315.9445103417586	1206.6063109220138	2.1354163259137136	4004.4288139349214	2.3708975460745017e-08
886.2800162760308	1	1	1	1	4	0	886.2800162760308	59.0	0	0.026002936884379223	0.88431437225731	1.1584605430568926	12569.660955600684	1532.0534900017474	1300.1468442189614	1363.3739103596945	1252.8973970765567	2.1258889680779705	4195.574244580404	2.4564256348906278e-08
