11.247441493196291	1	1	1	1	4	0	11.247441493196291	1.0	0	0.0			15.0	0.0	0.0	0.0	0.0		0.0	0.0
11.367595075476835	1	1	1	1	4	0	11.367595075476835	1.0	0	0.0			15.0	0.0	0.0	0.0	0.0		0.0	0.0
22.856168219862568	1	1	1	1	4	0	22.856168219862568	2.0	0	0.0			14.552750241652504	0.0	0.0	0.0	0.7285827694774977	0.0	0.0	0.0
34.4665080713728	1	1	1	1	4	0	34.4665080713728	3.0	0	0.0			13.791431040067982	0.0	0.0	0.0	2.1993864847666735	0.0	0.0	0.0
46.1993671861199	1	1	1	1	4	0	46.1993671861199	4.0	0	0.0			12.713098668736418	0.0	0.0	0.0	4.42587529936556	0.0	0.0	0.0
58.05546181511435	1	1	1	1	4	0	58.05546181511435	5.0	0	0.0			11.314922877436091	0.0	0.0	0.0	7.421310407022852	0.0	0.0	0.0
70.03547169202406	1	1	1	1	4	0	70.03547169202406	6.0	0	2.500826149469408e-05			10.075555122184273	0.0	1.2504130747347042	0.0	8.825142047449571	0.14168758621806754	1.2504130747347042	0.0
82.14003983175478	1	1	1	1	4	0	82.14003983175478	7.0	0	2.500826149469408e-05	0.6414885737942514	1.2030073006977948	10.075555122184273	0.0	1.2504130747347042	0.0	8.825142047449571	0.14168758621806754	1.2504130747347042	4.058638912490156e-13
94.36977233991071	1	1	1	1	4	0	94.36977233991071	8.0	0	2.500826149469408e-05	0.7135539498332502	1.177250680554979	10.075555122184273	0.0	1.2504130747347042	0.0	8.825142047449571	0.14168758621806754	1.2504130747347042	4.108805300535808e-13
106.72523823319248	1	1	1	1	4	0	106.72523823319248	9.0	0	2.500826149469408e-05	0.37992773284135	1.1440804560915523	10.075555122184273	0.0	1.2504130747347042	0.0	8.825142047449571	0.14168758621806754	1.2504130747347042	3.839288565096584e-13
119.20696927078512	1	1	1	1	4	0	119.20696927078512	10.0	0	2.500826149469408e-05	0.7718057242432329	0.8990814822684724	10.075555122184273	0.0	1.2504130747347042	0.0	8.825142047449571	0.14168758621806754	1.2504130747347042	4.147100840523818e-13
131.81545979678634	1	1	1	1	4	0	131.81545979678634	11.0	0	2.500826149469408e-05	0.8717697966871858	1.3583482149178232	10.075555122184273	0.0	1.2504130747347042	0.0	8.825142047449571	0.14168758621806754	1.2504130747347042	5.600541947680009e-13
144.55116659372186	1	1	1	1	4	0	144.55116659372186	12.0	0	2.500826149469408e-05	0.7800511080568012	1.0395108999696452	10.075555122184273	0.0	1.2504130747347042	0.0	8.825142047449571	0.14168758621806754	1.2504130747347042	5.54412516005893e-13
157.41450874719058	1	1	1	1	4	0	157.41450874719058	13.0	0	2.500826149469408e-05	0.792132863523345	1.4829278360778255	10.075555122184273	0.0	1.2504130747347042	0.0	8.825142047449571	0.14168758621806754	1.2504130747347042	5.551793863972138e-13
170.4058675216809	1	1	1	1	4	0	170.4058675216809	14.0	0	2.500826149469408e-05	0.5033696699907722	0.9937336120339498	10.075555122184273	0.0	1.2504130747347042	0.0	8.825142047449571	0.14168758621806754	1.2504130747347042	5.343447428010742e-13
183.52558624759342	1	1	1	1	4	0	183.52558624759342	15.0	0	2.500826149469408e-05	0.7075755193895022	1.1708497090447738	10.075555122184273	0.0	1.2504130747347042	0.0	8.825142047449571	0.14168758621806754	1.2504130747347042	6.888293542935053e-13
196.77397021950497	1	1	1	1	4	0	196.77397021950497	16.0	0	2.500826149469408e-05	0.991423669293692	1.1193379362003075	10.075555122184273	0.0	1.2504130747347042	0.0	8.825142047449571	0.14168758621806754	1.2504130747347042	7.060602933589701e-13
210.1512866057031	1	1	1	1	4	0	210.1512866057031	17.0	0	2.500826149469408e-05	0.8392597337728014	1.5088780299003124	10.075555122184273	0.0	1.2504130747347042	0.0	8.825142047449571	0.14168758621806754	1.2504130747347042	6.972769123591425e-13
223.65776436901845	1	1	1	1	4	0	223.65776436901845	18.0	0	2.500826149469408e-05	1.2039627072668382	1.0873042383081983	10.075555122184273	0.0	1.2504130747347042	0.0	8.825142047449571	0.14168758621806754	1.2504130747347042	8.561903555083343e-13
237.29359419897813	1	1	1	1	4	0	237.29359419897813	19.0	0	2.500826149469408e-05	0.7368714159086875	1.6895976929482046	10.075555122184273	0.0	1.2504130747347042	0.0	8.825142047449571	0.14168758621806754	1.2504130747347042	8.299648180700911e-13
251.0589284553002	1	1	1	1	4	0	251.0589284553002	20.0	0	2.500826149469408e-05	0.9020327530407756	1.125415789378824	10.075555122184273	0.0	1.2504130747347042	0.0	8.825142047449571	0.14168758621806754	1.2504130747347042	8.401885207433099e-13
264.95388112274634	1	1	1	1	4	0	264.95388112274634	21.0	0	2.500826149469408e-05	0.7326704165110397	1.0392482013533078	10.075555122184273	0.0	1.2504130747347042	0.0	8.825142047449571	0.14168758621806754	1.2504130747347042	9.688622379452143e-13
278.9785277773454	1	1	1	1	4	0	278.9785277773454	22.0	0	2.5018746996251805e-05	1.2125233640552129	1.2064556161359778	10.076419177688756	0.0	1.2509373498125906	0.0	8.825481827876166	0.1417415359534683	1.2509373498125906	9.957823226081987e-13
293.1329055639992	1	1	1	1	4	0	293.1329055639992	23.0	0	2.5018746996251805e-05	0.8355701171425545	1.1895525658361918	10.076419177688756	0.0	1.2509373498125906	0.0	8.825481827876166	0.1417415359534683	1.2509373498125906	9.758345232646586e-13
307.41701318547484	1	1	1	1	4	0	307.41701318547484	24.0	0	2.501150642896741e-05	0.534409525574488	0.9479099135257992	10.076057149324537	0.0	1.2505753214483706	0.0	8.825481827876166	0.14170051514902038	1.2505753214483706	8.852243388016641e-13
321.83081090278995	1	1	1	1	4	0	321.83081090278995	25.0	0	2.501150642896741e-05	0.8704764947989381	1.418138702365022	10.076057149324537	0.0	1.2505753214483706	0.0	8.825481827876166	0.14170051514902038	1.2505753214483706	1.0472388306837937e-12
336.3742205469876	1	1	1	1	4	0	336.3742205469876	26.0	0	2.501150642896741e-05	0.9079092278464314	1.5166391708255629	10.076057149324537	0.0	1.2505753214483706	0.0	8.825481827876166	0.14170051514902038	1.2505753214483706	1.0494381069382186e-12
351.0471255422998	1	1	1	1	4	0	351.0471255422998	27.0	0	2.503536934419708e-05	1.2111437346843628	1.258164075248671	10.078329986293037	0.0	1.2517684672098544	0.0	8.826561519083182	0.14181835865569042	1.2517684672098544	1.0654524780646564e-12
365.84937094069124	1	1	1	1	4	0	365.84937094069124	28.0	0	2.503536934419708e-05	0.569627215521341	1.7390402292851703	10.078329986293037	0.0	1.2517684672098544	0.0	8.826561519083182	0.14181835865569042	1.2517684672098544	1.1672811189185894e-12
380.78076346777357	1	1	1	1	4	0	380.78076346777357	29.0	0	2.503536934419708e-05	0.9668279498290966	1.179450389165937	10.078329986293037	0.0	1.2517684672098544	0.0	8.826561519083182	0.14181835865569042	1.2517684672098544	1.1931694552289016e-12
395.84107158007737	1	1	1	1	4	0	395.84107158007737	30.0	0	2.501305035967914e-05	0.9569571887322512	1.133578924068498	10.077214037067137	0.0	1.2506525179839572	0.0	8.826561519083182	0.14169192785662055	1.2506525179839572	1.122955225124094e-12
411.03002553366304	1	1	1	1	4	0	411.03002553366304	31.0	0	2.501305035967914e-05	0.6194884722302663	1.3112451837392505	10.077214037067137	0.0	1.2506525179839572	0.0	8.826561519083182	0.14169192785662055	1.2506525179839572	1.239568407259083e-12
426.3473174640513	1	1	1	1	4	0	426.3473174640513	32.0	0	2.501305035967914e-05	0.8983995754338749	1.5704633186292711	10.077214037067137	0.0	1.2506525179839572	0.0	8.826561519083182	0.14169192785662055	1.2506525179839572	1.257758260988205e-12
441.79260147745117	1	1	1	1	4	0	441.79260147745117	33.0	0	2.501305035967914e-05	0.9744293040858768	1.1293748230185072	10.077214037067137	0.0	1.2506525179839572	0.0	8.826561519083182	0.14169192785662055	1.2506525179839572	1.2620836105483215e-12
457.365493753255	1	1	1	1	4	0	457.365493753255	34.0	0	2.501305035967914e-05	0.7831488977996337	1.4568798047696716	10.077214037067137	0.0	1.2506525179839572	0.0	8.826561519083182	0.14169192785662055	1.2506525179839572	1.3899443051686258e-12
473.0655726577729	1	1	1	1	4	0	473.0655726577729	35.0	0	2.506064261279111e-05	1.3261962736352997	1.5692417361561235	10.083705611490473	0.0	1.253032130639556	0.0020451329924038573	8.828628347858514	0.14215993857487425	1.2550772636319598	1.4189396863125542e-12
488.8923788691719	1	1	1	1	4	0	488.8923788691719	36.0	0	2.503768638889635e-05	1.0821045201296264	1.1959362381273968	10.084374938455039	0.0	1.2518843194448177	0.003014924256776648	8.829475694753445	0.14212613376887906	1.2548992437015944	1.3451286654905978e-12
504.8454155135833	1	1	1	1	4	0	504.8454155135833	37.0	0	2.503768638889635e-05	0.8330829590869779	1.1051133781201183	10.084374938455039	0.0	1.2518843194448177	0.003014924256776648	8.829475694753445	0.14212613376887906	1.2548992437015944	1.4040117577260634e-12
520.9241483123367	1	1	1	1	4	0	520.9241483123367	38.0	0	2.503768638889635e-05	0.7579129957642367	1.1560700688661714	10.084374938455039	0.0	1.2518843194448177	0.003014924256776648	8.829475694753445	0.14212613376887906	1.2548992437015944	1.4012450914589675e-12
537.1280057402779	1	1	1	1	4	0	537.1280057402779	39.0	0	2.503768638889635e-05	0.7571221250958471	0.9711437777686912	10.084374938455039	0.0	1.2518843194448177	0.003014924256776648	8.829475694753445	0.14212613376887906	1.2548992437015944	1.40329743420203e-12
553.4563791951257	1	1	1	1	4	0	553.4563791951257	40.0	0	2.5042003877768822e-05	0.9715082719567684	1.9641924106500817	10.085372705682927	0.0001785774869835228	1.2521001938884413	0.00339309354756157	8.829700840759944	0.1421897876358795	1.2556718649229863	1.4184075337841258e-12
569.9086231778117	1	1	1	1	4	0	569.9086231778117	41.0	0	2.5009732020003093e-05	0.9113369950198336	1.2273782876381951	10.083759112794642	0.0001785774869835228	1.2504866010001547	0.00339309354756157	8.829700840759944	0.1420070415930195	1.2540582720347	1.3481911656288385e-12
586.4840554837581	1	1	1	1	4	0	586.4840554837581	42.0	0	2.501836727477229e-05	1.0666710428742916	1.2084129328782514	10.087183447406957	0.0010904592801899765	1.2509183637386148	0.004651088059555215	8.830523536328595	0.14218516565102654	1.2566599110783598	1.3570011760356021e-12
603.1819574050269	1	1	1	1	4	0	603.1819574050269	43.0	0	2.502292424965631e-05	0.9688288380259048	2.15965597626178	10.088782503933672	0.001582090253793994	1.251146212482816	0.005136875968474582	8.830917325228587	0.14225963647766024	1.2578651787050843	1.3566330104126198e-12
620.0015739432909	1	1	1	1	4	0	620.0015739432909	44.0	0	2.5036143581921376e-05	1.0962511514237483	1.1246127583859151	10.093249193841043	0.003091388760600314	1.2518071790960692	0.0063377295358058115	8.832012896448571	0.1424527934212807	1.2612362973924751	1.3675451294725645e-12
636.9421140335545	1	1	1	1	4	0	636.9421140335545	45.0	0	2.5036143581921376e-05	0.6669888732882828	1.4023641838307288	10.093249193841043	0.003091388760600314	1.2518071790960692	0.0063377295358058115	8.832012896448571	0.1424527934212807	1.2612362973924751	1.3494797919895806e-12
654.0027507785644	1	1	1	1	4	0	654.0027507785644	46.0	0	2.5060753878361457e-05	1.2026806654647952	1.1390040252732907	10.100232912750464	0.005340446689685225	1.2530376939180732	0.008440949466985969	8.83341382267572	0.14280760176171006	1.2668190900747442	1.3839594100378799e-12
671.1826216938364	1	1	1	1	4	0	671.1826216938364	47.0	0	2.501696056526915e-05	0.7727549820642406	1.3566042855493343	10.098043247095847	0.005340446689685225	1.2508480282634578	0.008440949466985969	8.83341382267572	0.14255971734255216	1.2646294244201288	1.2994062496720088e-12
688.4808289632283	1	1	1	1	4	0	688.4808289632283	48.0	0	2.501696056526915e-05	0.8032062126299195	1.2108531513616263	10.098043247095847	0.005340446689685225	1.2508480282634578	0.008440949466985969	8.83341382267572	0.14255971734255216	1.2646294244201288	1.3020840617214675e-12
705.8964397049822	1	1	1	1	4	0	705.8964397049822	49.0	0	2.501696056526915e-05	0.7436963100043031	1.0975395616195398	10.098043247095847	0.005340446689685225	1.2508480282634578	0.008440949466985969	8.83341382267572	0.14255971734255216	1.2646294244201288	1.3006949900717906e-12
723.4284862481575	1	1	1	1	4	0	723.4284862481575	50.0	0	2.5031298907044188e-05	1.0577783894586472	2.0643509309582764	10.102975246891287	0.007240947784410171	1.2515649453522095	0.009780928175676324	8.834388425578993	0.14277681858268748	1.2685868213122962	1.32210910152338e-12
741.0759664193733	1	1	1	1	4	0	741.0759664193733	51.0	0	2.5031298907044188e-05	0.4879851473153298	1.155106646749163	10.102975246891287	0.007240947784410171	1.2515649453522095	0.009780928175676324	8.834388425578993	0.14277681858268748	1.2685868213122962	1.2904020691917286e-12
758.8378438397727	1	1	1	1	4	0	758.8378438397727	52.0	0	2.5049425077269438e-05	1.0627364653685762	1.1354417375199666	10.1083949515922	0.00925230752451681	1.2524712538634724	0.01131206596870866	8.835359324235503	0.14303700318849602	1.2730356273566978	1.3323568583447858e-12
776.7130482321257	1	1	1	1	4	0	776.7130482321257	53.0	0	2.502205222545092e-05	0.8716767656072161	1.6757630735940914	10.108225601882141	0.009809207270063802	1.2511026112725463	0.011691832743600262	8.835621950595929	0.1429208324073865	1.2726036512862102	1.2565532792944085e-12
794.7004757379742	1	1	1	1	4	0	794.7004757379742	54.0	0	2.503635033759551e-05	1.0981350828908911	1.109576364193688	10.114724524966883	0.012702080951007538	1.2518175168797758	0.013244648907708914	8.836960278228391	0.14315580538527678	1.2777642467384922	1.2717232823204321e-12
812.7989892447298	1	1	1	1	4	0	812.7989892447298	55.0	0	2.5058742043720967e-05	1.1730234696855828	1.2457032455370358	10.122894767467804	0.01612289129894984	1.2529371021860485	0.01531597087647348	8.83851880310633	0.14349158510776594	1.2843759643614718	1.2838512674482804e-12
831.0074187226242	1	1	1	1	4	0	831.0074187226242	56.0	0	2.505977838196925e-05	0.81388403182499	1.3537453364288337	10.123236522624476	0.01625946166042195	1.2529889190984629	0.015407836782976103	8.838580305082614	0.14350684296572486	1.2846562175418608	1.2740346027827073e-12
849.3245615714155	1	1	1	1	4	0	849.3245615714155	57.0	0	2.507384954706327e-05	0.977329285082975	1.1906602585484778	10.127616492748182	0.017996702652598746	1.2536924773531641	0.016570976286965633	8.839356336455454	0.1437054243872128	1.2882601562927285	1.2885429801958397e-12
867.7491829767432	1	1	1	1	4	0	867.7491829767432	58.0	0	2.502603134704057e-05	0.9133736984594092	1.065126397382267	10.127994686102562	0.019352871991954845	1.251301567352029	0.017380899330140396	8.839959347428437	0.14351677613214714	1.2880353386741241	1.2174677643667061e-12
886.2800162760308	1	1	1	1	4	0	886.2800162760308	59.0	0	2.5035193919096265e-05	0.9555613757407	1.1788971370503052	10.132145194957122	0.02129709253023139	1.2517596959548136	0.01826559561942524	8.840822810852654	0.14365464829983982	1.2913223841044703	1.2229104482963274e-12
