1	0	0.0	1.0	0.0	0.0	0.1	0.0		0.0	
2	0	0.0	1.0	0.0	0.0	0.1	0.0		0.0	
3	0	0.0	1.0	0.0	0.0	0.09701833494435001	0.0		0.0	
4	0	0.00011257771665567784	1.0	0.0	0.0	0.08855707761080875	0.0	0.0	0.00011257771665567784	
5	0	0.00033581469321961526	1.0	4.917801546257587e-05	44.94901246158874	0.07587169689023437	0.0	0.0	0.00033581469321961526	0.7915951461247378
6	0	0.0004761844751254802	1.0	0.00017069296460636412	152.53438171587283	0.07137320576514904	0.0	0.0	0.0004761844751254802	0.9886882255492281
7	0	0.0005072301260806849	1.0	0.00031004404102156016	238.83468856508668	0.07533822271920337	0.0	0.0	0.0005072301260806849	1.026981205241119
8	0	0.0005408556912269949	1.0	0.0003319963221676457	255.86894279842198	0.07959312462854698	0.0	0.0	0.0005408556912269949	1.0396778495956474
9	0	0.0005769500007814838	1.0	0.00035262904070713566	273.4398712926062	0.08414600521233394	0.0	0.0	0.0005769500007814838	1.0896983447972897
10	0	0.0006176951922717988	1.0	0.00041125617647474897	302.0074237045895	0.08919825100073661	0.0	0.0	0.0006176951922717988	1.1471481899573563
11	0	0.0006634121993462785	1.0	0.0004903997611261132	334.3553136749582	0.09481659250846262	0.0	0.0	0.0006634121993462785	1.1167621047091518
12	0	0.0007133828087003063	1.0	0.0005520362140807733	363.20903280646047	0.1009328763798605	0.0	0.0	0.0007133828087003063	1.1011958278126217
13	0	0.0007661841337167902	1.0	0.0005345492713592593	383.7596643863591	0.10739048964711773	0.0	0.0	0.0007661841337167902	1.1296620651683524
14	0	0.0008256020323531981	1.0	0.0006444959281191153	430.35784393502695	0.11466875002120468	0.0	0.0	0.0008256020323531981	1.1629673567018006
15	0	0.0008900064954997205	1.0	0.0007012453808226874	467.3543417034495	0.12258500801898599	0.0	0.0	0.0008900064954997205	1.1339903919436298
16	0	0.0009598257679232252	1.0	0.0007273392587196473	504.3805414013166	0.13113579327183658	0.0	0.0	0.0009598257679232252	1.1079051744876949
17	0	0.0010371159213923764	1.0	0.000825066853182391	556.3906245831566	0.14059407335714402	0.0	0.0	0.0010371159213923764	1.1013199436308536
18	0	0.001120366832931196	1.0	0.0008867736313239903	599.8524530646922	0.1507961234079324	0.0	0.0	0.001120366832931196	1.1351084747516336
19	0	0.0012117878027662894	1.0	0.000957487786932818	659.4515613902408	0.1620355423815119	0.0	0.0	0.0012117878027662894	1.1824996462808588
20	0	0.0013126327560328507	1.0	0.00110506999496935	729.2037058129248	0.17449346560349566	0.0	0.0	0.0013126327560328507	1.1111217789973191
21	0	0.0014233805044775965	1.0	0.0011645144077592337	799.5247653125759	0.18817273243718435	0.0	0.0	0.0014233805044775965	1.1205750945604098
22	0	0.001542227516490334	1.0	0.0012872775567938225	859.89092422983	0.20288164004447906	0.0	0.0	0.001542227516490334	1.106412284043483
23	0	0.0016706911111806235	1.0	0.0012805214934011981	932.60832391599	0.2188420044931268	0.0	0.0	0.0016706911111806235	1.144015345927777
24	0	0.0018118922391344987	1.0	0.0014216545160967015	1028.9481599595663	0.2364825834431447	0.0	0.0	0.0018118922391344987	1.1268391920412213
25	0	0.001965894131392405	1.0	0.0015412926549591224	1129.0052006679762	0.25586150109763994	0.0	0.0	0.001965894131392405	1.1234097398947451
26	0	0.002136731777076229	1.0	0.0016917264776974336	1253.885767287787	0.2774266489404257	0.0	0.0	0.002136731777076229	1.1155866862023338
27	0	0.002321045130133252	1.0	0.0018109729277114817	1359.825237127738	0.3008141427002176	0.0	0.0	0.002321045130133252	1.121744015487346
28	0	0.002523445675984849	1.0	0.0019123966757470282	1501.9744894950973	0.32668181045993144	0.0	0.0	0.002523445675984849	1.125083665619874
29	0	0.0027444207230119125	1.0	0.002149201372906454	1653.3222503037546	0.3551840541930985	0.0	0.0	0.0027444207230119125	1.1242998785368246
30	0	0.0029863540793583572	1.0	0.0023141454789545324	1828.4848743830253	0.3867444747667528	0.0	0.0	0.0029863540793583572	1.103181998470584
31	0	0.0032461894271028514	1.0	0.002499981207745141	1979.652943623195	0.42090028551624203	0.0	0.0	0.0032461894271028514	1.120878889981571
32	0	0.003527948039841297	1.0	0.002707706442207563	2167.766960020273	0.4583180517598964	0.0	0.0	0.003527948039841297	1.1226276796381012
33	0	0.003832414739177431	1.0	0.002882345355920844	2372.1851768775628	0.4992785932802494	0.0	0.0	0.003832414739177431	1.1262780942579138
34	0	0.004162196407329035	1.0	0.0031606670152726584	2609.128576059345	0.5443607925681799	0.0	0.0	0.004162196407329035	1.1251604394961905
35	0	0.004518166649927517	1.0	0.0034129821640835663	2870.14001511125	0.5939835616423197	0.0	0.0	0.004518166649927517	1.1132474370520162
36	0	0.00490740043379871	1.0	0.0038647128505564783	3185.814993811678	0.649128706712587	0.0	0.0	0.00490740043379871	1.0948264052635799
37	0	0.005318820185620788	1.0	0.004110396409020111	3440.3163990704456	0.7086306922439956	0.0	0.0	0.005318820185620788	1.1359495831109554
38	0	0.005759065742465111	1.0	0.0045876801145704384	3776.4872509518577	0.7739716645269026	0.0	0.0	0.005759065742465111	1.143269437283961
39	0	0.006220501659908622	1.0	0.004844911924945604	4091.198205541136	0.8447181689112467	0.0	0.0	0.006220501659908622	1.108082522256472
40	0	0.006715698138168025	1.0	0.005211573564970861	4402.125224128479	0.9207662075149416	0.0	0.0	0.006715698138168025	1.1161237490629357
41	0	0.007253917014271424	1.0	0.005537795271731427	4795.7896314895115	1.0036117151139758	0.0	0.0	0.007253917014271424	1.115472213228263
42	0	0.007830838048964088	1.0	0.006001070343948464	5178.250652484642	1.0930047820194142	0.0	0.0	0.007830838048964088	1.111059025592408
43	0	0.008447775597570864	1.0	0.006319609181084743	5602.623213152192	1.1896788598892396	0.0	0.0	0.008447775597570864	1.1203454173116234
44	0	0.009106956195470244	1.0	0.006873531444190005	6052.367349936538	1.2940570516416343	0.0	0.0	0.009106956195470244	1.1032591878689086
45	0	0.009823318562681102	1.0	0.007489433924727499	6570.746394624882	1.4073594827238174	0.0	0.0	0.009823318562681102	1.0987379827742898
46	0	0.010587681653061938	1.0	0.00802720631592654	7044.672497650363	1.5287082533637262	0.0	0.0	0.010587681653061938	1.1202054723812225
47	0	0.011406851938185258	1.0	0.008650287921969497	7619.02024303732	1.6599088853438853	0.0	0.0	0.011406851938185258	1.1037581831587648
48	0	0.012283829051253187	1.0	0.00929986114593236	8270.541220440877	1.802325797393092	0.0	0.0	0.012283829051253187	1.109118495849866
49	0	0.013226168763383851	1.0	0.009907122507699229	8860.945807588925	1.954758639366151	0.0	0.0	0.013226168763383851	1.1234173503285074
50	0	0.01423918050485844	1.0	0.010679433798596838	9545.314130259449	2.1188811553846856	0.0	0.0	0.01423918050485844	1.091376929534692
51	0	0.015319290705899569	1.0	0.011451603273779422	10257.04719885807	2.2951255159388952	0.0	0.0	0.015319290705899569	1.1020102431904744
52	0	0.01646740684281971	1.0	0.012288037262104664	11023.433109229898	2.484425567466107	0.0	0.0	0.01646740684281971	1.1054099578907737
53	0	0.017705246846395385	1.0	0.013192269444986306	11820.203571944385	2.6872606932556047	0.0	0.0	0.017705246846395385	1.1088062350378942
54	0	0.019037623145891525	1.0	0.014177848671944781	12724.585277568109	2.9055347300757184	0.0	0.0	0.019037623145891525	1.1071561075661482
55	0	0.02044519746679626	1.0	0.014902182037816304	13536.607550393272	3.1374432225592215	0.0	0.0	0.02044519746679626	1.1022056966531242
56	0	0.021950097202038842	1.0	0.0162969984121828	14592.34212754959	3.38740510061115	0.0	0.0	0.021950097202038842	1.1024061663099745
57	0	0.02358438450482572	1.0	0.017638656482184187	15725.72031429745	3.6567418079108367	0.0	0.0	0.02358438450482572	1.1027090676153872
58	0	0.025325434919905482	1.0	0.01853816456879893	16745.546306919958	3.943232361567368	0.0	0.0	0.025325434919905482	1.0964924826546052
59	0	0.027197177981950062	1.0	0.02040368331114413	18084.83341993104	4.252673675590182	0.0	0.0	0.027197177981950062	1.1088120829490522
60	0	0.029179521481182073	1.0	0.021415703493601404	19309.54072786088	4.5828032441558895	0.0	0.0	0.029179521481182073	1.091949986357096
