1	0	0.0	1.0	0.0	0.0	0.1	0.0		0.0	
2	0	0.0	1.0	0.0	0.0	0.1	0.0		0.0	
3	0	0.0	1.0	0.0	0.0	0.09701833494435001	0.0		0.0	
4	0	0.00011257771665567784	1.0	0.0	0.0	0.08855707761080875	0.0	0.0	0.00011257771665567784	
5	0	0.00033581469321961526	1.0	5.331557490135531e-05	25.36952279823124	0.07535468088618376	0.0	0.0	0.00033581469321961526	0.965324810157068
6	0	0.0004631819147802742	1.0	0.00018700953877252957	80.2228294267588	0.06967793056831667	0.0	0.0	0.0004631819147802742	0.9677241574364877
7	0	0.0004757687491825652	1.0	0.00025423968517763204	110.71657376073578	0.07128546689844446	0.0	0.0	0.0004757687491825652	1.0812995471988425
8	0	0.0004900762874897299	1.0	0.00032601718566426316	122.241781159152	0.07309590998828627	0.0	0.0	0.0004900762874897299	1.1103795578958289
9	0	0.0005049704160691831	1.0	0.0003365706602822475	126.55276718634286	0.07497463241458588	0.0	0.0	0.0005049704160691831	1.092757168248984
10	0	0.0005209198446806971	1.0	0.0003582987664025447	132.54603937852522	0.07695229973145451	0.0	0.0	0.0005209198446806971	1.154332565530939
11	0	0.000537922545642157	1.0	0.00038814687185847823	139.27179963681763	0.0790418280419932	0.0	0.0	0.000537922545642157	1.1480387537723793
12	0	0.0005562848004942572	1.0	0.0004407924049950356	148.53008991224726	0.08128932441328462	0.0	0.0	0.0005562848004942572	1.1394553232533782
13	0	0.0005751536372759263	1.0	0.0004444417784475653	152.55112425324404	0.08359698716040273	0.0	0.0	0.0005751536372759263	1.1674333781574275
14	0	0.0005954614449968728	1.0	0.0004917082737294873	163.07006767298876	0.08608454588617324	0.0	0.0	0.0005954614449968728	1.1188616701137335
15	0	0.0006161662438272468	1.0	0.00048137679516634357	167.02143744345855	0.08862947090108272	0.0	0.0	0.0006161662438272468	1.1607528526777415
16	0	0.0006386450572161674	1.0	0.0005512186026278783	179.1450020260401	0.09138245728085563	0.0	0.0	0.0006386450572161674	1.1736907646847825
17	0	0.0006611587219888858	1.0	0.0005120018194533655	180.196566058086	0.09413753716631712	0.0	0.0	0.0006611587219888858	1.1580862464657853
18	0	0.0006853710307832562	1.0	0.0005584282625292568	192.60684148190956	0.09710465406148924	0.0	0.0	0.0006853710307832562	1.10179560249676
19	0	0.0007109177137289974	1.0	0.0005997406129494989	203.01140626880752	0.10024539817665576	0.0	0.0	0.0007109177137289974	1.149657396204573
20	0	0.0007373989737894893	1.0	0.0006226649852402129	211.14895305560398	0.10351677164621323	0.0	0.0	0.0007373989737894893	1.1595960049668737
21	0	0.0007661475174127313	1.0	0.0006748543777136528	227.38875243883083	0.10706771516267193	0.0	0.0	0.0007661475174127313	1.1628837575664008
22	0	0.0007950370399161808	1.0	0.0006489017340421168	229.92563831021718	0.1106431800408008	0.0	0.0	0.0007950370399161808	1.0944696611950313
23	0	0.0008263100993615147	1.0	0.0007150616478974898	247.91056629707958	0.1145285564960922	0.0	0.0	0.0008263100993615147	1.129662444265196
24	0	0.0008577592213473465	1.0	0.0006618587119170295	251.59544048607395	0.11845756703119953	0.0	0.0	0.0008577592213473465	1.1332486565449338
25	0	0.0008917846398993125	1.0	0.0007919826071888635	272.01020327530904	0.12273917535828445	0.0	0.0	0.0008917846398993125	1.1568622357322147
26	0	0.000927035953594385	1.0	0.0007254651915300309	282.57076185768454	0.12718901302985705	0.0	0.0	0.000927035953594385	1.1181727584056969
27	0	0.000965484732490128	1.0	0.000852232776561028	307.29220505359575	0.13206777282442062	0.0	0.0	0.000965484732490128	1.145316086784148
28	0	0.0010040457181479492	1.0	0.0007894551472953168	311.63308181102406	0.1369960340664381	0.0	0.0	0.0010040457181479492	1.1072459852763408
29	0	0.0010435928151883076	1.0	0.0007974026402896262	322.6548873740895	0.14209697652101969	0.0	0.0	0.0010435928151883076	1.1308139379789852
30	0	0.0010862365575297708	1.0	0.0008472617193051512	349.3862273003904	0.14765989047160316	0.0	0.0	0.0010862365575297708	1.1626342715634777
31	0	0.0011305969113215733	1.0	0.0008371801168661566	365.7990810660301	0.15349113653587276	0.0	0.0	0.0011305969113215733	1.0640315569175676
32	0	0.0011773824756667998	1.0	0.000963841902915854	388.4481906892319	0.15970429642203465	0.0	0.0	0.0011773824756667998	1.0934986782438847
33	0	0.001225687521385788	1.0	0.0009780544417643967	406.0070679356306	0.1662028751997116	0.0	0.0	0.001225687521385788	1.0902341436535288
34	0	0.0012756688624755105	1.0	0.0010115176068953586	426.29304259251666	0.17303548294384197	0.0	0.0	0.0012756688624755105	1.0684962297307743
35	0	0.0013287194684424625	1.0	0.001038284937692434	459.06531532400516	0.1804308145028078	0.0	0.0	0.0013287194684424625	1.0489957610737808
36	0	0.0013820998054728548	1.0	0.0010903505100278146	470.64167891150885	0.1879935352927762	0.0	0.0	0.0013820998054728548	1.063436960431947
37	0	0.001437975812726482	1.0	0.001066983937254229	501.2649549024948	0.1960746576998404	0.0	0.0	0.001437975812726482	1.0656272581958766
38	0	0.0014935614970959716	1.0	0.0011275921612315073	513.1551874114772	0.20432465047148266	0.0	0.0	0.0014935614970959716	1.1318521146972094
39	0	0.0015521972230460113	1.0	0.001176683211374451	555.9973776748719	0.21331457190193012	0.0	0.0	0.0015521972230460113	1.071797266427862
40	0	0.001611472241722575	1.0	0.0011617529672221286	565.1763159346355	0.2224175221579469	0.0	0.0	0.001611472241722575	1.089295303945988
41	0	0.0016746821964812926	1.0	0.0012489318883310313	602.1814468530498	0.23214713406827306	0.0	0.0	0.0016746821964812926	1.0679827466934948
42	0	0.0017398479956373455	1.0	0.0013363640804008466	625.3920539692064	0.2422444789276205	0.0	0.0	0.0017398479956373455	1.0885444256643135
43	0	0.0018089812124124577	1.0	0.0013180449031224325	668.6419348494057	0.2530776499625199	0.0	0.0	0.0018089812124124577	1.074015900558243
44	0	0.0018802602548056145	1.0	0.0013749613869633195	696.8705766007	0.26436435587975865	0.0	0.0	0.0018802602548056145	1.0557266566593064
45	0	0.0019559959213060166	1.0	0.001462713953860435	738.1503667284036	0.2763429794463973	0.0	0.0	0.0019559959213060166	1.0716517277522015
46	0	0.002034716411713204	1.0	0.0015480652042182234	770.3049061108752	0.2888404886214197	0.0	0.0	0.002034716411713204	1.091108860175399
47	0	0.0021165237875429683	1.0	0.001532166351319617	807.29466204965	0.3019429895353629	0.0	0.0	0.0021165237875429683	1.0696580062942551
48	0	0.002199283353279007	1.0	0.0015869919981133314	830.0062045046634	0.3153827493865952	0.0	0.0	0.002199283353279007	1.0434436583987532
49	0	0.0022878251206031037	1.0	0.0016990606668109561	882.3440991624395	0.329705262863198	0.0	0.0	0.0022878251206031037	1.0450871646220476
50	0	0.002381895344538064	1.0	0.0017570447779352062	936.9015974944317	0.34494599621556643	0.0	0.0	0.002381895344538064	1.0635373563541557
51	0	0.002477968285178961	1.0	0.00179261725500495	965.6695280129401	0.3606224651291051	0.0	0.0	0.002477968285178961	1.0870417393333531
52	0	0.002579101853194301	1.0	0.001971924789759404	1025.0217180997463	0.3772972500404912	0.0	0.0	0.002579101853194301	1.074000367524346
53	0	0.0026850702315487323	1.0	0.002017758506470116	1068.0028948155407	0.3946614564735855	0.0	0.0	0.0026850702315487323	1.0892159919585689
54	0	0.0027943613745884427	1.0	0.0019963788463828102	1103.1466203252864	0.4125658720572185	0.0	0.0	0.0027943613745884427	1.0901305764626943
55	0	0.002907432449670557	1.0	0.0019916592279373433	1148.4661480224354	0.4311951850365343	0.0	0.0	0.002907432449670557	1.074879553065846
56	0	0.00302494082636478	1.0	0.0021916044756304853	1202.8931394274914	0.4507131727386098	0.0	0.0	0.00302494082636478	1.0658922595575098
57	0	0.0031508914833345164	1.0	0.002300814396411025	1276.5841084880146	0.4714703157284708	0.0	0.0	0.0031508914833345164	1.0788316800483997
58	0	0.003276762668118888	1.0	0.0022496006536162788	1281.2249175261668	0.4921824703599185	0.0	0.0	0.003276762668118888	1.0805659243500922
59	0	0.003413351507751715	1.0	0.002472016389015458	1389.400852182559	0.5147636840285639	0.0	0.0	0.003413351507751715	1.0953888234832942
60	0	0.003554737849323789	1.0	0.0025481977531764165	1449.2802052304849	0.5383094579887053	0.0	0.0	0.003554737849323789	1.069031155600736
