1	0	0.0	1.0	0.0	0.0	0.1	0.0		0.0	
2	0	0.0	1.0	0.0	0.0	0.1	0.0		0.0	
3	0	0.0	1.0	0.0	0.0	0.09701833494435001	0.0		0.0	
4	0	0.00011257771665567784	1.0	0.0	0.0	0.08855707761080875	0.0	0.0	0.00011257771665567784	
5	0	0.00033581469321961526	1.0	7.303440714381244e-05	67.48709526694704	0.07646683750479268	0.0	0.0	0.00033581469321961526	0.9554029732963502
6	0	0.000483209496025001	1.0	0.00017467346346685948	179.75081118641972	0.07228912873508762	0.0	0.0	0.000483209496025001	0.8948179428594875
7	0	0.0005215657334778117	1.0	0.00029573352612459697	289.6590123417909	0.0771878223399847	0.0	0.0	0.0005215657334778117	1.0192200572160368
8	0	0.0005637091409404637	1.0	0.0003253311442660901	314.81013109400436	0.08252055248441059	0.0	0.0	0.0005637091409404637	1.0068114197972031
9	0	0.0006106127637960537	1.0	0.0003646068398058043	348.20171749187807	0.08843690319022217	0.0	0.0	0.0006106127637960537	1.0610798951480171
10	0	0.0006671720782058733	1.0	0.00047672341444479345	409.55455005347665	0.09545003891422224	0.0	0.0	0.0006671720782058733	1.1251238800411885
11	0	0.0007280810745767183	1.0	0.00048475484728439786	437.4914595561654	0.1029353833057907	0.0	0.0	0.0007280810745767183	1.158695245929927
12	0	0.0007984861744677098	1.0	0.0006057601943479626	501.28812079509726	0.11155280027336496	0.0	0.0	0.0007984861744677098	1.12234845013784
13	0	0.0008760940468182473	1.0	0.0006557575981934549	551.5111239941165	0.1210442595497748	0.0	0.0	0.0008760940468182473	1.1597215076938279
14	0	0.0009603058926992775	1.0	0.000698817311166413	599.3181957704453	0.1313595981088713	0.0	0.0	0.0009603058926992775	1.142573955536345
15	0	0.0010557123649052806	1.0	0.0008248150565685463	679.1977701842925	0.14308646006442596	0.0	0.0	0.0010557123649052806	1.166286625003333
16	0	0.0011609920624350394	1.0	0.0008740546020177737	746.3172787113251	0.15598009320917589	0.0	0.0	0.0011609920624350394	1.1688200439223002
17	0	0.0012796487166097784	1.0	0.001014729739945386	838.723091422745	0.17050054398843434	0.0	0.0	0.0012796487166097784	1.143281913064952
18	0	0.0014112675129502106	1.0	0.0011441227691063292	930.7129820677736	0.18662987546444434	0.0	0.0	0.0014112675129502106	1.1637372320551844
19	0	0.0015548786577208936	1.0	0.001168830592813888	1018.7900272770391	0.20428562587121266	0.0	0.0	0.0015548786577208936	1.1667407201116515
20	0	0.0017171029511279473	1.0	0.001380269690101108	1153.8202878123989	0.224326071392206	0.0	0.0	0.0017171029511279473	1.1016074101673523
21	0	0.0018956488992793198	1.0	0.001453520719095184	1269.558546392316	0.24637959122565986	0.0	0.0	0.0018956488992793198	1.1423302554945949
22	0	0.002093140134135705	1.0	0.0015767550925939876	1406.302337595246	0.2708217734695163	0.0	0.0	0.002093140134135705	1.1274954313380448
23	0	0.002312945467930621	1.0	0.00177726344473531	1569.712133730602	0.29813046931896153	0.0	0.0	0.002312945467930621	1.1194583875277824
24	0	0.002556795702233243	1.0	0.001944167573557264	1749.7640077877566	0.32859523523500245	0.0	0.0	0.002556795702233243	1.1427946253757426
25	0	0.0028280795822963464	1.0	0.0021926971720690187	1958.825091910681	0.36273240001691737	0.0	0.0	0.0028280795822963464	1.1048657966257909
26	0	0.003128016301497176	1.0	0.002337405917803189	2171.95083671968	0.4005939595529047	0.0	0.0	0.003128016301497176	1.1117473563828455
27	0	0.0034610052582034834	1.0	0.00256011088285199	2422.428927454371	0.4428468783885735	0.0	0.0	0.0034610052582034834	1.0931132398947516
28	0	0.003840471459873705	1.0	0.003003553193889777	2774.6595473984407	0.4913443050607477	0.0	0.0	0.003840471459873705	1.1135476244314186
29	0	0.004255579593364326	1.0	0.003264939397887061	3064.118185117566	0.544886609296215	0.0	0.0	0.004255579593364326	1.1231175566366571
30	0	0.0047180557367638865	1.0	0.0036744195644208546	3449.606046226298	0.6052170317373051	0.0	0.0	0.0047180557367638865	1.1187284790304546
31	0	0.005227115566068512	1.0	0.004042615756002107	3826.4935397400336	0.6721338363246228	0.0	0.0	0.005227115566068512	1.1178493674578804
32	0	0.005794967080747886	1.0	0.0044214498515677955	4308.8460785171865	0.747544965840305	0.0	0.0	0.005794967080747886	1.1164294350493609
33	0	0.006401655258326081	1.0	0.004661611107508002	4670.397530771864	0.8291639945938045	0.0	0.0	0.006401655258326081	1.1186992205041442
34	0	0.007076948152489656	1.0	0.005328685941264562	5276.853321028695	0.921478673584422	0.0	0.0	0.007076948152489656	1.1202902695262484
35	0	0.007811997794039196	1.0	0.005947484431086677	5857.559632931742	1.0239456617078773	0.0	0.0	0.007811997794039196	1.1178768412779163
36	0	0.008617526286806716	1.0	0.006493433635267392	6523.14060442227	1.1380698395993796	0.0	0.0	0.008617526286806716	1.1060338801674798
37	0	0.009487381645896943	1.0	0.007093351214768358	7193.902105877448	1.2638735249153634	0.0	0.0	0.009487381645896943	1.0947748191573736
38	0	0.010417160415799313	1.0	0.0077999593738460405	7896.451624348412	1.4018707128231778	0.0	0.0	0.010417160415799313	1.1048363080517616
39	0	0.011403669481208004	1.0	0.008498731206462641	8660.45255691399	1.5531204644849008	0.0	0.0	0.011403669481208004	1.1177307513197021
40	0	0.01248926107923337	1.0	0.009449364449104963	9548.724264424987	1.7198363346071306	0.0	0.0	0.01248926107923337	1.1135594515494025
41	0	0.013675003988784016	1.0	0.010251806897178	10460.3290586014	1.9023521800841052	0.0	0.0	0.013675003988784016	1.102051256919112
42	0	0.014966587929700225	1.0	0.011148327383255016	11475.414311392751	2.102481214564222	0.0	0.0	0.014966587929700225	1.1185969144442216
43	0	0.016369453766939594	1.0	0.012287197784907163	12609.39756620453	2.3223102094057047	0.0	0.0	0.016369453766939594	1.102655591735479
44	0	0.017885890057839852	1.0	0.01330797695528722	13782.106386434285	2.5624308659545783	0.0	0.0	0.017885890057839852	1.0977614154234243
45	0	0.019531221698546226	1.0	0.014282409469674255	14951.95055346125	2.822662395919352	0.0	0.0	0.019531221698546226	1.105713237720357
46	0	0.021316006192013428	1.0	0.015682659225457387	16291.298787803582	3.106011247878578	0.0	0.0	0.021316006192013428	1.0982052951096903
47	0	0.02325155843233829	1.0	0.017019963163795032	17829.8978221284	3.4160147743407294	0.0	0.0	0.02325155843233829	1.099652824333809
48	0	0.025328345475180616	1.0	0.0185943834057908	19410.15738521306	3.753275112402138	0.0	0.0	0.025328345475180616	1.0949188935130387
49	0	0.02760329755013034	1.0	0.0202758127833144	21187.92313232417	4.121271287956509	0.0	0.0	0.02760329755013034	1.0902681375833352
50	0	0.03008052651362745	1.0	0.022020453329228543	23117.62684757039	4.5226181170182445	0.0	0.0	0.03008052651362745	1.0980171713324856
51	0	0.03274714047740054	1.0	0.023966543753123872	25081.461768593377	4.957736378504063	0.0	0.0	0.03274714047740054	1.0902818266435168
52	0	0.03561932136929788	1.0	0.02584095108429148	27309.571397105206	5.431298218937862	0.0	0.0	0.03561932136929788	1.0792710868155455
53	0	0.03876073605541162	1.0	0.02805932198770365	29699.751515412074	5.946057187119732	0.0	0.0	0.03876073605541162	1.0870011931144086
54	0	0.04216677675161909	1.0	0.03032504694775908	32213.910243379083	6.504045386561546	0.0	0.0	0.04216677675161909	1.0910013465612909
55	0	0.04586725474214199	1.0	0.033159736403024005	35200.720765760976	7.113727063404688	0.0	0.0	0.04586725474214199	1.0783848865864047
56	0	0.049861812824596785	1.0	0.036078308217414035	38319.61103391839	7.777217937178391	0.0	0.0	0.049861812824596785	1.0834997785255018
57	0	0.054235600332580264	1.0	0.03932163220812687	41647.08992459333	8.498034603758336	0.0	0.0	0.054235600332580264	1.084110118492057
58	0	0.05881799781338009	1.0	0.042821747888205385	45329.644090090216	9.295368859086922	0.0	0.0	0.05881799781338009	1.0805240661763305
59	0	0.063385227900413	1.0	0.04672904936832376	49386.48849304533	10.192210409834807	0.0	0.0	0.063385227900413	1.073621931118934
60	0	0.06790433801580913	1.0	0.050205485562124	53174.87417699949	11.182077676860047	0.0	0.0	0.06790433801580913	1.0792392231694845
