11.247441493196291	1	1	1	1	0	0	11.247441493196291	1.0	0	0.0			100.0	0.0	0.0	0.0	0.0		0.0	0.0
11.367595075476835	1	1	1	1	0	0	11.367595075476835	1.0	0	0.0			100.0	0.0	0.0	0.0	0.0		0.0	0.0
22.856168219862568	1	1	1	1	0	0	22.856168219862568	2.0	0	0.0			97.01833494434999	0.0	0.0	0.0	4.857218463183318	0.0	0.0	0.0
34.4665080713728	1	1	1	1	0	0	34.4665080713728	3.0	0	0.00011257771665567784			88.55707761080875	0.0	4.740114385502225	3.1600762570014824	14.662576565111165	0.5387996173402292	7.900190642503707	0.0
46.1993671861199	1	1	1	1	0	0	46.1993671861199	4.0	0	0.00033581469321961526	0.6466195615799305	0.8779412944497286	76.86860341414908	0.0	14.139566030299589	9.426377353533061	29.505835329103736	0.7986875518344624	23.56594338383265	1.0438438661124033e-11
58.05546181511435	1	1	1	1	0	0	58.05546181511435	5.0	0	0.0004919202035401094	0.5680168628904618	1.0556601957877094	73.42483170474691	0.0	20.712429622741453	13.808286415160971	38.90411566684449	0.8873281257314953	34.520716037902424	2.8560556055833487e-11
70.03547169202406	1	1	1	1	0	0	70.03547169202406	6.0	0	0.0005377712413696926	0.5857923924617172	0.9933372683831044	79.28072896448228	0.0	22.642999636618637	15.095333091079093	41.54239623678455	0.9084293672564212	37.738332727697724	4.288687951882421e-11
82.14003983175478	1	1	1	1	0	0	82.14003983175478	7.0	0	0.0005894767887932559	0.5946728707907646	1.1032434748936406	85.82343037333331	0.0	24.82007531761077	16.54671687840718	44.45663817731536	0.9304975340471416	41.366792196017954	4.752814334980898e-11
94.36977233991071	1	1	1	1	0	0	94.36977233991071	8.0	0	0.0006542702930069709	0.6946231250097847	1.1722814390691745	93.99638314431806	0.0	27.5482228634514	18.365481908967602	48.082678371899064	0.9548907491653446	45.913704772419	5.813319280206965e-11
106.72523823319248	1	1	1	1	0	0	106.72523823319248	9.0	0	0.0007332541755427159	0.7613954221706762	1.1373081255378057	103.79007838287792	0.0	30.87386002285119	20.758741481654024	52.157476878372705	0.9899367184672015	51.63260150450522	7.238366047059429e-11
119.20696927078512	1	1	1	1	0	0	119.20696927078512	10.0	0	0.0008226184350308035	0.7548720008550869	1.1763909808098305	114.77240116641363	0.0	34.636565685507506	23.597669713563075	56.538165767343074	1.0299986674259458	58.23423539907058	8.1434383361778e-11
131.81545979678634	1	1	1	1	0	0	131.81545979678634	11.0	0	0.0009282010449471312	0.8022758196109472	1.1755397370190908	127.69546179103405	0.0	39.08214926093184	27.062033723148126	61.55127880695405	1.0746191511557517	66.14418298407998	1.3007879399373976e-10
144.55116659372186	1	1	1	1	0	0	144.55116659372186	12.0	0	0.0010543278520866238	0.8889740596059865	1.1458623682613849	143.1207971000724	0.0	44.39275166680521	31.299487861632638	67.42855757163458	1.1225546304772147	75.69223952843784	1.4590605192380176e-10
157.41450874719058	1	1	1	1	0	0	157.41450874719058	13.0	0	0.001194350237798719	0.8284469103852684	1.1438366065966488	160.2725208197162	0.0	50.28843106520921	36.08998894986657	73.89410080464043	1.16894879394285	86.3784200150758	1.786772176017012e-10
170.4058675216809	1	1	1	1	0	0	170.4058675216809	14.0	0	0.001360168037687292	0.8922307771724346	1.1691018650290792	180.6539729801989	0.0	57.27023316578071	41.845825113840476	81.5379147005777	1.2155824519623009	99.1160582796212	2.5321865637890045e-10
183.52558624759342	1	1	1	1	0	0	183.52558624759342	15.0	0	0.0015450527277107474	0.8349604452100424	1.1575414742101626	203.2968511720691	0.0	65.0548516930841	48.50374855901494	89.73825091997001	1.265442540810968	113.55860025209905	2.5672821522547926e-10
196.77397021950497	1	1	1	1	0	0	196.77397021950497	16.0	0	0.0017616777404135847	0.888823247649626	1.1602425399008465	229.8060499724633	0.0	74.17590485951933	56.52602513594238	99.10411997700159	1.3188344745485132	130.7019299954617	3.10854154636522e-10
210.1512866057031	1	1	1	1	0	0	210.1512866057031	17.0	0	0.0020090254036494518	0.8861977011811184	1.1752137228146855	260.117468714121	0.0	84.59054331155588	65.89180174577393	109.63512365679122	1.3725742265627323	150.48234505732978	3.934131025509617e-10
223.65776436901845	1	1	1	1	0	0	223.65776436901845	18.0	0	0.0022911341698571954	0.8594004795926992	1.1201585586467775	294.80030598053656	0.0	96.4688071518819	76.77049562916221	121.56100319949243	1.4251223519169465	173.23930278104407	5.131018329764644e-10
237.29359419897813	1	1	1	1	0	0	237.29359419897813	19.0	0	0.002613014766778645	0.8710019900389492	1.122894007649958	334.56395932364694	0.0	110.02167439067978	89.37586191062815	135.166423022339	1.475200214985	199.3975363013079	5.552304765590205e-10
251.0589284553002	1	1	1	1	0	0	251.0589284553002	20.0	0	0.002983722044625334	0.8646215075361143	1.1169688338417427	380.3527346447565	0.0	125.63040187896144	104.2759158519294	150.44641691386573	1.5281608059999052	229.90631773089083	7.73894091526081e-10
264.95388112274634	1	1	1	1	0	0	264.95388112274634	21.0	0	0.003409851983236649	0.8666593459547706	1.1171140547692533	433.0920150825708	0.0	143.5727150836484	121.77360331145515	167.74569668746716	1.5818368139093282	265.3463183951036	1.0176968595368992e-09
278.9785277773454	1	1	1	1	0	0	278.9785277773454	22.0	0	0.003896098315325248	0.8504463193117461	1.1418441399159127	493.5034389623265	0.0	164.04624485579996	142.1049863452988	187.35220776122773	1.6340946010696349	306.1512312010988	1.1948460412410307e-09
293.1329055639992	1	1	1	1	0	0	293.1329055639992	23.0	0	0.0044578232183206	0.8890077032826518	1.1207206825094644	563.6810122088913	0.0	187.6978197187621	165.96667826949337	210.01651422063568	1.6839842300054004	353.66449798825545	1.316902717099872e-09
307.41701318547484	1	1	1	1	0	0	307.41701318547484	24.0	0	0.005098783786524305	0.8764100855491509	1.095223647446096	644.3366579862592	0.0	214.68563311681285	193.5824221177152	236.0686027517313	1.7294466543858669	408.268055234528	1.5131433929366564e-09
321.83081090278995	1	1	1	1	0	0	321.83081090278995	25.0	0	0.0058341569073116755	0.8659710728745639	1.114032872625956	737.1641492918947	0.0	245.64871188680743	225.91220099455563	265.60323641053174	1.7754336101254853	471.56091288136315	1.9267101902605483e-09
336.3742205469876	1	1	1	1	0	0	336.3742205469876	26.0	0	0.006674918403667041	0.8602739424720653	1.1382671896314305	843.8482496207565	0.0	281.04919594387536	263.53649917099534	299.2625545058859	1.819758893704691	544.5856951148706	2.4052958638398275e-09
351.0471255422998	1	1	1	1	0	0	351.0471255422998	27.0	0	0.007624057186521952	0.8375917360466337	1.1134959390271997	965.1523033694647	0.0	321.01293416934533	306.69720537270064	337.44216382741894	1.860200670900988	627.7101395420459	2.664694448563152e-09
365.84937094069124	1	1	1	1	0	0	365.84937094069124	28.0	0	0.008703820034483431	0.8216063026758429	1.1016499042503356	1104.424426084965	0.0	366.4766330308812	356.53536321939316	381.4124298346908	1.895617289042304	723.0119962502745	3.2470287244644983e-09
380.78076346777357	1	1	1	1	0	0	380.78076346777357	29.0	0	0.009935859488074406	0.8456272524820027	1.105981039741069	1265.1450638087915	0.0	418.3519784452382	414.21790783994635	432.57517752360695	1.9246825281363924	832.5698862851847	3.752534508567905e-09
395.84107158007737	1	1	1	1	0	0	395.84107158007737	30.0	0	0.01133141227011195	0.8346213114128989	1.1110864588982814	1448.5929169510425	0.0	477.11209558366096	480.7565613025844	490.7242600647969	1.9519488536388343	957.8686568862454	4.803707721156479e-09
411.03002553366304	1	1	1	1	0	0	411.03002553366304	31.0	0	0.01291639329575742	0.8450383120246766	1.1106241020132068	1659.0796486318357	0.0	543.8481387687333	557.6392291280226	557.5922807350794	1.9754351090453663	1101.487367896756	5.644561949453384e-09
426.3473174640513	1	1	1	1	0	0	426.3473174640513	32.0	0	0.014693024469111466	0.8290636071037957	1.1063439336759522	1898.0935542615646	0.0	618.6536618573248	645.2780798800468	634.1618125241931	1.9930745068146989	1263.9317417373716	6.350914676717855e-09
441.79260147745117	1	1	1	1	0	0	441.79260147745117	33.0	0	0.016695923839047274	0.8365186041556251	1.0878090667078528	2171.8962463736293	0.0	702.9862669072536	745.7627769957701	723.1472024706053	2.0033943835410364	1448.7490439030234	7.155823880522151e-09
457.365493753255	1	1	1	1	0	0	457.365493753255	34.0	0	0.01891336716146486	0.8197235736922935	1.094101452812677	2481.0110676578242	0.0	796.3523015353626	858.9798289832539	825.6789371392077	2.0048133191503843	1655.3321305186166	8.459332284442605e-09
473.0655726577729	1	1	1	1	0	0	473.0655726577729	35.0	0	0.02138594837255521	0.8161550558162727	1.0893401555145257	2831.316861331469	0.0	900.4609841075877	987.8630652356011	942.9928119882808	2.002479791295224	1888.3240493431888	1.0110397210576887e-08
488.8923788691719	1	1	1	1	0	0	488.8923788691719	36.0	0	0.02413037433671042	0.8123773742063606	1.1010966813895326	3228.232160822984	0.0	1016.0157615457016	1134.031478262892	1078.1849210143907	1.994135883282212	2150.047239808594	1.1670511206527116e-08
504.8454155135833	1	1	1	1	0	0	504.8454155135833	37.0	0	0.027138841508883026	0.8049134070624144	1.088876715070999	3674.746991137284	0.0	1142.688063531917	1298.0329777812476	1234.0259498241196	1.9778522823292568	2440.7210413131643	1.3916704354227196e-08
520.9241483123367	1	1	1	1	0	0	520.9241483123367	38.0	0	0.03040290440465123	0.8039121264011152	1.0816510524256946	4175.1870982828395	0.0	1280.122290722157	1480.662834620856	1414.4019729398274	1.951909837628928	2760.7851253430126	1.5124777031253597e-08
537.1280057402779	1	1	1	1	0	0	537.1280057402779	39.0	0	0.03406747680248226	0.8016881544430894	1.0808633348891648	4737.960775825644	0.0	1434.4200758939899	1686.3932148499662	1617.1474850816885	1.9298260174373096	3120.8132907439563	1.8006389248618603e-08
553.4563791951257	1	1	1	1	0	0	553.4563791951257	40.0	0	0.038178241349414783	0.8047900820864464	1.0862324534956682	5370.7114849355075	0.0	1607.5048989227273	1917.172978888283	1846.0336071244958	1.9093248704725816	3524.6778778110106	2.1130088973261085e-08
569.9086231778117	1	1	1	1	0	0	569.9086231778117	41.0	0	0.042317960912854016	0.8069750503063876	1.084235500142445	6108.077431112498	0.0	1781.8088805412217	2149.578287712942	2080.7677823393674	1.8893925605836608	3931.387168254164	2.371451305707389e-08
586.4840554837581	1	1	1	1	0	0	586.4840554837581	42.0	0	0.04642815681322155	0.8031216772613031	1.081117705547465	6955.4511866712755	0.0	1954.8697605566967	2380.326127733576	2321.026520070578	1.8677924835423456	4335.195888290273	2.68224710300328e-08
603.1819574050269	1	1	1	1	0	0	603.1819574050269	43.0	0	0.050515792106189936	0.8099339023391251	1.0856090758796506	7919.957878372272	0.0	2126.980720260629	2609.8074073388184	2566.692379350703	1.8454833799747028	4736.788127599449	2.9600375607103663e-08
620.0015739432909	1	1	1	1	0	0	620.0015739432909	44.0	0	0.0547039613064391	0.8107055882938681	1.0898654880496466	8985.335943088921	0.0	2303.3246865869096	2844.9326957738595	2817.6389268310936	1.827152987324336	5148.257382360769	3.3676117351863545e-08
636.9421140335545	1	1	1	1	0	0	636.9421140335545	45.0	0	0.058936014127644966	0.8070862061745524	1.0872277129341	10153.997641625125	0.0	2481.516384321893	3082.521626087171	3073.7306243821617	1.8101905112545336	5564.038010409064	3.8878323721008235e-08
654.0027507785644	1	1	1	1	0	0	654.0027507785644	46.0	0	0.06315280735114813	0.8158937264449191	1.0914702903250386	11443.612177744668	0.0	2659.06557267992	3319.2538772312073	3334.8227255230877	1.7926948272710332	5978.319449911127	4.1758771379861607e-08
671.1826216938364	1	1	1	1	0	0	671.1826216938364	47.0	0	0.06729840346147356	0.8125389933331328	1.0927473130700829	12841.954635507587	0.0	2833.616987851518	3551.9890974600034	3600.761180992335	1.7734045009760155	6385.606085311521	4.443378784895767e-08
688.4808289632283	1	1	1	1	0	0	688.4808289632283	48.0	0	0.07155919420479627	0.8128167518731738	1.0887461242553336	14345.257365178386	0.0	3013.018703359843	3791.1913848044373	3871.382553762001	1.7575659324993125	6804.21008816428	4.9152143853314085e-08
705.8964397049822	1	1	1	1	0	0	705.8964397049822	49.0	0	0.0758737075339825	0.8170332987919526	1.0898110774376943	15962.561113812124	0.0	3194.6824224834727	4033.409676969278	4146.513943789875	1.7431732287499178	7228.092099452751	5.5330776111034593e-08
723.4284862481575	1	1	1	1	0	0	723.4284862481575	50.0	0	0.08017791311746447	0.8172382404091599	1.0876917687875391	17695.072958463217	0.0	3375.912131261661	4275.049288673529	4425.972922793379	1.7286507516874756	7650.961419935191	5.8555847616714563e-08
741.0759664193733	1	1	1	1	0	0	741.0759664193733	51.0	0	0.08443396664205345	0.8152573380311844	1.0868398336696317	19541.581665130496	0.0	3555.1143849285663	4513.985626896068	4709.5674793191365	1.713342052589336	8069.100011824635	6.300947461452831e-08
758.8378438397727	1	1	1	1	0	0	758.8378438397727	52.0	0	0.0888159183208354	0.8217196907822392	1.0855058000372746	21499.45750477234	0.0	3739.617613508858	4759.98993166979	4997.09597437087	1.7009094059372638	8499.60754517865	6.775295435121863e-08
776.7130482321257	1	1	1	1	0	0	776.7130482321257	53.0	0	0.09325724538538313	0.8111920576591486	1.0836784102384918	23560.7196315508	0.0	3926.620858331921	5009.327591433876	5288.347107846748	1.6897431782620336	8935.948449765798	7.543371266530192e-08
794.7004757379742	1	1	1	1	0	0	794.7004757379742	54.0	0	0.09768882291686316	0.8132191052322095	1.0836028298552207	25732.579617872438	0.0	4113.213596499502	5258.117908990649	5583.099896024914	1.6785176120818477	9371.33150549015	7.793169342704136e-08
812.7989892447298	1	1	1	1	0	0	812.7989892447298	55.0	0	0.10208101516460433	0.8082440629440658	1.081885363333715	28018.847902999096	0.0	4298.148006930708	5504.697122898924	5881.1236603231755	1.6668320028643904	9802.845129829633	8.239589576926452e-08
831.0074187226242	1	1	1	1	0	0	831.0074187226242	56.0	0	0.1066041929315663	0.8086267784116098	1.0768886454149935	30415.1677033176	0.0	4488.59759711858	5758.629909816086	6182.17802754531	1.6575432576152165	10247.227506934669	9.240240618096471e-08
849.3245615714155	1	1	1	1	0	0	849.3245615714155	57.0	0	0.11118659041236613	0.8053182319942975	1.0799707332527464	32917.904961619104	0.0	4681.540648941731	6015.887312246956	6486.012941812484	1.6493072180332935	10697.427961188689	9.719742325499119e-08
867.7491829767432	1	1	1	1	0	0	867.7491829767432	58.0	0	0.11575382049939903	0.8029206078144842	1.0794797928687232	35535.14445403493	0.0	4873.845073658907	6272.2932118698545	6792.368688363676	1.6409795753024614	11146.13828552876	1.0217505698988534e-07
886.2800162760308	1	1	1	1	0	0	886.2800162760308	59.0	0	0.12027293061479515	0.7985498997368888	1.0773625318883402	38259.054634807806	0.0	5064.123394307163	6525.997639400865	7100.975929393961	1.6321870611800813	11590.121033708027	1.0615777351379985e-07
