11.247441493196291	1	1	1	1	0	0	11.247441493196291	1.0	0	0.0			100.0	0.0	0.0	0.0	0.0		0.0	0.0
11.367595075476835	1	1	1	1	0	0	11.367595075476835	1.0	0	0.0			100.0	0.0	0.0	0.0	0.0		0.0	0.0
22.856168219862568	1	1	1	1	0	0	22.856168219862568	2.0	0	0.0			97.01833494434999	0.0	0.0	0.0	4.857218463183318	0.0	0.0	0.0
34.4665080713728	1	1	1	1	0	0	34.4665080713728	3.0	0	0.00011257771665567784			88.55707761080875	0.0	4.740114385502225	3.1600762570014824	14.662576565111165	0.5387996173402292	7.900190642503707	0.0
46.1993671861199	1	1	1	1	0	0	46.1993671861199	4.0	0	0.00033581469321961526	0.5814501624361054	0.8871020115026645	76.80916918969953	0.0	14.139566030299589	9.426377353533061	29.505835329103736	0.7986875518344624	23.56594338383265	1.0171473010180845e-11
58.05546181511435	1	1	1	1	0	0	58.05546181511435	5.0	0	0.0004922063589663824	0.5460499609571419	1.0492320426648625	73.46214067957341	0.0	20.724478272268726	13.816318848179149	38.921343559125525	0.887451304654395	34.54079712044788	2.9061896296630887e-11
70.03547169202406	1	1	1	1	0	0	70.03547169202406	6.0	0	0.0005401364002126199	0.5816572862659074	0.9932399500289886	79.58355930996598	0.0	22.742585272110304	15.161723514740205	41.67925052311547	0.9094287519836431	37.90430878685051	4.45778409619438e-11
82.14003983175478	1	1	1	1	0	0	82.14003983175478	7.0	0	0.0005991731253255836	0.647643458341619	1.1167872439497295	87.05393113305809	0.0	25.228342118971938	16.818894745981293	45.006694268104866	0.9342440618828358	42.04723686495323	5.3418311768563e-11
94.36977233991071	1	1	1	1	0	0	94.36977233991071	8.0	0	0.0006669427330086728	0.6643260510077299	1.1071970563810738	95.60228500932232	0.0	28.08179928457569	18.721199523050462	48.799286201696155	0.9590918730692292	46.80299880762615	6.059856446629895e-11
106.72523823319248	1	1	1	1	0	0	106.72523823319248	9.0	0	0.0007548764056643825	0.7814558442738743	1.0977054850587111	106.50571952721351	0.0	31.78426971218453	21.385643167606823	53.33580664742218	0.9968896360989256	53.169912879791354	7.954321439866024e-11
119.20696927078512	1	1	1	1	0	0	119.20696927078512	10.0	0	0.0008598540891215504	0.8229963141328922	1.2288741655857882	119.40683694707128	0.0	36.20438269985475	24.720579427294545	58.481874819922	1.0417751194665026	60.924962127149286	9.392182782108187e-11
131.81545979678634	1	1	1	1	0	0	131.81545979678634	11.0	0	0.0009739598780701084	0.7568592161495898	1.1393949408424202	133.3731144370002	0.0	41.008836971372986	28.46460497119769	63.899672494429524	1.087226886000504	69.47344194257067	1.3447690587323312e-10
144.55116659372186	1	1	1	1	0	0	144.55116659372186	12.0	0	0.001111881705089354	0.8181249982412316	1.1717010916509578	150.24098318320662	0.0	46.81607179323596	33.098333755306804	70.32657763466389	1.1363329232894883	79.91440554854276	1.5121509816065339e-10
157.41450874719058	1	1	1	1	0	0	157.41450874719058	13.0	0	0.0012739433752976944	0.8400546165316022	1.1064544288844849	170.09235893874325	0.0	53.63972106516609	38.642851537558826	77.80978633601832	1.1860021335132125	92.28257260272491	1.9233068433061355e-10
170.4058675216809	1	1	1	1	0	0	170.4058675216809	14.0	0	0.0014625320342046245	0.8487793628007403	1.1616150976307391	193.27268536994725	0.0	61.58029617703682	45.18910546072798	86.50328373218242	1.234281486565609	106.7694016377648	2.515646520540453e-10
183.52558624759342	1	1	1	1	0	0	183.52558624759342	15.0	0	0.0016762478267372304	0.8183644254917019	1.1601477586299445	219.44651651508357	0.0	70.57885586262023	52.88527211209519	95.98238854036816	1.2863206454045373	123.46412797471541	3.226336853949952e-10
196.77397021950497	1	1	1	1	0	0	196.77397021950497	16.0	0	0.0019201963923953745	0.807122216693008	1.163383624831938	249.2993988919397	0.0	80.85037441664736	61.919422138615815	106.52960233667652	1.340188956155614	142.76979655526318	3.2410420940707837e-10
210.1512866057031	1	1	1	1	0	0	210.1512866057031	17.0	0	0.0022099291422880566	0.8363165281365356	1.1419228534485002	284.80493223831485	0.0	93.04964809633921	72.89010274480141	118.86518139717428	1.3960332949534826	165.9397508411406	4.857669683256016e-10
223.65776436901845	1	1	1	1	0	0	223.65776436901845	18.0	0	0.0025472251373176067	0.8514268198157104	1.1406200480167994	326.2725628386662	0.0	107.25158472916237	85.8969296057478	133.12404850375606	1.4508912289387037	193.14851433491012	5.862602408900677e-10
237.29359419897813	1	1	1	1	0	0	237.29359419897813	19.0	0	0.0029493599971735845	0.8879259855939244	1.119629520329296	375.95045991425667	0.0	124.18357882836143	101.64518300005732	150.1216980858379	1.5043046055826814	225.8287618284188	7.130387982348659e-10
251.0589284553002	1	1	1	1	0	0	251.0589284553002	20.0	0	0.003398107384158021	0.8203588267007692	1.0919426335377818	431.3785416015633	0.0	143.07820564875877	119.68194858751714	168.61838736528745	1.5583125799148103	262.7601542362759	8.967115986312458e-10
264.95388112274634	1	1	1	1	0	0	264.95388112274634	21.0	0	0.0039208885645087	0.8454965840109898	1.10735452804754	496.0797061523938	0.0	165.09004482141899	141.14831570856052	189.84134562241437	1.6131278438105543	306.23836052997945	1.1164245521460169e-09
278.9785277773454	1	1	1	1	0	0	278.9785277773454	22.0	0	0.004534794574195793	0.8597785209904332	1.117086978406291	572.351615524409	0.0	190.93871891350707	166.81752369232902	214.59537291857288	1.6671200209968409	357.7562426058362	1.3563071587240727e-09
293.1329055639992	1	1	1	1	0	0	293.1329055639992	23.0	0	0.005242064430273648	0.8605525884250308	1.1390753696084113	660.7124517011911	0.0	220.7185023273115	196.86186625753456	243.1320831163448	1.7175041781097367	417.58036858484604	1.6305334959459355e-09
307.41701318547484	1	1	1	1	0	0	307.41701318547484	24.0	0	0.006058755306701538	0.8424428095192157	1.122977510840831	763.4812229898511	0.0	255.10548659795947	232.04893885674096	276.32679753515055	1.7629648293257958	487.15442545470046	1.8908603587315187e-09
321.83081090278995	1	1	1	1	0	0	321.83081090278995	25.0	0	0.0070039063749892366	0.8371809681087264	1.118748769096217	882.7893675138832	0.0	294.9013210521784	273.60134834681537	314.2866981148896	1.808866467492601	568.5026693989937	2.357589589043639e-09
336.3742205469876	1	1	1	1	0	0	336.3742205469876	26.0	0	0.00809537768679593	0.8374456145051768	1.1117881901195732	1021.2859987697501	0.0	340.85800786509174	322.4449767294923	357.98301417516603	1.852889545954884	663.302984594584	2.9914913284146198e-09
351.0471255422998	1	1	1	1	0	0	351.0471255422998	27.0	0	0.009351856588199007	0.8298996420518776	1.1072381228180508	1181.8694528895635	0.0	393.762382661011	379.58152798175485	408.5255422467976	1.8930123839737167	773.3439106427658	3.668727448024916e-09
365.84937094069124	1	1	1	1	0	0	365.84937094069124	28.0	0	0.010795068215392402	0.8293864616239537	1.1038687281041295	1368.0206500958652	0.0	454.5291880165221	446.1952376662842	467.29622441305884	1.9275234393647178	900.7244256828064	4.227305426945704e-09
380.78076346777357	1	1	1	1	0	0	380.78076346777357	29.0	0	0.012444917086689905	0.8288966762092002	1.1137641192627532	1583.2448963405811	0.0	523.9965089132589	523.4390960982577	535.8092913290642	1.9548664458829623	1047.4356050115166	4.834308988330768e-09
395.84107158007737	1	1	1	1	0	0	395.84107158007737	30.0	0	0.014326029265490325	0.8178487644422624	1.1131843921345683	1830.520381125072	0.0	603.2012322311715	613.1287681770183	614.1903807168826	1.980379437054176	1216.3300004081898	5.986646871809366e-09
411.03002553366304	1	1	1	1	0	0	411.03002553366304	31.0	0	0.016499185289528838	0.8333053332684963	1.1061121361959845	2119.1172170058135	0.0	694.7025385064774	718.5420381314408	705.8726403678952	2.0021240317535844	1413.2445766379185	7.544543058139783e-09
426.3473174640513	1	1	1	1	0	0	426.3473174640513	32.0	0	0.018976547519667854	0.8292891097947109	1.0928485383613304	2452.40193651642	0.0	799.0125271439098	840.7470191101172	812.6423902623927	2.0178119747415195	1639.759546254027	8.527854518916456e-09
441.79260147745117	1	1	1	1	0	0	441.79260147745117	33.0	0	0.02177940177599173	0.8274398953580967	1.0898573816953845	2835.560997075628	0.0	917.0274431996517	981.3651476261027	937.1684062498732	2.025668575856359	1898.3925908257545	9.933892981293966e-09
457.365493753255	1	1	1	1	0	0	457.365493753255	34.0	0	0.024936554558924653	0.8156279910115712	1.099713988643501	3275.672682635737	0.0	1049.9601919547224	1142.5613897776457	1083.1511009033684	2.0242065764451183	2192.521581732368	1.150264288143222e-08
473.0655726577729	1	1	1	1	0	0	473.0655726577729	35.0	0	0.02850545050222503	0.8144243618274941	1.0877204789720618	3781.3001299158936	0.0	1200.2294948305278	1328.5900051199058	1252.4806299654601	2.0190487896169467	2528.819499950433	1.4516987596988106e-08
488.8923788691719	1	1	1	1	0	0	488.8923788691719	36.0	0	0.03247937762591281	0.8113692962950173	1.1005267303318371	4356.033241705818	0.0	1367.5527421436973	1540.2417781107467	1448.2387214513742	2.0078143728544657	2907.7945202544447	1.6406857099568074e-08
504.8454155135833	1	1	1	1	0	0	504.8454155135833	37.0	0	0.03656496956936352	0.8090498874025325	1.0844628255132391	5034.7700584538425	0.0	1539.577666078464	1762.960912739744	1659.8756831750732	1.9896300742842299	3302.538578818208	1.9871287292169684e-08
520.9241483123367	1	1	1	1	0	0	520.9241483123367	38.0	0	0.04050161796944038	0.8170827347709748	1.0905127782465251	5835.228107092731	0.0	1705.3312829238055	1983.2230696565161	1877.4195864286767	1.9646936567849902	3688.554352580322	2.131733881274245e-08
537.1280057402779	1	1	1	1	0	0	537.1280057402779	39.0	0	0.04453893799096135	0.8055097024944555	1.0893068964631396	6741.410669037914	0.0	1875.3237048825833	2209.87963226822	2100.7876704999153	1.9446055374928324	4085.2033371508032	2.496183195019289e-08
553.4563791951257	1	1	1	1	0	0	553.4563791951257	40.0	0	0.048653562493558254	0.8035404612648965	1.0920466463811496	7759.292892934344	0.0	2048.571052360348	2440.8760955719063	2329.8887137023253	1.9268933840184448	4489.447147932254	2.994175418690573e-08
569.9086231778117	1	1	1	1	0	0	569.9086231778117	41.0	0	0.05279328205699749	0.8013702122133474	1.079795648144268	8889.17814797288	0.0	2222.8750339788417	2673.2814043965645	2564.622888917197	1.909113600886016	4896.156438375407	3.234178679562261e-08
586.4840554837581	1	1	1	1	0	0	586.4840554837581	42.0	0	0.05690347795736503	0.8098085627001731	1.085004185141347	10149.571573736657	0.0	2395.935913994317	2904.0292444171987	2804.8816266484077	1.8895503853203668	5299.9651584115145	3.6490720346691726e-08
603.1819574050269	1	1	1	1	0	0	603.1819574050269	43.0	0	0.06099111325033343	0.8071147699733549	1.0889132783741056	11530.427389843457	0.0	2568.046873698249	3133.5105240224407	3050.5474859285328	1.8690275840715973	5701.55739772069	3.903847328543993e-08
620.0015739432909	1	1	1	1	0	0	620.0015739432909	44.0	0	0.06517928245058258	0.8029876429335114	1.0873986483590914	13018.954199310965	0.0	2744.3908400245296	3368.6358124574817	3301.494033408923	1.8515940330717693	6113.026652482011	4.3747077423535455e-08
636.9421140335545	1	1	1	1	0	0	636.9421140335545	45.0	0	0.06941133527178846	0.8045002302794313	1.0859754500590824	14624.145553589928	0.0	2922.582537759513	3606.2247427707935	3557.5857309599915	1.835179184499526	6528.807280530306	4.885336017606613e-08
654.0027507785644	1	1	1	1	0	0	654.0027507785644	46.0	0	0.0736281284952916	0.8064892653504986	1.0872848766297825	16350.849236525137	0.0	3100.1317261175404	3842.9569939148296	3818.677832100917	1.8181917997027002	6943.0887200323705	5.216138175609723e-08
671.1826216938364	1	1	1	1	0	0	671.1826216938364	47.0	0	0.07777372460561705	0.8096458642456252	1.088276390247453	18199.28511551249	0.0	3274.683141289139	4075.692214143626	4084.616287570165	1.7995265253680213	7350.375355432765	5.706123835986142e-08
688.4808289632283	1	1	1	1	0	0	688.4808289632283	48.0	0	0.08203451534893975	0.8093582398419453	1.0843545180052516	20167.6173917036	0.0	3454.0848567974626	4314.894501488059	4355.23766033983	1.783824434894174	7768.979358285523	6.175605555584448e-08
705.8964397049822	1	1	1	1	0	0	705.8964397049822	49.0	0	0.086349028678126	0.8102050825928824	1.0885465219019426	22255.420052931426	0.0	3635.7485759210936	4557.1127936529	4630.3690503677035	1.7693754602396947	8192.861369573995	6.974640839035289e-08
723.4284862481575	1	1	1	1	0	0	723.4284862481575	50.0	0	0.09065323426160796	0.8095106941303382	1.0871751952881603	24461.744214416827	0.0	3816.978284699282	4798.752405357151	4909.8280293712105	1.754792762295552	8615.730690056433	7.210531706250372e-08
741.0759664193733	1	1	1	1	0	0	741.0759664193733	51.0	0	0.09490928778619694	0.8112614417761611	1.0869782829756005	26794.706225171827	0.0	3996.1805383661854	5037.688743579691	5193.422585896966	1.7394828039755252	9033.869281945876	7.871917146956406e-08
758.8378438397727	1	1	1	1	0	0	758.8378438397727	52.0	0	0.09929123946497886	0.8082962174348741	1.085950885904058	29243.99337652965	0.0	4180.6837669464785	5283.6930483534115	5480.951080948698	1.7267763706553096	9464.376815299893	8.148920904704627e-08
776.7130482321257	1	1	1	1	0	0	776.7130482321257	53.0	0	0.10373256652952664	0.8048336918787558	1.080280558156654	31806.310286299682	0.0	4367.687011769543	5533.030708117498	5772.2022144245775	1.7152409690612391	9900.71771988704	8.904398458614441e-08
794.7004757379742	1	1	1	1	0	0	794.7004757379742	54.0	0	0.10816414406100666	0.8098680594279526	1.0821129923923554	34501.323525270025	0.0	4554.279749937122	5781.821025674271	6066.955002602745	1.7036719031502912	10336.100775611394	9.41179488606872e-08
812.7989892447298	1	1	1	1	0	0	812.7989892447298	55.0	0	0.1125563363087478	0.7988853298407194	1.0812559770830876	37315.369581373816	0.0	4739.2141603683285	6028.400239582546	6364.978766901004	1.691696829523508	10767.614399950877	9.991444758709383e-08
831.0074187226242	1	1	1	1	0	0	831.0074187226242	56.0	0	0.11707951407570975	0.8022290168082217	1.0771313586211375	40237.25105538248	0.0	4929.6637505562	6282.333026499709	6666.0331341231395	1.6819593529564345	11211.996777055909	1.048146966460332e-07
849.3245615714155	1	1	1	1	0	0	849.3245615714155	57.0	0	0.1216619115565096	0.800895053393977	1.0762000468093529	43289.01545689085	0.0	5122.606802379351	6539.590428930577	6969.868048390314	1.6732307054225088	11662.197231309929	1.1280490120972535e-07
867.7491829767432	1	1	1	1	0	0	867.7491829767432	58.0	0	0.1262291416435425	0.7975201323458972	1.0762047870082958	46453.29116756831	0.0	5314.911227096526	6795.996328553477	7276.223794941505	1.6644495684794098	12110.907555650005	1.1700297785851095e-07
886.2800162760308	1	1	1	1	0	0	886.2800162760308	59.0	0	0.13074825175893862	0.7921355721607404	1.070175741420198	49736.26525435034	0.0	5505.189547744782	7049.700756084486	7584.831035971791	1.6552630169724936	12554.89030382927	1.238876903709504e-07
