11.247441493196291	1	1	1	1	0	0	11.247441493196291	1.0	0	0.0			100.0	0.0	0.0	0.0	0.0		0.0	0.0
11.367595075476835	1	1	1	1	0	0	11.367595075476835	1.0	0	0.0			100.0	0.0	0.0	0.0	0.0		0.0	0.0
22.856168219862568	1	1	1	1	0	0	22.856168219862568	2.0	0	0.0			97.01833494434999	0.0	0.0	0.0	4.857218463183318	0.0	0.0	0.0
34.4665080713728	1	1	1	1	0	0	34.4665080713728	3.0	0	0.00011257771665567784			88.55707761080875	0.0	4.740114385502225	3.1600762570014824	14.662576565111165	0.5387996173402292	7.900190642503707	0.0
46.1993671861199	1	1	1	1	0	0	46.1993671861199	4.0	0	0.00033581469321961526	0.6171542940742606	0.8717215574483952	76.2164329535113	0.0	14.139566030299589	9.426377353533061	29.505835329103736	0.7986875518344624	23.56594338383265	7.511181481813685e-12
58.05546181511435	1	1	1	1	0	0	58.05546181511435	5.0	0	0.0004787161566232248	0.4812052407886665	0.9374317211092148	71.70328666732982	0.0	20.156469752556838	13.437646501704554	38.10917041306844	0.8815231580780163	33.594116254261394	2.0467134425201526e-11
70.03547169202406	1	1	1	1	0	0	70.03547169202406	6.0	0	0.0005099498725054287	0.5299444008164952	1.0929194347014333	75.69232246463827	0.0	21.471573579175946	14.314382386117297	39.90636649934503	0.8967480405884756	35.78595596529324	3.0895110971401115e-11
82.14003983175478	1	1	1	1	0	0	82.14003983175478	7.0	0	0.0005464502525699775	0.6066793890786648	1.0393505749586125	80.31099686171257	0.0	23.00843168715695	15.338954458104634	41.963610716450994	0.9138247517444504	38.34738614526158	3.507265885238049e-11
94.36977233991071	1	1	1	1	0	0	94.36977233991071	8.0	0	0.0005876820097776079	0.6902245383558381	1.193525021200123	85.51190717536319	0.0	24.74450567484665	16.496337116564437	44.27106438395207	0.9315529989010288	41.2408427914111	3.8976205341519156e-11
106.72523823319248	1	1	1	1	0	0	106.72523823319248	9.0	0	0.0006345313838991585	0.7574929885064082	1.1281136455880538	91.32104794602724	0.0	26.7171109010172	17.915901583277325	46.688035461732724	0.9559839484117388	44.63301248429453	4.634364903775326e-11
119.20696927078512	1	1	1	1	0	0	119.20696927078512	10.0	0	0.0006862435810238666	0.7831699779912766	1.2241549280256598	97.67616176807016	0.0	28.89446656942597	19.55869722878872	49.22299796985547	0.9843602745994416	48.45316379821468	5.060198536235576e-11
131.81545979678634	1	1	1	1	0	0	131.81545979678634	11.0	0	0.0007441457639811098	0.8350204670654061	1.173247249184853	104.7632514057227	0.0	31.332453220257264	21.458576753195715	51.972221432269684	1.0157547343295756	52.79102997345298	7.342974189131616e-11
144.55116659372186	1	1	1	1	0	0	144.55116659372186	12.0	0	0.0008071309963554561	0.8239014862894842	1.1742126179135721	112.46635870643685	0.0	33.984463004440265	23.57467752226459	54.90721817973198	1.048298246294178	57.55914052670485	8.149499903385731e-11
157.41450874719058	1	1	1	1	0	0	157.41450874719058	13.0	0	0.000877957139391958	0.906353428274856	1.1504441376937613	121.1420460353745	0.0	36.96661639545087	25.997809463391533	58.177620176532145	1.082279159370654	62.964425858842404	9.426522559467174e-11
170.4058675216809	1	1	1	1	0	0	170.4058675216809	14.0	0	0.0009538490845608869	0.8580307898226828	1.1515548500543578	130.4702849268923	0.0	40.162066718353145	28.632156335990157	61.676061872549035	1.1154120572176551	68.79422305434329	1.037424415810102e-10
183.52558624759342	1	1	1	1	0	0	183.52558624759342	15.0	0	0.0010376916697079806	0.8451775331359794	1.138562175486012	140.73850909697532	0.0	43.692280829809725	31.651430204930037	65.39479806223554	1.1521361525275442	75.34371103473975	1.443549411360785e-10
196.77397021950497	1	1	1	1	0	0	196.77397021950497	16.0	0	0.0011333160462279766	0.964345517882662	1.1942538578235071	152.44041542673833	0.0	47.718570367493754	35.19268883600041	69.52915622324413	1.1924675015080408	82.91125920349417	1.5316666854657741e-10
210.1512866057031	1	1	1	1	0	0	210.1512866057031	17.0	0	0.0012351161639172527	0.8820250355764793	1.1308245358929776	164.91559289500975	0.0	52.00489111230539	39.04733273543817	73.86336904726619	1.2327114918015447	91.05222384774356	1.9097331400045503e-10
223.65776436901845	1	1	1	1	0	0	223.65776436901845	18.0	0	0.0013462824058056804	0.8732516327265344	1.1362998549007937	178.58252260004457	0.0	56.68557498129182	43.334131518501685	78.56281610025107	1.2731176333109306	100.01970649979349	2.0829510628649814e-10
237.29359419897813	1	1	1	1	0	0	237.29359419897813	19.0	0	0.0014669159380612373	0.8665987496112898	1.120982505499378	193.48503615334045	0.0	61.7648816025784	48.05833631510028	83.66181823566178	1.3127041729875448	109.82321791767868	2.1963924991692012e-10
251.0589284553002	1	1	1	1	0	0	251.0589284553002	20.0	0	0.001602632079913132	0.8764237693482388	1.1283741528437847	210.24833241987412	0.0	67.47924547002664	53.513254400455	89.25583254939251	1.35556967443586	120.99249987048162	3.1538758655436815e-10
264.95388112274634	1	1	1	1	0	0	264.95388112274634	21.0	0	0.001748628427994999	0.8366337450481602	1.1214542208246852	228.3173335547825	0.0	73.62646012610523	59.508135861479865	95.18273756719744	1.3987262752722809	133.1345959875851	3.2970160437826817e-10
278.9785277773454	1	1	1	1	0	0	278.9785277773454	22.0	0	0.0019111233615153641	0.850678201959848	1.14433411957357	248.50576410817294	0.0	80.4683520638048	66.30252487058715	101.73488717378102	1.4426799007864584	146.77087693439194	4.3496568795091695e-10
293.1329055639992	1	1	1	1	0	0	293.1329055639992	23.0	0	0.002087771922545614	0.8337477945914089	1.0952206530730733	270.5748717167121	0.0	87.90618621244694	73.80643562775539	108.86224987650982	1.4854793284508119	161.7126218402023	4.500624401596538e-10
307.41701318547484	1	1	1	1	0	0	307.41701318547484	24.0	0	0.002284047677093321	0.8719144355406409	1.1282080511705002	295.27334541198366	0.0	96.17042850919249	82.26296357985133	116.83995332293985	1.5271607614893743	178.43339208904382	5.187957847147658e-10
321.83081090278995	1	1	1	1	0	0	321.83081090278995	25.0	0	0.002499497962188465	0.8340430526443806	1.1091299617248318	322.47002815863107	0.0	105.242019460567	91.73497157032595	125.49303712773815	1.5696248615801047	196.97699103089292	5.895496090385921e-10
336.3742205469876	1	1	1	1	0	0	336.3742205469876	26.0	0	0.002737353165405348	0.8471593453947458	1.15990628249531	352.6514392647914	0.0	115.25697538548836	102.37905449686751	135.01540938243556	1.6119347478767756	217.63602988235587	6.8461047170512e-10
351.0471255422998	1	1	1	1	0	0	351.0471255422998	27.0	0	0.0030000338274700105	0.8403352013640308	1.1083271809733255	386.2231673676024	0.0	126.317213788211	114.32407569402092	145.5818778853705	1.6529618450979875	240.64128948223197	8.884428607726745e-10
365.84937094069124	1	1	1	1	0	0	365.84937094069124	28.0	0	0.003287337390193051	0.865958482840167	1.1290053059996532	423.2807278492456	0.0	138.41420590286535	127.58502492554967	157.28149702083059	1.6912302837070892	265.99923082841497	9.70168233319257e-10
380.78076346777357	1	1	1	1	0	0	380.78076346777357	29.0	0	0.0036045650191958924	0.8640163237545885	1.1420472653108789	464.6633529659574	0.0	151.77115870298496	142.4372253250537	170.45496893791884	1.7260182314496908	294.20838402803867	1.0821503772918145e-09
395.84107158007737	1	1	1	1	0	0	395.84107158007737	30.0	0	0.0039502298660030995	0.847818458987581	1.1074147993796437	510.1016014290108	0.0	166.32546804223577	158.91820243459728	184.8579309521777	1.7594250287317816	325.243670476833	1.2833795055889664e-09
411.03002553366304	1	1	1	1	0	0	411.03002553366304	31.0	0	0.00432686459575714	0.8243660999987495	1.1108074510277264	560.1189909249654	0.0	182.18377245293223	177.18762165834568	200.74759681368752	1.7901653609572628	359.37139411127794	1.5047956579227194e-09
426.3473174640513	1	1	1	1	0	0	426.3473174640513	32.0	0	0.0047369853272202535	0.8307167097767809	1.1326848968788672	615.2933902470612	0.0	199.4520137776949	197.4183313937556	218.4230450756107	1.8169801864728483	396.8703451714505	1.7282337540065367e-09
441.79260147745117	1	1	1	1	0	0	441.79260147745117	33.0	0	0.0051813118995116935	0.8303830265623635	1.125505912029091	676.0342409839716	0.0	218.1605010320714	219.7100259777946	238.16371397410552	1.8385274553514637	437.870527009866	1.8618656769597151e-09
457.365493753255	1	1	1	1	0	0	457.365493753255	34.0	0	0.00566164695367493	0.8155016787519602	1.1174515548057329	742.9936455031917	0.0	238.3851348915761	244.2347199119419	260.3737906996738	1.8535654203390703	482.61985480351797	2.2346390629550816e-09
473.0655726577729	1	1	1	1	0	0	473.0655726577729	35.0	0	0.006183223890619055	0.8258865337990274	1.1340420025829547	816.8886593610011	0.0	260.3462690786971	271.42190522518047	285.12048505712363	1.8650647784824657	531.7681743038777	2.3916871951187087e-09
488.8923788691719	1	1	1	1	0	0	488.8923788691719	36.0	0	0.00674242294807889	0.8139931192311786	1.1187234653865323	897.7633720572007	0.0	283.8914925506901	301.2049053362516	312.66697417025915	1.8713086005953876	585.0963978869418	2.8972372859343208e-09
504.8454155135833	1	1	1	1	0	0	504.8454155135833	37.0	0	0.007338056562986348	0.819463947798636	1.1197726394281926	986.1669434672324	0.0	308.9708026520569	333.67486442768404	343.5212763874916	1.8707594296279841	642.6456670797409	3.190293689400277e-09
520.9241483123367	1	1	1	1	0	0	520.9241483123367	38.0	0	0.007966535398871209	0.8166963410786721	1.1055281218537836	1082.5241602281894	0.0	335.43306942615624	368.8393215749971	378.2517692270361	1.8619143340435549	704.2723910011534	3.4698328906751552e-09
537.1280057402779	1	1	1	1	0	0	537.1280057402779	39.0	0	0.008649439632663231	0.8272565288791041	1.106959744574337	1187.3987500406752	0.0	364.18693190160974	407.1778048756018	416.0340132634637	1.854090560352156	771.3647367772114	3.929719229771096e-09
553.4563791951257	1	1	1	1	0	0	553.4563791951257	40.0	0	0.00939000318347208	0.8200064973776542	1.0997615521982236	1301.3902245134425	0.0	395.36855509356116	448.7533024648705	457.268366955011	1.8460097364257035	844.1218575584317	4.531749994215122e-09
569.9086231778117	1	1	1	1	0	0	569.9086231778117	41.0	0	0.01019552492278062	0.8216365215781928	1.117693358950115	1426.2046348151114	0.0	429.28525990655237	493.9755755488587	502.94379935970045	1.8357137251335391	923.2608354554112	5.002279732197298e-09
586.4840554837581	1	1	1	1	0	0	586.4840554837581	42.0	0	0.01106344072210122	0.8126972260720903	1.1188923738297236	1562.2069899278022	0.0	465.82908303584094	542.7006730545767	553.6772338373845	1.8215120551382893	1008.5297560904173	5.4538720741230626e-09
603.1819574050269	1	1	1	1	0	0	603.1819574050269	43.0	0	0.011990224156655521	0.8057828711914669	1.1057580833809546	1708.9588502724805	0.0	504.8515434381271	594.730620257625	609.3766865767285	1.804437530869177	1099.582163695752	5.991059395848721e-09
620.0015739432909	1	1	1	1	0	0	620.0015739432909	44.0	0	0.012991999633504643	0.8011045780998826	1.111530609966186	1867.403238365399	0.0	547.031563515985	650.970647028102	669.4010278213117	1.7896629385873586	1198.0022105440871	6.5114268630643474e-09
636.9421140335545	1	1	1	1	0	0	636.9421140335545	45.0	0	0.014075412821724887	0.8111069461889933	1.1067876614612329	2039.4037707564735	0.0	592.6489609147322	711.7938435597648	734.9609662819763	1.7748463718738947	1304.4428044744973	7.766907448890816e-09
654.0027507785644	1	1	1	1	0	0	654.0027507785644	46.0	0	0.015229430541428054	0.8062326228055042	1.1020334239395342	2224.2345158299026	0.0	641.2391806917076	776.5808032623987	806.4145318757967	1.7581776219435463	1417.8199839541062	8.300480057982017e-09
671.1826216938364	1	1	1	1	0	0	671.1826216938364	47.0	0	0.01645786060534255	0.7960834530541429	1.1042541746751453	2423.7257155022503	0.0	692.962551803897	845.5452980786514	885.2178656197018	1.7379990956299858	1538.5078498825485	8.856283490825564e-09
688.4808289632283	1	1	1	1	0	0	688.4808289632283	48.0	0	0.01779936665416418	0.806213956237018	1.102290245374104	2640.7276914495137	0.0	749.4470170174394	920.8579183633747	970.4227560687006	1.7212136926254908	1670.304935380814	1.0093200809499088e-08
705.8964397049822	1	1	1	1	0	0	705.8964397049822	49.0	0	0.019257513994921042	0.8105307281275091	1.1055690531389035	2876.968596162417	0.0	810.842694522991	1002.7188217041099	1063.407079935316	1.7054254672983884	1813.561516227101	1.1466749777655864e-08
723.4284862481575	1	1	1	1	0	0	723.4284862481575	50.0	0	0.020807398844859902	0.8042980659400322	1.1037070887779608	3129.867294875597	0.0	876.1010039941011	1089.7299009989235	1164.0363898825715	1.6888053690412017	1965.830904993025	1.2124051929956644e-08
741.0759664193733	1	1	1	1	0	0	741.0759664193733	51.0	0	0.022468813485637163	0.807330384854369	1.1009766472843283	3403.799405916969	0.0	946.0553046584067	1183.0023018846643	1274.7417993738975	1.6701873333005783	2129.057606543071	1.3205699558387443e-08
758.8378438397727	1	1	1	1	0	0	758.8378438397727	52.0	0	0.0242667527062357	0.7981138858063848	1.0958111915573738	3698.413594276152	0.0	1021.7580086836084	1283.9392405849333	1392.7163450076112	1.6555397353765828	2305.697249268542	1.4357659397732765e-08
776.7130482321257	1	1	1	1	0	0	776.7130482321257	53.0	0	0.02619393988739881	0.7856884137990998	1.0962326759177696	4014.131403050991	0.0	1102.9027321010024	1392.1322051414588	1519.0964658085306	1.6424466736643306	2495.0349372424607	1.6160984166112038e-08
794.7004757379742	1	1	1	1	0	0	794.7004757379742	54.0	0	0.028271514897355143	0.7946416350511506	1.097021657964579	4356.427565622843	0.0	1190.3795746254793	1508.767995174095	1657.2799958232683	1.6286611656461525	2699.1475697995747	1.7573847523491895e-08
812.7989892447298	1	1	1	1	0	0	812.7989892447298	55.0	0	0.0304803803654644	0.786593475773519	1.0898519037221863	4723.3172313211635	0.0	1283.3844364406066	1632.774477594264	1807.158317286295	1.6136709695771967	2916.1589140348706	1.8779487045727317e-08
831.0074187226242	1	1	1	1	0	0	831.0074187226242	56.0	0	0.03287442556377855	0.7875328373250342	1.0917577364456708	5117.86490341101	0.0	1384.186339527518	1767.1770150434793	1966.5015488400147	1.602522691339806	3151.3633545709968	2.0384846778771142e-08
849.3245615714155	1	1	1	1	0	0	849.3245615714155	57.0	0	0.035467921689837534	0.7872961155650102	1.0870003956024359	5544.62574538621	0.0	1493.3861764142114	1912.7767975590712	2138.462771412928	1.5928091054504343	3406.1629739732825	2.350876340057305e-08
867.7491829767432	1	1	1	1	0	0	867.7491829767432	58.0	0	0.03825478208411662	0.7907728694983871	1.0855461226010896	6005.3565795968925	0.0	1610.727666699647	2069.232117939652	2325.3967949575945	1.5825083240068738	3679.9597846392985	2.5845305737808587e-08
886.2800162760308	1	1	1	1	0	0	886.2800162760308	59.0	0	0.04122645579158223	0.7845331391145423	1.0864904893488696	6500.244251356984	0.0	1735.8507701718836	2236.0629225693	2528.3305586158012	1.5709629736531403	3971.913692741184	2.720218193938941e-08
