11.247441493196291	1	1	1	1	0	0	11.247441493196291	1.0	0	0.0			100.0	0.0	0.0	0.0	0.0		0.0	0.0
11.367595075476835	1	1	1	1	0	0	11.367595075476835	1.0	0	0.0			100.0	0.0	0.0	0.0	0.0		0.0	0.0
22.856168219862568	1	1	1	1	0	0	22.856168219862568	2.0	0	0.0			97.01833494434999	0.0	0.0	0.0	4.857218463183318	0.0	0.0	0.0
34.4665080713728	1	1	1	1	0	0	34.4665080713728	3.0	0	0.00011257771665567784			88.55707761080875	0.0	4.740114385502225	3.1600762570014824	14.662576565111165	0.5387996173402292	7.900190642503707	0.0
46.1993671861199	1	1	1	1	0	0	46.1993671861199	4.0	0	0.00033581469321961526	0.6161621800026966	0.900932344504828	75.2637579396946	0.0	14.139566030299589	9.426377353533061	29.505835329103736	0.7986875518344624	23.56594338383265	3.2595778961807437e-12
58.05546181511435	1	1	1	1	0	0	58.05546181511435	5.0	0	0.00046067632320552276	0.6227085408284382	1.0578487333802984	69.35125127306279	0.0	19.396897819179905	12.931265212786606	37.023088241096275	0.8731892602109214	32.32816303196651	9.749113080442113e-12
70.03547169202406	1	1	1	1	0	0	70.03547169202406	6.0	0	0.00047057006342323245	0.6462791322454491	1.0425844869830203	70.61483720201723	0.0	19.813476354662413	13.208984236441614	37.592376610913206	0.8784350330624612	33.02246059110403	1.3496157223451676e-11
82.14003983175478	1	1	1	1	0	0	82.14003983175478	7.0	0	0.00048081116534643244	0.6429725512004387	1.080838772859428	71.91072275627349	0.0	20.244680646165573	13.496453764110385	38.16958834599753	0.883979520670258	33.74113441027596	1.3757397991040293e-11
94.36977233991071	1	1	1	1	0	0	94.36977233991071	8.0	0	0.000491270063934943	0.624093517165311	1.1523423311659824	73.22999210646127	0.0	20.68505532357655	13.790036882384367	38.75489990050035	0.8895673139260469	34.47509220596092	1.3966053823756292e-11
106.72523823319248	1	1	1	1	0	0	106.72523823319248	9.0	0	0.0005032229137360805	0.7686029718168608	1.1357052741450793	74.71209914433248	0.0	21.188333209940232	14.152215485019017	39.37155044937324	0.8976163826822787	35.34054869495925	1.7772621128778306e-11
119.20696927078512	1	1	1	1	0	0	119.20696927078512	10.0	0	0.000515960327840493	0.8162347992387881	1.2632474032557053	76.27744969860935	0.0	21.7246453827576	14.55685828863732	39.99594602721442	0.907129528745436	36.28150367139492	1.845598829135332e-11
131.81545979678634	1	1	1	1	0	0	131.81545979678634	11.0	0	0.0005289069787764397	0.7818909403250217	1.1406001246575381	77.86208901623587	0.0	22.269767527429035	14.98166225571768	40.61065923308913	0.9172820753619936	37.25142978314672	1.8778372324761887e-11
144.55116659372186	1	1	1	1	0	0	144.55116659372186	12.0	0	0.000542423912010318	0.8097913570458583	1.1434468100650956	79.51521282243719	0.0	22.838901558329177	15.4357876392943	41.2405236248137	0.928084462404698	38.274689197623466	1.942251402754968e-11
157.41450874719058	1	1	1	1	0	0	157.41450874719058	13.0	0	0.0005571504638867852	0.9344586978136054	1.2397930501863383	81.31910830560311	0.0	23.45896690049621	15.939618240604036	41.920523164502846	0.93984001550968	39.398585141100256	2.060053978754539e-11
170.4058675216809	1	1	1	1	0	0	170.4058675216809	14.0	0	0.0005720775049621845	0.8698273467124488	1.1692599282418883	83.15386171434602	0.0	24.087473893144608	16.457762872245773	42.60862494895565	0.951573462273491	40.545236765390385	2.8201227067749337e-11
183.52558624759342	1	1	1	1	0	0	183.52558624759342	15.0	0	0.0005879096218049563	0.9202779569343976	1.1388301276810635	85.09282536322826	0.0	24.754089339156057	17.027896731901	43.31083929217121	0.9647004480610352	41.781986071057055	3.023729666995852e-11
196.77397021950497	1	1	1	1	0	0	196.77397021950497	16.0	0	0.0006042117858587442	0.90621047739038	1.1419155644061356	87.08778108134442	0.0	25.44049624668397	17.631614960051017	44.01566987460942	0.9785631192127164	43.07211120673499	3.326082541136653e-11
210.1512866057031	1	1	1	1	0	0	210.1512866057031	17.0	0	0.0006209677445316551	0.9016938797341044	1.1655611327665438	89.1411535414197	0.0	26.146010296069683	18.266076445399282	44.729066799950736	0.9929133317290196	44.41208674146896	3.2436055424547183e-11
223.65776436901845	1	1	1	1	0	0	223.65776436901845	18.0	0	0.0006383729209955843	0.8686736963574172	1.12572304788228	91.28096972298128	0.0	26.87885983139301	18.937255825192125	45.464854066396114	1.007726002808148	45.81611565658514	4.14748382126132e-11
237.29359419897813	1	1	1	1	0	0	237.29359419897813	19.0	0	0.0006564363093373452	0.909688337256218	1.1490771973908347	93.51243791054351	0.0	27.63942355104611	19.644647412352086	46.228366947145325	1.0228367144671129	47.28407096339819	3.974037853552946e-11
251.0589284553002	1	1	1	1	0	0	251.0589284553002	20.0	0	0.0006754504775099879	0.9208882990009812	1.1578148507558292	95.86101730567208	0.0	28.44002010568369	20.408894969257396	47.012102230730974	1.0390710637698184	48.84891507494109	4.716071681411008e-11
264.95388112274634	1	1	1	1	0	0	264.95388112274634	21.0	0	0.000695058103912955	0.8858191677762352	1.1388307039921108	98.28772337320608	0.0	29.265604375282308	21.214020560151877	47.80809843777189	1.0558802082693086	50.47962493543419	5.5939428372872026e-11
278.9785277773454	1	1	1	1	0	0	278.9785277773454	22.0	0	0.0007156553275357683	0.9167411507215212	1.1111258889465303	100.8467300430953	0.0	30.132855896242877	22.075250795268268	48.63862335158415	1.0733878365373335	52.20810669151115	5.7140360462865e-11
293.1329055639992	1	1	1	1	0	0	293.1329055639992	23.0	0	0.0007362149613028107	0.8605552026874289	1.1178417228612778	103.41529197957956	0.0	30.99852468643414	22.94861005779593	49.4681572353495	1.0905426391278616	53.94713474423007	5.796208773377596e-11
307.41701318547484	1	1	1	1	0	0	307.41701318547484	24.0	0	0.0007575199784652403	0.8359726621761315	1.1335293545622218	106.09622120171473	0.0	31.8955780406417	23.86653531845352	50.334107842619495	1.1078395098100784	55.76211335909521	6.482701959666978e-11
321.83081090278995	1	1	1	1	0	0	321.83081090278995	25.0	0	0.0007800178629051282	0.8558442396485108	1.1464523732663754	108.93617021970819	0.0	32.842857385479086	24.85562726181895	51.23768557241014	1.1260946704112416	57.69848464729804	7.558542339633908e-11
336.3742205469876	1	1	1	1	0	0	336.3742205469876	26.0	0	0.0008033300993823307	0.8374187495890222	1.1278021279282466	111.89425641419399	0.0	33.82442523715077	25.89885597790565	52.170975199137565	1.1447606832552308	59.72328121505642	8.890417137855398e-11
351.0471255422998	1	1	1	1	0	0	351.0471255422998	27.0	0	0.0008278202483399191	0.8740789291586071	1.1181051804043796	115.02420368758371	0.0	34.85558940378607	27.012509895634192	53.156104388163435	1.1638945331215198	61.86809929942026	9.180600727955226e-11
365.84937094069124	1	1	1	1	0	0	365.84937094069124	28.0	0	0.000853668317282657	0.9045148210874444	1.0959226807756821	118.35819080943007	0.0	35.943929148743464	28.205568299553576	54.20869336113303	1.1833802563906004	64.14949744829704	9.870715456082402e-11
380.78076346777357	1	1	1	1	0	0	380.78076346777357	29.0	0	0.0008799982085991492	0.899226099874225	1.0631655358729253	121.79294844746795	0.0	37.05255615154313	29.43830084419016	55.302091451734675	1.2023208390547704	66.49085699573328	1.0247705326900285e-10
395.84107158007737	1	1	1	1	0	0	395.84107158007737	30.0	0	0.0009075497483543977	0.864981121231396	1.0656770752666067	125.41464651859673	0.0	38.212620983343065	30.75193253174267	56.45009300351097	1.2216906978487423	68.96455351508574	1.2129114360760275e-10
411.03002553366304	1	1	1	1	0	0	411.03002553366304	31.0	0	0.0009350965026687887	0.8283793563426526	1.06592464388726	129.07287724201416	0.0	39.37248432289637	32.08814282533896	57.61225009377882	1.2403720915589078	71.46062714823533	1.3302598323221055e-10
426.3473174640513	1	1	1	1	0	0	426.3473174640513	32.0	0	0.0009640747186069731	0.8908358879501486	1.0968279225007411	132.97137720838103	0.0	40.59261973081992	33.51759964212553	58.861157835435584	1.2590683244822212	74.11021937294545	1.3992164687486178e-10
441.79260147745117	1	1	1	1	0	0	441.79260147745117	33.0	0	0.0009930666752399843	0.8247612405969664	1.0612119687430812	136.93466957087708	0.0	41.81333369431513	34.97211504354267	60.14922083301928	1.2765826003136849	76.7854487378578	1.4332884368316391e-10
457.365493753255	1	1	1	1	0	0	457.365493753255	34.0	0	0.001022370830564078	0.7526299574392059	1.1056564755462897	141.01971140455763	0.0	43.04719286585593	36.468311155179954	61.504207383521795	1.2928465775552722	79.51550402103587	1.519456546795244e-10
473.0655726577729	1	1	1	1	0	0	473.0655726577729	35.0	0	0.0010524228576105435	0.7494180885393129	1.0430957856386658	145.27736698278298	0.0	44.31254137307553	38.03477234331764	62.93005326638985	1.308553059184742	82.34731371639317	1.7568264269281153e-10
488.8923788691719	1	1	1	1	0	0	488.8923788691719	36.0	0	0.0010830985279758367	0.7729193787132916	1.0776578919960984	149.7138659261573	0.0	45.60414854635104	39.66856174569397	64.44115563411222	1.3232647591891649	85.272710292045	1.8259082225846484e-10
504.8454155135833	1	1	1	1	0	0	504.8454155135833	37.0	0	0.0011147460455924881	0.7983687545541407	1.0925826666927134	154.41097084695411	0.0	46.936675603894244	41.39377264151909	66.08052260154075	1.3367092869110238	88.33044824541334	1.9784328459279937e-10
520.9241483123367	1	1	1	1	0	0	520.9241483123367	38.0	0	0.0011471960141829056	0.7975786604974202	1.0477709077859934	159.38614022230902	0.0	48.30299007085918	43.20940343889162	67.87374671255824	1.3482737868781725	91.51239350975081	2.155732482819357e-10
537.1280057402779	1	1	1	1	0	0	537.1280057402779	39.0	0	0.0011803242440808293	0.8012482079839613	1.0337972200583698	164.47369034989634	0.0	49.69786290866652	45.06923388930139	69.70659355192845	1.3595141000165276	94.76709679796791	2.330049206418922e-10
553.4563791951257	1	1	1	1	0	0	553.4563791951257	40.0	0	0.0012141629942005966	0.7443782328729076	1.0529177709241493	169.6823304676213	0.0	51.12265238739357	46.9689531942708	71.59072488595696	1.3701719844005342	98.09160558166435	2.646048169261843e-10
569.9086231778117	1	1	1	1	0	0	569.9086231778117	41.0	0	0.00124886008577534	0.7596804629244923	1.0605980987535517	175.05859384171976	0.0	52.58358255896171	48.916860089694964	73.5581511930631	1.3798666905351569	101.50044264865669	2.6950425934414514e-10
586.4840554837581	1	1	1	1	0	0	586.4840554837581	42.0	0	0.0012850683469748016	0.7335901209975505	1.0353794778797312	180.7324262590084	0.0	54.10814092525482	50.9496045780858	75.67468075566781	1.3882813175326425	105.05774550334058	2.7756674598725167e-10
603.1819574050269	1	1	1	1	0	0	603.1819574050269	43.0	0	0.0013226451602580832	0.7875240259190398	1.0658711462424495	186.68254043837783	0.0	55.69032253718247	53.059180060656	77.93303784053938	1.3954223473278866	108.74950259783846	2.970842982222454e-10
620.0015739432909	1	1	1	1	0	0	620.0015739432909	44.0	0	0.0013617951888415885	0.7544623357181006	1.0787318051902013	192.87464881603972	0.0	57.33874479333007	55.257076402186115	80.2788276205236	1.4025593613269285	112.59582119551618	3.5142250282367013e-10
636.9421140335545	1	1	1	1	0	0	636.9421140335545	45.0	0	0.0014026971464562565	0.7633278691078541	1.0774655786632374	199.36816261303997	0.0	59.06093248236872	57.55332665423767	82.75390347643356	1.4091692867372168	116.6142591366064	3.6489806761643537e-10
654.0027507785644	1	1	1	1	0	0	654.0027507785644	46.0	0	0.0014432563810522431	0.7349788811473841	1.0548745309149827	205.86424445129146	0.0	60.76868972851551	59.830336315766715	85.26521840700923	1.4143988404346641	120.59902604428223	3.672716998661854e-10
671.1826216938364	1	1	1	1	0	0	671.1826216938364	47.0	0	0.0014855046152574673	0.7571937219947966	1.0590517229500045	212.72515674350728	0.0	62.547562747682846	62.20216700798984	87.97542698783464	1.4180065278105811	124.74972975567269	4.0089642445411247e-10
688.4808289632283	1	1	1	1	0	0	688.4808289632283	48.0	0	0.0015306474287615634	0.7623413952624123	1.0266554499458964	220.02745682542832	0.0	64.44831278996058	64.73650039769348	90.84264363777424	1.4220723661760144	129.18481318765407	4.5800219725873487e-10
705.8964397049822	1	1	1	1	0	0	705.8964397049822	49.0	0	0.001576652022584371	0.7736513571088471	1.0727710069665444	227.48086469572524	0.0	66.38534831934193	67.31921443686865	93.77630193951464	1.4257819938607676	133.70456275621058	4.6054033643665343e-10
723.4284862481575	1	1	1	1	0	0	723.4284862481575	50.0	0	0.0016233966106783664	0.7557112778064806	1.0509800390936466	235.1082994056789	0.0	68.35354150224703	69.9434720140754	96.8112858893565	1.4285216051605705	138.29701351632244	4.730764531469687e-10
741.0759664193733	1	1	1	1	0	0	741.0759664193733	51.0	0	0.0016717143483435633	0.7243363036466075	1.0221297058949177	243.07487171972718	0.0	70.38797256183427	72.65604676019171	100.03085239770122	1.429999004240348	143.04401932202597	5.089461539726252e-10
758.8378438397727	1	1	1	1	0	0	758.8378438397727	52.0	0	0.0017222381074388177	0.7519796748538808	1.0669221749172806	251.35380357024215	0.0	72.51528873426601	75.49246832343407	103.34604651254207	1.4321569334511297	148.0077570577001	5.660133121053328e-10
776.7130482321257	1	1	1	1	0	0	776.7130482321257	53.0	0	0.0017744315436800406	0.7483974368414968	1.0847170242339017	259.90429492031603	0.0	74.71290710231753	78.42262614750274	106.7687616704957	1.4342728233789892	153.1355332498203	5.896437926766492e-10
794.7004757379742	1	1	1	1	0	0	794.7004757379742	54.0	0	0.0018287802271756328	0.7155514628589971	1.007786428102846	268.8586507015614	0.0	77.00127272318457	81.4737803086588	110.38359766971796	1.4356757378575509	158.4750530318434	6.155292772855612e-10
812.7989892447298	1	1	1	1	0	0	812.7989892447298	55.0	0	0.0018844021110956152	0.7199282073348088	1.0405335261558968	278.0973728833976	0.0	79.34324678297331	84.59641238837712	114.1577137120472	1.4360804350450973	163.93965917135043	6.523393641236035e-10
831.0074187226242	1	1	1	1	0	0	831.0074187226242	56.0	0	0.0019410678886813235	0.6756588024078135	1.054309384245792	287.4361066087868	0.0	81.72917426026629	87.77764902476774	117.92928332375268	1.4373599033896003	169.50682328503402	7.018430948260423e-10
849.3245615714155	1	1	1	1	0	0	849.3245615714155	57.0	0	0.0020007147171758684	0.714823463913991	1.0603160101286462	297.251016488048	0.0	84.24061967056291	91.12624290516322	121.88415391232188	1.4387995235367297	175.36686257572617	7.283369201633547e-10
867.7491829767432	1	1	1	1	0	0	867.7491829767432	58.0	0	0.002061731734839278	0.7078208744406319	1.0443884187507555	307.33850472636107	0.0	86.80975725639067	94.55175968626692	125.97698778370342	1.439640049610067	181.36151694265757	7.547116952018927e-10
886.2800162760308	1	1	1	1	0	0	886.2800162760308	59.0	0	0.0021249376703545487	0.7242557553866569	1.0460450019433696	317.8645050035743	0.0	89.47105980440206	98.10016308361546	130.29328211555685	1.4396077820931783	187.5712228880176	8.303568793093186e-10
