11.247441493196291	1	1	1	1	0	0	11.247441493196291	1.0	0	0.0			100.0	0.0	0.0	0.0	0.0		0.0	0.0
11.367595075476835	1	1	1	1	0	0	11.367595075476835	1.0	0	0.0			100.0	0.0	0.0	0.0	0.0		0.0	0.0
22.856168219862568	1	1	1	1	0	0	22.856168219862568	2.0	0	0.0			97.01833494434999	0.0	0.0	0.0	4.857218463183318	0.0	0.0	0.0
34.4665080713728	1	1	1	1	0	0	34.4665080713728	3.0	0	0.00011257771665567784			88.55707761080875	0.0	4.740114385502225	3.1600762570014824	14.662576565111165	0.5387996173402292	7.900190642503707	0.0
46.1993671861199	1	1	1	1	0	0	46.1993671861199	4.0	0	0.00033581469321961526	0.5616865500865124	0.8436640451691559	76.50817209960401	0.0	14.139566030299589	9.426377353533061	29.505835329103736	0.7986875518344624	23.56594338383265	8.82011094484101e-12
58.05546181511435	1	1	1	1	0	0	58.05546181511435	5.0	0	0.0004873112659789707	0.5591306692917402	0.9860204352821458	72.82391793671134	0.0	20.5183690938514	13.678912729234266	38.62663611362568	0.885329018102678	34.19728182308566	2.6322016652606613e-11
70.03547169202406	1	1	1	1	0	0	70.03547169202406	6.0	0	0.0005311472483603707	0.6218582371918129	0.9920867733968092	78.42246098516173	0.0	22.364094667805084	14.90939644520339	41.14896987215326	0.9058183285952088	37.273491113008475	4.1202616522434436e-11
82.14003983175478	1	1	1	1	0	0	82.14003983175478	7.0	0	0.0005831630921109855	0.6816385710126126	1.106338872178487	85.00442657972056	0.0	24.554235457304653	16.369490304869768	44.08070081754614	0.9283819223192774	40.92372576217443	4.770514101534446e-11
94.36977233991071	1	1	1	1	0	0	94.36977233991071	8.0	0	0.0006402451076976456	0.670865861819921	1.113374333665352	92.20466405913808	0.0	26.95768874516403	17.971792496776022	47.275182817198036	0.9503819671236754	44.92948124194005	5.1944407883337e-11
106.72523823319248	1	1	1	1	0	0	106.72523823319248	9.0	0	0.0007099479746869615	0.7567444230671508	1.1253369139183689	100.84754934954269	0.0	29.89254630260891	20.083831666164453	50.87117138076931	0.9824105994080922	49.976377968773356	6.494528505623214e-11
119.20696927078512	1	1	1	1	0	0	119.20696927078512	10.0	0	0.0007913310731148348	0.8563455462214143	1.1659843687252658	110.84903608684738	0.0	33.319203078519365	22.669213977287626	54.86061903104039	1.020557515476238	55.98841705580699	7.483461403673854e-11
131.81545979678634	1	1	1	1	0	0	131.81545979678634	11.0	0	0.0008809344029014365	0.7913587902708774	1.1414550750005523	121.81627078504023	0.0	37.09197485900787	25.60926775221974	59.11502817381261	1.060665021200204	62.701242611227606	1.0741320125352244e-10
144.55116659372186	1	1	1	1	0	0	144.55116659372186	12.0	0	0.000983494656761627	0.8570536322385371	1.1684906868395977	134.35941162126122	0.0	41.41030133733169	29.05496166947903	63.8941486144505	1.102843758542141	70.46526300681072	1.188056797575399e-10
157.41450874719058	1	1	1	1	0	0	157.41450874719058	13.0	0	0.0010977076488459503	0.8183687034895318	1.1744458824788042	148.34967236036925	0.0	46.21926942509266	32.96246160306388	69.16794133221272	1.1447750143068116	79.18173102815653	1.479019945428132e-10
170.4058675216809	1	1	1	1	0	0	170.4058675216809	14.0	0	0.0012254647578950975	0.8241030130236733	1.121546584303315	164.05290451033468	0.0	51.59851612189887	37.39714225233063	75.05724613610518	1.1857037522113332	88.99565837422949	1.7540017644663453e-10
183.52558624759342	1	1	1	1	0	0	183.52558624759342	15.0	0	0.0013688020188634127	0.7898551187550026	1.1450571288550215	181.60745778378373	0.0	57.63376921530161	42.558892044847056	81.41479652363508	1.2306443734839072	100.1926612601487	2.174541966746544e-10
196.77397021950497	1	1	1	1	0	0	196.77397021950497	16.0	0	0.001535527166428699	0.8898414589564886	1.167674123779599	202.01022672855092	0.0	64.65377542857682	48.733226344517924	88.62322495545618	1.2794276199053392	113.38700177309477	2.4285876469330284e-10
210.1512866057031	1	1	1	1	0	0	210.1512866057031	17.0	0	0.0017181021583214625	0.7916556166506463	1.1364726727986392	224.38402625678447	0.0	72.34114350827213	55.646396924903954	96.3964858236084	1.3277199821098744	127.98754043317608	3.469766271928573e-10
223.65776436901845	1	1	1	1	0	0	223.65776436901845	18.0	0	0.0019265087802579762	0.8289041273615264	1.1635063626074889	250.00582118018195	0.0	81.11615916875691	63.68298463465565	105.2066773767694	1.3763303567211174	144.79914380341253	3.9619253678273177e-10
237.29359419897813	1	1	1	1	0	0	237.29359419897813	19.0	0	0.002165573591398308	0.8999126910553672	1.1496540944606484	279.5387920011604	0.0	91.18204595361296	73.04515041369069	115.31159563385677	1.4242036584834554	164.22719636730366	4.4027071242369423e-10
251.0589284553002	1	1	1	1	0	0	251.0589284553002	20.0	0	0.0024289787211517555	0.8098290453002779	1.0950830590663494	312.07389186422887	0.0	102.27278825902128	83.63234650150244	126.16875710370523	1.4734641049663169	185.90513476052368	5.371282093237382e-10
264.95388112274634	1	1	1	1	0	0	264.95388112274634	21.0	0	0.002729635275134303	0.8419552908226505	1.1447576580682788	349.2841624395041	0.0	114.93201158460224	95.97786353179771	138.37428732310408	1.5241984562054158	210.90987511639995	6.387761471666776e-10
278.9785277773454	1	1	1	1	0	0	278.9785277773454	22.0	0	0.003068515490828829	0.8392778797076665	1.1628051164952569	391.3867655930325	0.0	129.20065224542438	110.14743770273778	152.0386756448703	1.5742579243930537	239.3480899481621	8.376390495503041e-10
293.1329055639992	1	1	1	1	0	0	293.1329055639992	23.0	0	0.0034510461123766537	0.8558997727775971	1.120878370202963	439.1771885733514	0.0	145.30720473164862	126.39707839744702	167.4729054442557	1.6223775565865126	271.7042831290956	9.40370423795966e-10
307.41701318547484	1	1	1	1	0	0	307.41701318547484	24.0	0	0.0038802463189472345	0.8466180774951311	1.1243569152730757	493.18584611954867	0.0	163.3787923767257	144.889141017577	184.91791272524597	1.6670528498357655	308.26793339430264	1.028261501477116e-09
321.83081090278995	1	1	1	1	0	0	321.83081090278995	25.0	0	0.004365835076198529	0.8405018791260099	1.1095609728431888	554.4826012873136	0.0	183.82463478730648	166.23745618335982	204.4205103166473	1.7124607038130382	350.06209097066625	1.2766557375950529e-09
336.3742205469876	1	1	1	1	0	0	336.3742205469876	26.0	0	0.004913629501309053	0.8226802338570516	1.1121398538909983	623.9921538315482	0.0	206.88966321301282	190.75140083840665	226.35108978012872	1.756744641422655	397.64106405141945	1.7122882736980774e-09
351.0471255422998	1	1	1	1	0	0	351.0471255422998	27.0	0	0.005536005090567639	0.8482503878337768	1.1255124022112968	703.534453962011	0.0	233.09495118179532	219.05302589086148	251.3864768893541	1.798616944982551	452.1479770726568	1.92141733957726e-09
365.84937094069124	1	1	1	1	0	0	365.84937094069124	28.0	0	0.006227779018942594	0.836074662858552	1.1062903275879707	792.76221691562	0.0	262.22227448179353	250.98294300337142	279.5569994304551	1.835780247072061	513.2052174851649	2.1927865726299828e-09
380.78076346777357	1	1	1	1	0	0	380.78076346777357	29.0	0	0.006997667163470837	0.8114019339422583	1.107296309290941	893.1948071252448	0.0	294.63861740929843	287.0281419782482	311.52804773769805	1.867140899869476	581.6667593875466	2.425760900684306e-09
395.84107158007737	1	1	1	1	0	0	395.84107158007737	30.0	0	0.007858558105042901	0.8179240572418108	1.1105664797596129	1006.3604265512804	0.0	330.88665705443805	328.0746181615093	347.39915133533316	1.8968419257301905	658.9612752159474	2.8078599610441576e-09
411.03002553366304	1	1	1	1	0	0	411.03002553366304	31.0	0	0.008828290505867606	0.828557555696138	1.1051378034097366	1135.1416550656322	0.0	371.71749498389914	375.11342357674033	388.3107365049927	1.923281661698368	746.8309185606395	3.589378338997624e-09
426.3473174640513	1	1	1	1	0	0	426.3473174640513	32.0	0	0.009903640300172305	0.8161101122284733	1.1122252752400823	1279.8107108098613	0.0	416.99538105988654	428.15899743739266	434.65633231258255	1.9444197994324568	845.154378497279	4.153192544668231e-09
441.79260147745117	1	1	1	1	0	0	441.79260147745117	33.0	0	0.011097346945529886	0.823579861789528	1.1018520286334428	1442.9941927146176	0.0	467.2567134959952	488.0468043358625	487.69067488276	1.9588308061488182	955.3035178318578	4.611550959683336e-09
457.365493753255	1	1	1	1	0	0	457.365493753255	34.0	0	0.012397893895987009	0.8073858606787568	1.1197903724439475	1624.2923274168631	0.0	522.0165850941898	554.4494448063001	547.8262975163732	1.9649769183786163	1076.4660299004902	5.143925815991179e-09
473.0655726577729	1	1	1	1	0	0	473.0655726577729	35.0	0	0.01384088931977607	0.8185733639100582	1.0941842606335201	1828.7303676844892	0.0	582.7742871484661	629.665546619696	616.2905339163275	1.9673186055016911	1212.4398337681619	6.128892229530898e-09
488.8923788691719	1	1	1	1	0	0	488.8923788691719	36.0	0	0.015413951379274725	0.8014802736232296	1.101903141673914	2056.236012442097	0.0	649.0084791273571	713.4469959404242	693.7805373743155	1.9638133410662333	1362.4554750677812	7.176625639262109e-09
504.8454155135833	1	1	1	1	0	0	504.8454155135833	37.0	0	0.017132377927593603	0.8123824065129543	1.0915582898624634	2311.283814102526	0.0	721.363281161836	807.1241127603244	782.7964201803654	1.9525988552297917	1528.4873939221604	8.359260628819129e-09
520.9241483123367	1	1	1	1	0	0	520.9241483123367	38.0	0	0.01897416696192036	0.8057341679172915	1.1053451823866611	2593.663514221959	0.0	798.9122931334891	910.1753340171048	884.5758870713651	1.9320983672853718	1709.0876271505938	8.920155160912632e-09
537.1280057402779	1	1	1	1	0	0	537.1280057402779	39.0	0	0.02101376399584144	0.8010826013886585	1.0947635805554323	2906.887377438451	0.0	884.7900629827973	1024.6790271495156	997.4182873061377	1.91441155073412	1909.4690901323129	1.033235003060452e-08
553.4563791951257	1	1	1	1	0	0	553.4563791951257	40.0	0	0.02326565906516729	0.803607449189028	1.0920192494680572	3253.511025105209	0.0	979.6066974807283	1151.1012064800902	1122.8031211443902	1.8976683123120868	2130.7079039608184	1.2399922646955272e-08
569.9086231778117	1	1	1	1	0	0	569.9086231778117	41.0	0	0.02574843140124226	0.7996097031774471	1.0904344758096067	3638.212951718015	0.0	1084.144480052306	1290.484916575527	1263.5835550901818	1.8792816565726482	2374.629396627833	1.3876469610523477e-08
586.4840554837581	1	1	1	1	0	0	586.4840554837581	42.0	0	0.028447465787147293	0.7849647009027838	1.082525914511481	4061.151482507019	0.0	1197.7880331430442	1442.009654029845	1421.35379533413	1.857241804143724	2639.7976871728893	1.5264431580787624e-08
603.1819574050269	1	1	1	1	0	0	603.1819574050269	43.0	0	0.031432786015803925	0.8050968414212887	1.0836068420846965	4533.863100934521	0.0	1323.4857269812182	1609.6065791474102	1600.7707948058926	1.8322999867599976	2933.0923061286285	1.7027658943290207e-08
620.0015739432909	1	1	1	1	0	0	620.0015739432909	44.0	0	0.03471890184104059	0.8005218235921417	1.0813736410643762	5053.606918950238	0.0	1461.8484985701302	1794.0902745992926	1797.6681457808138	1.811201239122592	3255.9387731694233	1.8697413771115347e-08
636.9421140335545	1	1	1	1	0	0	636.9421140335545	45.0	0	0.03833191051349444	0.7934570211096958	1.0901698486197118	5627.201021322656	0.0	1613.9751795155555	1996.925849193193	2016.2999926139066	1.7908550522919064	3610.901028708749	2.2154391665242405e-08
654.0027507785644	1	1	1	1	0	0	654.0027507785644	46.0	0	0.04229677316949888	0.7983049047023763	1.0806175310838133	6262.224649046166	0.0	1780.9167650315314	2219.514629881161	2261.793254133473	1.76869896821994	4000.4313949126927	2.4898927281122906e-08
671.1826216938364	1	1	1	1	0	0	671.1826216938364	47.0	0	0.04644236927982432	0.8022214061208502	1.086468265125651	6978.103172580067	0.0	1955.4681802031296	2452.2498501099585	2527.731709602721	1.7437444067218038	4407.718030313088	2.7771404387522398e-08
688.4808289632283	1	1	1	1	0	0	688.4808289632283	48.0	0	0.05070316002314704	0.7998105130293969	1.082893206892229	7786.287025386047	0.0	2134.8698957114543	2691.452137454392	2798.3530823723863	1.7247008833760855	4826.322033165847	3.101753592748158e-08
705.8964397049822	1	1	1	1	0	0	705.8964397049822	49.0	0	0.05501767335233327	0.7985048199875675	1.081018186410885	8692.480296565749	0.0	2316.5336148350852	2933.670429619233	3073.4844724002605	1.7082253356413193	5250.204044454318	3.55226167972817e-08
723.4284862481575	1	1	1	1	0	0	723.4284862481575	50.0	0	0.05932187893581524	0.8010212050452059	1.0813038084083555	9702.5292715071	0.0	2497.763323613273	3175.3100413234833	3352.9434514037653	1.691968101210186	5673.073364936757	3.9298408896711036e-08
741.0759664193733	1	1	1	1	0	0	741.0759664193733	51.0	0	0.06357793246040422	0.8046441473583409	1.0827579359734634	10816.30183641111	0.0	2676.965577280178	3414.246379546023	3636.5380079295214	1.6750029680823433	6091.2119568262015	4.212155133025372e-08
758.8378438397727	1	1	1	1	0	0	758.8378438397727	52.0	0	0.06795988413918615	0.8058254775949816	1.0858725398563236	12024.375523178876	0.0	2861.4688058604693	3660.250684319745	3924.066502981255	1.6619798581969567	6521.719490180215	4.705822554783746e-08
776.7130482321257	1	1	1	1	0	0	776.7130482321257	53.0	0	0.07240121120373391	0.8057761076733265	1.0829331100249877	13333.198966916574	0.0	3048.472050683533	3909.58834408383	4215.317636457134	1.6506609928013485	6958.060394767364	5.2407935658793134e-08
794.7004757379742	1	1	1	1	0	0	794.7004757379742	54.0	0	0.07683278873521396	0.8009010500838416	1.0798385505557553	14745.523177796382	0.0	3235.0647888511135	4158.378661640603	4510.070424635299	1.6393188474633582	7393.443450491717	5.609061861996889e-08
812.7989892447298	1	1	1	1	0	0	812.7989892447298	55.0	0	0.08122498098295508	0.8037688316631986	1.0816423838035172	16261.65772030124	0.0	3419.9991992823198	4404.957875548879	4808.094188933559	1.6274550304861608	7824.957074831199	5.92210184551704e-08
831.0074187226242	1	1	1	1	0	0	831.0074187226242	56.0	0	0.08574815874991704	0.8015837304237869	1.08103643088124	17871.952390329392	0.0	3610.448789470191	4658.890662466041	5109.148556155696	1.6185357229382222	8269.339451936232	6.337933484587157e-08
849.3245615714155	1	1	1	1	0	0	849.3245615714155	57.0	0	0.0903305562307169	0.8015053124217353	1.0826670611009752	19585.48080269897	0.0	3803.391841293343	4916.148064896909	5412.98347042287	1.610856555139096	8719.539906190252	7.092125694498988e-08
867.7491829767432	1	1	1	1	0	0	867.7491829767432	58.0	0	0.09489778631774977	0.7945626360956619	1.081379913496342	21398.759136901786	0.0	3995.6962660105182	5172.553964519809	5719.33921697406	1.6030261333897566	9168.250230530326	7.541361734173571e-08
886.2800162760308	1	1	1	1	0	0	886.2800162760308	59.0	0	0.09941689643314587	0.7967914616786486	1.0787102456054474	23316.725537018832	0.0	4185.9745866587755	5426.258392050819	6027.946458004346	1.5946115390500477	9612.232978709591	7.787656293140639e-08
