11.247441493196291	1	1	1	1	0	0	11.247441493196291	1.0	0	0.0			100.0	0.0	0.0	0.0	0.0		0.0	0.0
11.367595075476835	1	1	1	1	0	0	11.367595075476835	1.0	0	0.0			100.0	0.0	0.0	0.0	0.0		0.0	0.0
22.856168219862568	1	1	1	1	0	0	22.856168219862568	2.0	0	0.0			97.01833494434999	0.0	0.0	0.0	4.857218463183318	0.0	0.0	0.0
34.4665080713728	1	1	1	1	0	0	34.4665080713728	3.0	0	0.00011257771665567784			88.55707761080875	0.0	4.740114385502225	3.1600762570014824	14.662576565111165	0.5387996173402292	7.900190642503707	0.0
46.1993671861199	1	1	1	1	0	0	46.1993671861199	4.0	0	0.00033581469321961526	0.4720641909756073	0.7268639777217941	76.28742065810403	0.0	14.139566030299589	9.426377353533061	29.505835329103736	0.7986875518344624	23.56594338383265	7.83009468195806e-12
58.05546181511435	1	1	1	1	0	0	58.05546181511435	5.0	0	0.0004839883239183822	0.4992593069113072	0.9607798393033018	72.39067239842751	0.0	20.378455743931887	13.585637162621255	38.426579491874385	0.8838697941807475	33.96409290655314	2.45354109738658e-11
70.03547169202406	1	1	1	1	0	0	70.03547169202406	6.0	0	0.000522204362850254	0.5210537037771565	0.9898569477194716	77.27146045148875	0.0	21.98755212001069	14.658368080007133	40.62554025147092	0.9020414245122806	36.64592020001783	3.661020560765163e-11
82.14003983175478	1	1	1	1	0	0	82.14003983175478	7.0	0	0.0005701086607840197	0.6203192412516151	1.001122564288586	83.33316046626192	0.0	24.004575190906092	16.003050127270726	43.325535148085095	0.923419068718533	40.007625318176814	4.432150916677285e-11
94.36977233991071	1	1	1	1	0	0	94.36977233991071	8.0	0	0.0006266833670293317	0.6804466352577472	1.1510373980733408	90.46940672715479	0.0	26.386668085445546	17.591112056963695	46.49162658474556	0.9459290494439024	43.97778014240924	5.140301310577686e-11
106.72523823319248	1	1	1	1	0	0	106.72523823319248	9.0	0	0.0006889676003541393	0.6713246366440891	1.1504468813619722	98.19241020288878	0.0	29.009162120174302	19.478362124274216	49.70488595844026	0.9755082082874184	48.487524244448515	5.896398864284672e-11
119.20696927078512	1	1	1	1	0	0	119.20696927078512	10.0	0	0.0007636539197023799	0.7761220021391679	1.160804747014934	107.37090361060223	0.0	32.15384925062652	21.851000825133802	53.3660535348419	1.0119700914458922	54.00485007576032	6.928275948000768e-11
131.81545979678634	1	1	1	1	0	0	131.81545979678634	11.0	0	0.0008530749823785139	0.8409801706889929	1.1529723382669752	118.3158292474798	0.0	35.91894662646376	24.785074073366147	57.611808547649886	1.0536732352295883	60.704020699829904	1.1174890355966045e-10
144.55116659372186	1	1	1	1	0	0	144.55116659372186	12.0	0	0.0009502745819510835	0.7785679296804356	1.085800925270733	130.2033609254436	0.0	40.01156134530879	28.050667287125176	62.14113229300964	1.0952846548000603	68.06222863243396	1.1395446804031199e-10
157.41450874719058	1	1	1	1	0	0	157.41450874719058	13.0	0	0.001062087663769843	0.8199681409403776	1.1229386275901612	143.89965011409177	0.0	44.71948057978289	31.876060544121298	67.3041089901876	1.1380514841236695	76.59554112390418	1.4322201679046785e-10
170.4058675216809	1	1	1	1	0	0	170.4058675216809	14.0	0	0.0011873449775873471	0.8103938378999634	1.1551635786270484	159.2956205770791	0.0	49.99347274051987	36.22396877325888	73.07817906330034	1.1797973433231983	86.21744151377874	1.7651105742231957e-10
183.52558624759342	1	1	1	1	0	0	183.52558624759342	15.0	0	0.0013304832769011207	0.8433643890152108	1.1155330839700746	176.8258069626693	0.0	56.020348501099825	41.37855371364887	79.42690474792056	1.2262709030883976	97.3989022147487	2.1794982973272181e-10
196.77397021950497	1	1	1	1	0	0	196.77397021950497	16.0	0	0.0014915625236060555	0.8431616464409687	1.158673336316653	196.53766627310122	0.0	62.80263257288657	47.34380330208289	86.39123039813181	1.274972417540095	110.14643587496944	2.3072794917247324e-10
210.1512866057031	1	1	1	1	0	0	210.1512866057031	17.0	0	0.0016760272346219994	0.8770521917413484	1.1245867377050556	219.14304295430838	0.0	70.56956777355788	54.32852777115939	94.2449474095911	1.3252497770719396	124.89809554471728	3.3470152094951824e-10
223.65776436901845	1	1	1	1	0	0	223.65776436901845	18.0	0	0.0018847087444877101	0.880247293507823	1.139090670491286	244.7986329754017	0.0	79.35615766264044	62.37571572447733	103.06675958828392	1.3751463027778073	141.73187338711776	3.7698763064172015e-10
237.29359419897813	1	1	1	1	0	0	237.29359419897813	19.0	0	0.0021267730515092576	0.941753936768176	1.1364218603136187	274.7021477669254	0.0	89.54833901091612	71.85534662754934	113.29846212845995	1.4245884949035132	161.40368563846548	4.65921175672274e-10
251.0589284553002	1	1	1	1	0	0	251.0589284553002	20.0	0	0.002394612130604533	0.8511121514813083	1.1517053583329266	307.7849172397666	0.0	100.82577392019093	82.62075902864744	124.33838429092829	1.4753813474012032	183.44653294883838	5.967467484847871e-10
264.95388112274634	1	1	1	1	0	0	264.95388112274634	21.0	0	0.0026924906333669423	0.8232562807635473	1.1427255477718263	344.6513668132904	0.0	113.3680266680818	94.85220411141658	136.43113603379203	1.5261928972571572	208.2202307794984	6.316015780470239e-10
278.9785277773454	1	1	1	1	0	0	278.9785277773454	22.0	0	0.003030618467927225	0.8524308727492725	1.1252068440382788	386.66049385683027	0.0	127.60498812325164	108.99031902391457	150.06518670966412	1.5766168845337505	236.59530714716618	7.924340478141907e-10
293.1329055639992	1	1	1	1	0	0	293.1329055639992	23.0	0	0.0034124809220205136	0.8238419753226615	1.126313683983001	434.3674411531771	0.0	143.68340724296903	125.21157641948768	165.4724574907203	1.6250135384466409	268.89498366245675	9.607032902710683e-10
307.41701318547484	1	1	1	1	0	0	307.41701318547484	24.0	0	0.003843643093493544	0.8443005034102413	1.1422661182221945	488.6229836936309	0.0	161.83760393657033	143.788170168166	182.99720958889446	1.6701116634036572	305.6257741047363	1.0387966357342034e-09
321.83081090278995	1	1	1	1	0	0	321.83081090278995	25.0	0	0.0043330145806011544	0.8574658458857074	1.1315023357088214	550.3972397557349	0.0	182.44271918320655	165.3027884205705	202.65173215195782	1.7159759944367077	347.74550760377707	1.3346397109831987e-09
336.3742205469876	1	1	1	1	0	0	336.3742205469876	26.0	0	0.004886082085881797	0.8368742184639393	1.1592926010422098	620.5758926528632	0.0	205.7297720371284	190.05270480064135	224.79341581509357	1.7606497743836291	395.78247683776976	1.6441921382826745e-09
351.0471255422998	1	1	1	1	0	0	351.0471255422998	27.0	0	0.005507487544329556	0.8314338599295495	1.1141057609749438	699.9942058573405	0.0	231.89421239282348	218.3102145649427	249.78977889957432	1.8023332617575465	450.2044269577662	1.9285561876829194e-09
365.84937094069124	1	1	1	1	0	0	365.84937094069124	28.0	0	0.0062096087332719745	0.8547943407125316	1.1348328169788413	790.5565997868546	0.0	261.45720982197787	250.71772581436488	278.3816641505119	1.8398299945481555	512.1749356363429	2.175184771885015e-09
380.78076346777357	1	1	1	1	0	0	380.78076346777357	29.0	0	0.00698530362997745	0.8214120053595736	1.1176153535722264	891.7466859600291	0.0	294.118047577998	287.03478965573396	310.5938487262972	1.8711022115117868	581.152837233732	2.495680490144578e-09
395.84107158007737	1	1	1	1	0	0	395.84107158007737	30.0	0	0.00786379692281839	0.8225909705801218	1.1130530071469744	1007.2261652357917	0.0	331.1072388555112	328.9205295101958	347.19839687008437	1.9010104145517641	660.0277683657071	2.955978877391693e-09
411.03002553366304	1	1	1	1	0	0	411.03002553366304	31.0	0	0.008851598487292452	0.8349570708715215	1.1073881171366144	1138.406992949894	0.0	372.69888367547173	376.83581576920943	388.8722935052128	1.9274571934362652	749.5346994446811	3.75377655272538e-09
426.3473174640513	1	1	1	1	0	0	426.3473174640513	32.0	0	0.00994641248017172	0.8353549489929621	1.1155639330700355	1285.6946080164148	0.0	418.79631495459887	430.8415326350438	436.05676042677237	1.948457000776905	849.6378475896424	4.016159907190364e-09
441.79260147745117	1	1	1	1	0	0	441.79260147745117	33.0	0	0.011156592690203712	0.8199852046711456	1.1018656827383277	1451.1300784255566	0.0	469.7512711664722	491.55581198718346	489.82299527190065	1.9625601338296383	961.3070831536558	4.673242757303248e-09
457.365493753255	1	1	1	1	0	0	457.365493753255	34.0	0	0.012492689277006502	0.8214244393646208	1.1082858995995246	1637.3838840911205	0.0	526.0079695581687	559.7735270462674	551.6023874866842	1.968413337642864	1085.7814966044361	5.338969108396442e-09
473.0655726577729	1	1	1	1	0	0	473.0655726577729	35.0	0	0.01398142102399726	0.8253744271175866	1.1091944340950852	1848.3016706768944	0.0	588.691411536727	637.373633608255	622.2366255319129	1.9704160681587848	1226.065045144982	6.601583310847475e-09
488.8923788691719	1	1	1	1	0	0	488.8923788691719	36.0	0	0.015601779787146913	0.8151184603995901	1.1043764616019622	2082.6476476350367	0.0	656.9170436693437	723.6741102973225	702.0564936683708	1.9664958111174649	1380.5911539666665	7.2831466504812034e-09
504.8454155135833	1	1	1	1	0	0	504.8454155135833	37.0	0	0.017350506174171075	0.8008544648702287	1.095359014705583	2342.192532548753	0.0	730.5476283861507	819.0029715765919	792.6419325860104	1.954918780170136	1549.5505999627426	8.46530076439456e-09
520.9241483123367	1	1	1	1	0	0	520.9241483123367	38.0	0	0.01924330577794894	0.806194712066585	1.091487575536546	2632.393079158236	0.0	810.2444538083766	924.908320738886	897.2403046109729	1.93387743019368	1735.1527745472629	9.41564518022093e-09
537.1280057402779	1	1	1	1	0	0	537.1280057402779	39.0	0	0.021328261152480595	0.7927721480648221	1.0929660931419387	2952.5826882739675	0.0	898.0320485254989	1041.9584470283824	1012.5921927200853	1.9158655473558053	1939.9904955538811	1.0463945504828135e-08
553.4563791951257	1	1	1	1	0	0	553.4563791951257	40.0	0	0.02363510459610144	0.7964389831796979	1.1025860349661718	3307.664281513289	0.0	995.1622987832187	1171.4654473720086	1141.0365353580623	1.898824164710317	2166.627746155227	1.2329299681861746e-08
569.9086231778117	1	1	1	1	0	0	569.9086231778117	41.0	0	0.02619050640547336	0.7992720146124024	1.0921294581822123	3703.620038330432	0.0	1102.7581644409838	1314.9266015823625	1285.9352723070865	1.8800983362761308	2417.684766023346	1.4166900069924433e-08
586.4840554837581	1	1	1	1	0	0	586.4840554837581	42.0	0	0.028979827584991957	0.7898937788991024	1.0883066324534527	4140.7065044106575	0.0	1220.2032667365033	1471.5200713097222	1448.9831663644336	1.8576636364933663	2691.7233380462258	1.5718549709732932e-08
603.1819574050269	1	1	1	1	0	0	603.1819574050269	43.0	0	0.032028266896449026	0.7852754588708163	1.0991459757883346	4623.412736983017	0.0	1348.558606166275	1642.6605238827506	1632.1936069339913	1.8326374502029248	2991.2191300490254	1.7321673977259663e-08
620.0015739432909	1	1	1	1	0	0	620.0015739432909	44.0	0	0.03541419982668762	0.7953201315213024	1.0927569019283374	5158.943984905664	0.0	1491.1242032289526	1832.747986632987	1835.071795043724	1.8113036224736605	3323.8721898619397	1.985455198255552e-08
636.9421140335545	1	1	1	1	0	0	636.9421140335545	45.0	0	0.039142734354517116	0.7937712841986309	1.0819993813469284	5750.8787433136495	0.0	1648.1151307165105	2042.0692232830645	2060.694389314076	1.7907479988956017	3690.1843539995753	2.3525893518803588e-08
654.0027507785644	1	1	1	1	0	0	654.0027507785644	46.0	0	0.04322692056468664	0.7934897625344807	1.080243407897797	6405.013569283593	0.0	1820.0808658815424	2271.356870169774	2313.5758332322753	1.7684476459694027	4091.437736051317	2.4712029846899727e-08
671.1826216938364	1	1	1	1	0	0	671.1826216938364	47.0	0	0.047372516675012084	0.7984164926063885	1.0928820365136145	7154.948730146458	0.0	1994.6322810531408	2504.0920903985707	2579.514288701524	1.7440199463738115	4498.724371451712	2.8085686259230314e-08
688.4808289632283	1	1	1	1	0	0	688.4808289632283	48.0	0	0.051633307418334815	0.7981060895019888	1.0811869534061822	7999.8993969356925	0.0	2174.0339965614653	2743.294377743004	2850.135661471189	1.7252962519567343	4917.32837430447	3.279970009139397e-08
705.8964397049822	1	1	1	1	0	0	705.8964397049822	49.0	0	0.05594782074752103	0.7891540371257993	1.0883953777120037	8940.783722344606	0.0	2355.6977156850962	2985.512669907845	3125.267051499063	1.7090412747387398	5341.210385592942	3.7136645975749324e-08
723.4284862481575	1	1	1	1	0	0	723.4284862481575	50.0	0	0.060252026331003	0.7907082932412551	1.0837196418164916	9984.790131786049	0.0	2536.9274244632848	3227.152281612096	3404.726030502568	1.6929643250104771	5764.079706075381	4.0164656069352965e-08
741.0759664193733	1	1	1	1	0	0	741.0759664193733	51.0	0	0.06450807985559197	0.7927279884059869	1.0896706687937443	11131.892521115515	0.0	2716.129678130189	3466.088619834635	3688.320587028324	1.6761607761829163	6182.218297964824	4.389228003203932e-08
758.8378438397727	1	1	1	1	0	0	758.8378438397727	52.0	0	0.06889003153437391	0.7957040526276886	1.0846047004753052	12376.534773123733	0.0	2900.632906710481	3712.092924608357	3975.8490820800575	1.6632235516996128	6612.7258313188395	4.80148186248895e-08
776.7130482321257	1	1	1	1	0	0	776.7130482321257	53.0	0	0.07333135859892166	0.7921738785579556	1.0861517709569617	13717.646851799002	0.0	3087.6361515335448	3961.4305843724414	4267.100215555935	1.6519571558709236	7049.066735905987	5.22999654044168e-08
794.7004757379742	1	1	1	1	0	0	794.7004757379742	54.0	0	0.0777629361304017	0.7985130400373569	1.0837002817347752	15171.201010538662	0.0	3274.228889701125	4210.220901929217	4561.8530037341025	1.64066000932164	7484.449791630343	5.733616678274593e-08
812.7989892447298	1	1	1	1	0	0	812.7989892447298	55.0	0	0.08215512837814283	0.7974185648260183	1.0789197507545858	16729.652897528595	0.0	3459.1633001323307	4456.800115837491	4859.876768032362	1.6288403582658724	7915.963415969822	6.087634573955068e-08
831.0074187226242	1	1	1	1	0	0	831.0074187226242	56.0	0	0.08667830614510479	0.7987182821405648	1.0848421263526369	18384.64421512861	0.0	3649.6128903202034	4710.732902754654	5160.931135254497	1.6199297324401498	8360.345793074857	6.416369764808378e-08
849.3245615714155	1	1	1	1	0	0	849.3245615714155	57.0	0	0.09126070362590463	0.7988764360735369	1.0813377341078791	20141.064788422445	0.0	3842.555942143354	4967.990305185523	5464.766049521671	1.6122458248876108	8810.546247328877	7.186879930312432e-08
867.7491829767432	1	1	1	1	0	0	867.7491829767432	58.0	0	0.09582793371293752	0.7955191697405984	1.0859888850986463	22001.854242129546	0.0	4034.860366860529	5224.396204808422	5771.121796072863	1.6044119148498472	9259.256571668951	7.617385115342847e-08
886.2800162760308	1	1	1	1	0	0	886.2800162760308	59.0	0	0.10034704382833363	0.7960275579441454	1.0845588260006416	23972.462853350542	0.0	4225.1386875087865	5478.100632339431	6079.7290371031495	1.5959986474120216	9703.239319848217	8.146524444565747e-08
