11.247441493196291	1	1	1	1	0	0	11.247441493196291	1.0	0	0.0			100.0	0.0	0.0	0.0	0.0		0.0	0.0
11.367595075476835	1	1	1	1	0	0	11.367595075476835	1.0	0	0.0			100.0	0.0	0.0	0.0	0.0		0.0	0.0
22.856168219862568	1	1	1	1	0	0	22.856168219862568	2.0	0	0.0			97.01833494434999	0.0	0.0	0.0	4.857218463183318	0.0	0.0	0.0
34.4665080713728	1	1	1	1	0	0	34.4665080713728	3.0	0	0.00011257771665567784			88.55707761080875	0.0	4.740114385502225	3.1600762570014824	14.662576565111165	0.5387996173402292	7.900190642503707	0.0
46.1993671861199	1	1	1	1	0	0	46.1993671861199	4.0	0	0.00033581469321961526	0.4800714658960996	0.8637973232877004	76.00926714706092	0.0	14.139566030299589	9.426377353533061	29.505835329103736	0.7986875518344624	23.56594338383265	6.582603219977142e-12
58.05546181511435	1	1	1	1	0	0	58.05546181511435	5.0	0	0.0004793798458749762	0.6022842722388079	1.0010021253739827	71.7898185423627	0.0	20.184414563156896	13.45627637543793	38.14912760376786	0.88182071390991	33.64069093859483	2.1934113687752252e-11
70.03547169202406	1	1	1	1	0	0	70.03547169202406	6.0	0	0.0005099596554199783	0.5563868550574569	1.0470895498784	75.69534023596914	0.0	21.471985491367512	14.314656994245007	39.908697750356616	0.8967128596746239	35.78664248561252	3.037287892610993e-11
82.14003983175478	1	1	1	1	0	0	82.14003983175478	7.0	0	0.0005452021351350618	0.6520746141282371	1.0867763529374612	80.15484280721937	0.0	22.955879374107877	15.303919582738581	41.89504385037293	0.9132297150347984	38.25979895684645	3.406796410038329e-11
94.36977233991071	1	1	1	1	0	0	94.36977233991071	8.0	0	0.0005857405337299227	0.7907655898238772	1.0947594613210754	85.26829393396092	0.0	24.662759314944125	16.441839543296087	44.16369507572071	0.9307327837438524	41.10459885824021	3.8413121995039726e-11
106.72523823319248	1	1	1	1	0	0	106.72523823319248	9.0	0	0.000630134328238489	0.7764027605474301	1.1370178057973976	90.77295235213104	0.0	26.5319717153048	17.786998457552002	46.45398217927424	0.9540402801598789	44.318970172856815	4.440627208584851e-11
119.20696927078512	1	1	1	1	0	0	119.20696927078512	10.0	0	0.0006789493311795657	0.8017479071351149	1.1719435701018248	96.77201866845422	0.0	28.587340260192253	19.33775589440649	48.846922513855496	0.9811282612738752	47.92509615459875	4.8286508499178105e-11
131.81545979678634	1	1	1	1	0	0	131.81545979678634	11.0	0	0.0007326368708537032	0.8445143230339526	1.101276329916894	103.34324598084422	0.0	30.84786824647172	21.099345045855273	51.39603268851721	1.0107241857975728	51.94721329232699	5.291496173086115e-11
144.55116659372186	1	1	1	1	0	0	144.55116659372186	12.0	0	0.0007899904081581893	0.7749423392050081	1.136797536417431	110.3575957780502	0.0	33.262754027713235	23.026239014865624	54.068602735471345	1.0410661676975579	56.28899304257885	7.722428279085617e-11
157.41450874719058	1	1	1	1	0	0	157.41450874719058	13.0	0	0.000853095904748907	0.8122601830470129	1.206960644206917	118.0875600777616	0.0	35.91982756837504	25.18522915457772	56.98250335480883	1.0723477054434467	61.105056722952746	8.421400739664828e-11
170.4058675216809	1	1	1	1	0	0	170.4058675216809	14.0	0	0.0009224120007756613	0.8489244304550496	1.1567377815303916	126.60753016583458	0.0	38.83840003265942	27.591316393248004	60.17781373992714	1.1038904921504689	66.42971642590743	9.211766615565671e-11
183.52558624759342	1	1	1	1	0	0	183.52558624759342	15.0	0	0.0009983057727964355	0.8401697947890082	1.150826493061767	135.9022610338688	0.0	42.03392727563938	30.324343795439788	63.54398996278964	1.138711483390499	72.35827107107917	1.197137428358478e-10
196.77397021950497	1	1	1	1	0	0	196.77397021950497	16.0	0	0.0010822467080482373	0.8753006175380406	1.1594327441979104	146.1744217244422	0.0	45.56828244413632	33.43292941218789	67.173209868118	1.1760821317222785	79.0012118563242	1.3339851892890678e-10
210.1512866057031	1	1	1	1	0	0	210.1512866057031	17.0	0	0.0011730102953323369	0.8704413942762456	1.151182371252391	157.2971186792942	0.0	49.389907171887884	36.86967699123903	71.03753451616731	1.2142817842797629	86.2595841631269	1.3911562359642172e-10
223.65776436901845	1	1	1	1	0	0	223.65776436901845	18.0	0	0.0012734677221330048	0.9043586455688504	1.164475202396423	169.64749202205203	0.0	53.61969356349495	40.7435218531622	75.28427660539491	1.2534252791092777	94.36321541665714	1.764699737438056e-10
237.29359419897813	1	1	1	1	0	0	237.29359419897813	19.0	0	0.0013824152022784185	0.8664411864458893	1.1466136805145808	183.10636427015098	0.0	58.206955885407105	45.01008189378131	79.88932649096263	1.29200034989486	103.2170377791884	2.1740847921405892e-10
251.0589284553002	1	1	1	1	0	0	251.0589284553002	20.0	0	0.0015025786141437535	0.8573145896510668	1.1397629142616952	197.9486287643357	0.0	63.266467963947534	49.83988002713425	84.84228077325399	1.3331365795477044	113.10634799108178	2.555201968974937e-10
264.95388112274634	1	1	1	1	0	0	264.95388112274634	21.0	0	0.0016342239816183365	0.8675232655262868	1.1355273972670958	214.2415040694757	0.0	68.80943080498261	55.245483545796525	90.18658971869664	1.3755361494178024	124.05491435077913	2.97187172648679e-10
278.9785277773454	1	1	1	1	0	0	278.9785277773454	22.0	0	0.0017771599584853629	0.8516275755259074	1.1423915815557255	231.99992262471852	0.0	74.82778772569952	61.22205530216838	95.95007959685059	1.4179231908874157	136.04984302786792	3.704524950758379e-10
293.1329055639992	1	1	1	1	0	0	293.1329055639992	23.0	0	0.0019327972009776536	0.8446950448642857	1.1424930329938352	251.4440382881939	0.0	81.38093477800649	67.83341953487171	102.22968397531568	1.4595990959818226	149.21435431287819	3.9988503075920833e-10
307.41701318547484	1	1	1	1	0	0	307.41701318547484	24.0	0	0.0021020250348723285	0.8235416768446053	1.1514062202477549	272.7389211614603	0.0	88.50631725778229	75.12458960781684	109.10801429586118	1.499714827747591	163.63090686559912	4.61523013310384e-10
321.83081090278995	1	1	1	1	0	0	321.83081090278995	25.0	0	0.002292266297180511	0.8564925889642399	1.1256440868872186	296.75342294795144	0.0	96.51647567075837	83.48831377696945	116.7486335002236	1.5418149579231102	180.00478944772786	5.403449471839049e-10
336.3742205469876	1	1	1	1	0	0	336.3742205469876	26.0	0	0.0025018240141666892	0.8807865992750971	1.114410044056383	323.34417026518025	0.0	105.33995849122904	92.86607674927549	125.13813502467572	1.5838979476673574	198.20603524050452	6.158821411416508e-10
351.0471255422998	1	1	1	1	0	0	351.0471255422998	27.0	0	0.0027311368711386754	0.8697034915417451	1.1243653525014865	352.65134812986537	0.0	114.9952366795232	103.29374552314172	134.3623659272005	1.624628895869079	218.2889822026649	7.878696022081003e-10
365.84937094069124	1	1	1	1	0	0	365.84937094069124	28.0	0	0.002982552497419393	0.8869940159235551	1.1135184324359846	385.0799392988141	0.0	125.58115778607971	114.89823042587706	144.6005510868573	1.6630599704112319	240.47938821195683	8.716228684998979e-10
380.78076346777357	1	1	1	1	0	0	380.78076346777357	29.0	0	0.003249055040914152	0.8180142057874493	1.0946215090091815	419.84543209261824	0.0	136.80231751217482	127.37554583312445	155.66756874731888	1.697064234195855	264.17786334529933	9.39260653364265e-10
395.84107158007737	1	1	1	1	0	0	395.84107158007737	30.0	0	0.0035426684151721867	0.8354270295798506	1.1050939931761092	458.44142348381996	0.0	149.1649859019868	141.3747573378496	167.90168024398344	1.7304159363839813	290.5397432398364	1.1492421194130173e-09
411.03002553366304	1	1	1	1	0	0	411.03002553366304	31.0	0	0.00386047305423204	0.8336055567737914	1.1097863979817155	500.6461304843097	0.0	162.54623386240172	156.7905056041556	181.3093910177523	1.7612807459889956	319.33673946655733	1.1646565924883114e-09
426.3473174640513	1	1	1	1	0	0	426.3473174640513	32.0	0	0.004210144335620208	0.8535863162282961	1.1134758060341576	547.688138924	0.0	177.26923518400875	174.03932443693185	196.3795793030593	1.7889261239265104	351.3085596209406	1.5431426606303747e-09
441.79260147745117	1	1	1	1	0	0	441.79260147745117	33.0	0	0.004584818212252243	0.8175807577329532	1.122108145733551	598.9072453982319	0.0	193.0449773579892	192.8365698580788	213.02569818216406	1.811431909431369	385.881547216068	1.595644760141793e-09
457.365493753255	1	1	1	1	0	0	457.365493753255	34.0	0	0.004989601929876726	0.8134106065517087	1.1199312235911276	655.334683821247	0.0	210.08850231059898	213.50380348640587	231.74237802424219	1.8278586308141431	423.5923057970048	1.829102236726161e-09
473.0655726577729	1	1	1	1	0	0	473.0655726577729	35.0	0	0.005427307306715961	0.8256041755597364	1.1261808966611295	717.3470977072508	0.0	228.5182023880405	236.3191857432407	252.5097095759694	1.8408693626548704	464.8373881312812	2.074349776634854e-09
488.8923788691719	1	1	1	1	0	0	488.8923788691719	36.0	0	0.005894644344720952	0.8118424512983959	1.1052925704311178	784.9361756513979	0.0	248.19555135667167	261.2096051191889	275.53101917553744	1.8488123696567356	509.4051564758606	2.4943206643746172e-09
504.8454155135833	1	1	1	1	0	0	504.8454155135833	37.0	0	0.006392387060660084	0.8368447404730697	1.134618756968557	858.8108405982118	0.0	269.15313939621404	288.3432074211897	301.314493780808	1.8502141726476518	557.4963468174037	2.659763257878739e-09
520.9241483123367	1	1	1	1	0	0	520.9241483123367	38.0	0	0.006912572501063181	0.802283633063739	1.0917581415622468	938.564713560766	0.0	291.05568425529185	317.4484653603164	330.0605639451578	1.843613615459725	608.5041496156082	2.8857141939731944e-09
537.1280057402779	1	1	1	1	0	0	537.1280057402779	39.0	0	0.007487438098270984	0.8305357515631195	1.107102630651416	1026.8476538636946	0.0	315.26055150614684	349.7216216947895	361.86548066275816	1.8376502007956617	664.9821732009364	3.4627958172572615e-09
553.4563791951257	1	1	1	1	0	0	553.4563791951257	40.0	0	0.008099168885762172	0.8061427228078862	1.1026552224863957	1121.008505245518	0.0	341.01763729524936	384.06440274692636	395.9264652033425	1.83135532420088	725.0820400421758	3.956054702212579e-09
569.9086231778117	1	1	1	1	0	0	569.9086231778117	41.0	0	0.008770709907492921	0.8330341001673948	1.1223512561871198	1225.0628001583445	0.0	369.29304873654405	421.7649513353192	434.0048000864811	1.8226941266876189	791.0580000718633	4.2956960344363916e-09
586.4840554837581	1	1	1	1	0	0	586.4840554837581	42.0	0	0.009482016584140798	0.8032736734953771	1.1155998929834468	1336.524514885993	0.0	399.24280354277045	461.69795774362115	475.58375359960183	1.8102821107115137	860.9407612863914	4.66579770834122e-09
603.1819574050269	1	1	1	1	0	0	603.1819574050269	43.0	0	0.010247671559632094	0.8158941094114381	1.1135511891886287	1457.7624307207136	0.0	431.48090777398295	504.6820967185711	521.5994262281596	1.794793010533441	936.163004492554	5.0131530502699975e-09
620.0015739432909	1	1	1	1	0	0	620.0015739432909	44.0	0	0.011079718443701684	0.8060234943707182	1.1122538849337438	1589.36193825276	0.0	466.51446078743936	551.3935007365129	571.4539767288076	1.7812597391495912	1017.9079615239523	5.81040802538334e-09
636.9421140335545	1	1	1	1	0	0	636.9421140335545	45.0	0	0.011963681903977941	0.8088102943760825	1.1064202375154115	1729.6982267850574	0.0	503.7339749043344	601.0195195590395	624.9447323216833	1.767761911296045	1104.753494463374	6.325519566366107e-09
654.0027507785644	1	1	1	1	0	0	654.0027507785644	46.0	0	0.012917115920991649	0.8179873169789315	1.112128446820418	1882.4029181725725	0.0	543.8785650943853	654.5456398124409	683.9787132657473	1.7521366990864244	1198.4242049068264	6.967367541254614e-09
671.1826216938364	1	1	1	1	0	0	671.1826216938364	47.0	0	0.013930258097197076	0.8048297001397355	1.1156422288952614	2046.932388841683	0.0	586.5371830398768	711.4237970730964	748.9714087287097	1.7329913598652695	1297.9609801129732	7.755793454096284e-09
688.4808289632283	1	1	1	1	0	0	688.4808289632283	48.0	0	0.015020580424549913	0.8092159856345964	1.1050931340211911	2223.3028939637547	0.0	632.4454915599963	772.6348750999222	818.2225273038357	1.7172350060928612	1405.0803666599186	8.235232692658246e-09
705.8964397049822	1	1	1	1	0	0	705.8964397049822	49.0	0	0.016202314518061908	0.8002092725171399	1.1085581852159208	2414.760865033023	0.0	682.2027165499751	838.9778417532274	893.5803067298202	1.702343423245496	1521.1805583032026	9.445277345083109e-09
723.4284862481575	1	1	1	1	0	0	723.4284862481575	50.0	0	0.017451649856472285	0.7973931093060574	1.1026534218401425	2618.618126656578	0.0	734.8063097462014	909.1159660148624	974.6958508955147	1.6866002602254724	1643.9222757610635	1.0031235265374909e-08
741.0759664193733	1	1	1	1	0	0	741.0759664193733	51.0	0	0.01879469599711209	0.7975951120359541	1.0997242948316142	2840.058010176153	0.0	791.3556209310358	984.5150475946414	1064.1873416504764	1.6687575570777151	1775.8706685256768	1.1045062610792238e-08
758.8378438397727	1	1	1	1	0	0	758.8378438397727	52.0	0	0.020239436193642057	0.7963540968341453	1.0975365777774122	3076.796246660512	0.0	852.1867871007179	1065.623269154218	1158.9861904055765	1.6547307225324368	1917.810056254936	1.1795306261701889e-08
776.7130482321257	1	1	1	1	0	0	776.7130482321257	53.0	0	0.02179449967649737	0.794975653826513	1.1052814480469757	3331.5515917103585	0.0	917.6631442735733	1152.9250787180247	1260.96336871876	1.6420684964825598	2070.588222991598	1.3632755677001643e-08
794.7004757379742	1	1	1	1	0	0	794.7004757379742	54.0	0	0.02345353293150549	0.7881214962153276	1.0979429865522117	3604.8898413749544	0.0	987.5171760633892	1246.0637877711126	1371.3088775404526	1.6287949421290122	2233.5809638345017	1.4615443011133728e-08
812.7989892447298	1	1	1	1	0	0	812.7989892447298	55.0	0	0.025228254635342992	0.7874416285376424	1.0988695100651202	3899.668795561715	0.0	1062.2423004354944	1345.6972869339195	1491.7292081923008	1.6141934971477767	2407.939587369414	1.602850874327839e-08
831.0074187226242	1	1	1	1	0	0	831.0074187226242	56.0	0	0.027129556144634068	0.7802646562957882	1.0904001273717496	4213.010450497868	0.0	1142.2971008266975	1452.4370207888574	1618.276328882313	1.6033937315314046	2594.7341216155546	1.707390201839156e-08
849.3245615714155	1	1	1	1	0	0	849.3245615714155	57.0	0	0.0291878464008387	0.7888178973788054	1.0921890365917133	4551.702948991024	0.0	1228.961953719524	1567.9901579792927	1754.7508372922068	1.5939312022297438	2796.952111698817	1.901250614992169e-08
867.7491829767432	1	1	1	1	0	0	867.7491829767432	58.0	0	0.031391542423570576	0.7907193287703896	1.087101674889105	4916.0235690638	0.0	1321.7491546766555	1691.7064259221347	1902.5679884650094	1.5838885121945334	3013.4555805987898	2.0961381537569064e-08
886.2800162760308	1	1	1	1	0	0	886.2800162760308	59.0	0	0.033740002224077865	0.7934132915362493	1.0845107433923165	5307.124314739682	0.0	1420.6316725927518	1823.549783143596	2062.9428590033344	1.57259879573383	3244.181455736348	2.1898679829101452e-08
