11.247441493196291	1	1	1	1	0	0	11.247441493196291	1.0	0	0.0			100.0	0.0	0.0	0.0	0.0		0.0	0.0
11.367595075476835	1	1	1	1	0	0	11.367595075476835	1.0	0	0.0			100.0	0.0	0.0	0.0	0.0		0.0	0.0
22.856168219862568	1	1	1	1	0	0	22.856168219862568	2.0	0	0.0			97.01833494434999	0.0	0.0	0.0	4.857218463183318	0.0	0.0	0.0
34.4665080713728	1	1	1	1	0	0	34.4665080713728	3.0	0	0.00011257771665567784			88.55707761080875	0.0	4.740114385502225	3.1600762570014824	14.662576565111165	0.5387996173402292	7.900190642503707	0.0
46.1993671861199	1	1	1	1	0	0	46.1993671861199	4.0	0	0.00033581469321961526	0.6487465664913977	0.9554029732963502	76.4668375047927	0.0	14.139566030299589	9.426377353533061	29.505835329103736	0.7986875518344624	23.56594338383265	8.634492136760412e-12
58.05546181511435	1	1	1	1	0	0	58.05546181511435	5.0	0	0.000483209496025001	0.5201483645405205	0.8948179428594875	72.28912873508763	0.0	20.34566299052636	13.563775327017574	38.379690417543685	0.8835255821147436	33.90943831754393	2.309356826910864e-11
70.03547169202406	1	1	1	1	0	0	70.03547169202406	6.0	0	0.0005215657334778117	0.6120192764367691	1.0192200572160368	77.18782233998468	0.0	21.960662462223645	14.640441641482436	40.58671823627861	0.9018000393781536	36.60110410370608	3.671501439091101e-11
82.14003983175478	1	1	1	1	0	0	82.14003983175478	7.0	0	0.0005637091409404637	0.6237586623967318	1.0068114197972031	82.52055248441059	0.0	23.735121723808998	15.82341448253934	42.96201627806224	0.9207793216760212	39.558536206348336	3.970795321965845e-11
94.36977233991071	1	1	1	1	0	0	94.36977233991071	8.0	0	0.0006106127637960537	0.6467995874565964	1.0610798951480171	88.43690319022217	0.0	25.710011107202266	17.140007404801516	45.58688467821838	0.9399637376948841	42.85001851200378	4.366018548000199e-11
106.72523823319248	1	1	1	1	0	0	106.72523823319248	9.0	0	0.0006671720782058733	0.7807295273048375	1.1251238800411885	95.45003891422225	0.0	28.091455924457822	18.85378895478575	48.50479403497866	0.967847525450568	46.945244879243575	5.4255560973874384e-11
119.20696927078512	1	1	1	1	0	0	119.20696927078512	10.0	0	0.0007280810745767183	0.7265814369629753	1.158695245929927	102.93538330579071	0.0	30.656045245335502	20.788748975323802	51.490589085131404	0.9991106168081242	51.4447942206593	5.826650188891186e-11
131.81545979678634	1	1	1	1	0	0	131.81545979678634	11.0	0	0.0007984861744677098	0.8319955228888914	1.12234845013784	111.55280027336495	0.0	33.620470503903576	23.098872719630602	54.83345704983079	1.0343929833201937	56.71934322353418	8.669308528600224e-11
144.55116659372186	1	1	1	1	0	0	144.55116659372186	12.0	0	0.0008760940468182473	0.8212510362256414	1.1597215076938279	121.0442595497748	0.0	36.88817039234726	25.70624705447009	58.44984210295747	1.0709082384954838	62.59441744681735	1.0151177005136056e-10
157.41450874719058	1	1	1	1	0	0	157.41450874719058	13.0	0	0.0009603058926992775	0.7976510212623191	1.142573955536345	131.3595981088713	0.0	40.43393232418012	28.587335940962447	62.338329843728715	1.1072043225759625	69.02126826514258	1.0394396419841693e-10
170.4058675216809	1	1	1	1	0	0	170.4058675216809	14.0	0	0.0010557123649052806	0.8589086694554309	1.166286625003333	143.08646006442592	0.0	44.45104694338025	31.89906739180489	66.73634572924077	1.1440559638214065	76.35011433518514	1.2515210348212352e-10
183.52558624759342	1	1	1	1	0	0	183.52558624759342	15.0	0	0.0011609920624350394	0.8279287342591602	1.1688200439223002	155.98009320917592	0.0	48.88387631305429	35.690317853891976	71.40589904222962	1.1844146674342533	84.57419416694627	1.6162437207873668e-10
196.77397021950497	1	1	1	1	0	0	196.77397021950497	16.0	0	0.0012796487166097784	0.8740195327581429	1.143281913064952	170.50054398843434	0.0	53.87994596251698	40.084531087191976	76.5360669387254	1.2277149951399606	93.96447704970896	1.847661306977596e-10
210.1512866057031	1	1	1	1	0	0	210.1512866057031	17.0	0	0.0014112675129502106	0.8940912879102452	1.1637372320551844	186.62987546444438	0.0	59.42179001895622	45.06825411110389	82.13983133438427	1.2720995701183022	104.49004413006008	2.1393138762023017e-10
223.65776436901845	1	1	1	1	0	0	223.65776436901845	18.0	0	0.0015548786577208936	0.8282133487013277	1.1667407201116515	204.2856258712126	0.0	65.46857506193237	50.606195037947515	88.21085577133275	1.3158785172743162	116.07477009987987	2.791762844332156e-10
237.29359419897813	1	1	1	1	0	0	237.29359419897813	19.0	0	0.0017171029511279473	0.8877025118630649	1.1016074101673523	224.326071392206	0.0	72.29907162643991	56.95916150348114	95.06783826228491	1.3596420776215346	129.25823312992105	3.007447811819523e-10
251.0589284553002	1	1	1	1	0	0	251.0589284553002	20.0	0	0.0018956488992793198	0.8464959646947093	1.1423302554945949	246.37959122565982	0.0	79.81679575912926	64.13556298636878	102.42723248016183	1.4054109952973572	143.95235874549803	3.8687262986312514e-10
264.95388112274634	1	1	1	1	0	0	264.95388112274634	21.0	0	0.002093140134135705	0.8317759122975948	1.1274954313380448	270.8217734695163	0.0	88.13221617413494	72.24492022790446	110.44463706747686	1.4521043362572323	160.3771364020394	4.2863063536185314e-10
278.9785277773454	1	1	1	1	0	0	278.9785277773454	22.0	0	0.002312945467930621	0.8490895644066249	1.1194583875277824	298.1304693189615	0.0	97.38717759707878	81.43562489619596	119.30766682568677	1.498837478353692	178.82280249327476	5.678045664415872e-10
293.1329055639992	1	1	1	1	0	0	293.1329055639992	23.0	0	0.002556795702233243	0.8405591919539285	1.1427946253757426	328.5952352350025	0.0	107.65455588350494	91.79421703897651	129.14646231252098	1.544361102511939	199.44877292248145	5.961273577235239e-10
307.41701318547484	1	1	1	1	0	0	307.41701318547484	24.0	0	0.0028280795822963464	0.8575957672933346	1.1048657966257909	362.7324000169173	0.0	119.07703504405666	103.4824651366246	140.1728998362361	1.5877498463732815	222.55950018068125	6.992717078516047e-10
321.83081090278995	1	1	1	1	0	0	321.83081090278995	25.0	0	0.003128016301497176	0.8264993433831379	1.1117473563828455	400.59395955290466	0.0	131.70594953672318	116.66881575877579	152.2191942574057	1.631691499269746	248.374765295499	8.077868668532092e-10
336.3742205469876	1	1	1	1	0	0	336.3742205469876	26.0	0	0.0034610052582034834	0.8184455054235595	1.0931132398947516	442.84687838857354	0.0	145.72653718751508	131.5701591848123	165.55018201624608	1.6750008546962225	277.2966963723273	9.660997742494518e-10
351.0471255422998	1	1	1	1	0	0	351.0471255422998	27.0	0	0.003840471459873705	0.8678268219242297	1.1135476244314186	491.3443050607477	0.0	161.70406146836652	148.82583300155602	180.8144105908252	1.7173957178260402	310.5298944699225	1.1987987567783864e-09
365.84937094069124	1	1	1	1	0	0	365.84937094069124	28.0	0	0.004255579593364326	0.8501402580386392	1.1231175566366571	544.8866092962149	0.0	179.18229866797162	167.98580384090246	197.71850678734103	1.7558705462118207	347.16810250887414	1.3813105566037539e-09
380.78076346777357	1	1	1	1	0	0	380.78076346777357	29.0	0	0.0047180557367638865	0.8634357515367196	1.1187284790304546	605.2170317373051	0.0	198.65497839005843	189.63835782351455	216.9236955237321	1.7899996368589093	388.293336213573	1.5309176259751198e-09
395.84107158007737	1	1	1	1	0	0	395.84107158007737	30.0	0	0.005227115566068512	0.8568393383955515	1.1178493674578804	672.1338363246227	0.0	220.08907646604257	213.9098551182251	238.1349047403551	1.8224918856707228	433.99893158426767	1.8149559927774775e-09
411.03002553366304	1	1	1	1	0	0	411.03002553366304	31.0	0	0.005794967080747886	0.845868011847558	1.1164294350493609	747.544965840305	0.0	243.99861392622677	241.45462610971825	262.09172580436007	1.8522265002685143	485.453240035945	2.411251048637239e-09
426.3473174640513	1	1	1	1	0	0	426.3473174640513	32.0	0	0.006401655258326081	0.8044240877562301	1.1186992205041442	829.1639945938044	0.0	269.5433792979402	271.38174629382263	288.23886900204155	1.8766557316318484	540.9251255917628	2.4746293259732313e-09
441.79260147745117	1	1	1	1	0	0	441.79260147745117	33.0	0	0.007076948152489656	0.8323918933831994	1.1202902695262484	921.478673584422	0.0	297.9767643153539	305.26093311317936	318.24097615588875	1.8955374782819927	603.2376974285332	2.799392128079665e-09
457.365493753255	1	1	1	1	0	0	457.365493753255	34.0	0	0.007811997794039196	0.8404024309538518	1.1178768412779163	1023.9456617078772	0.0	328.9262229069135	342.7907101493582	352.22872865160537	1.9070475472790769	671.7169330562717	3.170639928990515e-09
473.0655726577729	1	1	1	1	0	0	473.0655726577729	35.0	0	0.008617526286806716	0.8312129376460002	1.1060338801674798	1138.0698395993795	0.0	362.8432120760722	384.7788634911737	390.4477640321337	1.9147812958296693	747.6220755672459	3.772857347914534e-09
488.8923788691719	1	1	1	1	0	0	488.8923788691719	36.0	0	0.009487381645896943	0.8231307893575163	1.0947748191573736	1263.8735249153633	0.0	399.4687008798714	431.10745062092013	433.29737341457184	1.9168732664024477	830.5761515007913	4.345866684930708e-09
504.8454155135833	1	1	1	1	0	0	504.8454155135833	37.0	0	0.010417160415799313	0.8221403612680983	1.1048363080517616	1401.8707128231774	0.0	438.6172806652342	481.7927676803052	481.46066447763815	1.9117035227460182	920.4100483455394	4.815610429572471e-09
520.9241483123367	1	1	1	1	0	0	520.9241483123367	38.0	0	0.011403669481208004	0.8158395250948556	1.1177307513197021	1553.1204644849008	0.0	480.15450447191597	536.9896236049096	535.9763364080757	1.897740737759743	1017.1441280768256	5.1547284244384084e-09
537.1280057402779	1	1	1	1	0	0	537.1280057402779	39.0	0	0.01248926107923337	0.828624896983947	1.1135594515494025	1719.8363346071305	0.0	525.8636243887734	597.9351168273864	596.0375933909709	1.8854494308364942	1123.7987412161597	5.8967861061092295e-09
553.4563791951257	1	1	1	1	0	0	553.4563791951257	40.0	0	0.013675003988784016	0.8208497550126711	1.102051256919112	1902.3521800841052	0.0	575.7896416330111	664.5031398197034	662.059398631391	1.8733859590493651	1240.2927814527145	7.129244727836824e-09
569.9086231778117	1	1	1	1	0	0	569.9086231778117	41.0	0	0.014966587929700225	0.8152339401435398	1.1185969144442216	2102.4812145642222	0.0	630.1721233557987	737.013115450087	735.2959757583358	1.859367226096758	1367.1852388058858	7.874316276677705e-09
586.4840554837581	1	1	1	1	0	0	586.4840554837581	42.0	0	0.016369453766939594	0.8209752177731852	1.102655591735479	2322.3102094057044	0.0	689.2401586079826	815.7704957863323	817.2995550113901	1.8414431344861564	1505.0106543943148	8.51474199199395e-09
603.1819574050269	1	1	1	1	0	0	603.1819574050269	43.0	0	0.017885890057839852	0.8129762388384971	1.0977614154234243	2562.4308659545777	0.0	753.0901076985199	900.903761240382	908.4369970156756	1.82070289340094	1653.9938689389019	9.36763821901156e-09
620.0015739432909	1	1	1	1	0	0	620.0015739432909	44.0	0	0.019531221698546226	0.7985294231087988	1.105713237720357	2822.6623959193516	0.0	822.3672294124725	993.2732568589856	1007.021909647894	1.802980122752541	1815.640486271458	1.0367126311517552e-08
636.9421140335545	1	1	1	1	0	0	636.9421140335545	45.0	0	0.021316006192013428	0.8029533158504212	1.0982052951096903	3106.0112478785786	0.0	897.5160501900389	1093.4716845624073	1115.023513126133	1.7856015692175122	1990.9877347524466	1.1979514395361169e-08
654.0027507785644	1	1	1	1	0	0	654.0027507785644	46.0	0	0.02325155843233829	0.7984592897224803	1.099652824333809	3416.0147743407288	0.0	979.0129866247701	1202.134266475382	1234.8675212405776	1.7663006076221999	2181.147253100152	1.3335842230521324e-08
671.1826216938364	1	1	1	1	0	0	671.1826216938364	47.0	0	0.025328345475180616	0.7997048223627758	1.0949188935130387	3753.275112402138	0.0	1066.4566515865522	1318.725819757758	1368.0926410578281	1.7434363724813655	2385.18247134431	1.3953465116049602e-08
688.4808289632283	1	1	1	1	0	0	688.4808289632283	48.0	0	0.02760329755013034	0.8005186443458291	1.0902681375833352	4121.2712879565115	0.0	1162.244107373909	1446.4424274742335	1512.5847531083684	1.7246547867729594	2608.6865348481424	1.580933445338173e-08
705.8964397049822	1	1	1	1	0	0	705.8964397049822	49.0	0	0.03008052651362745	0.7977471999219372	1.0980171713324856	4522.618117018245	0.0	1266.5484847843131	1585.5149306881065	1670.5547015458258	1.707255328324957	2852.0634154724194	1.8434195523201946e-08
723.4284862481575	1	1	1	1	0	0	723.4284862481575	50.0	0	0.03274714047740054	0.7967461521082835	1.0902818266435168	4957.736378504063	0.0	1378.826967469496	1735.2195742683502	1843.689836766218	1.6890295100827803	3114.046541737847	1.9699831044382677e-08
741.0759664193733	1	1	1	1	0	0	741.0759664193733	51.0	0	0.03561932136929788	0.7891055740309552	1.0792710868155455	5431.298218937861	0.0	1499.7608997599111	1896.4648173222367	2035.072501855713	1.6688475295033691	3396.2257170821476	2.140726509137403e-08
758.8378438397727	1	1	1	1	0	0	758.8378438397727	52.0	0	0.03876073605541162	0.7877556592610835	1.0870011931144086	5946.057187119732	0.0	1632.030991806805	2072.8249400514296	2241.201255261497	1.6530670430246404	3704.8559318582343	2.3713801942776915e-08
776.7130482321257	1	1	1	1	0	0	776.7130482321257	53.0	0	0.04216677675161909	0.7823650950386225	1.0910013465612909	6504.0453865615455	0.0	1775.44323164712	2264.041259838515	2464.56089507591	1.6390280717170984	4039.484491485635	2.7299315708590173e-08
794.7004757379742	1	1	1	1	0	0	794.7004757379742	54.0	0	0.04586725474214199	0.7863948576944705	1.0783848865864047	7113.727063404686	0.0	1931.252831248084	2471.787392639801	2710.686839516802	1.624326410450554	4403.040223887884	3.033581746970669e-08
812.7989892447298	1	1	1	1	0	0	812.7989892447298	55.0	0	0.049861812824596785	0.7865809371029558	1.0834997785255018	7777.217937178391	0.0	2099.4447505093394	2696.043284988141	2981.729901680912	1.6082905540149983	4795.48803549748	3.252668350790668e-08
831.0074187226242	1	1	1	1	0	0	831.0074187226242	56.0	0	0.054235600332580264	0.7886121659164695	1.084110118492057	8498.034603758337	0.0	2283.6042245296962	2941.5892503486157	3272.8411288800244	1.5965313527657812	5225.1934748783115	3.5054976620915746e-08
849.3245615714155	1	1	1	1	0	0	849.3245615714155	57.0	0	0.05881799781338009	0.7895505466080665	1.0805240661763305	9295.368859086922	0.0	2476.5472763528464	3198.8466527794835	3576.6760431471985	1.586778858545551	5675.39392913233	4.039098347087571e-08
867.7491829767432	1	1	1	1	0	0	867.7491829767432	58.0	0	0.063385227900413	0.7944685488375073	1.073621931118934	10192.210409834808	0.0	2668.851701070021	3455.2525524023827	3883.0317896983897	1.5771450209909526	6124.104253472404	4.432833693484391e-08
886.2800162760308	1	1	1	1	0	0	886.2800162760308	59.0	0	0.06790433801580913	0.7920691811821485	1.0792392231694845	11182.077676860048	0.0	2859.1300217182784	3708.956979933393	4191.6390307286765	1.5669495759299372	6568.087001651671	4.812661116348855e-08
