11.247441493196291	1	1	1	1	0	0	11.247441493196291	1.0	0	0.0			100.0	0.0	0.0	0.0	0.0		0.0	0.0
11.367595075476835	1	1	1	1	0	0	11.367595075476835	1.0	0	0.0			100.0	0.0	0.0	0.0	0.0		0.0	0.0
22.856168219862568	1	1	1	1	0	0	22.856168219862568	2.0	0	0.0			97.01833494434999	0.0	0.0	0.0	4.857218463183318	0.0	0.0	0.0
34.4665080713728	1	1	1	1	0	0	34.4665080713728	3.0	0	0.00011257771665567784			88.55707761080875	0.0	4.740114385502225	3.1600762570014824	14.662576565111165	0.5387996173402292	7.900190642503707	0.0
46.1993671861199	1	1	1	1	0	0	46.1993671861199	4.0	0	0.00033581469321961526	0.5129691584272882	0.7813192821362352	75.97415772934201	0.0	14.139566030299589	9.426377353533061	29.505835329103736	0.7986875518344624	23.56594338383265	6.4253529053086666e-12
58.05546181511435	1	1	1	1	0	0	58.05546181511435	5.0	0	0.0004776307281429015	0.5850249666480555	1.0046183833772495	71.56176838694701	0.0	20.110767500753745	13.407178333835834	38.04382255235743	0.8810351743298361	33.517945834589575	2.0636295537967028e-11
70.03547169202406	1	1	1	1	0	0	70.03547169202406	6.0	0	0.0005090478322065379	0.7126632489904062	0.9958812222945219	75.5742257336893	0.0	21.43359293501213	14.289061956674757	39.85157084200243	0.896392642420916	35.722654891686894	3.103175617725868e-11
82.14003983175478	1	1	1	1	0	0	82.14003983175478	7.0	0	0.0005441807603579798	0.7876112874021927	1.0386212209914607	80.01986590128081	0.0	22.91287412033599	15.27524941355733	41.83174236738751	0.9128982292562886	38.18812353389332	3.3970751235656694e-11
94.36977233991071	1	1	1	1	0	0	94.36977233991071	8.0	0	0.0005805009290419722	0.6910343657380149	1.0713025432300078	84.6012360076014	0.0	24.442144380714623	16.294762920476416	43.86432870641036	0.9287023990233259	40.73690730119104	3.5058782052239765e-11
106.72523823319248	1	1	1	1	0	0	106.72523823319248	9.0	0	0.0006208047201974702	0.7269396404917958	1.1364934922361896	89.59874986565815	0.0	26.13914611357769	17.51599225109076	45.943611500989675	0.9501895244723648	43.65513836466847	4.114805975048822e-11
119.20696927078512	1	1	1	1	0	0	119.20696927078512	10.0	0	0.000664949667053999	0.7498074893629925	1.1590669371343454	95.02389475487482	0.0	27.997880718063122	18.918391114406248	48.10762292240543	0.9752357107342916	46.91627183246937	4.452118378776064e-11
131.81545979678634	1	1	1	1	0	0	131.81545979678634	11.0	0	0.0007121911856000227	0.7428661529136272	1.1506197217318772	100.8061443947843	0.0	29.986997288422014	20.468474189059247	50.35067291730304	1.0020813735766816	50.455471477481254	4.7669802015976e-11
144.55116659372186	1	1	1	1	0	0	144.55116659372186	12.0	0	0.000765235735352688	0.8080299693877648	1.126113426207249	107.29350409895008	0.0	32.220452014850025	22.25060006674744	52.82245201735261	1.031210214620542	54.47105208159746	7.215794944301715e-11
157.41450874719058	1	1	1	1	0	0	157.41450874719058	13.0	0	0.0008236595276474724	0.8583430470206013	1.2315518948227868	114.44999367736924	0.0	34.68040116410411	24.24941789250845	55.520174620756684	1.0614127109496003	58.92981905661256	7.892587906687521e-11
170.4058675216809	1	1	1	1	0	0	170.4058675216809	14.0	0	0.0008864280930221418	0.8434648383095709	1.1657973866432805	122.1651757219123	0.0	37.32328812724808	26.428228483332	58.413659111332244	1.0913802966712678	63.75151661058008	8.584515977584773e-11
183.52558624759342	1	1	1	1	0	0	183.52558624759342	15.0	0	0.0009542567213798363	0.8044419323318893	1.1385182529547335	130.47216625547168	0.0	40.179230373887854	28.870820214099034	61.42211566748482	1.1241887362167189	69.05005058798687	1.1665829576732333e-10
196.77397021950497	1	1	1	1	0	0	196.77397021950497	16.0	0	0.0010301380740209444	0.9039886029350208	1.1066962732058925	139.7580462067651	0.0	43.37423469561872	31.680935215700412	64.70287629544598	1.15999742528605	75.05516991131913	1.156932192480468e-10
210.1512866057031	1	1	1	1	0	0	210.1512866057031	17.0	0	0.0011113025145159678	0.8500016379263958	1.183581045445006	149.70440798189532	0.0	46.79168482172495	34.75421275709148	68.15851040307888	1.1964154893727377	81.54589757881644	1.3599692023084915e-10
223.65776436901845	1	1	1	1	0	0	223.65776436901845	18.0	0	0.001200785933796634	0.8898794140820295	1.1696816636951337	160.70562184232654	0.0	50.55940773880564	38.20487733259921	71.9413367709217	1.2338425869684828	88.76428507140486	1.7757948876001245e-10
237.29359419897813	1	1	1	1	0	0	237.29359419897813	19.0	0	0.0012968222551245588	0.8508387721939854	1.140340458446529	172.56950871887244	0.0	54.60304232103405	41.965815451396345	76.00065094644208	1.2706319823560828	96.5688577724304	1.8664923870501287e-10
251.0589284553002	1	1	1	1	0	0	251.0589284553002	20.0	0	0.0014029107741134507	0.871599984278527	1.1231122583316857	185.67327994329548	0.0	59.06992733109264	46.22989320209261	80.37345941011023	1.310131743812181	105.29982053318524	2.216530182629773e-10
264.95388112274634	1	1	1	1	0	0	264.95388112274634	21.0	0	0.0015190803555124046	0.8884675168528438	1.1556328159721867	200.05081969492332	0.0	63.961278126838074	51.000032174836576	85.08950939324862	1.3510632641019336	114.96131030167463	2.659752600953761e-10
278.9785277773454	1	1	1	1	0	0	278.9785277773454	22.0	0	0.0016457438350284679	0.8908518013942589	1.152564057239259	215.7875371695045	0.0	69.29447726435653	56.296203165739314	90.19685673940864	1.3924063982955075	125.59068043009586	2.91966961040691e-10
293.1329055639992	1	1	1	1	0	0	293.1329055639992	23.0	0	0.001784831396538204	0.8920777584463461	1.1085398692174655	233.1640634432851	0.0	75.15079564371385	62.20454820355982	95.80871959601143	1.433641368201646	137.3553438472737	3.627083509020268e-10
307.41701318547484	1	1	1	1	0	0	307.41701318547484	24.0	0	0.0019319914570264207	0.8556985951425715	1.154000862669095	251.68203521895518	0.0	81.34700871690194	68.54492971333136	101.79009678872197	1.4725591502418227	149.8919384302333	3.8162700220823695e-10
321.83081090278995	1	1	1	1	0	0	321.83081090278995	25.0	0	0.002096118315906164	0.8703884668411405	1.1408965812715617	272.40006819433484	0.0	88.25761330131216	75.76056610979235	108.38188878323031	1.5133356804581053	164.01817941110454	4.5796939281274304e-10
336.3742205469876	1	1	1	1	0	0	336.3742205469876	26.0	0	0.002275225482280074	0.8378174595248165	1.132320515113502	295.1269497057784	0.0	95.79896767495045	83.77565893029052	115.55232310053742	1.554054663608973	179.57462660524098	5.575889597188525e-10
351.0471255422998	1	1	1	1	0	0	351.0471255422998	27.0	0	0.002471170587595953	0.8447081198980251	1.1191568399225706	320.169584161763	0.0	104.04928789877695	92.68597771081986	123.43431855216619	1.593845762809084	196.73526560959684	6.721185222009872e-10
365.84937094069124	1	1	1	1	0	0	365.84937094069124	28.0	0	0.0026823049259352034	0.8580253894845965	1.1123519034099352	347.40253400269813	0.0	112.93915477621908	102.4312162146955	132.0321630117835	1.6311962636838218	215.37037099091452	7.314847106908183e-10
380.78076346777357	1	1	1	1	0	0	380.78076346777357	29.0	0	0.002914353481083336	0.8779616016603589	1.1437612163908428	377.6734735067846	0.0	122.70962025614044	113.29543902627334	141.6684142243708	1.6658975155085385	236.00505928241384	7.999716783173845e-10
395.84107158007737	1	1	1	1	0	0	395.84107158007737	30.0	0	0.003165347090381825	0.8619859881442871	1.1252309437020416	410.6670222789113	0.0	133.27777222660316	125.26257993660522	152.12667011570292	1.699507075035367	258.5403521632084	9.560270079377516e-10
411.03002553366304	1	1	1	1	0	0	411.03002553366304	31.0	0	0.003437482264748181	0.8397118853927851	1.1344423589018031	446.80678830824274	0.0	144.73609535781813	138.4630396745417	163.60765327588283	1.7309650823902245	283.19913503235983	1.0488920165421497e-09
426.3473174640513	1	1	1	1	0	0	426.3473174640513	32.0	0	0.003729883534811168	0.8054614949043344	1.1195014746238379	486.1441424068473	0.0	157.04772778152284	152.8868050857803	176.20960953954426	1.7588968823958997	309.9345328673031	1.2914580470067824e-09
441.79260147745117	1	1	1	1	0	0	441.79260147745117	33.0	0	0.00404694665362271	0.8384387328166489	1.1193964964504812	529.4876756882171	0.0	170.39775383674566	168.7937407704051	190.29618108106646	1.7824398402543586	339.1914946071508	1.3687238727893346e-09
457.365493753255	1	1	1	1	0	0	457.365493753255	34.0	0	0.004382297422079835	0.8217717265701784	1.1195120010260289	576.2360601051518	0.0	184.51778619283516	185.9159034893416	205.8023704229751	1.7999486056494067	370.4336896821767	1.5066363300012055e-09
473.0655726577729	1	1	1	1	0	0	473.0655726577729	35.0	0	0.00475005380387126	0.8328392919015122	1.1245240587461196	628.3383694748746	0.0	200.0022654261583	205.08519605904098	223.25090798967537	1.814494127405445	405.0874614851993	1.8363112681698707e-09
488.8923788691719	1	1	1	1	0	0	488.8923788691719	36.0	0	0.005145079773719502	0.8515502086185148	1.123234533086073	685.4693881932113	0.0	216.63493784082112	226.12432040468812	242.71012994770228	1.8242306505332608	442.75925824550916	2.0041572958533223e-09
504.8454155135833	1	1	1	1	0	0	504.8454155135833	37.0	0	0.005559663613395905	0.8279698853797437	1.1230362162695549	747.0016643424887	0.0	234.09109951140653	248.72465721803815	264.1859076130441	1.827560603408983	482.81575672944473	2.2473351716964217e-09
520.9241483123367	1	1	1	1	0	0	520.9241483123367	38.0	0	0.005997473385396239	0.8456665838463167	1.1356051894226098	814.1258516531177	0.0	252.52519517457853	273.2208567511616	288.37979972737764	1.8231029095060012	525.7460519257402	2.444823481186277e-09
537.1280057402779	1	1	1	1	0	0	537.1280057402779	39.0	0	0.0064679052903801795	0.8264368046717102	1.1253417213321322	886.3707589601684	0.0	272.33285433179697	299.63106896078625	314.40683566758497	1.81918412199316	571.9639232925832	2.8999449079603823e-09
553.4563791951257	1	1	1	1	0	0	553.4563791951257	40.0	0	0.006974287010493876	0.8207075275520069	1.119290073167431	964.3157224393607	0.0	293.6541899155316	328.05951640576575	342.6020161180632	1.8146819839701418	621.7137063212974	3.0949884293079527e-09
569.9086231778117	1	1	1	1	0	0	569.9086231778117	41.0	0	0.007518639959007088	0.811002549987574	1.1071664183981131	1048.6624122294754	0.0	316.5743140634563	358.6196819363321	373.46841622968697	1.8079011950090496	675.1939959997883	3.481897412181881e-09
586.4840554837581	1	1	1	1	0	0	586.4840554837581	42.0	0	0.008112671187086567	0.8435959926564774	1.1321293933701937	1141.7470710092034	0.0	341.5861552457502	391.9688035127239	408.1921122507292	1.7970826401169966	733.5549587584741	3.961085892768789e-09
603.1819574050269	1	1	1	1	0	0	603.1819574050269	43.0	0	0.008737947348725518	0.8091337521721995	1.132844359252699	1240.7566524588597	0.0	367.9135725779165	427.072026622279	445.77105325866404	1.7833943980631142	794.9855992001956	4.1482459450928155e-09
620.0015739432909	1	1	1	1	0	0	620.0015739432909	44.0	0	0.009418088239707679	0.8143885375743513	1.1319619513245744	1348.330165465578	0.0	396.5510837771655	465.255374887944	486.52370680046835	1.7713555303042017	861.8064586651095	4.896716625125718e-09
636.9421140335545	1	1	1	1	0	0	636.9421140335545	45.0	0	0.010141706848110143	0.8128111466706075	1.1207406073978503	1463.2104228286726	0.0	427.01923570990084	505.87957746492464	530.311609653847	1.7591521592064736	932.8988131748256	5.361786618020963e-09
654.0027507785644	1	1	1	1	0	0	654.0027507785644	46.0	0	0.010907127354153074	0.7997635929967842	1.1080079247109922	1585.802338022822	0.0	459.24746754328737	548.8505532427735	577.7043172367614	1.74500690181429	1008.0980207860608	5.739055484633375e-09
671.1826216938364	1	1	1	1	0	0	671.1826216938364	47.0	0	0.011731238926769728	0.8150605716026547	1.111846631232103	1719.6341377439041	0.0	493.94690217977796	595.1164660914276	630.5707694726983	1.7271072827906568	1089.0633682712055	6.4848635314120235e-09
688.4808289632283	1	1	1	1	0	0	688.4808289632283	48.0	0	0.012607309403321451	0.7906490026950658	1.115063966629844	1861.3472702696758	0.0	530.8340801398505	644.299370038191	686.2138200916347	1.7124887546291594	1175.1334501780416	6.696247094899526e-09
705.8964397049822	1	1	1	1	0	0	705.8964397049822	49.0	0	0.013556694492652262	0.7943048903663453	1.1042235091999468	2015.1613507507584	0.0	570.8081891643058	697.5981820707981	746.754979515655	1.6985576340686628	1268.4063712351035	7.683811835738405e-09
723.4284862481575	1	1	1	1	0	0	723.4284862481575	50.0	0	0.014564369757773138	0.78687123500597	1.1023559207312004	2179.58631644068	0.0	613.2366213799213	754.1694250249523	812.1802700358063	1.6836238170924656	1367.4060464048735	8.38714548152131e-09
741.0759664193733	1	1	1	1	0	0	741.0759664193733	51.0	0	0.01564273747014153	0.8009059590970304	1.1140651265094552	2357.386328958767	0.0	658.6415776901695	814.7093667719498	884.0353844966478	1.6666198777790056	1473.350944462119	9.013512398671044e-09
758.8378438397727	1	1	1	1	0	0	758.8378438397727	52.0	0	0.01680614159504681	0.8074463030709209	1.1030335905289648	2548.0242315451464	0.0	707.6270145282866	880.0232825561058	960.373934460754	1.6531584626730331	1587.6502970843924	1.0080449633652802e-08
776.7130482321257	1	1	1	1	0	0	776.7130482321257	53.0	0	0.01804936686535471	0.7912920019218838	1.1014095177166707	2751.693268985624	0.0	759.9733416991455	949.8183854505844	1041.9015418358936	1.6410300383440968	1709.7917271497301	1.1005708012035083e-08
794.7004757379742	1	1	1	1	0	0	794.7004757379742	54.0	0	0.019371081475411545	0.7912602637286126	1.1021284976895065	2969.4557261144832	0.0	815.6244831752227	1024.0199074186874	1129.8113355205726	1.6282757419372804	1839.6443905939102	1.1806904567236288e-08
812.7989892447298	1	1	1	1	0	0	812.7989892447298	55.0	0	0.02078390195305677	0.7991701680499409	1.0966746369656908	3204.123359892422	0.0	875.1116611813375	1103.3361447601737	1225.6755539509109	1.614169263280215	1978.4478059415112	1.2677274230795486e-08
831.0074187226242	1	1	1	1	0	0	831.0074187226242	56.0	0	0.022313053647328985	0.8030417480601458	1.1028413118931488	3456.133322641747	0.0	939.4969956770101	1189.1832574210705	1327.453069543667	1.6035823050451403	2128.6802530980804	1.4236395524674779e-08
849.3245615714155	1	1	1	1	0	0	849.3245615714155	57.0	0	0.02393578294026472	0.7954746014995658	1.1058955442120144	3723.154087543912	0.0	1007.8224395900933	1280.2838493051813	1435.047798648638	1.5944460463616252	2288.106288895275	1.5615565583406637e-08
867.7491829767432	1	1	1	1	0	0	867.7491829767432	58.0	0	0.025665414248249387	0.7846989971973191	1.0955967533179471	4009.1011256662982	0.0	1080.6490209789217	1377.385957823619	1551.0661468637586	1.5847389769757176	2458.0349788025405	1.6716285427751506e-08
886.2800162760308	1	1	1	1	0	0	886.2800162760308	59.0	0	0.027507780286847056	0.7940746516109441	1.0992845225835135	4315.91954825451	0.0	1158.2223278672445	1480.8170336747162	1676.8801867125494	1.5737793209398474	2639.039361541961	1.7954810413335905e-08
