11.247441493196291	1	1	1	1	0	0	11.247441493196291	1.0	0	0.0			100.0	0.0	0.0	0.0	0.0		0.0	0.0
11.367595075476835	1	1	1	1	0	0	11.367595075476835	1.0	0	0.0			100.0	0.0	0.0	0.0	0.0		0.0	0.0
22.856168219862568	1	1	1	1	0	0	22.856168219862568	2.0	0	0.0			97.01833494434999	0.0	0.0	0.0	4.857218463183318	0.0	0.0	0.0
34.4665080713728	1	1	1	1	0	0	34.4665080713728	3.0	0	0.00011257771665567784			88.55707761080875	0.0	4.740114385502225	3.1600762570014824	14.662576565111165	0.5387996173402292	7.900190642503707	0.0
46.1993671861199	1	1	1	1	0	0	46.1993671861199	4.0	0	0.00033581469321961526	0.4906594165221529	0.8069660335099386	76.40338812224465	0.0	14.139566030299589	9.426377353533061	29.505835329103736	0.7986875518344624	23.56594338383265	8.349643111363738e-12
58.05546181511435	1	1	1	1	0	0	58.05546181511435	5.0	0	0.0004901092516593803	0.6121265308308701	1.0692256078351	73.18871960647165	0.0	20.63617901723707	13.757452678158044	38.79508791107654	0.8865460435153504	34.393631695395115	2.911335127910895e-11
70.03547169202406	1	1	1	1	0	0	70.03547169202406	6.0	0	0.0005319291114072548	0.5495395353658554	1.015967090913673	78.52977214731712	0.0	22.397015217147576	14.931343478098386	41.20141345207116	0.9059970415497844	37.32835869524596	3.95980757604126e-11
82.14003983175478	1	1	1	1	0	0	82.14003983175478	7.0	0	0.0005845397333368964	0.6482929367534848	1.1086974749784626	85.18699960880862	0.0	24.612199298395648	16.4081328655971	44.166667444815864	0.9287622213119358	41.02033216399275	4.81894621911311e-11
94.36977233991071	1	1	1	1	0	0	94.36977233991071	8.0	0	0.000647402405119906	0.7135392980250872	1.0868048204598817	93.11640015250849	0.0	27.259048636627625	18.17269909108508	47.68465242479578	0.95275409209208	45.431747727712704	5.654761405589066e-11
106.72523823319248	1	1	1	1	0	0	106.72523823319248	9.0	0	0.0007249599890546821	0.8141890636980764	1.0793266233591852	102.73323989386292	0.0	30.52463111809188	20.522740950604085	51.68586782516694	0.9876466085733387	51.047372068695964	7.116447502617041e-11
119.20696927078512	1	1	1	1	0	0	119.20696927078512	10.0	0	0.0008117560971017928	0.8074335352250035	1.1820079701933068	113.39995251911644	0.0	34.179204088496554	23.280084020040235	55.94066441057964	1.027147044354195	57.459288108536775	7.931012718182531e-11
131.81545979678634	1	1	1	1	0	0	131.81545979678634	11.0	0	0.0009086999534418207	0.7836017578898059	1.1160334192443468	125.2656502288008	0.0	38.26105067123457	26.46099427714537	60.543605280420856	1.0690153757544787	64.72204494837996	1.0984590195218833e-10
144.55116659372186	1	1	1	1	0	0	144.55116659372186	12.0	0	0.001021841220447313	0.8282035519482943	1.182505910950608	139.10285122064843	0.0	43.02489349251845	30.262176127214452	65.81578160091553	1.113518184196622	73.2870696197329	1.36647415926546e-10
157.41450874719058	1	1	1	1	0	0	157.41450874719058	13.0	0	0.0011490641747415212	0.8243519743896093	1.1411073296612455	154.68673769532828	0.0	48.381649462800894	34.614778019371016	71.69031021315638	1.1577077464918077	82.99642748217191	1.5272533475318401e-10
170.4058675216809	1	1	1	1	0	0	170.4058675216809	14.0	0	0.0012950903806757262	0.8540246352883354	1.1734551175359476	172.63551118300438	0.0	54.53012129160953	39.68361211057717	78.42177778081765	1.2013720686810525	94.2137334021867	1.9065382654148668e-10
183.52558624759342	1	1	1	1	0	0	183.52558624759342	15.0	0	0.0014604858554842885	0.8230705280260828	1.115315225001371	192.89153989528813	0.0	61.49414128354898	45.639705118137634	85.75769349360151	1.2492622182017992	107.1338464016866	2.502100656508645e-10
196.77397021950497	1	1	1	1	0	0	196.77397021950497	16.0	0	0.0016477657973102214	0.825090919429093	1.1365263584176355	215.8096745430185	0.0	69.3796125183251	52.57524534912425	93.85481667556914	1.299399031261384	121.95485786744936	2.7685855515336134e-10
210.1512866057031	1	1	1	1	0	0	210.1512866057031	17.0	0	0.0018629665223991376	0.8636511982337035	1.1446394305562129	242.1816208405593	0.0	78.44069567996368	60.723783690214546	103.01714147038106	1.350886632883228	139.16447937017824	3.765197330136748e-10
223.65776436901845	1	1	1	1	0	0	223.65776436901845	18.0	0	0.0021087209090585477	0.8762695353588966	1.119891049721734	272.3950010009597	0.0	88.78824880246515	70.20057797387328	113.40617422462128	1.401941542101866	158.98882677633844	4.3112172911771454e-10
237.29359419897813	1	1	1	1	0	0	237.29359419897813	19.0	0	0.002389834132861961	0.9129412151674808	1.1677290003540668	307.1224399593601	0.0	100.62459506787205	81.20942779737007	125.28841709411805	1.4513234908909924	181.83402286524208	4.853827238412824e-10
251.0589284553002	1	1	1	1	0	0	251.0589284553002	20.0	0	0.002704786299812269	0.8485283365956378	1.1487741644924254	346.024492525343	0.0	113.88573893946398	93.8684840310329	138.2702695548461	1.502522730586631	207.75422297049687	6.025791642882062e-10
264.95388112274634	1	1	1	1	0	0	264.95388112274634	21.0	0	0.0030673813188775824	0.8744317779338004	1.1487563170232404	390.9004767337249	0.0	129.15289763695083	108.75730958190016	152.99026951487386	1.5550675737303743	237.91020721885099	7.39048654048262e-10
278.9785277773454	1	1	1	1	0	0	278.9785277773454	22.0	0	0.003478270799971869	0.8546475601425624	1.1285330471554706	441.9495376150662	0.0	146.4535073672366	125.93780200602198	169.55822824180763	1.6064765018940883	272.3913093732586	9.933746268493224e-10
293.1329055639992	1	1	1	1	0	0	293.1329055639992	23.0	0	0.003945428295557373	0.8578366989469962	1.160632486496501	500.3125889758224	0.0	166.1232966550473	145.78233476627213	188.4069575545029	1.6554889239219859	311.9056314213194	1.1061135428517875e-09
307.41701318547484	1	1	1	1	0	0	307.41701318547484	24.0	0	0.004479479981178282	0.8687289116334329	1.0984074497520546	567.515293352727	0.0	188.60968341803292	168.7919164526309	210.11369348206313	1.7009914677511215	357.40159987066386	1.2960307762203124e-09
321.83081090278995	1	1	1	1	0	0	321.83081090278995	25.0	0	0.005082201356156365	0.8533811909699557	1.1115909259070842	643.5979126570518	0.0	213.98742552237331	195.28982374154972	234.32066339312854	1.7466545345907598	409.2772492639231	1.5967636087754908e-09
336.3742205469876	1	1	1	1	0	0	336.3742205469876	26.0	0	0.0057658689884503575	0.8295953152983162	1.135730264574717	730.3483961073778	0.0	242.77343109264663	225.88413016794385	261.69083484678737	1.790882594474416	468.6575612605905	2.0760874262121612e-09
351.0471255422998	1	1	1	1	0	0	351.0471255422998	27.0	0	0.006542149871452265	0.8529158797548304	1.1188161589866643	829.5604604089931	0.0	275.4589419558849	261.1843746911596	292.9171437619485	1.8320652378174567	536.6433166470446	2.32656510947395e-09
365.84937094069124	1	1	1	1	0	0	365.84937094069124	28.0	0	0.00742974338638689	0.8610170458916218	1.1318760689975171	944.045815380076	0.0	312.83130047944803	302.1526537762636	329.0618611243644	1.8689007354252056	614.9839542557115	2.8345081455766978e-09
380.78076346777357	1	1	1	1	0	0	380.78076346777357	29.0	0	0.008424359495088659	0.8460155549404235	1.1040142834475757	1073.794367518577	0.0	354.7098734774173	348.7193346591615	370.3651593819983	1.8992855842875196	703.4292081365787	3.1081565597543428e-09
395.84107158007737	1	1	1	1	0	0	395.84107158007737	30.0	0	0.00954828788231387	0.8530059962330179	1.1162281793574953	1221.536719062648	0.0	402.03317399216303	402.307190623457	417.19635444702806	1.92796594707001	804.3403646156199	3.770289351871949e-09
411.03002553366304	1	1	1	1	0	0	411.03002553366304	31.0	0	0.010815949136204686	0.8537714001775387	1.1217236988877701	1389.8831345039255	0.0	455.40838468230254	463.79762963888686	470.6771201827359	1.9529439076288997	919.2060143211894	4.598842814154562e-09
426.3473174640513	1	1	1	1	0	0	426.3473174640513	32.0	0	0.012223415150479556	0.8412627836109736	1.1122194848849791	1579.2324795780962	0.0	514.6701115991391	533.2260545216469	531.3363134573101	1.9721900039210825	1047.896166120786	5.09657867810316e-09
441.79260147745117	1	1	1	1	0	0	441.79260147745117	33.0	0	0.013799427535728713	0.8430110952894534	1.1117273971258257	1794.6783678540532	0.0	581.0285278201561	612.2939945087995	601.3558455250976	1.9843866675760984	1193.3225223289555	5.806716961959678e-09
457.365493753255	1	1	1	1	0	0	457.365493753255	34.0	0	0.015534265236408763	0.8202933310440442	1.0899196483162812	2036.5172641998377	0.0	654.074325743527	700.8704231201067	681.5725153362043	1.9879685849645357	1354.9447488636335	6.6167332761478615e-09
473.0655726577729	1	1	1	1	0	0	473.0655726577729	35.0	0	0.017469362135946458	0.8224743939717338	1.1037906980284657	2310.674348378697	0.0	735.5520899345877	801.7373025397396	773.3849559043697	1.9877415260511169	1537.2893924743273	8.228668133022665e-09
488.8923788691719	1	1	1	1	0	0	488.8923788691719	36.0	0	0.019582717492922785	0.8118018929550324	1.0935616231652248	2616.320441733765	0.0	824.5354733862222	914.2948292234814	877.4901391240611	1.981595262535326	1738.8303026097033	9.419177321636003e-09
504.8454155135833	1	1	1	1	0	0	504.8454155135833	37.0	0	0.021893250821882624	0.8013094256046329	1.0985078100083818	2959.2483642515267	0.0	921.8210872371628	1040.2496457298892	997.1776312844744	1.9676240936528924	1962.070732967052	1.1130900721059825e-08
520.9241483123367	1	1	1	1	0	0	520.9241483123367	38.0	0	0.024389470612908647	0.7998394592572868	1.1015559597834614	3341.964181798883	0.0	1026.9250784382589	1179.9173781336744	1135.1217252269494	1.944146083655223	2206.8424565719333	1.1713766518448e-08
537.1280057402779	1	1	1	1	0	0	537.1280057402779	39.0	0	0.027174082858529867	0.8055342507144609	1.0879888039298544	3769.601107440333	0.0	1144.1719098328365	1336.246486659778	1289.182710947719	1.9240239381345567	2480.418396492614	1.3492744093845647e-08
553.4563791951257	1	1	1	1	0	0	553.4563791951257	40.0	0	0.03027125483210504	0.8036390015349096	1.080771465773964	4246.334265017371	0.0	1274.5791508254754	1510.1228079832968	1461.6323062085996	1.905200060904612	2784.7019588087724	1.5987292532277208e-08
569.9086231778117	1	1	1	1	0	0	569.9086231778117	41.0	0	0.033695386322492214	0.8024602335981422	1.0833391926020852	4776.8984098595865	0.0	1418.753108315461	1702.354751303278	1655.7905502408466	1.8849653775139328	3121.1078596187394	1.7723939193653292e-08
586.4840554837581	1	1	1	1	0	0	586.4840554837581	42.0	0	0.03747880553359731	0.8025984732057302	1.0813233452986315	5369.759979486134	0.0	1578.0549698356765	1914.7572333302317	1876.9477763202265	1.8609000459318048	3492.812203165908	2.0355870144750978e-08
603.1819574050269	1	1	1	1	0	0	603.1819574050269	43.0	0	0.0415664408265657	0.8015089389052242	1.0891202928543493	6036.213425832021	0.0	1750.1659295396084	2144.238512935474	2122.6136356003512	1.8347212969700937	3894.404442475082	2.2673626158487896e-08
620.0015739432909	1	1	1	1	0	0	620.0015739432909	44.0	0	0.045754610026814864	0.8132226803683082	1.0863507689423646	6803.734216320346	0.0	1926.509895865889	2379.3638013705145	2373.560183080742	1.8140992286311577	4305.873697236403	2.5891799237658546e-08
636.9421140335545	1	1	1	1	0	0	636.9421140335545	45.0	0	0.04998666284802072	0.808329209840858	1.0793966048499264	7676.639378206303	0.0	2104.701593600873	2616.952731683827	2629.6518806318104	1.7955434938217971	4721.654325284701	3.1147172937953917e-08
654.0027507785644	1	1	1	1	0	0	654.0027507785644	46.0	0	0.05420345607152387	0.8089870574840624	1.0882223708397272	8653.828895697632	0.0	2282.2507819589	2853.6849828278628	2890.7439817727363	1.7766830259513926	5135.935764786762	3.3820841509190185e-08
671.1826216938364	1	1	1	1	0	0	671.1826216938364	47.0	0	0.05834905218184931	0.8113690144123079	1.0870520421778391	9741.230535009818	0.0	2456.802197130497	3086.420203056659	3156.682437241984	1.7560278901637978	5543.2224001871555	3.821753510140637e-08
688.4808289632283	1	1	1	1	0	0	688.4808289632283	48.0	0	0.06260984292517204	0.8156944361329302	1.0816839768059523	10927.638496171288	0.0	2636.2039126388213	3325.622490401092	3427.3038100116496	1.7395091691680664	5961.826403039913	3.97877487357942e-08
705.8964397049822	1	1	1	1	0	0	705.8964397049822	49.0	0	0.06692435625435822	0.8135060771095022	1.09130424872789	12218.443922161841	0.0	2817.8676317624518	3567.8407825659333	3702.435200039524	1.7247319856564178	6385.708414328385	4.652817346084211e-08
723.4284862481575	1	1	1	1	0	0	723.4284862481575	50.0	0	0.07122856183784021	0.8045510932696247	1.0881249610626884	13609.88754217184	0.0	2999.0973405406403	3809.4803942701838	3981.894179043029	1.7098841477618407	6808.577734810824	4.941637830679007e-08
741.0759664193733	1	1	1	1	0	0	741.0759664193733	51.0	0	0.0754846153624292	0.81454711649341	1.085911159280485	15118.460559769164	0.0	3178.299594207545	4048.416732492723	4265.488735568784	1.6942293778526691	7226.716326700269	5.2797317021382994e-08
758.8378438397727	1	1	1	1	0	0	758.8378438397727	52.0	0	0.07986656704121113	0.8072427893506415	1.0859796603756748	16724.460057804874	0.0	3362.8028227878367	4294.421037266446	4553.017230620519	1.68179110075775	7657.223860054282	5.855371991514486e-08
776.7130482321257	1	1	1	1	0	0	776.7130482321257	53.0	0	0.08430789410575887	0.8155369353077829	1.0866212355167484	18440.096882355087	0.0	3549.8060676109008	4543.75869703053	4844.268364096396	1.6707507008958056	8093.564764641431	6.382537081377065e-08
794.7004757379742	1	1	1	1	0	0	794.7004757379742	54.0	0	0.08873947163723891	0.8112822696606194	1.0867849262118474	20261.08193774036	0.0	3736.398805778481	4792.549014587304	5139.021152274562	1.6596444279258942	8528.947820365785	6.795589943346016e-08
812.7989892447298	1	1	1	1	0	0	812.7989892447298	55.0	0	0.09313166388498006	0.8067800009208729	1.0818483142415911	22190.125503071366	0.0	3921.3332162096867	5039.12822849558	5437.044916572822	1.6480388854969013	8960.461444705266	7.186737039653372e-08
831.0074187226242	1	1	1	1	0	0	831.0074187226242	56.0	0	0.09765484165194202	0.8061680727313291	1.0816796870917815	24216.6629602842	0.0	4111.782806397559	5293.061015412741	5738.099283794959	1.6390172697727006	9404.8438218103	7.747469301194217e-08
849.3245615714155	1	1	1	1	0	0	849.3245615714155	57.0	0	0.10223723913274184	0.8038630464345791	1.0800532226581068	26350.82908207021	0.0	4304.7258582207105	5550.3184178436095	6041.934198062133	1.6311075150777363	9855.04427606432	8.606501398829265e-08
867.7491829767432	1	1	1	1	0	0	867.7491829767432	58.0	0	0.10680446921977477	0.8063051670591915	1.0854258911759398	28597.105023522392	0.0	4497.030282937885	5806.72431746651	6348.289944613322	1.6230756141104388	10303.754600404394	8.922834862647849e-08
886.2800162760308	1	1	1	1	0	0	886.2800162760308	59.0	0	0.11132357933517087	0.7994602958219363	1.0763296015302308	30950.045704139022	0.0	4687.3086035861415	6060.42874499752	6656.897185643608	1.6145265652836631	10747.737348583662	9.29589851412592e-08
