11.247441493196291	1	1	1	1	0	0	11.247441493196291	1.0	0	0.0			100.0	0.0	0.0	0.0	0.0		0.0	0.0
11.367595075476835	1	1	1	1	0	0	11.367595075476835	1.0	0	0.0			100.0	0.0	0.0	0.0	0.0		0.0	0.0
22.856168219862568	1	1	1	1	0	0	22.856168219862568	2.0	0	0.0			97.01833494434999	0.0	0.0	0.0	4.857218463183318	0.0	0.0	0.0
34.4665080713728	1	1	1	1	0	0	34.4665080713728	3.0	0	0.00011257771665567784			88.55707761080875	0.0	4.740114385502225	3.1600762570014824	14.662576565111165	0.5387996173402292	7.900190642503707	0.0
46.1993671861199	1	1	1	1	0	0	46.1993671861199	4.0	0	0.00033581469321961526	0.5414437700881621	0.8668814755331502	75.17961658288442	0.0	14.139566030299589	9.426377353533061	29.505835329103736	0.7986875518344624	23.56594338383265	2.8901659347114765e-12
58.05546181511435	1	1	1	1	0	0	58.05546181511435	5.0	0	0.00045915012105363616	0.5991900172757783	0.9970276351130244	69.15226487463399	0.0	19.332636675942574	12.888424450628385	36.931203748063034	0.8724617087050918	32.22106112657096	8.870124600893153e-12
70.03547169202406	1	1	1	1	0	0	70.03547169202406	6.0	0	0.0004671514816354162	0.567433073569508	1.0491789529263549	70.17416421918425	0.0	19.669536068859628	13.11302404590642	37.3916041044182	0.8767358582215107	32.78256011476605	1.1975607600630356e-11
82.14003983175478	1	1	1	1	0	0	82.14003983175478	7.0	0	0.00047621178823571486	0.6968917569761656	1.079989374079067	71.32063464087409	0.0	20.051022662556413	13.36734844170428	37.9022635366134	0.8816985579760618	33.4183711042607	1.2792332934465961e-11
94.36977233991071	1	1	1	1	0	0	94.36977233991071	8.0	0	0.0004855750356623374	0.7019109068276659	1.1465664753474107	72.50170024196302	0.0	20.44526465946684	13.630176439644561	38.426259142851634	0.8867748737246098	34.075441099111394	1.3061443178167367e-11
106.72523823319248	1	1	1	1	0	0	106.72523823319248	9.0	0	0.0004955246516452371	0.7280457768305201	1.0948890844344226	73.73541405228535	0.0	20.864195858746825	13.931655841911882	38.93956235162664	0.8935861011084312	34.7958517006587	1.6149212782785022e-11
119.20696927078512	1	1	1	1	0	0	119.20696927078512	10.0	0	0.0005059166263023533	0.743322037691378	1.127661166805237	75.01252439479299	0.0	21.30175268641488	14.26178860872906	39.448983099649055	0.9015071746034516	35.56354129514393	1.6554269943521232e-11
131.81545979678634	1	1	1	1	0	0	131.81545979678634	11.0	0	0.0005170101726493714	0.8052192758865683	1.123832051700823	76.37034811309434	0.0	21.76884937471037	14.625788728954632	39.97571000942934	0.9104188041958567	36.394638103665	1.7207874692312018e-11
144.55116659372186	1	1	1	1	0	0	144.55116659372186	12.0	0	0.0005283998563041147	0.8077211526966059	1.1644960810825629	77.76330884382925	0.0	22.248415002278506	15.008445384057643	40.5064484574931	0.9197760308567406	37.25686038633615	1.7609009333389454e-11
157.41450874719058	1	1	1	1	0	0	157.41450874719058	13.0	0	0.0005401041112352231	0.8098015593140109	1.162751754281443	79.19699493553334	0.0	22.74122573621992	15.408875970204985	41.046893229108406	0.9294272648964028	38.150101706424906	1.806170866434304e-11
170.4058675216809	1	1	1	1	0	0	170.4058675216809	14.0	0	0.0005518814982391608	0.7841700054985641	1.1462230513779756	80.64460942539839	0.0	23.23711571533309	15.817690404360626	41.58980330570468	0.9390476274346012	39.054806119693716	1.837085942674917e-11
183.52558624759342	1	1	1	1	0	0	183.52558624759342	15.0	0	0.0005645415950009526	0.8270083632728537	1.1364791797971212	82.19509491361364	0.0	23.770172421092745	16.27359594763637	42.151326544884526	0.9500001933768042	40.04376836872912	2.7671860406421333e-11
196.77397021950497	1	1	1	1	0	0	196.77397021950497	16.0	0	0.0005779503088553985	0.8839652082354208	1.1772962317334041	83.8359684987555	0.0	24.334749846543094	16.77016100140883	42.73105765080359	0.9619446161117644	41.104910847951935	2.8815477394130094e-11
210.1512866057031	1	1	1	1	0	0	210.1512866057031	17.0	0	0.0005922957817446242	0.9718196041514912	1.1760930975810813	85.59394603573257	0.0	24.93876975766839	17.313349858280144	43.34182641978402	0.974857847630111	42.25211961594853	3.0108441700065633e-11
223.65776436901845	1	1	1	1	0	0	223.65776436901845	18.0	0	0.0006062277094411404	0.8384679012494276	1.143244008721083	87.30675626705275	0.0	25.52537723962697	17.85059362653756	43.93078540088821	0.9873707121404554	43.37597086616452	3.192805506675377e-11
237.29359419897813	1	1	1	1	0	0	237.29359419897813	19.0	0	0.0006211748233116135	0.8972628990804016	1.116871553313366	89.15325419240152	0.0	26.154729402594253	18.43594685065275	44.56257793915453	1.0006305360998378	44.590676253247004	3.711610401620284e-11
251.0589284553002	1	1	1	1	0	0	251.0589284553002	20.0	0	0.0006365188884992966	0.8818041962448536	1.1397431922962578	91.04851224471807	0.0	26.800795305233546	19.05267981662887	45.19503712285567	1.0145688119962573	45.853475121862424	4.0682282509889026e-11
264.95388112274634	1	1	1	1	0	0	264.95388112274634	21.0	0	0.0006521609449207003	0.8753573697636969	1.1884615777760308	92.9844259777942	0.0	27.45940820718739	19.694971732043054	45.83004603856375	1.0288966303798242	47.15437993923045	4.0336688529179466e-11
278.9785277773454	1	1	1	1	0	0	278.9785277773454	22.0	0	0.0006694937219154926	0.998479536196188	1.1807339896592206	95.1378565929888	0.0	28.18920934381022	20.419705894268283	46.528941354910316	1.0447027983573212	48.6089152380785	5.252022724429887e-11
293.1329055639992	1	1	1	1	0	0	293.1329055639992	23.0	0	0.0006867031182703131	0.9077041195229996	1.164331604704964	97.28786572874112	0.0	28.91381550611845	21.150749349579502	47.22330087304316	1.0601665688362902	50.06456485569796	5.192842950666993e-11
307.41701318547484	1	1	1	1	0	0	307.41701318547484	24.0	0	0.0007046124042534216	0.929706202097774	1.1241867181828415	99.54149114352656	0.0	29.667890705407228	21.922369756120467	47.95123068199885	1.075890226961265	51.5902604615277	5.561790437564099e-11
321.83081090278995	1	1	1	1	0	0	321.83081090278995	25.0	0	0.0007227750301463582	0.8401398574903665	1.1114113695429912	101.83419256203756	0.0	30.43263284826772	22.7208673654874	48.68069234828244	1.0918805310629582	53.15350021375512	6.633835110153637e-11
336.3742205469876	1	1	1	1	0	0	336.3742205469876	26.0	0	0.0007416757923021567	0.8788274166982087	1.1040752699754288	104.2325074407067	0.0	31.228454412722396	23.56668144497893	49.437371583005344	1.1083747801134674	54.79513585770133	6.884778289838299e-11
351.0471255422998	1	1	1	1	0	0	351.0471255422998	27.0	0	0.0007613811098948026	0.8764909917861248	1.1058799594060351	106.75093250938184	0.0	32.058151995570626	24.46275211303157	50.23002840077963	1.125241332886145	56.5209041086022	7.694976998349674e-11
365.84937094069124	1	1	1	1	0	0	365.84937094069124	28.0	0	0.0007814938311097848	0.8742170736517313	1.1491026260297317	109.3451515848798	0.0	32.90500341514883	25.39108649361453	51.049061676116416	1.1419620262293186	58.29608990876336	7.99620545037666e-11
380.78076346777357	1	1	1	1	0	0	380.78076346777357	29.0	0	0.0008021720171089643	0.8574122966951849	1.1404974401074135	112.04263925954264	0.0	33.775663878272184	26.359213271611164	51.9077621096593	1.158494889894186	60.13487714988336	8.414110409002289e-11
395.84107158007737	1	1	1	1	0	0	395.84107158007737	30.0	0	0.0008237512312844501	0.8769148771043307	1.1488397109035493	114.8792646913733	0.0	34.684262369871576	27.38809005255407	52.80691226894763	1.175458851036182	62.07235242242565	9.370569582131821e-11
411.03002553366304	1	1	1	1	0	0	411.03002553366304	31.0	0	0.0008456216210561481	0.8681076732518169	1.1210665239291897	117.78366972155656	0.0	35.60512088657465	28.44895695557933	53.729591879402584	1.1921564188673717	64.05407784215399	1.0203149632495376e-10
426.3473174640513	1	1	1	1	0	0	426.3473174640513	32.0	0	0.0008684516212811035	0.8408412211670243	1.0829447655903237	120.85503737576286	0.0	36.5663840539412	29.57513047566133	54.713522846160316	1.208869600949927	66.14151452960253	1.1552007460793038e-10
441.79260147745117	1	1	1	1	0	0	441.79260147745117	33.0	0	0.0008915271133631131	0.8190142192630008	1.0911525589246165	124.00953028174808	0.0	37.53798372055211	30.732819108181747	55.73872745301422	1.224836051133097	68.27080282873388	1.2062461847527834e-10
457.365493753255	1	1	1	1	0	0	457.365493753255	34.0	0	0.0009148182644666537	0.8003975448188791	1.0789466902033424	127.25635058966229	0.0	38.518663767016996	31.922006420740857	56.81568040190445	1.239810377865275	70.44067018775785	1.2280377393631573e-10
473.0655726577729	1	1	1	1	0	0	473.0655726577729	35.0	0	0.0009386720871937664	0.8219509770703002	1.102434736076458	130.63586842515002	0.0	39.52303525026385	33.1653863575739	57.947446817312276	1.2543852335202708	72.68842160783774	1.4116888920600725e-10
488.8923788691719	1	1	1	1	0	0	488.8923788691719	36.0	0	0.0009628427868820994	0.798733062403129	1.0883877089078713	134.1315795979115	0.0	40.540748921351565	34.45272034338626	59.13811033317372	1.268107297345786	74.99346926473783	1.5530691001715016e-10
504.8454155135833	1	1	1	1	0	0	504.8454155135833	37.0	0	0.0009874642813408124	0.7842242710068248	1.0673289000999604	137.78588652271577	0.0	41.577443424876286	35.79491947022456	60.41352362761491	1.280712632688322	77.37236289510084	1.6288709470191914e-10
520.9241483123367	1	1	1	1	0	0	520.9241483123367	38.0	0	0.0010120980088034852	0.8001288580277364	1.0341465306515925	141.56268421457312	0.0	42.614653002252005	37.17321831543572	61.774812896885386	1.291592278083784	79.78787131768772	1.705422022851443e-10
537.1280057402779	1	1	1	1	0	0	537.1280057402779	39.0	0	0.0010371244367045483	0.7814138422872224	1.0274024019701489	145.4060289043866	0.0	43.66839733492834	38.57821075900417	63.15942081045412	1.3022064964902131	82.24660809393251	1.8636536074816861e-10
553.4563791951257	1	1	1	1	0	0	553.4563791951257	40.0	0	0.0010634190127589123	0.8158790961139522	1.0550132185037284	149.45342968693873	0.0	44.775537379322635	40.054397484863216	64.62349482275289	1.31267946892774	84.82993486418584	1.97666269875416e-10
569.9086231778117	1	1	1	1	0	0	569.9086231778117	41.0	0	0.0010893946035770105	0.7168608520631217	1.0314313244638629	153.47830932951848	0.0	45.86924646640043	41.51267626763364	66.09638659548439	1.3220378183276342	87.38192273403406	2.1176616057603546e-10
586.4840554837581	1	1	1	1	0	0	586.4840554837581	42.0	0	0.0011171910951966236	0.7861915703213253	1.0750113389092977	157.83401794445192	0.0	47.039625060910474	43.07318106031367	67.72121182322773	1.330643733258127	90.11280612122414	2.2797447778211978e-10
603.1819574050269	1	1	1	1	0	0	603.1819574050269	43.0	0	0.0011452909276697526	0.7650220902834657	1.0734586840415867	162.28349614729504	0.0	48.22277590188432	44.65071551494547	69.41000473046525	1.33804185401627	92.87349141682978	2.326515765377241e-10
620.0015739432909	1	1	1	1	0	0	620.0015739432909	44.0	0	0.0011749363670091296	0.7640912849241437	1.0509626142058328	166.97232473655856	0.0	49.47100492670018	46.315020881366614	71.18629892849177	1.34556827999003	95.78602580806678	2.717481533420418e-10
636.9421140335545	1	1	1	1	0	0	636.9421140335545	45.0	0	0.001204414258879569	0.7432746185002047	1.039721396799897	171.65217647789757	0.0	50.712179321245	47.96992007409307	72.97007708255948	1.3523639187565553	98.68209939533806	2.780049963552135e-10
654.0027507785644	1	1	1	1	0	0	654.0027507785644	46.0	0	0.0012352991234791224	0.7663749290803952	1.033547109703908	176.59878382886242	0.0	52.012594672805136	49.70380720950658	74.88238194655072	1.3583489098265396	101.71640188231173	2.8700420697148605e-10
671.1826216938364	1	1	1	1	0	0	671.1826216938364	47.0	0	0.0012668000907845502	0.7752043562885781	1.0787456356266714	181.71439109312482	0.0	53.338951190928434	51.47228256700429	76.90315733519203	1.362898967868118	104.81123375793273	2.950867736032148e-10
688.4808289632283	1	1	1	1	0	0	688.4808289632283	48.0	0	0.001299393484537217	0.7425253632289638	1.0670608538262498	186.98669743372503	0.0	54.71130461209335	53.30208712855752	78.97330569307417	1.3677202795643322	108.01339174065086	3.28085287906398e-10
705.8964397049822	1	1	1	1	0	0	705.8964397049822	49.0	0	0.0013332351221824466	0.7635315928649367	0.99030057399809	192.46953093813994	0.0	56.136215670839825	55.2019685402195	81.13134672708057	1.3723201783595698	111.3381842110593	3.5390175597937393e-10
723.4284862481575	1	1	1	1	0	0	723.4284862481575	50.0	0	0.0013668575017816568	0.7357568997608915	1.0624845974735393	197.95578112544658	0.0	57.55189481185921	57.08954072824535	83.31434558534201	1.3760107546265612	114.64143554010457	3.555494968384859e-10
741.0759664193733	1	1	1	1	0	0	741.0759664193733	51.0	0	0.0014018570187120185	0.7141726762582477	1.063727626422567	203.7264607155078	0.0	59.02555868261128	59.054425889248115	85.6464761436484	1.3786905181459268	118.0799845718594	3.8899724041199086e-10
758.8378438397727	1	1	1	1	0	0	758.8378438397727	52.0	0	0.0014379510822184333	0.7099921853868254	1.0132972902280435	209.64091160611537	0.0	60.54530872498666	61.080759279081924	88.01484360204678	1.3818813171331954	121.62606800406859	4.0563217180664267e-10
776.7130482321257	1	1	1	1	0	0	776.7130482321257	53.0	0	0.001475897229255607	0.7267806593150976	0.9966012185259656	215.8573676468794	0.0	62.14304123181503	63.21106928818643	90.5032571268779	1.385078443577623	125.35411052000146	4.4149106408935953e-10
794.7004757379742	1	1	1	1	0	0	794.7004757379742	54.0	0	0.0015145593611707974	0.7231176601350796	1.0216380123830824	222.22724566716542	0.0	63.77092047034936	65.38157493956554	93.07475025725049	1.3876211867659989	129.1524954099149	4.531130728780632e-10
812.7989892447298	1	1	1	1	0	0	812.7989892447298	55.0	0	0.0015544798265006538	0.7269401442215587	1.047728526390509	228.857982754078	0.0	65.45178216844859	67.62272387036451	95.78347671526487	1.3893263285316226	133.0745060388131	4.700130165972666e-10
831.0074187226242	1	1	1	1	0	0	831.0074187226242	56.0	0	0.001596659774526817	0.7314041487151597	1.0763287403300412	235.80939716944172	0.0	67.2277799800765	69.99072095253507	98.59089623683016	1.391796871416932	137.21850093261156	5.406377388895976e-10
849.3245615714155	1	1	1	1	0	0	849.3245615714155	57.0	0	0.0016392141933836012	0.717008891905442	1.043282842361522	242.81174409358496	0.0	69.01954498457269	72.37974095852995	101.41245815048231	1.3942989699873494	141.39928594310263	5.479801071568856e-10
867.7491829767432	1	1	1	1	0	0	867.7491829767432	58.0	0	0.001683134457199795	0.7177532021491562	1.0228000462085869	250.0727535895496	0.0	70.86881925051769	74.84543997978996	104.35849435924193	1.3962855647256018	145.71425923030762	5.641969315453041e-10
886.2800162760308	1	1	1	1	0	0	886.2800162760308	59.0	0	0.0017290998248815038	0.7568550034936626	1.0191037468485311	257.72759595546927	0.0	72.80420315290543	77.42595184964028	107.49744095292357	1.3975230821386355	150.23015500254567	6.100961643125425e-10
