0.0
0.0
0.0007285827694774976
0.0021993864847666736
0.00442587529936556
0.007421310407022852
0.008825142047449571
0.009073949626053396
0.009324221426971037
0.009461160615005014
0.009673530707954668
0.009869393062041923
0.010396923598117353
0.010914333614857054
0.01152242303809926
0.012326530208568325
0.013443027786055724
0.014867766657940752
0.017165979620247015
0.020349970135909383
0.02481445285095679
0.03057503071407949
0.0384509585151799
0.04866797697128085
0.06046221820943819
0.07890474577561185
0.10042282543004719
0.12288690582343957
0.14629683359478673
0.1706514838980857
0.19594872983174397
0.22218541240875425
0.24935731112122247
0.2774591151530627
0.3064843952948075
0.336425576614522
0.36727391193875586
0.3990194561973107
0.43165104168535134
0.46515625429603696
0.4995214107763984
0.5347315370586291
0.5707703477183106
0.6076202266103293
0.645262208732388
0.6836759633650482
0.722839778536187
0.7627305468565743
0.803323752772024
0.8445934612762053
0.8865123081267308
0.9290514916055944
0.9721807658633544
1.015868435884736
1.0600813541114609
1.1047849187561996
1.14994307383952
1.195518310979596
1.2414716729622743
1.2877627591168175
1.3343497325203098
1.3811893290513146
1.4282368683108702
1.4754462664263848
1.522770050751384
1.5701593764713988
1.6175640451235636
1.6649325250347413
1.7122119736801773
1.759348261961839
3.0
3.0
3.0
3.0
3.0
3.0
3.0
3.0
3.0
3.0
3.0
3.0
3.0
3.0
3.0
3.0
3.0
3.0
3.0
3.0
3.0
3.0
3.0
3.0
