0.0
0.0
0.0007285827694774976
0.0021993864847666736
0.00442587529936556
0.007421310407022852
0.008825142047449571
0.009015812926286133
0.009024808954779381
0.00922585636877107
0.009542044007336737
0.009872104610753513
0.010439914579729644
0.01109267928377631
0.011971944757557145
0.013160332205424488
0.014567403348902707
0.016680094118470518
0.019307105952224766
0.023279302790350852
0.028714688471003204
0.03618836399157911
0.04620611319393829
0.058864406900669485
0.0755508817586207
0.09612374774001457
0.11764182739444991
0.1401059077878423
0.16351583555918947
0.18787048586248845
0.2131677317961467
0.2394044143731569
0.2665763130856252
0.2946781171174655
0.32370339725921027
0.35364457857892473
0.3844929139031586
0.41623845816171345
0.448870043649754
0.48237525626043976
0.5167404127408012
0.5519505390230318
0.5879893496827134
0.6248392285747322
0.6624812106967908
0.700894965329451
0.7400587805005897
0.779949548820977
0.8205427547364267
3.0
3.0
3.0
3.0
3.0
3.0
3.0
3.0
3.0
3.0
3.0
3.0
3.0
3.0
3.0
3.0
3.0
3.0
3.0
3.0
3.0
3.0
3.0
3.0
3.0
3.0
3.0
3.0
3.0
3.0
3.0
3.0
3.0
3.0
3.0
3.0
3.0
3.0
3.0
3.0
3.0
3.0
3.0
3.0
3.0
