0.0
0.0
0.0007285827694774976
0.0021993864847666736
0.00442587529936556
0.007421310407022852
0.008825142047449571
0.009100959488169564
0.009404058559816892
0.00980532702810358
0.010110403485622383
0.010537595691511237
0.010939214181696149
0.011643090196094578
0.01264921790800292
0.013838027376043966
0.01564411932937548
0.017908388137296748
0.02140269685559859
0.025660758537920828
0.03269728035800756
0.04173086552105408
0.05238852565015458
0.06720909017208075
0.0862812519731464
0.10685411795454026
0.1283721976089756
0.15083627800236804
0.17424620577371516
0.19860085607701417
0.2238981020106724
0.2501347845876827
0.2773066833001509
0.30540848733199116
0.33443376747373593
0.3643749487934504
0.3952232841176843
0.4269688283762392
0.4596004138642797
0.49310562647496553
0.5274707829553269
0.5626809092375575
0.5987197198972392
0.6355695987892577
0.6732115809113164
0.7116253355439767
0.7507891507151155
0.7906799190355027
0.8312731249509525
0.8725428334551336
0.9144616803056592
0.9570008637845228
1.0001301380422827
1.0438178080636644
1.0880307262903894
1.1327342909351281
1.1778924460184486
1.2234676831585245
1.2694210451412034
1.315712131295746
1.3622991046992383
1.4091387012302434
1.4561862404897987
1.5033956386053131
1.5507194229303125
1.5981087486503274
1.6455134173024921
1.6928818972136699
1.7401613458591054
1.7872976341407676
1.834235372581644
1.8809179394293702
1.927287510659608
1.973285091866644
2.0188505520257154
2.063922659108581
2.1084391175308657
2.1523366074067365
2.195550825583478
2.238016528425577
2.2796675763149743
2.320436979831217
3.0
3.0
3.0
3.0
3.0
3.0
3.0
3.0
3.0
3.0
3.0
3.0
