0.0
0.0
0.0007285827694774976
0.0021993864847666736
0.00442587529936556
0.007421310407022852
0.008825142047449571
0.00889759531542935
0.009026670807979177
0.009099259130969782
0.009273714377231023
0.009421796469749812
0.009655281939585801
0.010091316128067847
0.01061592952799949
0.011252303672910127
0.012053537849758492
0.013249255332387366
0.014937880047587993
0.016986861350728494
0.02027348833151772
0.024473364372001604
0.030182196356977147
0.037105661261253815
0.046894048024250914
3.0
3.0
3.0
3.0
3.0
3.0
3.0
3.0
3.0
3.0
3.0
3.0
3.0
3.0
3.0
3.0
3.0
3.0
3.0
3.0
3.0
3.0
3.0
3.0
3.0
3.0
3.0
3.0
3.0
3.0
3.0
3.0
3.0
3.0
3.0
3.0
3.0
3.0
3.0
3.0
3.0
3.0
3.0
3.0
3.0
3.0
3.0
3.0
3.0
3.0
3.0
3.0
3.0
3.0
3.0
3.0
3.0
3.0
3.0
3.0
3.0
3.0
3.0
3.0
3.0
3.0
3.0
3.0
3.0
