0.0
0.0
0.0007285827694774976
0.0021993864847666736
0.00442587529936556
0.007421310407022852
0.008825142047449571
0.009065998534263897
0.009303395224112892
0.009406282364895291
0.009785291158038084
0.010150471664489649
0.010586546955164948
0.011313183830728534
0.012297642692340188
0.013555637223112175
0.014824474930685736
0.01673140859718559
0.019103507005971142
0.02309078929215869
0.02901276378771421
0.03634467262713879
0.047238670185028905
0.05955973567519969
0.07549009339544847
0.09606295937684237
0.1175810390312777
0.14004511942467007
0.16345504719601722
0.18780969749931617
0.21310694343297445
0.23934362600998468
0.2665155247224529
0.2946173287542932
0.323642608896038
0.35358379021575254
0.3844321255399863
0.41617766979854115
0.4488092552865818
0.48231446789726756
3.0
3.0
3.0
3.0
3.0
3.0
3.0
3.0
3.0
3.0
3.0
3.0
3.0
3.0
3.0
3.0
3.0
3.0
3.0
3.0
3.0
3.0
3.0
3.0
3.0
3.0
3.0
3.0
3.0
3.0
3.0
3.0
3.0
3.0
3.0
3.0
3.0
3.0
3.0
3.0
3.0
3.0
3.0
3.0
3.0
3.0
3.0
3.0
3.0
3.0
3.0
3.0
3.0
3.0
