0.0
0.0
0.0007285827694774976
0.0021993864847666736
0.00442587529936556
0.007421310407022852
0.008825142047449571
0.008892076247575065
0.009091988902910866
0.009374837383437432
0.009536878883416585
0.009977838144819461
0.010434685834700917
0.011205651751695803
0.012119823407083914
0.013328205467936895
0.01462872408397
0.016447984252348356
0.01879228749430294
0.022766777149674122
0.027856385541595998
0.0351675624566071
0.045656917342375036
0.05868897687042685
0.07564246748524178
0.09621533346663569
0.117733413121071
0.14019749351446342
0.16360742128581057
0.1879620715891095
0.21325931752276775
0.23949600009977803
0.26666789881224634
0.29476970284408655
0.3237949829858313
0.3537361643055458
0.38458449962977964
0.41633004388833456
0.4489616293763751
0.4824668419870608
0.5168319984674223
0.552042124749653
0.5880809354093345
0.6249308143013533
0.6625727964234119
0.7009865510560721
0.740150366227211
0.7800411345475983
0.820634340463048
0.8619040489672292
0.9038228958177548
0.9463620792966182
0.9894913535543782
1.03317902357576
1.0773919418024849
1.1220955064472238
1.167253661530544
1.21282889867062
1.2587822606532983
1.3050733468078415
1.3516603202113338
1.3984999167423389
1.4455474560018944
1.4927568541174085
1.5400806384424082
1.587469964162423
1.6348746328145873
1.6822431127257653
1.729522561371201
1.776658849652863
1.8235965880937393
1.870279154941466
1.916648726171704
1.962646307378739
2.0082117675378104
2.053283874620676
2.097800333042961
2.141697822918832
2.184912041095573
2.227377743937672
2.2690287918270693
2.3097981953433124
2.349618163084437
2.38842015108656
2.4261349137973145
2.4626925565555022
2.4980225895265855
2.532053983040977
2.564715224279477
2.5959343752476145
3.0
3.0
3.0
3.0
