0.0
0.0
0.0007285827694774976
0.0021993864847666736
0.00442587529936556
0.007421310407022852
0.008825142047449571
0.009043570591037255
0.00913473137099011
0.009311364073346253
0.00952924574446718
0.010017823855537648
0.010323562476567951
0.010964234245174445
0.011882350495308001
0.012599977400099724
0.013342063876070134
0.014972779573414852
0.01725080646533739
0.0202973414841514
0.02424172089529511
0.02869542352759287
0.036032472236484404
0.045325839309893166
0.058200047921146456
0.07402882277318952
0.09554690242762483
0.11801098282101723
0.14142091059236442
0.16577556089566337
0.1910728068293216
0.21730948940633188
0.2444813881188001
0.2725831921506404
0.30160847229238513
0.33154965361209965
0.3623979889363336
0.3941435331948884
0.4267751186829289
0.4602803312936147
0.49464548777397616
0.5298556140562068
3.0
3.0
3.0
3.0
3.0
3.0
3.0
3.0
3.0
3.0
3.0
3.0
3.0
3.0
3.0
3.0
3.0
3.0
3.0
3.0
3.0
3.0
3.0
3.0
3.0
3.0
3.0
3.0
3.0
3.0
3.0
3.0
3.0
3.0
3.0
3.0
3.0
3.0
3.0
3.0
3.0
3.0
3.0
3.0
3.0
3.0
3.0
3.0
3.0
3.0
3.0
3.0
