0.0
0.0
0.0007285827694774976
0.0021993864847666736
0.00442587529936556
0.007421310407022852
0.008825142047449571
0.009064739431125237
0.0093116450448759
0.009675133034007877
0.010017083208686528
0.010267586394570939
0.010511732815908179
0.011078459287524373
0.011887591631393368
0.01271296971326956
0.013933519278350428
0.015865946026281573
0.018220964420005904
0.02150383033382929
0.02598856909633345
0.032510837788202275
0.04142681646243029
0.05196588780684265
0.066992338629312
0.0875652046107059
0.10908328426514122
0.1315473646585336
0.15495729242988077
0.1793119427331797
0.204609188666838
0.23084587124384828
0.2580177699563165
0.2861195739881568
0.3151448541299016
0.345086035449616
0.37593437077384995
0.4076799150324048
0.44031150052044543
0.4738167131311311
0.5081818696114925
0.5433919958937232
0.5794308065534047
0.6162806854454235
0.6539226675674821
0.6923364222001424
0.7315002373712813
0.7713910056916684
0.811984211607118
0.8532539201112993
0.895172766961825
0.9377119504406882
0.9808412246984483
3.0
3.0
3.0
3.0
3.0
3.0
3.0
3.0
3.0
3.0
3.0
3.0
3.0
3.0
3.0
3.0
3.0
3.0
3.0
3.0
3.0
3.0
3.0
3.0
3.0
3.0
3.0
3.0
3.0
3.0
3.0
3.0
3.0
3.0
3.0
3.0
3.0
3.0
3.0
3.0
3.0
