0.0
0.0
0.0007285827694774976
0.0021993864847666736
0.00442587529936556
0.007421310407022852
0.008825142047449571
0.008961748403084764
0.00903446028423923
0.009154192654345698
0.009431662988598776
0.009661579292244513
0.010133192606524172
0.010726999828809754
0.011401136348016894
0.01224383201173292
0.013563499677492314
0.014852658140873196
0.016844685314589665
0.020354534393248615
0.02482917833288096
0.029597633277496052
0.037879015872107825
0.04699222945832068
0.060234257346888954
0.07747032474926882
0.09898840440370416
0.12145248479709655
0.1448624125684437
0.16921706287174268
0.19451430880540094
0.2207509913824112
0.24792289009487944
0.2760246941267197
0.3050499742684645
0.33499115558817893
0.36583949091241286
0.3975850351709677
0.43021662065900834
0.463721833269694
0.4980869897500554
0.5332971160322861
0.5693359266919676
0.6061858055839864
0.643827787706045
0.6822415423387053
0.721405357509844
0.7612961258302313
0.801889331745681
0.8431590402498622
0.8850778871003879
0.9276170705792512
0.9707463448370113
1.014434014858393
1.0586469330851178
1.1033504977298567
1.148508652813177
1.194083889953253
1.2400372519359317
1.2863283380904744
1.3329153114939667
1.3797549080249718
1.4268024472845273
1.4740118454000415
1.5213356297250409
1.5687249554450562
1.6161296240972203
1.6634981040083985
1.7107775526538342
1.757913840935496
1.804851579376372
1.8515341462240993
1.897903717454337
1.943901298661372
1.989466758820444
2.034538865903309
2.0790553243255947
2.1229528142014655
2.1661670323782074
2.2086327352203057
2.250283783109703
3.0
3.0
3.0
3.0
3.0
3.0
3.0
3.0
3.0
3.0
3.0
3.0
3.0
