0.0
0.0
0.0007285827694774976
0.0021993864847666736
0.00442587529936556
0.007421310407022852
0.008825142047449571
0.00902718529906265
0.009302509164491116
0.009511711508451457
0.009896611284228774
0.010351717392982927
0.01094332393913668
0.011875332099705146
0.012709298575644753
0.01376749173957092
0.015202460539142856
0.017119276231614734
0.019748097341415926
0.023541903373015195
0.028589112240233847
0.0358271998449071
0.045966226782988825
0.059418247666604224
0.07704972386632512
0.097622589847719
0.11914066950215435
0.14160474989554675
0.1650146776668939
0.18936932797019287
0.2146665739038511
0.2409032564808614
0.26807515519332964
0.29617695922516984
0.32520223936691467
0.35514342068662913
0.3859917560108631
0.41773730026941785
0.4503688857574585
0.48387409836814416
0.5182392548485056
0.5534493811307364
0.5894881917904179
0.6263380706824366
0.6639800528044952
0.7023938074371555
0.7415576226082942
0.7814483909286816
0.8220415968441313
0.8633113053483125
0.9052301521988381
0.9477693356777015
0.9908986099354615
1.0345862799568433
1.0787991981835685
1.1235027628283072
1.1686609179116274
1.2142361550517036
1.2601895170343822
1.306480603188925
1.3530675765924172
1.3999071731234225
3.0
3.0
3.0
3.0
3.0
3.0
3.0
3.0
3.0
3.0
3.0
3.0
3.0
3.0
3.0
3.0
3.0
3.0
3.0
3.0
3.0
3.0
3.0
3.0
3.0
3.0
3.0
3.0
3.0
3.0
3.0
3.0
