1	4	0.0	0.25	0.0	0.0	0.00375	0.0		0.0	
2	4	0.0	0.25	0.0	0.0	0.00375	0.0		0.0	
3	4	0.0	0.25	0.0	0.0	0.003638187560413125	0.0		0.0	
4	4	0.0	0.25	0.0	0.0	0.0034478577600169954	0.0		0.0	
5	4	0.0	0.25	0.0	0.0	0.003178274667184105	0.0		0.0	
6	4	0.0	0.25	0.0	0.0	0.002828730719359023	0.0		0.0	
7	4	6.2520653736735186e-06	0.25	0.0	0.0	0.0025188887805460683	0.0	0.0	2.500826149469408e-05	
8	4	6.6656667691488055e-06	0.25	1.78021755458284e-06	2.77201151663159	0.002554258196504349	0.0	0.0	2.6662667076595222e-05	2.368031599603249
9	4	8.251585718125161e-06	0.25	5.442546801962139e-06	7.67064485701764	0.002679952103532458	0.0	0.0	3.3006342872500644e-05	1.0687590956239856
10	4	1.0355418446458248e-05	0.25	6.7927016234279726e-06	9.642517181444507	0.0028413026213654604	0.0	0.0	4.142167378583299e-05	0.9816379093727804
11	4	1.3562904587291212e-05	0.25	1.0279359654794383e-05	14.108495963816926	0.003084186675945242	0.0	0.0	5.4251618349164846e-05	1.2390501039925037
12	4	1.817387539947745e-05	0.25	1.575765615545432e-05	19.930249799126006	0.003433151023223792	0.0	0.0	7.269550159790981e-05	1.1010715992580236
13	4	2.324750311116491e-05	0.25	1.5249477259566685e-05	22.12002924825605	0.003820393216408096	0.0	0.0	9.299001244465964e-05	1.4973268894142877
14	4	2.9935322335926312e-05	0.25	2.0251760292326668e-05	29.37685128023986	0.004339332333578935	0.0	0.0	0.00011974128934370525	1.3503009596655082
15	4	3.9075395068201814e-05	0.25	2.6097497112603612e-05	38.155939177384	0.005017276550819989	0.0	0.0	0.00015630158027280726	1.0885888516480482
16	4	5.2593245831494046e-05	0.25	4.02202538127224e-05	54.85936845460283	0.005999699246938392	0.0	0.0	0.00021037298332597618	1.1638811976634662
17	4	6.93770250878002e-05	0.25	4.714504776251678e-05	67.69039287289354	0.007213103901623818	0.0	0.0	0.0002775081003512008	1.2418095377871117
18	4	8.796665620359079e-05	0.25	4.826462665522278e-05	75.63490258007322	0.008565712013314178	0.0	0.0	0.00035186662481436317	1.2273145992449792
19	4	0.00011399088104386749	0.25	7.036368052794269e-05	107.17093231595537	0.01049271697474488	0.0	0.0	0.00045596352417546994	1.1844812155506557
20	4	0.00014622093427822628	0.25	8.76959030022998e-05	136.65970021053423	0.012952658088435544	0.0	0.0	0.0005848837371129051	1.1835330146343421
21	4	0.00018855569116345581	0.25	0.0001213721642407803	187.75270408946383	0.01634151487540887	0.0	0.0	0.0007542227646538233	1.116515943438752
22	4	0.0002509955748301538	0.25	0.00018898455794233896	277.1362313075148	0.02136120485842816	0.0	0.0	0.0010039822993206152	1.2052756096352883
23	4	0.00032026195368363013	0.25	0.0002003137745782787	316.0784165711048	0.027069085935403674	0.0	0.0	0.0012810478147345205	1.1882530782461105
24	4	0.0004194684647499831	0.25	0.00028633584404025335	443.71186030600893	0.035100209462278965	0.0	0.0	0.0016778738589999322	1.1836232735782906
25	4	0.000546978615121605	0.25	0.00036685540205934764	570.1328552077463	0.045417527864897625	0.0	0.0	0.00218791446048642	1.185090536204069
26	4	0.0007069816855209218	0.25	0.0005080763896832466	774.1760647400154	0.05981879041593228	0.0	0.0	0.002827926742083687	1.2391993814559137
27	4	0.0008613365139382661	0.25	0.0006558940046841426	1026.7456367695472	0.08077955458623579	0.0	0.0	0.0034453460557530642	1.2419085735364614
28	4	0.0010276724743550714	0.25	0.0007970751413472886	1245.8071431946928	0.1069781142527923	0.0	0.0	0.0041106898974202855	1.121167341604275
29	4	0.0011953519278965936	0.25	0.0009370112721396312	1487.7216567885678	0.1391987515994277	0.0	0.0	0.0047814077115863746	1.150964238594439
30	4	0.0013594896713395555	0.25	0.0010937672616894356	1737.9968194394935	0.1777128426714495	0.0	0.0	0.005437958685358222	1.1483086506566405
31	4	0.0015329202932019654	0.25	0.0012103268511224974	1966.50812608298	0.2216142509890957	0.0	0.0	0.006131681172807862	1.152949728182638
32	4	0.0017079784993811204	0.25	0.0014140368689936034	2277.842077629958	0.2732061002235718	0.0	0.0	0.006831913997524482	1.1693001296481886
33	4	0.0018765983156215761	0.25	0.0015696463263392196	2521.933571274345	0.33081686656599857	0.0	0.0	0.0075063932624863045	1.1560757640596928
34	4	0.002057803250662578	0.25	0.001681247104133198	2778.1571973812984	0.3930345908303725	0.0	0.0	0.008231213002650312	1.1405532816769743
35	4	0.0022391505954746753	0.25	0.001905992681039445	3081.128705255556	0.4615286066319993	0.0	0.0	0.008956602381898701	1.1532715077149502
36	4	0.002411512270622367	0.25	0.002023682667835769	3310.943206485502	0.5347278582312714	0.0	0.0	0.009646049082489469	1.1522676509763738
37	4	0.002591126618846161	0.25	0.00216451456436347	3573.997388602409	0.6133534370563613	0.0	0.0	0.010364506475384644	1.1429124651091778
38	4	0.002769013910229677	0.25	0.002409660676985615	3976.466056342067	0.7007246150463434	0.001753764825904922	0.010048940455221722	0.011076055640918708	1.1885690354790612
39	4	0.0029357607050741518	0.25	0.0024514225655248747	4179.0368862072055	0.7919576120353068	0.0052300752854383785	0.026648784017806758	0.011743042820296605	1.1421717874561133
40	4	0.003111666524447698	0.25	0.0026612565706215325	4556.401174861955	0.8900913829943672	0.010394365419869394	0.0466091371483286	0.012446666097790791	1.140707604900461
41	4	0.0032822443806822944	0.25	0.002887676959705125	4898.432465658869	0.9949864509091394	0.017208658264277952	0.0680762699355079	0.013128977522729178	1.1733097440235392
42	4	0.0034616376013585637	0.25	0.0029497211050775137	5182.100846924715	1.1053099913364923	0.02563150462833667	0.08994896043912158	0.013846550405434251	1.134790839306143
43	4	0.0036457424502504532	0.25	0.003173471660727023	5561.719527117952	1.224234301856005	0.03561792504361113	0.11203261278361216	0.014582969801001813	1.1426261524447572
44	4	0.0038241707141116158	0.25	0.0032871916993874057	5896.120913185952	1.351337712975328	0.04711935502121583	0.13473752492780908	0.015296682856446463	1.1380034313674257
45	4	0.003986073702526666	0.25	0.0034164583761516266	6203.563628005893	1.4855078131795358	0.0600835937612076	0.15766396516469405	0.015944294810106664	1.1643169532746591
46	4	0.004152975644603198	0.25	0.0036198298000483407	6552.321194705262	1.6256435918409613	0.07445475645235305	0.17854063978195206	0.01661190257841279	1.1362643975600482
47	4	0.004324974905236413	0.25	0.0037469000977744717	6854.968156868829	1.7711071107220129	0.0901732302978728	0.1977326154184935	0.017299899620945653	1.1509395681871588
48	4	0.004510064324364253	0.25	0.004061550000732874	7328.931350610399	1.926866926534908	0.10717563439944396	0.21564710809196286	0.01804025729745701	1.1472377476704432
49	4	0.004696854319789145	0.25	0.00399440661117177	7560.371632120168	2.0873630910124974	0.12539478362813558	0.23319862813038503	0.01878741727915658	1.129604473928657
50	4	0.004873477837440206	0.25	0.004137054259866501	7982.603824723197	2.258260571489021	0.14475965660706314	0.2510381928428166	0.019493911349760824	1.1250902622918315
51	4	0.005062656189290336	0.25	0.004391186980142762	8332.262991044607	2.4344795917859527	0.16519536792637932	0.26603774337230124	0.020250624757161342	1.139047126736844
52	4	0.005246415925926795	0.25	0.004579172828405062	8766.144198596576	2.6192888742266223	0.18662314470677446	0.2793409252257609	0.02098566370370718	1.1560966528599286
53	4	0.0054477161753522275	0.25	0.004830795110204233	9208.354816574509	2.8130759986650955	0.2089603076229464	0.2912379274803075	0.02179086470140891	1.1456789346150018
54	4	0.005654026721399004	0.25	0.004804751654615214	9386.803402361347	3.0098301611441878	0.2321202564935162	0.30272910478782583	0.022616106885596017	1.1529511083266861
55	4	0.005852328817456121	0.25	0.005204143434675459	10056.286794745269	3.2235657591666067	0.25601246053863	0.31474711577678194	0.02340931526982449	1.141546250295666
56	4	0.006066381241401886	0.25	0.005358745580565529	10437.275266611376	3.443905400027344	0.2805424534009877	0.324898716742878	0.024265524965607545	1.1573058889054535
57	4	0.006276087467001741	0.25	0.005518143285974614	10749.453275933743	3.6694571054933194	0.3056118330203001	0.3336757695263021	0.025104349868006963	1.1533870531430637
58	4	0.006482682428378734	0.25	0.0056157094204487955	11219.277443022858	3.905127926057183	0.33111826644519626	0.3417789806141877	0.02593072971351493	1.1380002166736194
59	4	0.006691837474124265	0.25	0.005957767511539272	11813.94798303681	4.154849308790923	0.3569554996603837	0.3497734266708409	0.02676734989649706	1.142218287049196
60	4	0.00688926017046093	0.25	0.00619091645606246	12174.904239299707	4.41350655955475	0.3830133725004369	0.3585193792031137	0.02755704068184372	1.1599974856490172
61	4	0.007099574800007005	0.25	0.006325626793998528	12565.693827642102	4.678351441462397	0.4091778387149298	0.3652588429906733	0.02839829920002802	1.1337987653972506
62	4	0.007300777096670212	0.25	0.0063831785915151144	12850.895493511616	4.947707387711855	0.4353309912427789	0.37094169524480186	0.02920310838668085	1.1351488753455474
63	4	0.007511829409332154	0.25	0.0065092968737659315	13320.441549953779	5.226893618064661	0.4613510927466124	0.37593469243895	0.030047317637328617	1.149409137442445
64	4	0.00772281620605228	0.25	0.006849739645816217	13896.482651174705	5.519774101880803	0.4871126114507473	0.38101104982266737	0.03089126482420912	1.1539188479975038
65	4	0.0078035094361937046	0.25	0.006927470812308843	14134.9195347859	5.812439813166372	0.5124862623189482	0.3883537276309567	0.031214037744774818	1.142747904520582
66	4	0.007967214941761417	0.25	0.007072047918776529	14491.334717511905	6.116876071562658	0.5373390536005784	0.3927207780156481	0.03186885976704567	1.1565497649165803
67	4	0.008092846252379186	0.25	0.007154655124286593	14854.484356553923	6.428507148409952	0.5615343387660311	0.39655076936760747	0.032371385009516744	1.154411439528273
68	4	0.008205519087670069	0.25	0.007304553173593108	15149.21030508537	6.745900944167538	0.5849318738444796	0.4000837222732618	0.032822076350680275	1.137928600587876
69	4	0.008296786159636669	0.25	0.0074397841831762845	15355.175114620703	7.067849146729071	0.6073878801690021	0.40400380705007416	0.03318714463854668	1.1473300463986171
70	4	0.007859354117254117	0.25	0.00724761177322318	15023.872688431362	7.3553591366745135	0.6287551125260508	0.4150379195838042	0.03143741646901647	1.1400591424063826
71	4	0.007881545021828633	0.25	0.0070140052620475705	14937.822695241333	7.664684226910173	0.6488829326980451	0.4193490390060364	0.03152618008731453	1.152733606060533
72	4	0.007881545021828633	0.25	0.007175133001836744	15171.219306337915	7.979338024946442	0.6676173883795984	0.42380442807197416	0.03152618008731453	1.1425064516068488
73	4	0.007881545021828633	0.25	0.0071635428979904	15339.242762791418	8.297650581792812	0.6848012974395454	0.4283970145288305	0.03152618008731453	1.1553772310088044
74	4	0.007881545021828633	0.25	0.0072696670111829925	15489.729907195862	8.61971976725642	0.7002743374925426	0.433429370529592	0.03152618008731453	1.1485415800214345
75	4	0.006957072699622951	0.25	0.0064194167448789	13944.034722516892	8.85341478200241	0.7138731407355723	0.4509522670598466	0.027828290798491803	1.154756589955668
76	4	0.006957072699622951	0.25	0.006241395457977573	13911.012901221566	9.131285564192034	0.7254313939962224	0.4549319863107922	0.027828290798491803	1.159631445649386
77	4	0.006957072699622951	0.25	0.006307783177066102	14005.487196343074	9.41015674707502	0.7347799439311332	0.4581089071360021	0.027828290798491803	1.1530771434756448
78	4	0.006957072699622951	0.25	0.006364446060560981	13852.75705042646	9.683572095092462	0.7417469073045357	0.4604525133646603	0.027828290798491803	1.161402382819965
79	4	0.006957072699622951	0.25	0.006261420580311407	13928.026690246776	9.957682947515856	0.7461577862683522	0.4619258310025288	0.027828290798491803	1.1541134507154347
80	4	0.00596366699565956	0.25	0.005316091073779196	12164.022308265898	10.134327734005362	0.7478355885569123	0.4771407606941965	0.02385466798263824	1.1318954542204502
81	4	0.00596366699565956	0.25	0.005452861681819252	12241.0141566223	10.36189239194522	0.7478355885569123	0.4771407606941965	0.02385466798263824	1.1510556232201208
82	4	0.00596366699565956	0.25	0.005339066761692166	12263.91310322031	10.588108099444607	0.7478355885569123	0.4771407606941965	0.02385466798263824	1.1391331174155923
83	4	0.00596366699565956	0.25	0.005404171057830442	12273.361034297724	10.812639072906153	0.7478355885569123	0.4771407606941965	0.02385466798263824	1.1397909612992971
84	4	0.004968501455778879	0.25	0.004399753792393512	10505.599065212298	10.938820537314589	0.7478355885569123	0.4927853256182618	0.01987400582311552	1.14064299861159
85	4	0.004968501455778879	0.25	0.004486160617162405	10581.561641056585	11.1157470017392	0.7478355885569123	0.4927853256182618	0.01987400582311552	1.1463142756627964
86	4	0.004968501455778879	0.25	0.004478474246561272	10489.716859756745	11.288779851826765	0.7478355885569123	0.4927853256182618	0.01987400582311552	1.1435910553179942
87	4	0.004968501455778879	0.25	0.004579161748268657	10711.194620240778	11.466235277626927	0.7478355885569123	0.4927853256182618	0.01987400582311552	1.1510680729013922
88	4	0.004968501455778879	0.25	0.004539193878484647	10558.83088907428	11.638209427851493	0.7478355885569123	0.4927853256182618	0.01987400582311552	1.1510698227794305
89	4	0.003977808827587821	0.25	0.0036289734812811865	9005.86117704892	11.718240263128306	0.7478355885569123	0.509412963834412	0.01591123531035129	1.1320578754221473
90	4	0.003977808827587821	0.25	0.0037269772754902593	9094.431203013262	11.849578742074618	0.7478355885569123	0.509412963834412	0.01591123531035129	1.1430279260322858
91	4	0.003977808827587821	0.25	0.0036908495290519775	9018.043753656999	11.977880344248163	0.7478355885569123	0.509412963834412	0.01591123531035129	1.1540937688811137
92	4	0.003977808827587821	0.25	0.003639920231395893	8996.7344074326	12.104634573528207	0.7478355885569123	0.509412963834412	0.01591123531035129	1.1654023421773732
93	4	0.0029822864551100076	0.25	0.002669793097679816	7493.7044895068575	12.140960729985164	0.7478355885569123	0.5272916579206232	0.01192914582044003	1.1421905612332541
94	4	0.0029822864551100076	0.25	0.002747595339037123	7282.745908154443	12.221351164451626	0.7478355885569123	0.5272916579206232	0.01192914582044003	1.1748735909852486
