1	4	0.0	0.25	0.0	0.0	0.00375	0.0		0.0	
2	4	0.0	0.25	0.0	0.0	0.00375	0.0		0.0	
3	4	0.0	0.25	0.0	0.0	0.003638187560413125	0.0		0.0	
4	4	0.0	0.25	0.0	0.0	0.0034478577600169954	0.0		0.0	
5	4	0.0	0.25	0.0	0.0	0.003178274667184105	0.0		0.0	
6	4	0.0	0.25	0.0	0.0	0.002828730719359023	0.0		0.0	
7	4	6.2520653736735186e-06	0.25	0.0	0.0	0.0025188887805460683	0.0	0.0	2.500826149469408e-05	
8	4	6.86678928321324e-06	0.25	2.4143539952547945e-06	3.7024891183127338	0.002571457330589345	0.0	0.0	2.746715713285296e-05	1.9087283487678992
9	4	9.027454722640117e-06	0.25	8.574018533540311e-06	10.140893852386283	0.00274270345955291	0.0	0.0	3.610981889056046e-05	1.8264618005440318
10	4	1.1556033575372818e-05	0.25	8.226365558725565e-06	11.426237621167806	0.002936629289194917	0.0	0.0	4.622413430149127e-05	1.1029044690615266
11	4	1.5000212099474986e-05	0.25	1.0866025282343694e-05	15.110642642637146	0.0031974366654080226	0.0	0.0	6.000084839789994e-05	1.3682376712445872
12	4	1.883811624283863e-05	0.25	1.1465462703218018e-05	16.803621149296934	0.003487894308463786	0.0	0.0	7.535246497135452e-05	1.3422938751008284
13	4	2.470265363850704e-05	0.25	1.8054011864878932e-05	25.40449293433397	0.0039355023026172815	0.0	0.0	9.881061455402816e-05	1.4766015594889816
14	4	3.216203267904221e-05	0.25	2.281783735998033e-05	32.65500860064607	0.004514310348086853	0.0	0.0	0.00012864813071616885	0.963414329412866
15	4	4.2698933660938815e-05	0.25	3.0596274085326195e-05	43.820719738560804	0.005295861140685412	0.0	0.0	0.00017079573464375526	1.4206564488571494
16	4	5.5095888974204505e-05	0.25	3.394974628503305e-05	50.5471957392005	0.0061968216909816225	0.0	0.0	0.00022038355589681802	1.2230240297159023
17	4	6.734967875620414e-05	0.25	3.1323725252330344e-05	50.03967087360729	0.00708272499869037	0.0	0.0	0.0002693987150248165	1.0683256952807347
18	4	9.043245910426836e-05	0.25	6.404729738466513e-05	93.27735227492079	0.008762261066118713	0.0	0.0	0.0003617298364170735	1.2776154938096098
19	4	0.0001164792675063062	0.25	6.921460997561733e-05	107.3283908289	0.010690938263161715	0.0	0.0	0.0004659170700252248	1.245965304871573
20	4	0.00015269679424495292	0.25	0.00010062458012678044	153.19222634502157	0.013455221102310443	0.0	0.0	0.0006107871769798117	1.0755175679670772
21	4	0.00019430432880992884	0.25	0.00011743303698536753	184.77463070707108	0.01678586443828153	0.0	0.0	0.0007772173152397154	1.2306505514588195
22	4	0.00025114942405019214	0.25	0.00016303778018006887	252.95455848264396	0.021355776142225245	0.0	0.0	0.0010045976962007686	1.1612328259725897
23	4	0.00032558271725056747	0.25	0.00021830690817271868	339.11129148246096	0.02748943568654933	0.0	0.0	0.0013023308690022699	1.1981297736917471
24	4	0.0004261875516452727	0.25	0.0002927917350415636	449.9792400756262	0.03563375851112995	0.0	0.0	0.0017047502065810909	1.2101567920911471
25	4	0.0005591061654826187	0.25	0.0003873920919605142	593.9899961235574	0.0463886957188569	0.0	0.0	0.0022364246619304747	1.2025176729052358
26	4	0.0007191092358819353	0.25	0.0004830097801163404	766.2798215942935	0.060572709562699965	0.0	0.0	0.002876436943527741	1.144108628759312
27	4	0.0008734640642992798	0.25	0.0006533310815851276	1021.5963849476967	0.08139071731707481	0.0	0.0	0.003493856257197119	1.14200445878042
28	4	0.0010398000247160847	0.25	0.0007524238485418489	1211.4501854810064	0.10667654669366616	0.0	0.0	0.0041592000988643395	1.1251303357327944
29	4	0.001207479478257607	0.25	0.0009286411526369109	1489.8675300351188	0.13895656207728213	0.0	0.0	0.004829917913030428	1.1773374414282185
30	4	0.001371617221700569	0.25	0.0010753809480372645	1726.8436250783343	0.17717832160470245	0.0	0.0	0.005486468886802276	1.12432059807144
31	4	0.0015450478435629794	0.25	0.001257104796524692	1995.3914968144434	0.22184723489948446	0.0	0.0	0.0061801913742519175	1.1457737615501833
32	4	0.0017201060497421337	0.25	0.00138270113925125	2246.9732145220173	0.2726218640795388	0.0	0.0	0.006880424198968535	1.1863287018038415
33	4	0.0018887258659825894	0.25	0.0015618076053960015	2529.933188682099	0.33044912644453106	0.0	0.0	0.007554903463930358	1.1839457883981566
34	4	0.002069930801023591	0.25	0.0017880892122601215	2874.1284897953838	0.39520437831748456	0.0	0.0	0.008279723204094364	1.1775217437365926
35	4	0.002251278145835689	0.25	0.0018311749783898816	3047.3715836805645	0.4627874754794181	0.0	0.0	0.009005112583342753	1.1611281706958263
36	4	0.0024236398209833802	0.25	0.0020345827445618844	3371.4048120807	0.5375719464164102	0.0	0.0	0.009694559283933521	1.193172606373055
37	4	0.002603254169207174	0.25	0.002123076340287455	3593.3128128160256	0.6166819715396187	0.0	0.0	0.010413016676828696	1.1529932675779722
38	4	0.0027811414605906893	0.25	0.0023304267651448256	3937.962902697813	0.7030064784441215	0.001753764825904922	0.010014146328444443	0.011124565842362759	1.1827114679232469
39	4	0.0029478882554351644	0.25	0.002565493123587598	4293.752597592751	0.7972481217373515	0.0052300752854383785	0.02656670159153961	0.011791553021740658	1.1765077130377068
40	4	0.003123794074808711	0.25	0.0027300171284248523	4594.0990290342515	0.8963297276463673	0.010394365419869394	0.04648274852784536	0.012495176299234844	1.1937327165405511
41	4	0.0032943719310433075	0.25	0.002900387633957425	4935.641051560055	1.002151180378578	0.017208658264277952	0.06791336019520845	0.01317748772417323	1.1795850926628961
42	4	0.0034737651517195768	0.25	0.00293476504477014	5137.003139783828	1.111219388185944	0.02563150462833667	0.08975795835588946	0.013895060606878305	1.1511411600672594
43	4	0.0036578700006114654	0.25	0.0031390984351790147	5585.112962674585	1.2307082411931198	0.03561792504361113	0.11181933979059464	0.014631480002445862	1.1758866210274619
44	4	0.003836298264472629	0.25	0.003478778861636905	5983.479027326396	1.3600601652204016	0.04711935502121583	0.1345043034735377	0.015345193057890515	1.1608970980910804
45	4	0.0039982012528876785	0.25	0.0034604968560224283	6185.800901262039	1.4936827207920056	0.0600835937612076	0.15741349177840913	0.015992805011550718	1.1228247959283175
46	4	0.004165103194964211	0.25	0.003686887887513801	6608.6250491967685	1.6352316848666215	0.07445475645235305	0.17828140469760226	0.016660412779856845	1.155222982773651
47	4	0.004337102455597428	0.25	0.0037724128008808904	6855.996155032452	1.7806360562299504	0.0901732302978728	0.1974700454812712	0.01734840982238971	1.1422865008764294
48	4	0.004522191874725265	0.25	0.003994021617087906	6707.511084143233	1.919900887976942	0.10717563439944396	0.21538432056296214	0.01808876749890106	1.1608832863624798
49	4	0.0047089818701501595	0.25	0.004116363993189753	6934.065549153153	2.063921508374727	0.12539478362813558	0.2329359486614207	0.018835927480600638	1.1263266646373218
50	4	0.0048856053878012186	0.25	0.004276267654024164	6828.711524543008	2.2045602830164315	0.14475965660706314	0.2507744876399003	0.01954242155120488	1.1402800270298443
51	4	0.005074783739651347	0.25	0.004527439037204051	7116.970496648221	2.3491715923025858	0.16519536792637932	0.2657782012576711	0.020299134958605396	1.155071972122319
52	4	0.00525854347628781	0.25	0.004654115354336052	6582.114706939327	2.4770771639819045	0.18662314470677446	0.27908761500147483	0.02103417390515124	1.1316606449763664
53	4	0.00545984372571324	0.25	0.004744361778651363	6388.323652245111	2.597678450887297	0.2089603076229464	0.2909919993135376	0.02183937490285296	1.135715371944607
54	4	0.005666154271760018	0.25	0.005026903901744417	6480.988155595619	2.7196402338902934	0.2321202564935162	0.3024898861107485	0.022664617087040068	1.1523654349493095
55	4	0.005864456367817135	0.25	0.00524372605890431	6817.007717552885	2.8504511379456554	0.25601246053863	0.31451264870338835	0.02345782547126854	1.1467447600611191
56	4	0.006078508791762899	0.25	0.00524845176448816	6721.560325123957	2.976031641652465	0.2805424534009877	0.32467071633933914	0.0243140351670516	1.1346907314900705
57	4	0.006288215017362754	0.25	0.005488508998010275	6064.399905524896	3.0820806916447974	0.3056118330203001	0.3334550021823097	0.025152860069451017	1.1493559302964655
58	4	0.006494809978739747	0.25	0.005877428253377647	6663.39664229785	3.202735311509355	0.33111826644519626	0.34156519478648273	0.025979239914958988	1.1272439184274197
59	4	0.0067039650244852785	0.25	0.00589316499349881	6193.329115376832	3.3103601659545965	0.3569554996603837	0.3495657227638478	0.026815860097941114	1.1376016128025404
60	4	0.006901387720821944	0.25	0.006240974540173773	12259.057965068583	3.578839982286603	0.3830133725004369	0.3583159993215224	0.027605550883287776	1.145418166111137
61	4	0.007111702350368019	0.25	0.006277917896633705	12476.087958849135	3.848830730818317	0.4091778387149298	0.3650612382094029	0.028446809401472074	1.1318112165154632
62	4	0.007312904647031227	0.25	0.00641365911712475	12942.937302961023	4.128082819483891	0.4353309912427789	0.3707501327550341	0.029251618588124906	1.1545006357108711
63	4	0.007523956959693169	0.25	0.0065432194347433345	13448.853355189567	4.418036513079807	0.4613510927466124	0.3757490309571393	0.030095827838772675	1.136240960782653
64	4	0.007734943756413294	0.25	0.006742095782319815	13755.043346504366	4.7144618645616845	0.4871126114507473	0.3808304227169011	0.03093977502565317	1.1350586266952427
65	4	0.007812903128007118	0.25	0.006730085273088597	13975.815051550791	5.0100373800714415	0.5124862623189482	0.3882155542151871	0.031251612512028466	1.1530368515225295
66	4	0.00797660863357483	0.25	0.0069030208563586395	14373.25157806532	5.318577156985353	0.5373390536005784	0.3925860131730784	0.03190643453429932	1.1533719134365172
67	4	0.008102239944192598	0.25	0.007092462767047834	14800.532306458445	5.635968266229023	0.5615343387660311	0.3964192821424065	0.032408959776770385	1.1443601988827137
68	4	0.008214912779483483	0.25	0.007302554924594569	15058.406130702064	5.958097136897469	0.5849318738444796	0.39995523405953415	0.03285965111793393	1.1488553695697856
69	4	0.008306179851450083	0.25	0.007442089376712556	15375.567402046638	6.287674052466202	0.6073878801690021	0.403877631429716	0.03322471940580033	1.1466272629108984
70	4	0.007863128514247522	0.25	0.006922519687670519	14754.695700526941	6.574816765976408	0.6287551125260508	0.4149862235160976	0.03145251405699009	1.1425326631562094
71	4	0.007885319418822038	0.25	0.0070363020802478365	14957.771703244467	6.89169351105368	0.6488829326980451	0.4192979003193626	0.03154127767528815	1.1514966621009848
72	4	0.007885319418822038	0.25	0.0072023493663542345	15318.424952496875	7.217191337825133	0.6676173883795984	0.4237536625451657	0.03154127767528815	1.1517881471451246
73	4	0.007885319418822038	0.25	0.007124915610830008	15349.090133168282	7.542623244517768	0.6848012974395454	0.4283464443360472	0.03154127767528815	1.1364098159061942
74	4	0.007885319418822038	0.25	0.007123191260646177	15338.12404637106	7.867484371655909	0.7002743374925426	0.4333787489935231	0.03154127767528815	1.1400154951159716
75	4	0.006957072699622951	0.25	0.006433707640794234	13749.564227530149	8.102625597222017	0.7138731407355723	0.4509522670598466	0.027828290798491803	1.1460700950276883
76	4	0.006957072699622951	0.25	0.006194154542531513	13664.4440153039	8.38074258407312	0.7254313939962224	0.4549319863107922	0.027828290798491803	1.151694840770139
77	4	0.006957072699622951	0.25	0.0064165513122237975	13862.566744590906	8.662594696328208	0.7347799439311332	0.4581089071360021	0.027828290798491803	1.146337675793924
78	4	0.006957072699622951	0.25	0.006364443476591985	14001.878228276291	8.946675796624673	0.7417469073045357	0.4604525133646603	0.027828290798491803	1.1568046109285015
79	4	0.006957072699622951	0.25	0.006236070336853934	13807.856173294344	9.224245493063632	0.7461577862683522	0.4619258310025288	0.027828290798491803	1.1566122639364314
80	4	0.00596366699565956	0.25	0.005521827357238214	12216.275017489774	9.408871001682973	0.7478355885569123	0.4771407606941965	0.02385466798263824	1.146870679178695
81	4	0.00596366699565956	0.25	0.005361579075578425	12355.257729581464	9.645981486001288	0.7478355885569123	0.4771407606941965	0.02385466798263824	1.1465570258756008
82	4	0.00596366699565956	0.25	0.005257198475290358	12215.262415203342	9.877355721586401	0.7478355885569123	0.4771407606941965	0.02385466798263824	1.1430430568728362
83	4	0.00596366699565956	0.25	0.005353051712790149	12315.892610680388	10.109406555254628	0.7478355885569123	0.4771407606941965	0.02385466798263824	1.1541551439711946
84	4	0.004968501455778879	0.25	0.004447781122871939	10579.554492127849	10.24386997932506	0.7478355885569123	0.4927853256182618	0.01987400582311552	1.1544564807466509
85	4	0.004968501455778879	0.25	0.004504263492659377	10650.374948863888	10.428868082977537	0.7478355885569123	0.4927853256182618	0.01987400582311552	1.164320553681662
86	4	0.004968501455778879	0.25	0.004380428555769822	10579.335911143336	10.610449324004867	0.7478355885569123	0.4927853256182618	0.01987400582311552	1.1729044793210055
87	4	0.004968501455778879	0.25	0.004531892403021231	10552.829855012309	10.789827944564808	0.7478355885569123	0.4927853256182618	0.01987400582311552	1.1632688333561392
88	4	0.004968501455778879	0.25	0.004424841609793578	10501.998836558843	10.966389053608212	0.7478355885569123	0.4927853256182618	0.01987400582311552	1.1416695664244765
89	4	0.003977808827587821	0.25	0.003736184064320913	9086.844184426634	11.05460470954603	0.7478355885569123	0.509412963834412	0.01591123531035129	1.1649330333077712
90	4	0.003977808827587821	0.25	0.0035710007950665	8976.60967176917	11.188804713120556	0.7478355885569123	0.509412963834412	0.01591123531035129	1.1395917623591136
91	4	0.003977808827587821	0.25	0.003571267318592393	8805.040643105858	11.317428721417468	0.7478355885569123	0.509412963834412	0.01591123531035129	1.1541520243467869
92	4	0.003977808827587821	0.25	0.0035541705364681908	8881.541219316738	11.447085223977599	0.7478355885569123	0.509412963834412	0.01591123531035129	1.1629816711965968
93	4	0.0029822864551100076	0.25	0.0027363027334043628	7286.357773752371	11.483854127204301	0.7478355885569123	0.5272916579206232	0.01192914582044003	1.1552977043648591
94	4	0.0029822864551100076	0.25	0.0026499770142575435	7273.491510675416	11.569914149475956	0.7478355885569123	0.5272916579206232	0.01192914582044003	1.1557105660002087
