1	4	0.0	0.25	0.0	0.0	0.00375	0.0		0.0	
2	4	0.0	0.25	0.0	0.0	0.00375	0.0		0.0	
3	4	0.0	0.25	0.0	0.0	0.003638187560413125	0.0		0.0	
4	4	0.0	0.25	0.0	0.0	0.0034478577600169954	0.0		0.0	
5	4	0.0	0.25	0.0	0.0	0.003178274667184105	0.0		0.0	
6	4	0.0	0.25	0.0	0.0	0.002828730719359023	0.0		0.0	
7	4	6.2520653736735186e-06	0.25	0.0	0.0	0.0025188887805460683	0.0	0.0	2.500826149469408e-05	
8	4	7.226765791057802e-06	0.25	3.639551579685659e-06	5.367892314165045	0.002602240976342117	0.0	0.0	2.8907063164231207e-05	2.3598605230876246
9	4	8.851274091960399e-06	0.25	5.496744774453154e-06	7.852461589649094	0.0027309933287065547	0.0	0.0	3.5405096367841594e-05	1.5100718108693567
10	4	1.1944775586530205e-05	0.25	1.3114508494291396e-05	13.766191773826987	0.0029682451127214762	0.0	0.0	4.777910234612082e-05	1.4441656013622028
11	4	1.571577258762106e-05	0.25	1.203858629268107e-05	16.460293704230295	0.0032538005293990644	0.0	0.0	6.286309035048424e-05	1.5604671741445904
12	4	1.8763047476362214e-05	0.25	8.82977878958958e-06	13.585696028573398	0.0034844223085952067	0.0	0.0	7.505218990544887e-05	1.858716072806403
13	4	2.485763672457117e-05	0.25	1.8984985284386183e-05	26.35323420110465	0.003949588899671115	0.0	0.0	9.943054689828465e-05	1.1170917659521422
14	4	3.359288233337319e-05	0.25	3.2227999454848196e-05	38.015759363491405	0.004627397388829835	0.0	0.0	0.00013437152933349275	1.2965730548984018
15	4	4.5272633943827727e-05	0.25	3.4604722213919646e-05	48.44525357004224	0.005493716541319581	0.0	0.0	0.0001810905357753109	1.3159603021665371
16	4	5.919996234335992e-05	0.25	3.867623466740193e-05	56.631733483673045	0.006505898415168177	0.0	0.0	0.00023679984937343969	1.3060370002219657
17	4	7.825786882454503e-05	0.25	5.1888577963315447e-05	76.75759475646677	0.0078837139881501	0.0	0.0	0.0003130314752981801	1.218302975822012
18	4	0.00010325804833952447	0.25	6.73568808271566e-05	101.09802791430651	0.009702762757598378	0.0	0.0	0.000413032193358098	1.3734539725743258
19	4	0.00013396425345720613	0.25	8.206787706359628e-05	126.314204273739	0.011976452366862156	0.0	0.0	0.0005358570138288245	1.3411137012160457
20	4	0.0001755920932528614	0.25	0.00011567427972490444	175.9704862539018	0.015153674378965297	0.0	0.0	0.0007023683730114456	1.196539860461776
21	4	0.00022941625147098312	0.25	0.00015652023324523636	238.2597310319697	0.019462246750718948	0.0	0.0	0.0009176650058839325	1.1889376635791888
22	4	0.00030070110125178837	0.25	0.000216950139079492	316.6688247787805	0.025193004487165355	0.0	0.0	0.0012028044050071535	1.1702695607507925
23	4	0.00039046769777442193	0.25	0.000264388024973208	408.77684944939904	0.032590201599488784	0.0	0.0	0.0015618707910976875	1.1377774779665677
24	4	0.0005124434382651002	0.25	0.00035604976313502175	545.3139833107647	0.04246457605972485	0.0	0.0	0.0020497737530604013	1.16939946298366
25	4	0.000656734306120105	0.25	0.0004019336709245796	646.0996536443572	0.05413968444844161	0.0	0.0	0.002626937224480421	1.1381799425945216
26	4	0.0008167373765194219	0.25	0.0005625192676118972	893.7003000492383	0.07161860454779967	0.0	0.0	0.0032669495060776875	1.2179135977154611
27	4	0.000971092204936766	0.25	0.0007291221063294191	1155.7203445691684	0.0958788765250732	0.0	0.0	0.003884368819747065	1.1292195635737394
28	4	0.0011374281653535713	0.25	0.0008980241340921449	1412.7535795449567	0.12634992989244526	0.0	0.0	0.004549712661414285	1.1865804190614813
29	4	0.0013051076188950936	0.25	0.0010201804821597694	1632.3726891647545	0.16221587605924934	0.0	0.0	0.005220430475580374	1.1916594019503643
30	4	0.0014692453623380553	0.25	0.001164178479958172	1880.047631561981	0.20427380675603912	0.0	0.0	0.005876981449352221	1.1847510849850442
31	4	0.0016426759842004654	0.25	0.0012891701837305055	2100.508460744454	0.2514745792339949	0.0	0.0	0.0065707039368018616	1.1846535807479528
32	4	0.0018177341903796204	0.25	0.0014632039529225824	2388.51758796635	0.3057201830402097	0.0	0.0	0.0072709367615184815	1.198891018068584
33	4	0.001986354006620076	0.25	0.0016241034632771142	2656.5234998623696	0.3665923042915822	0.0	0.0	0.007945416026480304	1.1635039433152563
34	4	0.002167558941661078	0.25	0.0018673786127484848	3009.7048640687153	0.4346022973029737	0.0	0.0	0.008670235766644312	1.163656099782616
35	4	0.0023489062864731755	0.25	0.0019525992120500886	3233.8947715026507	0.5067561444916681	0.0	0.0	0.009395625145892702	1.1789928098937228
36	4	0.002521267961620866	0.25	0.0020827928897257236	3470.467521436511	0.5837607473107994	0.0	0.0	0.010085071846483464	1.1824985682319575
37	4	0.0027008823098446607	0.25	0.002307104859232972	3826.943927828015	0.6686243364489649	0.0	0.0	0.010803529239378641	1.1671498722424591
38	4	0.0028787696012281764	0.25	0.0025050240076018087	4148.324833470996	0.7600361792132803	0.001753764825904922	0.009742588723570212	0.011515078404912706	1.1729971465062314
39	4	0.003045516396072651	0.25	0.002528579953547517	4339.367727360794	0.8549690683162428	0.0052300752854383785	0.02592390272433793	0.012182065584290604	1.1721459464893098
40	4	0.0032214222154461967	0.25	0.0026713268828142483	4593.887368913416	0.9535255966088978	0.010394365419869394	0.04548974152557793	0.012885688861784787	1.1541133575216171
41	4	0.003392000071680794	0.25	0.0028424968901267504	4969.062385818637	1.059714810272878	0.017208658264277952	0.06662978405166613	0.013568000286723177	1.1573503564652683
42	4	0.0035713932923570634	0.25	0.0029811497888804074	5300.645165946085	1.1725860767540357	0.02563150462833667	0.08824942208416367	0.014285573169428254	1.1248681284410211
43	4	0.0037554981412489525	0.25	0.003317893254681225	5749.574360073277	1.2958653972238086	0.03561792504361113	0.11013160080478386	0.01502199256499581	1.1625975821607952
44	4	0.0039339264051101155	0.25	0.00333274379049248	5978.701940217653	1.4245047630846206	0.04711935502121583	0.13265585105682606	0.015735705620440462	1.1363967605327798
45	4	0.004095829393525165	0.25	0.0035281947230943406	6343.080753699546	1.5617004490589117	0.0600835937612076	0.1554257767538149	0.01638331757410066	1.1509888707852065
46	4	0.004262731335601697	0.25	0.0037462782359922787	6690.251526126806	1.70479268232894	0.07445475645235305	0.17622163882543435	0.017050925342406792	1.1518748519111697
47	4	0.0044347305962349134	0.25	0.0038849997735506477	7050.148808263913	1.854697799676338	0.0901732302978728	0.19538146134795484	0.01773892238493965	1.1628379415369643
48	4	0.004619820015362752	0.25	0.003961969756260524	6763.0849229100395	1.9947635585187888	0.10717563439944396	0.21329195521265107	0.018479280061451008	1.1382103131344286
49	4	0.004806610010787645	0.25	0.00400939648226209	6903.7873205552805	2.137310887977341	0.12539478362813558	0.23084271245293544	0.01922644004315058	1.152670361402542
50	4	0.004983233528438706	0.25	0.004297516721744169	6882.119482680016	2.2786994487451886	0.14475965660706314	0.2486716434514029	0.019932934113754824	1.1376052587663217
51	4	0.005172411880288835	0.25	0.004530504834655466	7183.981743764964	2.4244130045311487	0.16519536792637932	0.2637071614870515	0.02068964752115534	1.152853844516544
52	4	0.005356171616925295	0.25	0.00472194935251307	6591.61240417451	2.551892199693602	0.18662314470677446	0.277065053045286	0.02142468646770118	1.1398785987996591
53	4	0.005557471866350728	0.25	0.004765824516122628	6474.012380716346	2.6740828478416017	0.2089603076229464	0.2890272773337426	0.02222988746540291	1.140361211477024
54	4	0.005763782412397504	0.25	0.004908550688222725	6468.565472139246	2.7950289578926597	0.2321202564935162	0.3005778337143428	0.023055129649590014	1.1613911292585182
55	4	0.005962084508454622	0.25	0.005109520418497212	6802.90441863555	2.9247889517207897	0.25601246053863	0.31263781161179777	0.023848338033818486	1.1508391547721384
56	4	0.006176136932400386	0.25	0.005489604398904296	6820.585954652544	3.0523152858769547	0.2805424534009877	0.32284687883037105	0.024704547729601543	1.1511855123991557
57	4	0.006385843158000241	0.25	0.005523104380905408	6220.301128605761	3.1617945107679404	0.3056118330203001	0.33168838537621753	0.025543372632000964	1.1625904116405226
58	4	0.006592438119377235	0.25	0.005538721239558935	6567.784560135263	3.2792069736188036	0.33111826644519626	0.33985388853765275	0.02636975247750893	1.1510935635420705
59	4	0.006801593165122765	0.25	0.005844868518960543	6241.42373487701	3.3874135696275816	0.3569554996603837	0.3479026260997597	0.02720637266049106	1.1477975677858432
60	4	0.0069990158614594315	0.25	0.00598865093949988	6029.068269519369	3.4906907974258603	0.3830133725004369	0.3566871356699577	0.02799606344583772	1.1325461601239353
61	4	0.007209330491005504	0.25	0.006159711668377612	6097.043602949154	3.593029843359425	0.4091778387149298	0.3634782522167114	0.028837321964022018	1.1532688842755208
62	4	0.007410532787668712	0.25	0.00624988463712252	5540.700916165271	3.679120685982402	0.4353309912427789	0.3692152106647715	0.02964213115067485	1.1536577021335512
63	4	0.0076215851003306545	0.25	0.006451491483722136	5378.069085495258	3.759997909354282	0.4613510927466124	0.37426108891547655	0.030486340401322618	1.149815155867706
64	4	0.007832571897050779	0.25	0.006769631144375691	5470.353614516065	3.843580091206808	0.4871126114507473	0.3793825690956145	0.031330287588203116	1.1404904125455089
65	4	0.007891612033343508	0.25	0.0070137979138186705	5708.434030824583	3.9277391176784064	0.5124862623189482	0.3870616633402816	0.03156644813337403	1.1506658054179626
66	4	0.008055317538911219	0.25	0.0070616574236967095	5838.450984619749	4.020649634483332	0.5373390536005784	0.3914604543693034	0.032221270155644875	1.1612233972224126
67	4	0.008180948849528987	0.25	0.007181095332317771	5584.8909767517225	4.106373866477283	0.5615343387660311	0.3953209790901658	0.03272379539811595	1.15871858098514
68	4	0.00829362168481987	0.25	0.00718931614903274	5498.637019173111	4.189833823584463	0.5849318738444796	0.3988818768478668	0.03317448673927948	1.159892691644377
69	4	0.008384888756786472	0.25	0.007352060352226826	5403.471092518763	4.2720019338236215	0.6073878801690021	0.4028235058298464	0.03353955502714589	1.148162593856226
70	4	0.007883985803023543	0.25	0.007040136001012745	5513.446639316493	4.330368692863267	0.6287551125260508	0.4147007834952468	0.031535943212094165	1.1755325928888347
71	4	0.007906176707598061	0.25	0.007046693887956862	5539.316338680095	4.418741738241872	0.6488829326980451	0.4190155330736681	0.031624706830392244	1.1521923889852386
72	4	0.007906176707598061	0.25	0.006962812728686649	15048.61657709025	4.759371571007642	0.6676173883795984	0.4234733517843438	0.031624706830392244	1.1255336480651958
73	4	0.007906176707598061	0.25	0.007145269436400952	15157.017358310906	5.1018519819087516	0.6848012974395454	0.428067208977049	0.031624706830392244	1.1438650525976095
74	4	0.007906176707598061	0.25	0.0069956769006938035	15234.999620509308	5.4459569468210685	0.7002743374925426	0.4330992278475285	0.031624706830392244	1.1443397798697519
75	4	0.006957072699622951	0.25	0.006092291583261461	13604.373712175138	5.698015154023423	0.7138731407355723	0.4509522670598466	0.027828290798491803	1.1470731147532247
76	4	0.006957072699622951	0.25	0.006211401261530303	13688.281386140468	5.998403084477623	0.7254313939962224	0.4549319863107922	0.027828290798491803	1.16022052830419
77	4	0.006957072699622951	0.25	0.00637476374514555	13842.38736133892	6.301163395434918	0.7347799439311332	0.4581089071360021	0.027828290798491803	1.138798518015356
78	4	0.006957072699622951	0.25	0.0062468006470385255	13753.719962176785	6.599944510264801	0.7417469073045357	0.4604525133646603	0.027828290798491803	1.1298604484286296
79	4	0.006957072699622951	0.25	0.006248043838369632	13784.935570052916	6.898029546831805	0.7461577862683522	0.4619258310025288	0.027828290798491803	1.1459901216138997
80	4	0.00596366699565956	0.25	0.005285009009050407	12074.014885680072	7.0998344779266676	0.7478355885569123	0.4771407606941965	0.02385466798263824	1.1477968548289943
81	4	0.00596366699565956	0.25	0.005317998907455591	12193.13170526188	7.353445191160607	0.7478355885569123	0.4771407606941965	0.02385466798263824	1.1470811659377884
82	4	0.00596366699565956	0.25	0.005487980640249054	12378.827074861088	7.609771341802205	0.7478355885569123	0.4771407606941965	0.02385466798263824	1.1569558392260215
83	4	0.00596366699565956	0.25	0.005445314640465742	12336.019608534883	7.8627619083938365	0.7478355885569123	0.4771407606941965	0.02385466798263824	1.1329948533194585
84	4	0.004968501455778879	0.25	0.004565434537840829	10781.361229543165	8.022774042994204	0.7478355885569123	0.4927853256182618	0.01987400582311552	1.1438301789478746
85	4	0.004968501455778879	0.25	0.004398775546490089	10578.661071483397	8.225868333427552	0.7478355885569123	0.4927853256182618	0.01987400582311552	1.136835211638582
86	4	0.004968501455778879	0.25	0.0045346358342293535	10649.633333593001	8.429132845938042	0.7478355885569123	0.4927853256182618	0.01987400582311552	1.1657951753054758
87	4	0.004968501455778879	0.25	0.004466724896306703	10435.77620395602	8.625052396090789	0.7478355885569123	0.4927853256182618	0.01987400582311552	1.1406353351211629
88	4	0.004968501455778879	0.25	0.004539537147991379	10626.004286859215	8.824370972991092	0.7478355885569123	0.4927853256182618	0.01987400582311552	1.1541565767216695
89	4	0.003977808827587821	0.25	0.003700667566192357	8964.832652756922	8.928642955149193	0.7478355885569123	0.509412963834412	0.01591123531035129	1.1510557597596394
90	4	0.003977808827587821	0.25	0.003529490127496471	8839.756081278527	9.078362858602793	0.7478355885569123	0.509412963834412	0.01591123531035129	1.1434334477287615
91	4	0.003977808827587821	0.25	0.0035017663372782252	8718.006887451047	9.223682630238548	0.7478355885569123	0.509412963834412	0.01591123531035129	1.1459294763385839
92	4	0.003977808827587821	0.25	0.0035857819013317047	8940.245040710222	9.373732980727004	0.7478355885569123	0.509412963834412	0.01591123531035129	1.1448908277813
93	4	0.0029822864551100076	0.25	0.0026235209154443643	7299.752120399324	9.42951574526052	0.7478355885569123	0.5272916579206232	0.01192914582044003	1.1659277735092823
94	4	0.0029822864551100076	0.25	0.0027263777017826557	7304.909366018059	9.534894432857843	0.7478355885569123	0.5272916579206232	0.01192914582044003	1.158679423572388
