1	4	0.0	0.25	0.0	0.0	0.00375	0.0		0.0	
2	4	0.0	0.25	0.0	0.0	0.00375	0.0		0.0	
3	4	0.0	0.25	0.0	0.0	0.003638187560413125	0.0		0.0	
4	4	0.0	0.25	0.0	0.0	0.0034478577600169954	0.0		0.0	
5	4	0.0	0.25	0.0	0.0	0.003178274667184105	0.0		0.0	
6	4	0.0	0.25	0.0	0.0	0.002828730719359023	0.0		0.0	
7	4	6.2520653736735186e-06	0.25	0.0	0.0	0.0025188887805460683	0.0	0.0	2.500826149469408e-05	
8	4	7.991159782092204e-06	0.25	6.971092025685578e-06	8.904301407029209	0.002667608669296437	0.0	0.0	3.1964639128368814e-05	1.2122383944658366
9	4	8.071227088115566e-06	0.25	7.904835814419347e-07	1.2525164689991	0.0026739544995961428	0.0	0.0	3.228490835246226e-05	1.9001069548631195
10	4	8.791327550927112e-06	0.25	2.4586880724268917e-06	3.899168714009624	0.002729181600592184	0.0	0.0	3.516531020370846e-05	2.1443760683546804
11	4	1.0884745543630302e-05	0.25	6.503669531595394e-06	9.506284951141069	0.002887703828802334	0.0	0.0	4.353898217452121e-05	0.9556670135402386
12	4	1.0904975236521204e-05	0.25	6.567466489995887e-07	1.0670488275164176	0.0028892348386184595	0.0	0.0	4.3619900946084816e-05	1.441039797485686
13	4	1.4473230547203046e-05	0.25	1.1611103339708238e-05	15.718697519429512	0.0031615802078238018	0.0	0.0	5.789292218881217e-05	0.9944367600741344
14	4	1.7200271830155012e-05	0.25	7.974548407427182e-06	12.525390345913909	0.003373184072746454	0.0	0.0	6.880108732062005e-05	0.9259138812898204
15	4	2.14667267671536e-05	0.25	1.1939942227215491e-05	18.26996583934678	0.003689638715655805	0.0	0.0	8.58669070686144e-05	1.1544426144066464
16	4	2.8055991489209228e-05	0.25	1.8554051797109152e-05	27.165136804822712	0.004168519813474878	0.0	0.0	0.00011222396595683691	1.122858285193447
17	4	3.648901250103253e-05	0.25	2.520472164809095e-05	34.40439120064131	0.0047781957864808785	0.0	0.0	0.00014595605000413013	1.0860444124836892
18	4	4.719926653613349e-05	0.25	2.9669501429496943e-05	43.788533698108225	0.005557489167608621	0.0	0.0	0.000188797066144534	1.1159567539292272
19	4	6.345329906250346e-05	0.25	4.5629023019190774e-05	67.00683682707907	0.006761044759131782	0.0	0.0	0.00025381319625001383	1.1641182658225773
20	4	8.62353669316573e-05	0.25	7.252010087708882e-05	96.37546667529708	0.008499873578268778	0.0	0.0	0.0003449414677266292	1.1318574972140043
21	4	0.00011303704752193874	0.25	7.910478373286354e-05	118.96636552352626	0.01064532246833565	0.0	0.0	0.000452148190087755	1.3983293829850112
22	4	0.0001478990156760425	0.25	0.00010145859636923038	155.2516006185501	0.013447958572938536	0.0	0.0	0.00059159606270417	1.145545072207079
23	4	0.00019355756278346747	0.25	0.0001402314964668395	208.13478050866027	0.0172104413438072	0.0	0.0	0.0007742302511338699	1.2327675548803625
24	4	0.0002545106758417027	0.25	0.00017651283700542055	272.81674572894167	0.022144814854744118	0.0	0.0	0.0010180427033668108	1.1852956613734154
25	4	0.00032827481641053296	0.25	0.00020698637523520143	330.4466558429212	0.02811334459709095	0.0	0.0	0.001313099265642132	1.2194804971920712
26	4	0.0004296232010237977	0.25	0.00029631270665114734	459.977984257593	0.03643855558274348	0.0	0.0	0.0017184928040951909	1.1487098086660594
27	4	0.0005595464668188961	0.25	0.00038661766571811384	608.8316464814401	0.047462758602464426	0.0	0.0	0.0022381858672755844	1.1566655736818543
28	4	0.0007258824272357013	0.25	0.0004978806252068178	794.4616667855742	0.06204294078281568	0.0	0.0	0.0029035297089428052	1.2125514402533892
29	4	0.0008935618807772235	0.25	0.0006581609727670559	1047.9305005179406	0.0830548694181987	0.0	0.0	0.003574247523108893	1.1307125175701538
30	4	0.0010576996242201856	0.25	0.0008168173027830668	1311.3766758003853	0.11080892391691724	0.0	0.0	0.004230798496880742	1.1529806415898145
31	4	0.0012311302460825955	0.25	0.0009501748633088071	1536.5689422621674	0.14395949341538186	0.0	0.0	0.004924520984330382	1.1801989233923071
32	4	0.0014061884522617507	0.25	0.00110501288365334	1783.2073784648721	0.18318891160186812	0.0	0.0	0.005624753809047003	1.1789101642193631
33	4	0.0015748082685022064	0.25	0.0012137750781247608	2014.6078106002014	0.2282133886055289	0.0	0.0	0.0062992330740088255	1.156070777500541
34	4	0.001756013203543208	0.25	0.0014138642743034213	2336.229699663445	0.2796850066668094	0.0	0.0	0.007024052814172832	1.176160721110691
35	4	0.0019373605483553051	0.25	0.0015663072794204153	2582.6079084170897	0.3360352285645918	0.0	0.0	0.0077494421934212205	1.1785100983976375
36	4	0.002109722223502996	0.25	0.001688032455219923	2844.840254486665	0.3980560060159892	0.0	0.0	0.008438888894011985	1.155916482301698
37	4	0.002289336571726791	0.25	0.0019130698277784453	3162.293852871344	0.4670401879465022	0.0	0.0	0.00915734628690716	1.1521532955316311
38	4	0.002467223863110306	0.25	0.0020868721763141053	3496.3425754079217	0.5430500445409263	0.001753764825904922	0.011000021122139613	0.009868895452441224	1.2013483917574972
39	4	0.0026339706579547807	0.25	0.0022691225574791307	3773.791206598596	0.6250011952486935	0.0052300752854383785	0.028868340453740614	0.010535882631819123	1.1897392115741634
40	4	0.002809876477328328	0.25	0.002397105206646221	4073.4666163665056	0.7118852040072025	0.010394365419869394	0.04999170025202991	0.011239505909313309	1.1877092358570558
41	4	0.002980454333562924	0.25	0.0025570366514010854	4384.721462775201	0.8048190747907129	0.017208658264277952	0.07239792158361429	0.011921817334251695	1.1550763123108574
42	4	0.003159847554239193	0.25	0.0027414529461103733	4781.520332705702	0.9062763925446644	0.02563150462833667	0.09497842715038074	0.01263939021695677	1.1414409663583451
43	4	0.003343952403131082	0.25	0.002999139497951542	5208.75542933026	1.0176716354871216	0.03561792504361113	0.11761491257670766	0.013375809612524329	1.155880126497366
44	4	0.003522380666992245	0.25	0.0030221854522858352	5475.654800511607	1.135531282432486	0.04711935502121583	0.1408133896860578	0.01408952266796898	1.1264311870306856
45	4	0.0036842836554072953	0.25	0.0031936920766640732	5778.067076296742	1.2604079785671474	0.0600835937612076	0.1641642135366848	0.014737134621629181	1.144540142763042
46	4	0.003851185597483827	0.25	0.003391376622407841	6188.126290944434	1.392952725111376	0.07445475645235305	0.18524353798120893	0.015404742389935309	1.1617408419335338
47	4	0.004023184858117043	0.25	0.003537996887513201	6478.1224030087915	1.5305594728165657	0.0901732302978728	0.20449916291920192	0.016092739432468167	1.1690778043564716
48	4	0.004208274277244882	0.25	0.003490314836730767	6107.377180810728	1.6562278579628795	0.10717563439944396	0.22239947849035466	0.016833097108979532	1.1400419052181
49	4	0.004395064272669775	0.25	0.003902016601113736	6437.357272461367	1.7895054568764672	0.12539478362813558	0.2399316333082136	0.0175802570906791	1.1383417313336222
50	4	0.004571687790320837	0.25	0.0040933968511329185	6456.41377663467	1.922783081650389	0.14475965660706314	0.2577838278891069	0.018286751161283348	1.148711223714081
51	4	0.004760866142170965	0.25	0.004219609474275304	6727.628435295456	2.0596494192767567	0.16519536792637932	0.27266368501937466	0.01904346456868386	1.1432061984855109
52	4	0.0049446258788074255	0.25	0.004395724862142776	6127.8823891546335	2.1781662319298847	0.18662314470677446	0.28579598251088745	0.019778503515229702	1.1557191265333728
53	4	0.005145926128232858	0.25	0.004586219822276231	6171.818972222695	2.2957406946430745	0.2089603076229464	0.2974945221958131	0.02058370451293143	1.1627837838081163
54	4	0.005352236674279635	0.25	0.004612022661125594	6038.237955389929	2.4087286556656373	0.2321202564935162	0.3088062859667985	0.02140894669711854	1.1683285826459608
55	4	0.005550538770336753	0.25	0.0049070247537395355	6430.643106643625	2.532135420009351	0.25601246053863	0.3206964689491211	0.02220215508134701	1.1232008894153156
56	4	0.0057645911942825175	0.25	0.0050369480763071475	6411.35369263557	2.6523894488400988	0.2805424534009877	0.3306773992737126	0.023058364777130063	1.1566875395620484
57	4	0.005974297419882372	0.25	0.0051421560157420545	5793.943944972078	2.7542096184733853	0.3056118330203001	0.33926521541690896	0.023897189679529487	1.1443471956801543
58	4	0.006180892381259365	0.25	0.005336192556387515	6250.115980012348	2.8669019888281744	0.33111826644519626	0.3471865236818478	0.02472356952503746	1.1421992827392466
59	4	0.006390047427004896	0.25	0.005625428213332815	5908.8273113411215	2.9700367885401784	0.3569554996603837	0.35502275627365765	0.025560189708019584	1.1340831251520809
60	4	0.006587470123341562	0.25	0.005742900944244229	5753.074106413308	3.0697825054972645	0.3830133725004369	0.3636558424516372	0.026349880493366246	1.1538920247122426
61	4	0.006797784752887636	0.25	0.005998507943694465	5826.386400938328	3.1687627519818884	0.4091778387149298	0.3702460103164951	0.027191139011550545	1.1735118841975534
62	4	0.006998987049550843	0.25	0.006076601018198633	5304.694953709942	3.252440024982669	0.4353309912427789	0.3757732493142384	0.027995948198203374	1.1449206515542214
63	4	0.007210039362212786	0.25	0.006401544104141631	5227.740476692131	3.3331877970594905	0.4613510927466124	0.3806146429612425	0.028840157448851145	1.162966819168468
64	4	0.007421026158932909	0.25	0.006434124083233926	5157.087732613827	3.41233917104516	0.4871126114507473	0.3855617376394265	0.029684104635731637	1.1435219887927963
65	4	0.007549965320133339	0.25	0.0065651019384742725	5434.1216381344675	3.4966308240022226	0.5124862623189482	0.3921206660656846	0.030199861280533355	1.1526991434886609
66	4	0.00771367082570105	0.25	0.006622813824256392	5515.6768208437325	3.584898140881565	0.5373390536005784	0.3963934785232601	0.0308546833028042	1.1480305630742622
67	4	0.007839302136318818	0.25	0.006854495220267604	5323.595676366109	3.6676443726159498	0.5615343387660311	0.4001329737435365	0.031357208545275274	1.1401445437965019
68	4	0.007951974971609703	0.25	0.0070046100387170926	5316.389900725806	3.7502404777581617	0.5849318738444796	0.4035831917199226	0.03180789988643881	1.144540874515292
69	4	0.008043242043576301	0.25	0.007104565604519687	5176.609799913347	3.830374428817217	0.6073878801690021	0.40743943348701295	0.032172968174305205	1.1485025301389122
70	4	0.00776096409742962	0.25	0.00695876479529265	5458.449173696982	3.902194822705584	0.6287551125260508	0.4163900783033966	0.03104385638971848	1.1399549947723309
71	4	0.0077831550020041355	0.25	0.006956396991427736	5490.871071812776	3.99314218719871	0.6488829326980451	0.4206865241096826	0.031132620008016542	1.1554803116227683
72	4	0.0077831550020041355	0.25	0.006948222127619125	5611.6670894890285	4.088410327754271	0.6676173883795984	0.4251320755535644	0.031132620008016542	1.144313798529789
73	4	0.0077831550020041355	0.25	0.00679029447712494	5492.5898328014755	4.1817305166060565	0.6848012974395454	0.4297194910370522	0.031132620008016542	1.1413505366465473
74	4	0.0077831550020041355	0.25	0.007013489471639993	5576.466950210951	4.279073361014202	0.7002743374925426	0.4347531447227547	0.031132620008016542	1.1402285024684806
75	4	0.006957072699622951	0.25	0.006149000821207411	5273.0404294049595	4.327787419103683	0.7138731407355723	0.4509522670598466	0.027828290798491803	1.138942200039097
76	4	0.006957072699622951	0.25	0.006288160341476953	5960.547278367241	4.4364488523223	0.7254313939962224	0.4549319863107922	0.027828290798491803	1.1457089466489567
77	4	0.006957072699622951	0.25	0.006526396147151741	5613.867298733103	4.535984450595826	0.7347799439311332	0.4581089071360021	0.027828290798491803	1.1486865333013982
78	4	0.006957072699622951	0.25	0.006226348959873264	5769.065748072936	4.639809396751635	0.7417469073045357	0.4604525133646603	0.027828290798491803	1.1433736567580908
79	4	0.006957072699622951	0.25	0.00627063006491801	5522.640382549184	4.737361482619034	0.7461577862683522	0.4619258310025288	0.027828290798491803	1.1614310468895988
80	4	0.00596366699565956	0.25	0.0053326111450005854	5224.769432358865	4.777751250851411	0.7478355885569123	0.4771407606941965	0.02385466798263824	1.1477524879958976
81	4	0.00596366699565956	0.25	0.005404023084822881	5979.630723199915	4.888187006196702	0.7478355885569123	0.4771407606941965	0.02385466798263824	1.1451247241052551
82	4	0.00596366699565956	0.25	0.005360097050244575	5885.408384850349	4.995235266574549	0.7478355885569123	0.4771407606941965	0.02385466798263824	1.1634951165433474
83	4	0.00596366699565956	0.25	0.005483659835311528	5513.9657476580005	5.091613503592915	0.7478355885569123	0.4771407606941965	0.02385466798263824	1.1621279408985483
84	4	0.004968501455778879	0.25	0.0044553790840260055	10655.1377971131	5.273232917879743	0.7478355885569123	0.4927853256182618	0.01987400582311552	1.1608974333595208
85	4	0.004968501455778879	0.25	0.004529879561789063	10629.786120501907	5.502423086483502	0.7478355885569123	0.4927853256182618	0.01987400582311552	1.1526927867229806
86	4	0.004968501455778879	0.25	0.0044545362554785145	10670.939164869398	5.7307612079971735	0.7478355885569123	0.4927853256182618	0.01987400582311552	1.16006877834977
87	4	0.004968501455778879	0.25	0.004458154423818724	10658.175131388643	5.956838768969173	0.7478355885569123	0.4927853256182618	0.01987400582311552	1.1716125893795644
88	4	0.004968501455778879	0.25	0.00452095702159028	10576.557206440844	6.1788655689080425	0.7478355885569123	0.4927853256182618	0.01987400582311552	1.1489422489915708
89	4	0.003977808827587821	0.25	0.0036029416313357	9010.21360666386	6.308145429171757	0.7478355885569123	0.509412963834412	0.01591123531035129	1.1583472888039883
90	4	0.003977808827587821	0.25	0.003559582912804606	8744.45145372269	6.478933196363911	0.7478355885569123	0.509412963834412	0.01591123531035129	1.1607626002035758
91	4	0.003977808827587821	0.25	0.0034292244639225	8628.716078905523	6.645290021869365	0.7478355885569123	0.509412963834412	0.01591123531035129	1.160897684346437
92	4	0.003977808827587821	0.25	0.0035087573517436988	8825.732435282327	6.815522085974218	0.7478355885569123	0.509412963834412	0.01591123531035129	1.1594455304189517
93	4	0.0029822864551100076	0.25	0.0026051473977415085	7259.836461847995	6.8932747356808015	0.7478355885569123	0.5272916579206232	0.01192914582044003	1.15462425129235
94	4	0.0029822864551100076	0.25	0.0026697061343217638	7281.3037672958335	7.020856262924487	0.7478355885569123	0.5272916579206232	0.01192914582044003	1.1600195015489447
