1	4	0.0	0.25	0.0	0.0	0.00375	0.0		0.0	
2	4	0.0	0.25	0.0	0.0	0.00375	0.0		0.0	
3	4	0.0	0.25	0.0	0.0	0.003638187560413125	0.0		0.0	
4	4	0.0	0.25	0.0	0.0	0.0034478577600169954	0.0		0.0	
5	4	0.0	0.25	0.0	0.0	0.003178274667184105	0.0		0.0	
6	4	0.0	0.25	0.0	0.0	0.002828730719359023	0.0		0.0	
7	4	6.2520653736735186e-06	0.25	0.0	0.0	0.0025188887805460683	0.0	0.0	2.500826149469408e-05	
8	4	7.924316644955169e-06	0.25	6.494800499167258e-06	8.595056854168329	0.0026618925311324465	0.0	0.0	3.1697266579820676e-05	1.6845273686195854
9	4	8.498220434317696e-06	0.25	2.1361900668568528e-06	3.3680308369788485	0.0027073779637831964	0.0	0.0	3.3992881737270785e-05	0.9143019903276102
10	4	1.1220693409083227e-05	0.25	9.457366060853445e-06	12.218692189355178	0.002916174232777841	0.0	0.0	4.488277363633292e-05	1.7751826627842346
11	4	1.3433750688109273e-05	0.25	6.644970907602487e-06	10.060143535900108	0.0030837560402576262	0.0	0.0	5.373500275243709e-05	1.2082835162859618
12	4	1.7608231293055267e-05	0.25	1.3038586591176548e-05	18.142946746587512	0.0033996862334572764	0.0	0.0	7.043292517222107e-05	1.4498334117132117
13	4	2.276862997446281e-05	0.25	1.5696114925180036e-05	22.466916012408504	0.0037935511791430563	0.0	0.0	9.107451989785124e-05	1.0240252469041742
14	4	2.9322065359301238e-05	0.25	1.986289301353764e-05	28.803573866327696	0.004302062826774429	0.0	0.0	0.00011728826143720495	1.5304408615584384
15	4	3.8514612198407505e-05	0.25	2.6436064468690368e-05	38.35380277270443	0.004983899192176973	0.0	0.0	0.00015405844879363002	1.1320745957307992
16	4	5.134410224167992e-05	0.25	3.649742622472714e-05	52.14150405297696	0.005916294616482296	0.0	0.0	0.00020537640896671968	1.3097389001079318
17	4	6.109168957611241e-05	0.25	2.4886333645302774e-05	40.141681668024475	0.006621008832686554	0.0	0.0	0.00024436675830444965	1.1275300604499832
18	4	8.045381571720976e-05	0.25	5.6927567177743227e-05	78.47395660823143	0.008029824785778501	0.0	0.0	0.0003218152628688391	1.1125908142279588
19	4	0.00010735809488091535	0.25	7.900048954329934e-05	110.51372925684242	0.010021994763957423	0.0	0.0	0.0004294323795236615	1.1274680260930965
20	4	0.00014288782519822173	0.25	0.00010055635108156221	150.12419915454325	0.012733781918956898	0.0	0.0	0.0005715513007928869	1.1492846082356896
21	4	0.00018809102951446166	0.25	0.0001385174756055723	200.1004147147089	0.01635225517853709	0.0	0.0	0.0007523641180578465	1.1433019594564011
22	4	0.00025066212372172803	0.25	0.00019764880858420575	277.71055909638034	0.021382493487361626	0.0	0.0	0.001002648494886912	1.2247112342904978
23	4	0.00031915458523525456	0.25	0.0001975431687177901	312.63545588762537	0.027026600072109292	0.0	0.0	0.0012766183409410182	1.1461925509113249
24	4	0.00041532977591528464	0.25	0.0002748136587533708	430.4213777337876	0.03481232732196188	0.0	0.0	0.0016613191036611386	1.2131925082522743
25	4	0.0005450318885344935	0.25	0.0003757967748259917	579.6299459241072	0.04530700550628389	0.0	0.0	0.002180127554137974	1.169640616852973
26	4	0.0007050349589338103	0.25	0.00048796918696339837	756.0284195175252	0.05923005603880097	0.0	0.0	0.002820139835735241	1.24132840011208
27	4	0.0008593897873511544	0.25	0.000617996009316118	982.6949868920799	0.07903291735783431	0.0	0.0	0.0034375591494046178	1.2161291856124767
28	4	0.0010257257477679596	0.25	0.00071622392000395	1159.1048867505765	0.10295773697578306	0.0	0.0	0.0041029029910718395	1.1769409478477642
29	4	0.0011934052013094815	0.25	0.0009334821458874301	1455.446869080585	0.13436230967369456	0.0	0.0	0.004773620805237928	1.2090637470049344
30	4	0.0013575429447524438	0.25	0.0011166879712992603	1776.3279957591571	0.17393210176494495	0.0	0.0	0.005430171779009775	1.1310260370318692
31	4	0.001530973566614854	0.25	0.0012429884075014145	1997.0713194328605	0.21867458843434667	0.0	0.0	0.006123894266459416	1.187626114358288
32	4	0.0017060317727940087	0.25	0.0014867426328200586	2334.8538714884617	0.2717983480604432	0.0	0.0	0.006824127091176035	1.1664488814045475
33	4	0.0018746515890344648	0.25	0.0015200274376348886	2489.519239953825	0.3285658513394885	0.0	0.0	0.007498606356137858	1.1539904633934488
34	4	0.002055856524075466	0.25	0.001643768317325217	2732.302809604113	0.38959300377725664	0.0	0.0	0.008223426096301866	1.1768341102455155
35	4	0.002237203868887564	0.25	0.0018447032347736524	3053.7775151148576	0.4573957583355063	0.0	0.0	0.008948815475550256	1.1603493425514506
36	4	0.0024095655440352546	0.25	0.0020742749344873114	3403.69087959232	0.5330813006255054	0.0	0.0	0.009638262176141018	1.1521129133963908
37	4	0.002589179892259049	0.25	0.002196337423217229	3654.0073527169297	0.6138344415814552	0.0	0.0	0.010356719569036195	1.1418771844429099
38	4	0.002767067183642565	0.25	0.0022300120142064415	3818.389805968227	0.69702712906334	0.001753764825904922	0.010054548176779523	0.01106826873457026	1.1818252211075275
39	4	0.00293381397848704	0.25	0.0024356634710531546	4152.6426184490865	0.7875964363917295	0.0052300752854383785	0.02666200723901153	0.011735255913948158	1.1545184050544255
40	4	0.003109719797860586	0.25	0.002662884162211059	4533.019359479044	0.8851520377145808	0.010394365419869394	0.04662948922384007	0.012438879191442345	1.153252783676605
41	4	0.0032802976540951827	0.25	0.0028651101437215877	4913.831647261013	0.9904981905262574	0.017208658264277952	0.0681024931977119	0.013121190616380729	1.1677759453121137
42	4	0.0034596908747714515	0.25	0.002893484192978295	5098.184306991873	1.0986462251435896	0.02563150462833667	0.08997969602766723	0.013838763499085806	1.1766395920959625
43	4	0.0036437957236633406	0.25	0.0030934938999094773	5519.802860694142	1.2165236580652512	0.03561792504361113	0.11206692337965833	0.014575182894653363	1.1326480347424668
44	4	0.003822223987524504	0.25	0.003200354437064902	5838.832374585711	1.3421837038284132	0.04711935502121583	0.13477503722437315	0.015288895950098016	1.1512157253719937
45	4	0.003984126975939553	0.25	0.003572528621633957	6354.021451848286	1.4804091794113252	0.0600835937612076	0.15770424566847402	0.015936507903758213	1.153394229544564
46	4	0.004151028918016085	0.25	0.0036407634384990773	6614.055202987499	1.6222209939993657	0.07445475645235305	0.17858232269583665	0.01660411567206434	1.1625949385534395
47	4	0.004323028178649301	0.25	0.003674497681066314	6857.463488237129	1.7677812079811026	0.0901732302978728	0.1977748284618781	0.017292112714597203	1.1572016215512873
48	4	0.00450811759777714	0.25	0.003847163635207505	7189.862813813073	1.919898713135996	0.10717563439944396	0.21568935075056367	0.01803247039110856	1.1504000574568038
49	4	0.0046949075932020325	0.25	0.004096197132650911	7671.403901863624	2.0833895096490216	0.12539478362813558	0.23324084889545565	0.01877963037280813	1.1863938233081934
50	4	0.004871531110853093	0.25	0.004217426736517196	7967.151141015142	2.2539147087918208	0.14475965660706314	0.25108057473421835	0.019486124443412373	1.1375882876222505
51	4	0.005060709462703223	0.25	0.00447342572813847	8463.263747214665	2.4336320478204545	0.16519536792637932	0.2660794525562353	0.02024283785081289	1.1354128407264097
52	4	0.005244469199339684	0.25	0.0046207168663658935	8812.857203633474	2.6196824617678183	0.18662314470677446	0.2793816296742595	0.02097787679735873	1.1741374499941444
53	4	0.005445769448765115	0.25	0.004716030959105775	9063.865765956863	2.8096506660478107	0.2089603076229464	0.2912774428410173	0.02178307779506046	1.1396750406926175
54	4	0.0056520799948118925	0.25	0.004842873724650081	9480.782193092427	3.0089172604685026	0.2321202564935162	0.3027675396573504	0.02260831997924757	1.1385979767584198
55	4	0.0058503820908690106	0.25	0.005003252855540439	9869.875872883873	3.217738707794332	0.25601246053863	0.3147847852331853	0.023401528363476042	1.1560327511903898
56	4	0.006064434514814775	0.25	0.005347271231811218	10393.180647816702	3.4369664296135274	0.2805424534009877	0.3249353454276733	0.02425773805925909	1.1552768866308127
57	4	0.006274140740414629	0.25	0.005258685692023254	10595.978730723486	3.658527936972405	0.3056118330203001	0.3337112345534957	0.02509656296165852	1.143172873720209
58	4	0.006480735701791622	0.25	0.005642700738983635	11307.789203420263	3.896634361598012	0.33111826644519626	0.34181332265982145	0.025922942807166487	1.1364574339006634
59	4	0.006689890747537153	0.25	0.005783315518108488	11670.866921160105	4.142653987891968	0.3569554996603837	0.34980679050352204	0.026759562990148613	1.150504433858507
60	4	0.006887313443873819	0.25	0.005964354857080538	12146.68799645189	4.400675918435247	0.3830133725004369	0.35855204745307706	0.027549253775495275	1.1439626108095144
61	4	0.007097628073419893	0.25	0.0060580327878686935	12479.512040871972	4.663360559851516	0.4091778387149298	0.3652905826364525	0.028390512293679573	1.1297987776221807
62	4	0.007298830370083101	0.25	0.0062599893867221505	12830.685381112913	4.932317755807472	0.4353309912427789	0.3709724634883999	0.029195321480332406	1.1408153393575
63	4	0.0075098826827450435	0.25	0.00645378378265004	13160.12707484506	5.207409228817698	0.4613510927466124	0.3759645120977351	0.030039530730980174	1.1523680212950709
64	4	0.007720869479465167	0.25	0.006743315100740434	13877.44738948106	5.499962427016778	0.4871126114507473	0.3810400602281464	0.03088347791786067	1.1704232169615731
65	4	0.007803900652556709	0.25	0.006565880034552822	13855.198887281333	5.785537037105625	0.5124862623189482	0.3883479711999188	0.031215602610226836	1.140958326944334
66	4	0.00796760615812442	0.25	0.006988299481221782	14454.750084799787	6.08924936667506	0.5373390536005784	0.3927151636569017	0.03187042463249768	1.1491778878547347
67	4	0.008093237468742189	0.25	0.007244688183980391	14755.233003407438	6.398508252635156	0.5615343387660311	0.3965452916165568	0.032372949874968755	1.1393011063896799
68	4	0.008205910304033073	0.25	0.007222257994053795	15086.69016577471	6.714521131656077	0.5849318738444796	0.4000783695143653	0.032823641216132286	1.1411933357287094
69	4	0.008297177375999673	0.25	0.007232237575924632	15369.663688174687	7.03713433780348	0.6073878801690021	0.4039985506772826	0.033188709503998694	1.1502906041761116
70	4	0.00785896177854418	0.25	0.006950588227603197	14820.404350367211	7.319508798340683	0.6287551125260508	0.41504329399403617	0.03143584711417672	1.14646907805594
71	4	0.007881152683118696	0.25	0.007151936440929667	14942.896304940425	7.629290515359062	0.6488829326980451	0.4193543554546794	0.031524610732474784	1.1419783121038394
72	4	0.007881152683118696	0.25	0.007131060504562066	15152.442966744122	7.943767048775978	0.6676173883795984	0.4238097057138001	0.031524610732474784	1.1352393949646298
73	4	0.007881152683118696	0.25	0.006970208252001448	15220.77426596173	8.2592714652806	0.6848012974395454	0.42840227185340857	0.031524610732474784	1.1482692704416069
74	4	0.007881152683118696	0.25	0.007038265194611931	15286.632495504486	8.576323072539694	0.7002743374925426	0.4334346331845909	0.031524610732474784	1.1444183376899972
75	4	0.006957072699622951	0.25	0.00625080071994557	13824.92092349502	8.807282955496662	0.7138731407355723	0.4509522670598466	0.027828290798491803	1.1573140573414022
76	4	0.006957072699622951	0.25	0.00640172107635109	13888.347977092371	9.08497043413828	0.7254313939962224	0.4549319863107922	0.027828290798491803	1.1348983939276591
77	4	0.006957072699622951	0.25	0.006278439143223081	13884.023477850176	9.361051082241227	0.7347799439311332	0.4581089071360021	0.027828290798491803	1.1519160078149755
78	4	0.006957072699622951	0.25	0.006154008159666953	13755.54495574796	9.632341398670091	0.7417469073045357	0.4604525133646603	0.027828290798491803	1.1491000787027137
79	4	0.006957072699622951	0.25	0.005980423353493357	13552.297087187972	9.896991811462918	0.7461577862683522	0.4619258310025288	0.027828290798491803	1.1582358272685371
80	4	0.00596366699565956	0.25	0.005294044550789426	12230.97016137754	10.075950643186166	0.7478355885569123	0.4771407606941965	0.02385466798263824	1.1582651333293843
81	4	0.00596366699565956	0.25	0.0052291171404159785	12088.754743814972	10.300020132888807	0.7478355885569123	0.4771407606941965	0.02385466798263824	1.159941698431102
82	4	0.00596366699565956	0.25	0.005319561545220862	12480.14738754706	10.532502573231632	0.7478355885569123	0.4771407606941965	0.02385466798263824	1.1509389355094397
83	4	0.00596366699565956	0.25	0.005176899217640619	12295.271873622129	10.758112574052292	0.7478355885569123	0.4771407606941965	0.02385466798263824	1.1529290943358532
84	4	0.004968501455778879	0.25	0.004495592158414997	10803.686450215391	10.892656072438808	0.7478355885569123	0.4927853256182618	0.01987400582311552	1.1686477887936473
85	4	0.004968501455778879	0.25	0.004405769632862868	10520.644481045627	11.068389438520052	0.7478355885569123	0.4927853256182618	0.01987400582311552	1.1609315039385633
86	4	0.004968501455778879	0.25	0.0044742131168575335	10662.169117875535	11.246402281004476	0.7478355885569123	0.4927853256182618	0.01987400582311552	1.1570922287467182
87	4	0.004968501455778879	0.25	0.004496972599569564	10671.82977155789	11.423199636747718	0.7478355885569123	0.4927853256182618	0.01987400582311552	1.1416548608815562
88	4	0.004968501455778879	0.25	0.004374780346665681	10541.671269518076	11.595107990826195	0.7478355885569123	0.4927853256182618	0.01987400582311552	1.1462335619558612
89	4	0.003977808827587821	0.25	0.003621506825236905	9019.117737898006	11.675876791782017	0.7478355885569123	0.509412963834412	0.01591123531035129	1.146509577262089
90	4	0.003977808827587821	0.25	0.003628487231897029	9059.915979250893	11.806685132971781	0.7478355885569123	0.509412963834412	0.01591123531035129	1.1501900882010716
91	4	0.003977808827587821	0.25	0.003642327343569578	9054.787431473384	11.936343031183668	0.7478355885569123	0.509412963834412	0.01591123531035129	1.1474979961098295
92	4	0.003977808827587821	0.25	0.003601759601192333	8940.628771700694	12.061989570864153	0.7478355885569123	0.509412963834412	0.01591123531035129	1.1440918825609814
93	4	0.0029822864551100076	0.25	0.002785622833156785	7298.46290094354	12.093543982957485	0.7478355885569123	0.5272916579206232	0.01192914582044003	1.1621454742730808
94	4	0.0029822864551100076	0.25	0.0026445778615231982	7342.775366542774	12.175946306025395	0.7478355885569123	0.5272916579206232	0.01192914582044003	1.1496078857307723
