1	4	0.0	0.25	0.0	0.0	0.00375	0.0		0.0	
2	4	0.0	0.25	0.0	0.0	0.00375	0.0		0.0	
3	4	0.0	0.25	0.0	0.0	0.003638187560413125	0.0		0.0	
4	4	0.0	0.25	0.0	0.0	0.0034478577600169954	0.0		0.0	
5	4	0.0	0.25	0.0	0.0	0.003178274667184105	0.0		0.0	
6	4	0.0	0.25	0.0	0.0	0.002828730719359023	0.0		0.0	
7	4	6.2520653736735186e-06	0.25	0.0	0.0	0.0025188887805460683	0.0	0.0	2.500826149469408e-05	
8	4	7.2501371231096835e-06	0.25	3.723917538539598e-06	5.476017956373166	0.002604239592337821	0.0	0.0	2.9000548492438734e-05	1.2104990800544346
9	4	7.794974822091235e-06	0.25	2.0479212924339422e-06	3.2237518666519165	0.00264742135715966	0.0	0.0	3.117989928836494e-05	0.9865728097904491
10	4	1.0243888870946043e-05	0.25	8.278535456294719e-06	11.063221731601255	0.002835237405740818	0.0	0.0	4.0975555483784174e-05	1.8123582896997497
11	4	1.1688498936568856e-05	0.25	4.390321273493345e-06	6.884464393008815	0.002944629226817905	0.0	0.0	4.675399574627542e-05	1.9660572461143229
12	4	1.4493081931663233e-05	0.25	8.429422505255476e-06	12.48664811033808	0.003156883763690063	0.0	0.0	5.797232772665293e-05	1.3903738407786848
13	4	1.7572689660958483e-05	0.25	9.00844705414347e-06	13.792208775644117	0.003391933341429577	0.0	0.0	7.029075864383393e-05	1.446478764128447
14	4	2.2506808046349854e-05	0.25	1.5010608561133935e-05	21.868972504398158	0.0037747946229443672	0.0	0.0	9.002723218539942e-05	1.1586902464989879
15	4	2.9975015645298913e-05	0.25	2.1961114202058267e-05	31.25472616493409	0.0043287320261976925	0.0	0.0	0.00011990006258119562	1.1751419506016223
16	4	4.0310265448075066e-05	0.25	3.1162837659360594e-05	42.11137879106491	0.005079856162282449	0.0	0.0	0.00016124106179230032	1.0856743057631248
17	4	5.51968127347856e-05	0.25	4.501294225050635e-05	59.95633848108668	0.006156098020212171	0.0	0.0	0.0002207872509391424	1.0439611201282826
18	4	7.299012011320346e-05	0.25	4.824225228393323e-05	72.13998315812756	0.007450764479376295	0.0	0.0	0.00029196048045281384	1.1078122165323785
19	4	9.75463840653028e-05	0.25	6.801836076189562e-05	100.91036062305528	0.009269071950984902	0.0	0.0	0.0003901855362612113	1.2637420299750792
20	4	0.00013011621063894807	0.25	9.266386280343016e-05	137.64562602186422	0.01175494607820704	0.0	0.0	0.0005204648425557923	1.077953791377496
21	4	0.00016944232196238628	0.25	0.0001142153248105118	174.31502301521243	0.014902963666332125	0.0	0.0	0.0006777692878495451	1.1416393877375983
22	4	0.00022059227870070263	0.25	0.00015143120481423184	227.54323779030997	0.01901502971119788	0.0	0.0	0.0008823691148028105	1.2321718979487621
23	4	0.0002742947567794101	0.25	0.00015101069364691322	245.89302553505226	0.02344037088661234	0.0	0.0	0.0010971790271176404	1.1046958734376813
24	4	0.0003609626172753922	0.25	0.00025145010937594614	387.5606760111691	0.030456445597552336	0.0	0.0	0.0014438504691015688	1.166685208341695
25	4	0.0004726641397555223	0.25	0.00032193285709532644	499.34859999639315	0.039494629382341086	0.0	0.0	0.0018906565590220887	1.1156895170583696
26	4	0.000616034166502952	0.25	0.0004105451652266677	650.6028583858201	0.05127168657220752	0.0	0.0	0.002464136666011808	1.1335666789289427
27	4	0.0007703889949202963	0.25	0.0005486567882886684	869.8889268704731	0.06816741639550962	0.0	0.0	0.0030815559796811853	1.146268815269469
28	4	0.0009367249553371014	0.25	0.0006686080617138312	1073.5894284345452	0.08993190432982621	0.0	0.0	0.0037468998213484057	1.1803699953068345
29	4	0.0011044044088786237	0.25	0.0008200107595722223	1319.043804439633	0.11785185019664235	0.0	0.0	0.004417617635514494	1.2080674730668628
30	4	0.0012685421523215856	0.25	0.000975009692244722	1575.263888355259	0.15226093760307885	0.0	0.0	0.005074168609286342	1.1926235164176604
31	4	0.0014419727741839955	0.25	0.0011032999174365196	1803.9633756316696	0.19209925638592312	0.0	0.0	0.005767891096735983	1.1688266406319725
32	4	0.0016170309803631502	0.25	0.0013185036755149616	2131.8199948876168	0.24010088145493355	0.0	0.0	0.006468123921452601	1.1449456926700436
33	4	0.0017856507966036062	0.25	0.0015349153123979645	2447.700716065011	0.2960494019916205	0.0	0.0	0.007142603186414425	1.1400029242339729
34	4	0.0019668557316446077	0.25	0.0016647970382925382	2709.754985072139	0.35677380461892816	0.0	0.0	0.007867422926578431	1.151534049163963
35	4	0.002148203076456705	0.25	0.0018243765071881254	2955.51878671798	0.4222773119875547	0.0	0.0	0.00859281230582682	1.1745303576641235
36	4	0.002320564751604397	0.25	0.0019360966351227328	3188.324059809299	0.4925919440514949	0.0	0.0	0.009282259006417586	1.1661971020151851
37	4	0.0025001790998281912	0.25	0.0021151006857042017	3457.796995708945	0.5685283585294579	0.0	0.0	0.010000716399312765	1.1391334578540049
38	4	0.0026780663912117065	0.25	0.002239375440839776	3784.3442185019844	0.6512297929761771	0.001753764825904922	0.010317781836916048	0.010712265564846826	1.15486619329651
39	4	0.0028448131860561807	0.25	0.002480519002398077	4124.952769466853	0.7414800981771262	0.0052300752854383785	0.02728088843724556	0.011379252744224723	1.1595389974037462
40	4	0.003020719005429728	0.25	0.002546382309196442	4312.3524074522775	0.8336238150086904	0.010394365419869394	0.04757931676170209	0.012082876021718909	1.1602686275339924
41	4	0.003191296861664324	0.25	0.0027588203722145057	4738.675658143049	0.9348085527760708	0.017208658264277952	0.06932333481458056	0.012765187446657295	1.15635330956294
42	4	0.003370690082340593	0.25	0.002939048465473287	5087.257937435475	1.0431692724186483	0.02563150462833667	0.09140765879584592	0.013482760329362372	1.1571226340977352
43	4	0.0035547949312324826	0.25	0.003051846883554623	5411.631418736448	1.1586896228184995	0.03561792504361113	0.1136583033224702	0.01421917972492993	1.1376572262635745
44	4	0.003733223195093646	0.25	0.0032349335174074664	5818.470868267621	1.2843325089630468	0.04711935502121583	0.13651262526897293	0.014932892780374584	1.1420292920497253
45	4	0.003895126183508696	0.25	0.0033385535960542933	6080.5056382319735	1.4158561867253947	0.0600835937612076	0.15956803690029922	0.015580504734034785	1.1453816211632897
46	4	0.0040620281255852285	0.25	0.0035326957573322366	6348.47588870947	1.5512360908747829	0.07445475645235305	0.18050899899748185	0.01624811250234091	1.1421007499401858
47	4	0.004234027386218443	0.25	0.0036024581479265783	6660.965515677934	1.6922464435212428	0.0901732302978728	0.1997241697930912	0.016936109544873772	1.1520359452526974
48	4	0.0044191168053462826	0.25	0.00391684998103301	7130.589235110192	1.8434785834370468	0.10717563439944396	0.2176384417946894	0.01767646722138513	1.1409532495169197
49	4	0.004605906800771176	0.25	0.00404439831200261	7533.951322855865	2.0040275883160836	0.12539478362813558	0.23518756841170899	0.018423627203084703	1.149276442698998
50	4	0.004782530318422236	0.25	0.00410416648214674	7758.638848959153	2.1697610691668503	0.14475965660706314	0.25303359900475986	0.019130121273688943	1.136872332246353
51	4	0.0049717086702723646	0.25	0.004341637944211213	8204.066898329611	2.3433914389604493	0.16519536792637932	0.26800038801538995	0.019886834681089455	1.144966513454335
52	4	0.005155468406908825	0.25	0.004407793808175498	8479.620343621798	2.5214545658620846	0.18662314470677446	0.28125531631857625	0.0206218736276353	1.146424065500697
53	4	0.005356768656334257	0.25	0.004667347267406415	9000.564078944804	2.7106352768579893	0.2089603076229464	0.2930955360141047	0.021427074625337026	1.1375392924410836
54	4	0.005563079202381035	0.25	0.004935126367819461	9448.262608068588	2.90993429761925	0.2321202564935162	0.3045351951989269	0.02225231680952414	1.150990394326782
55	4	0.00576138129843815	0.25	0.004958287735770033	9720.36756597465	3.1156986752584763	0.25601246053863	0.3165166463542084	0.0230455251937526	1.1463541268730075
56	4	0.005975433722383915	0.25	0.005215550226984879	10272.58121742554	3.332660208811585	0.2805424534009877	0.3266188078689621	0.02390173488953566	1.1525892268208044
57	4	0.006185139947983771	0.25	0.0054984860384689775	10658.537170775247	3.556812390325688	0.3056118330203001	0.33534072130524456	0.02474055979193509	1.1554268632827591
58	4	0.006391734909360764	0.25	0.005490500973549402	10893.412213221489	3.7848922160679264	0.33111826644519626	0.34339078266757833	0.025566939637443057	1.133107776539158
59	4	0.006600889955106296	0.25	0.005839525519399528	11597.124490204378	4.029970279039836	0.3569554996603837	0.3513389512676504	0.026403559820425183	1.1479995592407488
60	4	0.00679831265144296	0.25	0.005960086517021522	11950.84301143748	4.283834880288493	0.3830133725004369	0.3600519648165701	0.02719325060577184	1.1478116937624565
61	4	0.007008627280989035	0.25	0.006018896593519673	12210.479482504154	4.540467017311824	0.4091778387149298	0.3667475757583144	0.02803450912395614	1.1355732318243723
62	4	0.007209829577652244	0.25	0.0061381453532060185	12479.845808609987	4.801265985399123	0.4353309912427789	0.37238460325223866	0.028839318310608975	1.1580435284139758
63	4	0.007420881890314184	0.25	0.006423870426097132	13112.123959512151	5.0762693540795425	0.4613510927466124	0.3773328830017535	0.029683527561256737	1.1563949060930163
64	4	0.00763186868703431	0.25	0.006473383987067018	13393.693225600564	5.357228798699839	0.4871126114507473	0.3823710974447273	0.03052747474813724	1.1545703339820033
65	4	0.007728388412641974	0.25	0.006687633950105492	14020.124016448835	5.649117452030142	0.5124862623189482	0.3894622440057102	0.030913553650567895	1.150586240571426
66	4	0.007892093918209685	0.25	0.0068568021615619795	14229.83962645123	5.948118572302103	0.5373390536005784	0.3938018253227111	0.03156837567283874	1.1396190053291997
67	4	0.008017725228827453	0.25	0.007101408234286591	14617.947077480958	6.255022463251543	0.5615343387660311	0.3976054142953692	0.03207090091530981	1.13652094853325
68	4	0.008130398064118338	0.25	0.007115784626467472	14900.270177033477	6.5674041081542125	0.5849318738444796	0.40111421551873294	0.03252159225647335	1.1517036289524298
69	4	0.008221665136084938	0.25	0.007261438866049659	15183.964126476629	6.886437784886933	0.6073878801690021	0.40501567226346935	0.03288666054433975	1.1409809040284726
70	4	0.007831438320609231	0.25	0.007088706803104105	14900.725598232832	7.174688916370514	0.6287551125260508	0.4154206688608448	0.031325753282436926	1.1420490793659877
71	4	0.00785362922518375	0.25	0.006989807428034484	14947.52893363423	7.485896341519914	0.6488829326980451	0.4197276532200499	0.03141451690073499	1.1506152007716584
72	4	0.00785362922518375	0.25	0.007022256240340121	15099.321223316208	7.800260689744425	0.6676173883795984	0.42418027270054137	0.03141451690073499	1.1422377627150178
73	4	0.00785362922518375	0.25	0.007280164595252756	15482.842169833926	8.12397682854998	0.6848012974395454	0.4287714075186125	0.03141451690073499	1.1410166207842949
74	4	0.00785362922518375	0.25	0.006958162508837336	15104.969411980175	8.437449092156106	0.7002743374925426	0.43380413969210496	0.03141451690073499	1.1512160949319916
75	4	0.006957072699622951	0.25	0.006276422727164258	13922.67860909464	8.673616403279215	0.7138731407355723	0.4509522670598466	0.027828290798491803	1.1387220133176041
76	4	0.006957072699622951	0.25	0.006243356749630136	13900.495494821811	8.952827648243954	0.7254313939962224	0.4549319863107922	0.027828290798491803	1.1467759712496095
77	4	0.006957072699622951	0.25	0.006182112610663065	13684.129940433122	9.224819192670916	0.7347799439311332	0.4581089071360021	0.027828290798491803	1.1415748267644916
78	4	0.006957072699622951	0.25	0.00625706314344214	13905.730614699763	9.501301398616194	0.7417469073045357	0.4604525133646603	0.027828290798491803	1.1546595975801366
79	4	0.006957072699622951	0.25	0.006339344918485549	13858.609849974959	9.775219666223661	0.7461577862683522	0.4619258310025288	0.027828290798491803	1.1538372465431486
80	4	0.00596366699565956	0.25	0.0053697757027782395	12288.195082697857	9.956785528526446	0.7478355885569123	0.4771407606941965	0.02385466798263824	1.1534928760415772
81	4	0.00596366699565956	0.25	0.005327604997193719	12419.908113659963	10.190671940145151	0.7478355885569123	0.4771407606941965	0.02385466798263824	1.1409128933925383
82	4	0.00596366699565956	0.25	0.005287587145054937	12266.915848817764	10.418507922210985	0.7478355885569123	0.4771407606941965	0.02385466798263824	1.1473979684738709
83	4	0.00596366699565956	0.25	0.00538368912351742	12266.519436890449	10.644384638046493	0.7478355885569123	0.4771407606941965	0.02385466798263824	1.1463532603692386
84	4	0.004968501455778879	0.25	0.0044745990482167285	10801.897506377754	10.77990444900608	0.7478355885569123	0.4927853256182618	0.01987400582311552	1.1613283113413575
85	4	0.004968501455778879	0.25	0.0043157161455229685	10474.245403441866	10.955427365655014	0.7478355885569123	0.4927853256182618	0.01987400582311552	1.1482285843811832
86	4	0.004968501455778879	0.25	0.004485636236544093	10619.65210291075	11.133334162498064	0.7478355885569123	0.4927853256182618	0.01987400582311552	1.1489894699965475
87	4	0.004968501455778879	0.25	0.0045089139285327965	10723.685524775834	11.31251843432734	0.7478355885569123	0.4927853256182618	0.01987400582311552	1.1524917142624254
88	4	0.004968501455778879	0.25	0.004466879061526444	10689.50922253788	11.489326728215046	0.7478355885569123	0.4927853256182618	0.01987400582311552	1.1557313662968054
89	4	0.003977808827587821	0.25	0.0034994797961581357	8873.71735463962	11.567208118014046	0.7478355885569123	0.509412963834412	0.01591123531035129	1.1681355486514735
90	4	0.003977808827587821	0.25	0.0036306390047156213	9061.647027431172	11.699040187325965	0.7478355885569123	0.509412963834412	0.01591123531035129	1.1684220251911988
91	4	0.003977808827587821	0.25	0.0034826837383221732	8961.739456506188	11.827209865221679	0.7478355885569123	0.509412963834412	0.01591123531035129	1.1568365593725114
92	4	0.003977808827587821	0.25	0.0036329954504912797	9053.827620612668	11.956827732200196	0.7478355885569123	0.509412963834412	0.01591123531035129	1.1605662726819457
93	4	0.0029822864551100076	0.25	0.0026311996609098905	7307.597956854286	11.989569821127885	0.7478355885569123	0.5272916579206232	0.01192914582044003	1.1753640307796231
94	4	0.0029822864551100076	0.25	0.0027788675751617554	7356.745163278727	12.073276798104867	0.7478355885569123	0.5272916579206232	0.01192914582044003	1.1807509582471456
