11.247441493196291	1	1	1	1	4	0	11.247441493196291	1.0	0	0.0			15.0	0.0	0.0	0.0	0.0		0.0	0.0
11.367595075476835	1	1	1	1	4	0	11.367595075476835	1.0	0	0.0			15.0	0.0	0.0	0.0	0.0		0.0	0.0
22.856168219862568	1	1	1	1	4	0	22.856168219862568	2.0	0	0.0			14.552750241652504	0.0	0.0	0.0	0.7285827694774977	0.0	0.0	0.0
34.4665080713728	1	1	1	1	4	0	34.4665080713728	3.0	0	0.0			13.791431040067982	0.0	0.0	0.0	2.1993864847666735	0.0	0.0	0.0
46.1993671861199	1	1	1	1	4	0	46.1993671861199	4.0	0	0.0			12.713098668736418	0.0	0.0	0.0	4.42587529936556	0.0	0.0	0.0
58.05546181511435	1	1	1	1	4	0	58.05546181511435	5.0	0	0.0			11.314922877436091	0.0	0.0	0.0	7.421310407022852	0.0	0.0	0.0
70.03547169202406	1	1	1	1	4	0	70.03547169202406	6.0	0	2.500826149469408e-05			10.075555122184273	0.0	1.2504130747347042	0.0	8.825142047449571	0.14168758621806754	1.2504130747347042	0.0
82.14003983175478	1	1	1	1	4	0	82.14003983175478	7.0	0	3.037689673364192e-05	0.8076079863351663	2.9761262803988613	10.53465776296823	0.0	1.518844836682096	0.0	9.015812926286133	0.16846454658057672	1.518844836682096	1.8950944970253458e-12
94.36977233991071	1	1	1	1	4	0	94.36977233991071	8.0	0	3.068438810141611e-05	0.10195334734711714	1.0952684867819171	10.559028359850183	0.0	1.5342194050708058	0.0	9.024808954779381	0.17000020862029552	1.5342194050708058	5.869131619023711e-13
106.72523823319248	1	1	1	1	4	0	106.72523823319248	9.0	0	3.8216057515674143e-05	0.7944325007322208	0.9591262612278756	11.136659244554776	0.0	1.9108028757837077	0.0	9.22585636877107	0.20711387641494744	1.9108028757837077	2.314282787235709e-12
119.20696927078512	1	1	1	1	4	0	119.20696927078512	10.0	0	5.050754426556811e-05	1.046335918171744	1.4765897564705828	12.067421220615142	0.0	2.525377213278406	0.0	9.542044007336736	0.2646578879050108	2.525377213278406	3.488836457270757e-12
131.81545979678634	1	1	1	1	4	0	131.81545979678634	11.0	0	6.335971199059448e-05	0.7669363131077899	1.0306420877130418	13.04009021028324	0.0	3.1679855995297244	0.0	9.872104610753514	0.3209027582709053	3.1679855995297244	4.021840273813922e-12
144.55116659372186	1	1	1	1	4	0	144.55116659372186	12.0	0	8.492933593446136e-05	1.1594734647798746	1.1548127175838212	14.686381376452713	0.0	4.246466796723069	0.0	10.439914579729644	0.406753021233344	4.246466796723069	6.299175357948807e-12
157.41450874719058	1	1	1	1	4	0	157.41450874719058	13.0	0	0.00010858480035730494	0.8399316742988828	1.2158436226279146	16.52191930164156	0.0	5.429240017865248	0.0	11.092679283776311	0.4894435220718791	5.429240017865248	7.215247175693442e-12
170.4058675216809	1	1	1	1	4	0	170.4058675216809	14.0	0	0.0001449590615207301	0.9827226996043044	1.0974632070517918	19.21989783359365	0.0	7.2479530760365085	0.0	11.971944757557145	0.6054115035455142	7.2479530760365085	1.0218122428290446e-11
183.52558624759342	1	1	1	1	4	0	183.52558624759342	15.0	0	0.0001973664470663383	1.2161673677069915	1.262783882590913	23.028654558741398	0.0	9.868322353316916	0.0	13.160332205424488	0.7498535902649437	9.868322353316916	1.553995432968652e-11
196.77397021950497	1	1	1	1	4	0	196.77397021950497	16.0	0	0.0002604743604518979	0.8695248794522992	1.1664737249092443	27.591121371497607	0.0	13.023718022594895	0.0	14.567403348902706	0.8940315381310499	13.023718022594895	3.002858640619403e-11
210.1512866057031	1	1	1	1	4	0	210.1512866057031	17.0	0	0.00035329326184273	1.0675246577999808	1.2599891440861657	34.344757210607014	0.0	17.6646630921365	0.0	16.680094118470517	1.059026583823393	17.6646630921365	4.335863654931236e-11
223.65776436901845	1	1	1	1	4	0	223.65776436901845	18.0	0	0.00046254003837381004	0.8352051664829814	1.4650199725395678	42.43410787091528	0.0	23.12700191869051	0.0	19.307105952224767	1.1978492258714504	23.12700191869051	5.846306224505061e-11
237.29359419897813	1	1	1	1	4	0	237.29359419897813	19.0	0	0.0006134338542451718	0.9188312557654879	1.1781153643679887	53.95099550260945	0.0	30.67169271225859	0.0	23.27930279035085	1.3175520327426582	30.67169271225859	8.212062909298936e-11
251.0589284553002	1	1	1	1	4	0	251.0589284553002	20.0	0	0.0007943176722923633	0.8541258341670509	1.115509086498038	68.43057208562136	0.0	39.71588361461816	0.0	28.714688471003203	1.3831208252432978	39.71588361461816	1.0093399849224323e-10
264.95388112274634	1	1	1	1	4	0	264.95388112274634	21.0	0	0.001040224013100526	0.9007024216910897	1.1611948581908509	88.19956464660541	0.0	52.011200655026315	0.0	36.18836399157911	1.4372354789823907	52.011200655026315	1.4313556480863363e-10
278.9785277773454	1	1	1	1	4	0	278.9785277773454	22.0	0	0.0013493681445574147	0.8755033697559945	1.170566577079104	113.67452042180902	0.0	67.46840722787074	0.0	46.206113193938286	1.4601619258622651	67.46840722787074	2.2796999257541117e-10
293.1329055639992	1	1	1	1	4	0	293.1329055639992	23.0	0	0.0017583123882072506	0.8681254718471455	1.2529607234677145	146.780026311032	0.0	87.91561941036251	0.0	58.864406900669486	1.4935276517559308	87.91561941036251	3.2800493225755533e-10
307.41701318547484	1	1	1	1	4	0	307.41701318547484	24.0	0	0.0022980883898733326	0.8744483180118716	1.1700931860930666	190.45530125228737	0.0	114.9044194936667	0.0	75.55088175862069	1.52088786813604	114.9044194936667	4.502941392916695e-10
321.83081090278995	1	1	1	1	4	0	321.83081090278995	25.0	0	0.0029381006714706	0.8980418685981716	1.1184703994986291	251.8444383963994	0.0	146.90503357353003	0.0	96.12374774001458	1.528290740087073	146.90503357353003	5.949447790978524e-10
336.3742205469876	1	1	1	1	4	0	336.3742205469876	26.0	0	0.0035555199851399774	0.8572561491750573	1.172170863593521	333.61318982167955	0.0	177.77599925699892	0.0	117.6418273944499	1.5111631908005023	177.77599925699892	7.589881541033957e-10
351.0471255422998	1	1	1	1	4	0	351.0471255422998	27.0	0	0.0042208638268071965	0.8975043568194034	1.2172431047685648	441.01361391352236	0.0	211.04319134035993	0.0	140.10590778784228	1.5063118655919605	211.04319134035993	9.32966925026252e-10
365.84937094069124	1	1	1	1	4	0	365.84937094069124	28.0	0	0.0048915816409732865	0.8971102111477528	1.2007329673600853	571.2257046944004	0.0	244.57908204866436	0.0	163.51583555918947	1.4957516573991492	244.57908204866436	1.3039691211325974e-09
380.78076346777357	1	1	1	1	4	0	380.78076346777357	29.0	0	0.005548132614745135	0.9333507933693324	1.194556078914606	730.5139496131708	0.0	277.4066307372567	0.0	187.87048586248844	1.4765844111368516	277.4066307372567	1.6851488427275825e-09
395.84107158007737	1	1	1	1	4	0	395.84107158007737	30.0	0	0.006241855102194775	0.8879587584177333	1.1757404048173796	909.2260774040692	0.0	312.0927551097388	0.0	213.1677317961467	1.4640712854616973	312.0927551097388	1.904607805864489e-09
411.03002553366304	1	1	1	1	4	0	411.03002553366304	31.0	0	0.0069420879269113936	0.8935126840793185	1.1462036213462854	1113.6257961190104	0.0	347.1043963455697	0.0	239.4044143731569	1.4498663161847216	347.1043963455697	2.103480142855857e-09
426.3473174640513	1	1	1	1	4	0	426.3473174640513	32.0	0	0.007616567191873217	0.8789842996893013	1.181265205204511	1340.035747825919	0.0	380.8283595936609	0.0	266.5763130856252	1.4285903919428038	380.8283595936609	2.2867073542562196e-09
441.79260147745117	1	1	1	1	4	0	441.79260147745117	33.0	0	0.008341386932037223	0.9260489067876646	1.1629193618060596	1599.398472210955	0.0	417.06934660186124	11.86334260539778	294.6781171174655	1.4555973595972065	428.93268920725916	2.669578347772593e-09
457.365493753255	1	1	1	1	4	0	457.365493753255	34.0	0	0.009066776311285614	0.9138233548102924	1.1577879179839032	1878.755100205204	0.0	453.33881556428076	33.638863238761594	323.70339725921025	1.5043947111036582	486.97767880304224	3.564438277021886e-09
473.0655726577729	1	1	1	1	4	0	473.0655726577729	35.0	0	0.00975622301187638	0.9082212669536466	1.1720118328721627	2176.5948894584803	0.0	487.81115059381887	63.26574790347243	353.6445785789247	1.5582789384520557	551.0768984972914	3.507741433496645e-09
488.8923788691719	1	1	1	1	4	0	488.8923788691719	36.0	0	0.010474680404771557	0.8996006900525652	1.2015006899495606	2495.667008240707	0.0	523.7340202385778	98.57176754760937	384.4929139031586	1.618510420566362	622.3057877861872	4.049293443875163e-09
504.8454155135833	1	1	1	1	4	0	504.8454155135833	37.0	0	0.01118622957030562	0.9175899888007459	1.157253171470107	2843.718854858404	7.015059303619688	559.3114785152808	137.2716074713363	416.2384581617135	1.6735192828241416	703.5981452902369	4.6598047330509616e-09
520.9241483123367	1	1	1	1	4	0	520.9241483123367	38.0	0	0.011853216749683516	0.9244485760415226	1.1467711975229804	3221.319321241845	20.920301141753512	592.6608374841758	176.96529644246598	448.87004364975405	1.714585646368436	790.5464350683952	5.197287259167153e-09
537.1280057402779	1	1	1	1	4	0	537.1280057402779	39.0	0	0.012556840027177704	0.8969832669593829	1.1593877651955706	3612.008028363527	41.57746167947757	627.8420013588852	228.13453234226182	482.37525626043976	1.774503402883907	897.5539953806245	5.486407098676075e-09
553.4563791951257	1	1	1	1	4	0	553.4563791951257	40.0	0	0.013239151452116087	0.9186957872243202	1.1538109995674142	4034.693921318991	68.8346330571118	661.9575726058043	285.8563949510358	516.7404127408012	1.8342168411594064	1016.648600613952	6.971585323421699e-09
569.9086231778117	1	1	1	1	4	0	569.9086231778117	41.0	0	0.013956724334821164	0.9078093664668879	1.1652898427985137	4479.9258299946105	102.52601851334668	697.8362167410583	344.97084620866616	551.9505390230319	1.88931251846501	1145.333081463071	7.469671540625142e-09
586.4840554837581	1	1	1	1	4	0	586.4840554837581	42.0	0	0.014693143730388726	0.9213890828721047	1.1464572841234422	4961.668142732645	142.47170017444452	734.6571865194362	400.0782610971759	587.9893496827134	1.9298571449107536	1277.2071477910567	8.498961318825486e-09
603.1819574050269	1	1	1	1	4	0	603.1819574050269	43.0	0	0.015406856785833378	0.9416673292930244	1.1410953132465425	5479.4337172829555	188.47742008486333	770.3428392916687	445.5372001664082	624.8392285747321	1.9459086175359344	1404.3574595429404	9.099925616080985e-09
620.0015739432909	1	1	1	1	4	0	620.0015739432909	44.0	0	0.016054468739493576	0.9141485697573914	1.1365780291931151	6023.771481693592	240.3343750448304	802.7234369746786	486.7965064426599	662.4812106967908	1.9465004027224184	1529.854318462169	9.744497899928008e-09
636.9421140335545	1	1	1	1	4	0	636.9421140335545	45.0	0	0.016722076507799704	0.9276382300739824	1.156549063221739	6596.053662399186	297.8190258094122	836.1038253899852	539.6599945120054	700.894965329451	1.962867316724585	1673.5828457114028	1.031723069261772e-08
654.0027507785644	1	1	1	1	4	0	654.0027507785644	46.0	0	0.017410073550332566	0.9026280143534616	1.1585249415608554	7183.851020757644	360.69292119149117	870.5036775166283	598.4568926302895	740.0587805005897	1.9849241828511042	1829.6534913384091	1.2766546312182028e-08
671.1826216938364	1	1	1	1	4	0	671.1826216938364	47.0	0	0.018150431226843924	0.9161421499342935	1.1423335331554514	7739.271471648627	428.702537597776	907.5215613421964	657.2664508030814	779.949548820977	2.0062682445431426	1993.4905497430532	1.2623937275122144e-08
688.4808289632283	1	1	1	1	4	0	688.4808289632283	48.0	0	0.01889759120854349	0.8830133360160891	1.1654383899096386	8304.217422631042	501.57913451254234	944.8795604271747	709.916576233926	820.5427547364267	2.0167092172944128	2156.3752711736433	1.3064228979704345e-08
705.8964397049822	1	1	1	1	4	0	705.8964397049822	49.0	0	0.019604085279147736	0.9090121404822551	1.1241984763324893	8997.836199465637	579.0386264282525	980.204263957387	752.8416297505372	861.8124632406079	2.0109315745925547	2312.084520136177	1.5454444437689886e-08
723.4284862481575	1	1	1	1	4	0	723.4284862481575	50.0	0	0.02036079868654825	0.9206243840237248	1.1493018750855324	9713.766181805684	660.7814717055172	1018.0399343274128	810.4757308638319	903.7313100911335	2.0232956906260715	2489.297136896762	1.59141146832444e-08
741.0759664193733	1	1	1	1	4	0	741.0759664193733	51.0	0	0.02109583763309409	0.9104622514275736	1.1419442362646108	10453.84289857417	746.4925788270981	1054.7918816547046	876.5594057224796	946.2704935699969	2.0410139600684056	2677.843866204283	1.9142055327110368e-08
758.8378438397727	1	1	1	1	4	0	758.8378438397727	52.0	0	0.02190103863079582	0.8853079966931614	1.1447670434198771	11216.569336783708	835.8412304917856	1095.0519315397912	944.5756310611807	989.3997678277569	2.0614797263183178	2875.4687930927576	1.9452775911880512e-08
776.7130482321257	1	1	1	1	4	0	776.7130482321257	53.0	0	0.02272628081498293	0.90569849843032	1.1374139502221068	12027.501908484326	928.4810259740648	1136.3140407491467	1007.7495086544756	1033.0874378491387	2.0753940768726284	3072.544575377688	2.1298867575879786e-08
794.7004757379742	1	1	1	1	4	0	794.7004757379742	54.0	0	0.0235194891992114	0.8951575803253757	1.1592890125864626	12874.500589856709	1024.0498421545199	1175.97445996057	1059.048258242922	1077.3003560758636	2.074651424366652	3259.072560358012	2.1858221319682672e-08
812.7989892447298	1	1	1	1	4	0	812.7989892447298	55.0	0	0.024375698894994455	0.8791074661017558	1.1290412174010205	13736.55648825798	1122.1698136039506	1218.7849447497229	1118.4605119973603	1122.0039207206023	2.0830991885001584	3459.4152703510326	2.2602312895542405e-08
831.0074187226242	1	1	1	1	4	0	831.0074187226242	56.0	0	0.025214523797393883	0.9141607569280228	1.1373873427018042	14640.567594075295	1222.4473320812006	1260.7261898696938	1185.9135452722826	1167.1620758039228	2.09622963756492	3669.0870672231767	2.6753144813925484e-08
849.3245615714155	1	1	1	1	4	0	849.3245615714155	57.0	0	0.026040903642901847	0.8978782723151498	1.1422265181768438	15577.440886820386	1324.473065780785	1302.0451821450924	1254.223101530684	1212.7373129439986	2.107849949359824	3880.7413494565612	2.7807490093671368e-08
867.7491829767432	1	1	1	1	4	0	867.7491829767432	58.0	0	0.026877523825883973	0.9048024312900208	1.1392988669776771	16570.53504064187	1427.8219986415347	1343.8761912941984	1315.9445103417586	1258.6906749266775	2.113164699334012	4087.642700277492	2.9319671257907885e-08
886.2800162760308	1	1	1	1	4	0	886.2800162760308	59.0	0	0.027667214611230638	0.9177613621576598	1.1467162258250898	17607.016170927087	1532.0534900017474	1383.360730561532	1363.3739103596945	1304.9817610812206	2.1048069197882633	4278.788130922974	3.0594285832504463e-08
904.9157633338257	1	1	1	1	4	0	904.9157633338257	60.0	0	0.02850847312941493	0.9263675499363784	1.1350708190668626	18672.7469818251	1636.7113548597192	1425.4236564707471	1424.336668700407	1351.5687344847124	2.108483462557773	4486.471680030872	3.180106127476526e-08
923.6550949264639	1	1	1	1	4	0	923.6550949264639	61.0	0	0.029313282316067762	0.8956648425344477	1.1403120196498988	19754.129480360465	1741.3239649711154	1465.6641158033883	1492.8539497298148	1398.4083310157175	2.1156324657936767	4699.842030504318	3.452123099880097e-08
942.4966511359496	1	1	1	1	4	0	942.4966511359496	62.0	0	0.03015749156671553	0.8787067716281246	1.1453470390701312	20857.88152567669	1845.4043709864493	1507.8745783357767	1561.0727140306158	1445.4558702752731	2.1231691367941528	4914.351663352842	3.618505752112239e-08
961.4390417529248	1	1	1	1	4	0	961.4390417529248	63.0	0	0.031001438753596032	0.8850503971477288	1.146037636320275	22017.24723666981	1948.450445802989	1550.0719376798017	1620.8811638310374	1492.6652683907873	2.1243564573116784	5119.403547313828	3.804664759807721e-08
980.4808466886225	1	1	1	1	4	0	980.4808466886225	64.0	0	0.031315165925202997	0.8807290893274126	1.1474893587212094	23173.02073514895	2049.9450492757933	1565.7582962601505	1667.9043002172698	1539.9890527157868	2.099795833467012	5283.6076457532145	3.730996151844505e-08
999.6206163956656	1	1	1	1	4	0	999.6206163956656	65.0	0	0.03196998794747385	0.8987896274342169	1.152689364868244	24384.35828389	2149.356214402313	1598.4993973736925	1730.189074725012	1587.3783784358018	2.096972289227465	5478.044686501018	3.77945320579993e-08
1018.856872297602	1	1	1	1	4	0	1018.856872297602	66.0	0	0.032472513189944915	0.8993235383622195	1.1484242704689132	25626.28327399996	2246.137355064124	1623.6256594972465	1799.479492613658	1634.7830470879667	2.093920143231525	5669.2425071750295	3.8946002858892935e-08
1038.1881072270378	1	1	1	1	4	0	1038.1881072270378	67.0	0	0.03292320453110846	0.8905095470447852	1.1395791988609738	26877.72486550716	2339.7274953779183	1646.1602265554234	1867.2633860767405	1682.1515269991444	2.088648707468047	5853.151108010082	3.9738525884194e-08
1057.612785872243	1	1	1	1	4	0	1057.612785872243	68.0	0	0.03328827281897486	0.9062085391297124	1.1625075739864277	28159.646966418815	2429.5515206760087	1664.413640948743	1924.775965904468	1729.43097564458	2.0753586916155906	6018.741127529219	4.1057908379584627e-08
1077.1293452320983	1	1	1	1	4	0	1077.1293452320983	69.0	0	0.031465417709980084	0.8515511746914965	1.145464138607921	29293.96324185023	2515.020450104203	1573.2708854990042	1972.8452744361555	1776.5672639262418	1.9960494780806592	6061.136610039362	3.92613579367975e-08
1096.7361950792456	1	1	1	1	4	0	1096.7361950792456	70.0	0	0.03155418132827815	0.8963977680852193	1.1559382960508595	30535.06459963802	2595.5317307921805	1577.7090664139075	2017.5897615573083	1823.5050023671179	1.9716418783080425	6190.830558763397	3.788841710871509e-08
1116.4317184313063	1	1	1	1	4	0	1116.4317184313063	71.0	0	0.03155418132827815	0.9005749626359437	1.1579971216613931	31785.7019904197	2670.4695535183937	1577.7090664139075	2054.4051406138838	1870.1875692148446	1.9421122601903784	6302.583760546187	3.828147891646177e-08
1136.2142720300294	1	1	1	1	4	0	1136.2142720300294	72.0	0	0.03155418132827815	0.8801847424155484	1.1529033753615678	33033.521831041064	2739.205189758182	1577.7090664139075	2078.5667561620735	1916.5571404450825	1.9077311839118365	6395.481012334162	3.860258812830608e-08
1156.0821868282233	1	1	1	1	4	0	1156.0821868282233	73.0	0	0.03155418132827815	0.8746691777206433	1.1404353399196614	34288.6558155565	2801.0973499701704	1577.7090664139075	2085.2321755533185	1962.554721652118	1.8664148324402845	6464.0385919373975	3.9004420566185904e-08
1176.03376848433	1	1	1	1	4	0	1176.03376848433	74.0	0	0.027828290798491803	0.7933261108181111	1.1404338636221998	35202.33533634384	2855.4925629422887	1391.4145399245901	2085.2321755533185	2008.1201818111892	1.731294146121377	6332.139278420198	3.5461840903335656e-08
1196.0672978644968	1	1	1	1	4	0	1196.0672978644968	75.0	0	0.027828290798491803	0.9049699008123132	1.161026077091533	36297.33778963442	2901.725575984889	1391.4145399245901	2085.2321755533185	2053.1922888940553	1.6932884144770444	6378.372291462798	3.2667251869683695e-08
1216.1810315519913	1	1	1	1	4	0	1216.1810315519913	76.0	0	0.027828290798491803	0.8629096332289249	1.142761510460646	37373.675333738094	2939.119775724533	1391.4145399245901	2085.2321755533185	2097.7087473163397	1.6573543490847735	6415.766491202441	3.262650791328605e-08
1236.373202363814	1	1	1	1	4	0	1236.373202363814	77.0	0	0.027828290798491803	0.8981581510317891	1.1467469696432582	38477.6097548944	2966.9876292181425	1391.4145399245901	2085.2321755533185	2141.606237192211	1.6233827932981857	6443.634344696052	3.335095257841424e-08
1256.6420198743526	1	1	1	1	4	0	1256.6420198743526	78.0	0	0.027828290798491803	0.8975113939020686	1.150728740826346	39577.7658661047	2984.631145073409	1391.4145399245901	2085.2321755533185	2184.8204553689525	1.5912734187994428	6461.277860551319	3.339848953904619e-08
1276.985670945924	1	1	1	1	4	0	1276.985670945924	79.0	0	0.02385466798263824	0.7599803082226805	1.1404822361403182	40297.97031261672	2991.342354227649	1192.7333991319122	2085.2321755533185	2227.2861582110518	1.4717307709208238	6269.30792891288	2.997169838962987e-08
1297.4023202660453	1	1	1	1	4	0	1297.4023202660453	80.0	0	0.02385466798263824	0.9003836230165084	1.153137665065158	41218.11490350347	2991.342354227649	1192.7333991319122	2085.2321755533185	2268.9372061004487	1.4447141004483623	6269.30792891288	2.732835492675792e-08
1317.890110891278	1	1	1	1	4	0	1317.890110891278	81.0	0	0.02385466798263824	0.8874897140107081	1.1482847134462888	42121.97710552473	2991.342354227649	1192.7333991319122	2085.2321755533185	2309.7066096166914	1.4192129688840551	6269.30792891288	2.7159033447562183e-08
1338.447164797479	1	1	1	1	4	0	1338.447164797479	82.0	0	0.02385466798263824	0.9097706828205516	1.1554371099815766	43015.6162751233	2991.342354227649	1192.7333991319122	2085.2321755533185	2349.5265773578158	1.3951600319292834	6269.30792891288	2.6991849223768157e-08
1359.0715834363004	1	1	1	1	4	0	1359.0715834363004	83.0	0	0.01987400582311552	0.7607903025154743	1.1483751018246098	43531.79250509906	2991.342354227649	993.7002911557761	2085.2321755533185	2388.328565359939	1.2891578283514256	6070.274820936745	2.3949041651354332e-08
1379.7614482977701	1	1	1	1	4	0	1379.7614482977701	84.0	0	0.01987400582311552	0.8771091780192686	1.1647159453394889	44247.28278552468	2991.342354227649	993.7002911557761	2085.2321755533185	2426.043328070693	1.2691168500925372	6070.274820936745	2.1835024231336316e-08
1400.5148214787878	1	1	1	1	4	0	1400.5148214787878	85.0	0	0.01987400582311552	0.8926386614331651	1.139959368228033	44966.123949119334	2991.342354227649	993.7002911557761	2085.2321755533185	2462.600970828881	1.2502766396915548	6070.274820936745	2.201834317111004e-08
1421.3297462573673	1	1	1	1	4	0	1421.3297462573673	86.0	0	0.01987400582311552	0.919011648640884	1.172154877808332	45684.934330157615	2991.342354227649	993.7002911557761	2085.2321755533185	2497.931003799964	1.2325930788421635	6070.274820936745	2.2125098893918272e-08
1442.2042476724564	1	1	1	1	4	0	1442.2042476724564	87.0	0	0.01987400582311552	0.8883255480719628	1.1445464060799238	46377.51917832507	2991.342354227649	993.7002911557761	2085.2321755533185	2531.962397314357	1.216026142400419	6070.274820936745	2.1666290218949758e-08
1463.1363331091584	1	1	1	1	4	0	1463.1363331091584	88.0	0	0.01591123531035129	0.7150156100597914	1.1605700989803254	46692.73670162723	2991.342354227649	795.5617655175643	2085.2321755533185	2564.6236385528564	1.1232813648619542	5872.136295298532	1.8856000934062016e-08
1484.1239928891891	1	1	1	1	4	0	1484.1239928891891	89.0	0	0.01591123531035129	0.9094058939285609	1.1676310793604503	47197.65862720955	2991.342354227649	795.5617655175643	2085.2321755533185	2595.842789520993	1.1097721143592332	5872.136295298532	1.6629949897780998e-08
1505.1652008663875	1	1	1	1	4	0	1505.1652008663875	90.0	0	0.01591123531035129	0.9102534300634916	1.1512766127428005	47697.66661884655	2991.342354227649	795.5617655175643	2085.2321755533185	2625.5475462516124	1.0972164435504796	5872.136295298532	1.6616842643742335e-08
1526.2579150271054	1	1	1	1	4	0	1526.2579150271054	91.0	0	0.01591123531035129	0.8907543593434682	1.1468733689678026	48212.91548155226	2991.342354227649	795.5617655175643	2085.2321755533185	2653.665299172579	1.0855905384786555	5872.136295298532	1.7166249510944948e-08
1547.4000780953006	1	1	1	1	4	0	1547.4000780953006	92.0	0	0.01192914582044003	0.6819358932950756	1.1629290961347098	48335.223822222615	2991.342354227649	596.4572910220015	2085.2321755533185	2680.1231945741874	1.0005844029872597	5673.0318208029685	1.4211246030379505e-08
1568.5896181421526	1	1	1	1	4	0	1568.5896181421526	93.0	0	0.01192914582044003	0.9015706564647852	1.1654862076067347	48669.687879353376	2991.342354227649	596.4572910220015	2085.2321755533185	2704.8481971086	0.9914380664474864	5673.0318208029685	1.2776345816946223e-08
