11.247441493196291	1	1	1	1	4	0	11.247441493196291	1.0	0	0.0			15.0	0.0	0.0	0.0	0.0		0.0	0.0
11.367595075476835	1	1	1	1	4	0	11.367595075476835	1.0	0	0.0			15.0	0.0	0.0	0.0	0.0		0.0	0.0
22.856168219862568	1	1	1	1	4	0	22.856168219862568	2.0	0	0.0			14.552750241652504	0.0	0.0	0.0	0.7285827694774977	0.0	0.0	0.0
34.4665080713728	1	1	1	1	4	0	34.4665080713728	3.0	0	0.0			13.791431040067982	0.0	0.0	0.0	2.1993864847666735	0.0	0.0	0.0
46.1993671861199	1	1	1	1	4	0	46.1993671861199	4.0	0	0.0			12.713098668736418	0.0	0.0	0.0	4.42587529936556	0.0	0.0	0.0
58.05546181511435	1	1	1	1	4	0	58.05546181511435	5.0	0	0.0			11.314922877436091	0.0	0.0	0.0	7.421310407022852	0.0	0.0	0.0
70.03547169202406	1	1	1	1	4	0	70.03547169202406	6.0	0	2.500826149469408e-05			10.075555122184273	0.0	1.2504130747347042	0.0	8.825142047449571	0.14168758621806754	1.2504130747347042	0.0
82.14003983175478	1	1	1	1	4	0	82.14003983175478	7.0	0	2.719065744036221e-05	0.3507537556629221	2.206841947644635	10.26218425552968	0.0	1.3595328720181108	0.0	8.902651383511568	0.15271100860313094	1.3595328720181108	1.0341438565976266e-12
94.36977233991071	1	1	1	1	4	0	94.36977233991071	8.0	0	3.2219193624510845e-05	0.6248674771540159	2.279073581776036	10.660726917514909	0.0	1.6109596812255425	0.0	9.049767236289368	0.17801117301289582	1.6109596812255425	1.721193126787298e-12
106.72523823319248	1	1	1	1	4	0	106.72523823319248	9.0	0	4.076031608237079e-05	0.8626291871638708	0.9928721222047486	11.315776395969735	0.0	2.0380158041185394	0.0	9.277760591851195	0.2196667810019328	2.0380158041185394	2.5735522911435337e-12
119.20696927078512	1	1	1	1	4	0	119.20696927078512	10.0	0	5.347748793837467e-05	1.002727944602111	1.508704140410326	12.278773000647806	0.0	2.673874396918733	0.0	9.604898603729074	0.2783865303773857	2.673874396918733	3.6174313415485065e-12
131.81545979678634	1	1	1	1	4	0	131.81545979678634	11.0	0	6.238197945635467e-05	0.485702040322007	1.3404687203977963	12.952676652825982	0.0	3.1190989728177336	0.0	9.833577680008249	0.31718862394903224	3.1190989728177336	3.1456256210757087e-12
144.55116659372186	1	1	1	1	4	0	144.55116659372186	12.0	0	7.638925582585777e-05	0.6574802265178465	1.0379907992670556	14.021775280100114	0.0	3.8194627912928887	0.0	10.202312488807227	0.3743722607480561	3.8194627912928887	4.50197947689673e-12
157.41450874719058	1	1	1	1	4	0	157.41450874719058	13.0	0	9.646619287372358e-05	0.786511399600254	1.1892632879272091	15.579638559140182	0.0	4.823309643686177	0.0	10.756328915454004	0.4484159680870632	4.823309643686177	6.219615057071145e-12
170.4058675216809	1	1	1	1	4	0	170.4058675216809	14.0	0	0.00012224310891635167	0.7465781336536113	1.5324104375771204	17.491582991234132	0.0	6.112155445817582	0.0	11.37942754541655	0.5371232798331284	6.112155445817582	7.613508962571649e-12
183.52558624759342	1	1	1	1	4	0	183.52558624759342	15.0	0	0.00016188873519147918	0.9180415542044807	1.0153363047181818	20.37286669058365	0.0	8.094436759573961	0.0	12.278429931009693	0.6592403756062588	8.094436759573961	1.2004732042083381e-11
196.77397021950497	1	1	1	1	4	0	196.77397021950497	16.0	0	0.0002170585865535032	0.9540312098208746	1.2726155312689709	24.36144121951941	0.0	10.85292932767516	0.0	13.50851189184425	0.8034141298885485	10.85292932767516	2.9082480679106748e-11
210.1512866057031	1	1	1	1	4	0	210.1512866057031	17.0	0	0.0002771654985443249	0.7327186357716564	1.066180995476542	28.734905987111503	0.0	13.858274927216243	0.0	14.876631059895255	0.9315465895081368	13.858274927216243	2.7255846254298747e-11
223.65776436901845	1	1	1	1	4	0	223.65776436901845	18.0	0	0.0003646827728471958	0.8605345987045991	1.2670090314563136	35.215261226415954	0.0	18.234138642359788	0.0	16.981122584056166	1.073788764676848	18.234138642359788	4.547975395544621e-11
237.29359419897813	1	1	1	1	4	0	237.29359419897813	19.0	0	0.00048228790459117266	0.911553711768868	1.2251320738806175	44.19140832286585	0.0	24.11439522955863	0.0	20.077013093307226	1.2010947603355049	24.11439522955863	6.153639305553134e-11
251.0589284553002	1	1	1	1	4	0	251.0589284553002	20.0	0	0.0006095958563900499	0.7450716738965678	1.0455426680534057	54.38228806876614	0.0	30.47979281950249	0.0	23.902495249263634	1.2751720061712588	30.47979281950249	7.225148147178525e-11
264.95388112274634	1	1	1	1	4	0	264.95388112274634	21.0	0	0.0007671435643671169	0.7186489430484456	1.4070791729627008	67.04792107669441	0.0	38.35717821835584	0.0	28.690742858338552	1.3369182669039146	38.35717821835584	9.585213958236787e-11
278.9785277773454	1	1	1	1	4	0	278.9785277773454	22.0	0	0.0010065882725940102	0.9323237507094124	1.115324186146563	86.77931084605602	0.0	50.329413629700525	0.0	36.44989721635551	1.3807834170549351	50.329413629700525	2.0357589147472363e-10
293.1329055639992	1	1	1	1	4	0	293.1329055639992	23.0	0	0.0013135731992034636	0.875428273893047	1.1993234943773177	111.6308436737783	0.0	65.6786599601732	0.0	45.952183713605116	1.429282672821654	65.6786599601732	2.413104333948999e-10
307.41701318547484	1	1	1	1	4	0	307.41701318547484	24.0	0	0.0017070911362433337	0.8455059049994357	1.160309100320489	143.4718370515539	0.0	85.3545568121667	0.0	58.117280239387206	1.468660550882425	85.3545568121667	3.209409405907284e-10
321.83081090278995	1	1	1	1	4	0	321.83081090278995	25.0	0	0.002228626852807494	0.8813437576879388	1.1083863370294582	186.31312054628688	0.0	111.43134264037472	0.0	74.88177790591217	1.4880969143172125	111.43134264037472	4.4687959700692837e-10
336.3742205469876	1	1	1	1	4	0	336.3742205469876	26.0	0	0.002846046166476871	0.8343941785095297	1.1701270105280126	241.12338237365051	0.0	142.30230832384356	0.0	96.3998575603475	1.4761672052758017	142.30230832384356	5.408008749272797e-10
351.0471255422998	1	1	1	1	4	0	351.0471255422998	27.0	0	0.0035113900081440923	0.9101530777639512	1.1240524654888306	322.8125376115629	0.0	175.5695004072046	0.0	118.8639379537399	1.4770627949036457	175.5695004072046	7.328458594435616e-10
365.84937094069124	1	1	1	1	4	0	365.84937094069124	28.0	0	0.00418210782231018	0.9417689323093454	1.143889938699277	432.3074864011738	0.0	209.105391115509	0.0	142.27386572508706	1.4697385921850128	209.105391115509	1.2065949953399256e-09
380.78076346777357	1	1	1	1	4	0	380.78076346777357	29.0	0	0.004838658796082029	0.912137658819744	1.1259565777011773	565.7839509913932	0.0	241.9329398041015	0.0	166.62851602838603	1.451929991160018	241.9329398041015	1.4370732199345495e-09
395.84107158007737	1	1	1	1	4	0	395.84107158007737	30.0	0	0.005532381283531669	0.90643477864651	1.1666422371491465	721.5545376470124	0.0	276.61906417658344	0.0	191.9257619620443	1.4412815733996582	276.61906417658344	1.631918595473582e-09
411.03002553366304	1	1	1	1	4	0	411.03002553366304	31.0	0	0.006232614108248287	0.8860089936450048	1.1567444580971435	900.7425111079596	0.0	311.6307054124144	0.0	218.16244453905452	1.4284342388574012	311.6307054124144	1.9282850350472205e-09
426.3473174640513	1	1	1	1	4	0	426.3473174640513	32.0	0	0.006907093373210111	0.9191526340426744	1.2140345105341441	1111.7953491581306	0.0	345.3546686605056	0.0	245.33434325152282	1.4076898655254289	345.3546686605056	2.186341034047275e-09
441.79260147745117	1	1	1	1	4	0	441.79260147745117	33.0	0	0.007631913113374117	0.9513105890777804	1.1248716437174089	1345.8572542014215	0.0	381.5956556687059	11.86334260539778	273.4361472833631	1.4389428836793856	393.4589982741037	2.4098912292777594e-09
457.365493753255	1	1	1	1	4	0	457.365493753255	34.0	0	0.008357302492622508	0.9028642742529448	1.1557949688320548	1597.2189960476314	0.0	417.8651246311254	33.638863238761594	302.4614274251078	1.4927655129898618	451.503987869887	3.000367626765392e-09
473.0655726577729	1	1	1	1	4	0	473.0655726577729	35.0	0	0.009046749193213272	0.9501064776254154	1.1635687357777158	1881.0894474142776	0.0	452.3374596606637	63.26574790347243	332.4026087448223	1.5511406769973717	515.6032075641361	3.694040518293434e-09
488.8923788691719	1	1	1	1	4	0	488.8923788691719	36.0	0	0.00976520658610845	0.8925874261978672	1.1660928236847483	2173.6766272443992	0.0	488.2603293054225	98.57176754760937	363.2509440690562	1.6155005415250112	586.8320968530319	3.746641010184371e-09
504.8454155135833	1	1	1	1	4	0	504.8454155135833	37.0	0	0.010476755751642513	0.9481331024715286	1.1528018048488449	2501.0607275923985	7.015059303619688	523.8377875821254	137.2716074713363	394.99648832761113	1.6737095508179205	668.1244543570815	4.4276754080855225e-09
520.9241483123367	1	1	1	1	4	0	520.9241483123367	38.0	0	0.011143742931020412	0.8751281732778391	1.1373583110678416	2841.4440503421447	20.920301141753512	557.1871465510203	176.96529644246598	427.6280738156517	1.7168013232685368	755.0727441352399	4.653112401256745e-09
537.1280057402779	1	1	1	1	4	0	537.1280057402779	39.0	0	0.011847366208514598	0.9252994119868848	1.1486923928082682	3213.8649762479436	41.57746167947757	592.3683104257298	228.13453234226182	461.13328642633735	1.7793181861293823	862.0803044474692	5.288758073166986e-09
553.4563791951257	1	1	1	1	4	0	553.4563791951257	40.0	0	0.012529677633452986	0.9178499506319958	1.1494975699783652	3609.257877978267	68.8346330571118	626.4838816726492	285.8563949510358	495.4984429066988	1.8412576057186048	981.1749096807966	6.381554077394604e-09
569.9086231778117	1	1	1	1	4	0	569.9086231778117	41.0	0	0.01324725051615806	0.8969126341072517	1.1315384350034434	4024.614461268443	102.52601851334668	662.3625258079028	344.97084620866616	530.7085691889296	1.898091401757569	1109.8593905299156	7.064339172288497e-09
586.4840554837581	1	1	1	1	4	0	586.4840554837581	42.0	0	0.01398366991172562	0.9028414995287578	1.1516062826321178	4474.9401542918395	142.47170017444452	699.1834955862809	400.0782610971759	566.747379848611	1.9395974216538772	1241.7334568579013	8.473077758254793e-09
603.1819574050269	1	1	1	1	4	0	603.1819574050269	43.0	0	0.014697382967170271	0.9159647027550673	1.1378189648075043	4965.429716498729	188.47742008486333	734.8691483585134	445.5372001664082	603.5972587406297	1.9556191341686515	1368.883768609785	8.94867881610937e-09
620.0015739432909	1	1	1	1	4	0	620.0015739432909	44.0	0	0.015344994920830468	0.8786171904480813	1.1284400359995437	5485.324477242332	240.3343750448304	767.2497460415234	486.7965064426599	641.2392408626882	1.9556604970042968	1494.3806275290133	9.593712162516968e-09
636.9421140335545	1	1	1	1	4	0	636.9421140335545	45.0	0	0.016012602689136596	0.8881999206437633	1.1375833541307858	6021.958043172499	297.8190258094122	800.6301344568296	539.6599945120054	679.6529954953486	1.9720212194341868	1638.1091547782473	9.878026963185744e-09
654.0027507785644	1	1	1	1	4	0	654.0027507785644	46.0	0	0.016700599731669458	0.9162173506192224	1.1324280530389683	6590.217368139265	360.69292119149117	835.0299865834727	598.4568926302895	718.8168106664874	1.994231155897192	1794.1798004052537	1.2291599066682781e-08
671.1826216938364	1	1	1	1	4	0	671.1826216938364	47.0	0	0.017440957408180816	0.9016659247388962	1.1354578235741728	7187.222981710555	428.702537597776	872.0478704090407	657.2664508030814	758.7075789868748	2.0156834643121164	1958.0168588098982	1.2784538499786334e-08
688.4808289632283	1	1	1	1	4	0	688.4808289632283	48.0	0	0.018188117389880392	0.924797183819772	1.1509837108249934	7818.427161492291	501.57913451254234	909.4058694940193	709.916576233926	799.3007849023244	2.0259237527532625	2120.9015802404874	1.383133377741488e-08
705.8964397049822	1	1	1	1	4	0	705.8964397049822	49.0	0	0.01889461146048463	0.9275560271589632	1.1451764063772731	8495.16643885304	579.0386264282525	944.7305730242316	752.8416297505372	840.5704934065054	2.0195476953933613	2276.610829203021	1.4995782925091306e-08
723.4284862481575	1	1	1	1	4	0	723.4284862481575	50.0	0	0.019651324867885147	0.9022013374271564	1.1439296328172874	9181.904056414267	660.7814717055172	982.5662433942572	810.4757308638319	882.4893402570312	2.031800150397118	2453.823445963607	1.5712046892781213e-08
741.0759664193733	1	1	1	1	4	0	741.0759664193733	51.0	0	0.02038636381443099	0.8906002845105259	1.1466138504606331	9888.203047421366	746.4925788270981	1019.3181907215496	876.5594057224796	925.0285237358946	2.0495342011586684	2642.370175271127	1.8789330545768917e-08
758.8378438397727	1	1	1	1	4	0	758.8378438397727	52.0	0	0.021191564812132715	0.8935719328068613	1.1555210781919891	10628.796112258875	835.8412304917856	1059.578240606636	944.5756310611807	968.1577979936546	2.0700694409744886	2839.9951021596025	1.917475993098926e-08
776.7130482321257	1	1	1	1	4	0	776.7130482321257	53.0	0	0.022016806996319825	0.916328533961796	1.1416100196121206	11420.422716035777	928.4810259740648	1100.8403498159914	1007.7495086544756	1011.8454680150363	2.0839050281135747	3037.0708844445317	2.0653960148501867e-08
794.7004757379742	1	1	1	1	4	0	794.7004757379742	54.0	0	0.02281001538054829	0.9284826105934558	1.15097256177916	12254.839096434078	1024.0498421545199	1140.5007690274147	1059.048258242922	1056.0583862417614	2.0827911182997783	3223.598869424857	2.1671550946294117e-08
812.7989892447298	1	1	1	1	4	0	812.7989892447298	55.0	0	0.02366622507633135	0.9022332711841152	1.1512262954932009	13098.189572829822	1122.1698136039506	1183.3112538165676	1118.4605119973603	1100.7619508865	2.0910713383217807	3423.9415794178785	2.2113282332261096e-08
831.0074187226242	1	1	1	1	4	0	831.0074187226242	56.0	0	0.024505049978730768	0.9096017350859524	1.1469773395050444	13990.34038474499	1222.4473320812006	1225.2524989365386	1185.9135452722826	1145.9201059698205	2.104131022439991	3633.6133762900213	2.6275938604181904e-08
849.3245615714155	1	1	1	1	4	0	849.3245615714155	57.0	0	0.025331429824238742	0.8857073042737399	1.1543868602293796	14909.879430422388	1324.473065780785	1266.5714912119372	1254.223101530684	1191.4953431098966	2.1156562695101684	3845.267658523407	2.7579630381841623e-08
867.7491829767432	1	1	1	1	4	0	867.7491829767432	58.0	0	0.026168050007220868	0.9159405949237358	1.150405251573617	15869.765036815894	1427.8219986415347	1308.4025003610436	1315.9445103417586	1237.448705092575	2.120772360019942	4052.169009344337	2.895872906076963e-08
886.2800162760308	1	1	1	1	4	0	886.2800162760308	59.0	0	0.02695774079256753	0.8980211396830254	1.1349712601527642	16874.762126814734	1532.0534900017474	1347.8870396283767	1363.3739103596945	1283.739791247118	2.1120019559058427	4243.314439989818	2.9704706862363555e-08
904.9157633338257	1	1	1	1	4	0	904.9157633338257	60.0	0	0.027798999310751832	0.9057010163541598	1.1441812315061022	17913.73369779162	1636.7113548597192	1389.9499655375917	1424.336668700407	1330.3267646506101	2.115485239430726	4450.997989097718	3.1534412749609403e-08
923.6550949264639	1	1	1	1	4	0	923.6550949264639	61.0	0	0.028603808497404664	0.8884065317249261	1.1474125041452452	18968.55526161845	1741.3239649711154	1430.1904248702328	1492.8539497298148	1377.1663611816152	2.122506370321202	4664.368339571162	3.4162759332236907e-08
942.4966511359496	1	1	1	1	4	0	942.4966511359496	62.0	0	0.029448017748052432	0.8900816794154925	1.13209557651655	20054.687076654383	1845.4043709864493	1472.4008874026215	1561.0727140306158	1424.2139004411704	2.129928376975941	4878.877972419687	3.6716146728872e-08
961.4390417529248	1	1	1	1	4	0	961.4390417529248	63.0	0	0.030291964934932924	0.8957255125506274	1.1610282709203754	21202.036315049732	1948.450445802989	1514.5982467466465	1620.8811638310374	1471.4232985566848	2.1309159734342034	5083.929856380672	3.852647788295265e-08
980.4808466886225	1	1	1	1	4	0	980.4808466886225	64.0	0	0.030711217054768675	0.8744542063427722	1.1330106749227722	22346.246454915534	2049.9450492757933	1535.5608527384338	1667.9043002172698	1518.7470828816845	2.109281518340381	5253.4102022314955	3.636604215750925e-08
999.6206163956656	1	1	1	1	4	0	999.6206163956656	65.0	0	0.03136603907703952	0.8858038559921528	1.145817330364457	23546.09322074251	2149.356214402313	1568.3019538519761	1730.189074725012	1566.1364086016993	2.106132652596969	5447.847242979301	3.774706246096494e-08
1018.856872297602	1	1	1	1	4	0	1018.856872297602	66.0	0	0.031868564319510594	0.8987499252768782	1.1409399672646232	24756.485781166935	2246.137355064124	1593.4282159755294	1799.479492613658	1613.5410772538642	2.102771200819804	5639.045063653311	3.789629403695102e-08
1038.1881072270378	1	1	1	1	4	0	1038.1881072270378	67.0	0	0.032319255660674125	0.8858217305353955	1.1464269759975296	25993.950487726288	2339.7274953779183	1615.9627830337063	1867.2633860767405	1660.9095571650414	2.0971799181262254	5822.953664488366	3.986979316369938e-08
1057.612785872243	1	1	1	1	4	0	1057.612785872243	68.0	0	0.032684323948540525	0.9028062981378704	1.148771463543365	27257.897955905497	2429.5515206760087	1634.2161974270264	1924.775965904468	1708.1890058104775	2.083488508136647	5988.543684007503	4.0448652802076424e-08
1077.1293452320983	1	1	1	1	4	0	1077.1293452320983	69.0	0	0.03125728570221925	0.8579177381919719	1.1592560059806722	28395.51400566013	2515.020450104203	1562.8642851109626	1972.8452744361555	1755.3252940921393	2.014275970070721	6050.730009651321	3.797089096819094e-08
1096.7361950792456	1	1	1	1	4	0	1096.7361950792456	70.0	0	0.031346049320517315	0.8977326899466884	1.1504097952223802	29651.72528397132	2595.5317307921805	1567.3024660258654	2017.5897615573083	1802.263032533016	1.9891060088741528	6180.423958375355	3.8247373013170265e-08
1116.4317184313063	1	1	1	1	4	0	1116.4317184313063	71.0	0	0.031346049320517315	0.9025951245191782	1.1365613200789997	30921.97909171984	2670.4695535183937	1567.3024660258654	2054.4051406138838	1848.9455993807426	1.958796195979346	6292.177160158145	3.8869613405075854e-08
1136.2142720300294	1	1	1	1	4	0	1136.2142720300294	72.0	0	0.031346049320517315	0.8967242909014879	1.1393813507493649	32177.94815322669	2739.205189758182	1567.3024660258654	2078.5667561620735	1895.3151706109802	1.9236216111817672	6385.0744119461215	3.8556214122348615e-08
1156.0821868282233	1	1	1	1	4	0	1156.0821868282233	73.0	0	0.031346049320517315	0.9202430702323836	1.1383898397062613	33445.78388496964	2801.0973499701704	1567.3024660258654	2085.2321755533185	1941.3127518180154	1.881476664776776	6453.631991549354	3.88826941586929e-08
1176.03376848433	1	1	1	1	4	0	1176.03376848433	74.0	0	0.027828290798491803	0.8199057083125164	1.137097464317428	34396.41034737125	2855.4925629422887	1391.4145399245901	2085.2321755533185	1986.8782119770872	1.7498036339219778	6332.139278420198	3.585420601873709e-08
1196.0672978644968	1	1	1	1	4	0	1196.0672978644968	75.0	0	0.027828290798491803	0.9000032014279268	1.1267804102067411	35494.66286639388	2901.725575984889	1391.4145399245901	2085.2321755533185	2031.9503190599528	1.710990019227596	6378.372291462798	3.253918664243781e-08
1216.1810315519913	1	1	1	1	4	0	1216.1810315519913	76.0	0	0.027828290798491803	0.8989604458197312	1.1473651004413643	36613.206052327936	2939.119775724533	1391.4145399245901	2085.2321755533185	2076.466777482238	1.6743088563610056	6415.766491202441	3.33896940907236e-08
1236.373202363814	1	1	1	1	4	0	1236.373202363814	77.0	0	0.027828290798491803	0.8995392648668867	1.1395768479394408	37715.24900634418	2966.9876292181425	1391.4145399245901	2085.2321755533185	2120.364267358109	1.6396459650820632	6443.634344696052	3.3069392184431944e-08
1256.6420198743526	1	1	1	1	4	0	1256.6420198743526	78.0	0	0.027828290798491803	0.8933119248883313	1.1292135324646322	38812.70828064326	2984.631145073409	1391.4145399245901	2085.2321755533185	2163.5784855348497	1.606896509057521	6461.277860551319	3.314187290351536e-08
1276.985670945924	1	1	1	1	4	0	1276.985670945924	79.0	0	0.02385466798263824	0.7713479623151138	1.1407382552472298	39539.133322365604	2991.342354227649	1192.7333991319122	2085.2321755533185	2206.044188376949	1.4859020467295918	6269.30792891288	2.983651181686049e-08
1297.4023202660453	1	1	1	1	4	0	1297.4023202660453	80.0	0	0.02385466798263824	0.8880976571697295	1.145353102286223	40458.18504303524	2991.342354227649	1192.7333991319122	2085.2321755533185	2247.6952362663465	1.4583674520440189	6269.30792891288	2.7197225142430652e-08
1317.890110891278	1	1	1	1	4	0	1317.890110891278	81.0	0	0.02385466798263824	0.8870028727581862	1.1437880680134676	41356.719584396116	2991.342354227649	1192.7333991319122	2085.2321755533185	2288.464639782589	1.4323863771810983	6269.30792891288	2.6723915877375538e-08
1338.447164797479	1	1	1	1	4	0	1338.447164797479	82.0	0	0.02385466798263824	0.9129636994964168	1.1339374434125813	42271.440299531925	2991.342354227649	1192.7333991319122	2085.2321755533185	2328.284607523713	1.407888693715828	6269.30792891288	2.7348022491926032e-08
1359.0715834363004	1	1	1	1	4	0	1359.0715834363004	83.0	0	0.01987400582311552	0.7546344482122183	1.1570029849506696	42803.23716249268	2991.342354227649	993.7002911557761	2085.2321755533185	2367.0865955258364	1.3007265862299917	6070.274820936745	2.420868140236042e-08
1379.7614482977701	1	1	1	1	4	0	1379.7614482977701	84.0	0	0.01987400582311552	0.8964088268289193	1.1542009973239031	43530.27658792681	2991.342354227649	993.7002911557761	2085.2321755533185	2404.8013582365907	1.2803271489196242	6070.274820936745	2.188668855086397e-08
1400.5148214787878	1	1	1	1	4	0	1400.5148214787878	85.0	0	0.01987400582311552	0.9164583571324004	1.1436957355411226	44239.44624471802	2991.342354227649	993.7002911557761	2085.2321755533185	2441.359000994779	1.2611551457424015	6070.274820936745	2.1500262573921598e-08
1421.3297462573673	1	1	1	1	4	0	1421.3297462573673	86.0	0	0.01987400582311552	0.9124068833302674	1.156702560139556	44960.387327094315	2991.342354227649	993.7002911557761	2085.2321755533185	2476.6890339658617	1.2431647350490649	6070.274820936745	2.1998250076605554e-08
1442.2042476724564	1	1	1	1	4	0	1442.2042476724564	87.0	0	0.01987400582311552	0.9001106452451307	1.1439427434957312	45665.122539222764	2991.342354227649	993.7002911557761	2085.2321755533185	2510.7204274802543	1.2263143410989388	6070.274820936745	2.177388086583834e-08
1463.1363331091584	1	1	1	1	4	0	1463.1363331091584	88.0	0	0.01591123531035129	0.7194739266551643	1.15542797013529	45993.052752985364	2991.342354227649	795.5617655175643	2085.2321755533185	2543.381668718754	1.1326628545381088	5872.136295298532	1.8992024860833768e-08
1484.1239928891891	1	1	1	1	4	0	1484.1239928891891	89.0	0	0.01591123531035129	0.8784835428840916	1.1596559808640483	46510.73492966283	2991.342354227649	795.5617655175643	2085.2321755533185	2574.6008196868906	1.1189283865066233	5872.136295298532	1.685380114394958e-08
1505.1652008663875	1	1	1	1	4	0	1505.1652008663875	90.0	0	0.01591123531035129	0.9099605959883982	1.1618610341935682	47016.73609187722	2991.342354227649	795.5617655175643	2085.2321755533185	2604.30557641751	1.1061658689967215	5872.136295298532	1.659592185547679e-08
1526.2579150271054	1	1	1	1	4	0	1526.2579150271054	91.0	0	0.01591123531035129	0.9010012357605658	1.171375880512039	47535.829033877344	2991.342354227649	795.5617655175643	2085.2321755533185	2632.423329338477	1.0943505586522897	5872.136295298532	1.7049666983538302e-08
1547.4000780953006	1	1	1	1	4	0	1547.4000780953006	92.0	0	0.01192914582044003	0.6776561787643668	1.1653698908306966	47675.596460012166	2991.342354227649	596.4572910220015	2085.2321755533185	2658.881224740085	1.0085781349023832	5673.0318208029685	1.4497052659609318e-08
1568.5896181421526	1	1	1	1	4	0	1568.5896181421526	93.0	0	0.01192914582044003	0.8754000367008935	1.1576917204193466	48007.17281568697	2991.342354227649	596.4572910220015	2085.2321755533185	2683.606227274497	0.9992857518812944	5673.0318208029685	1.2640868105580418e-08
