11.247441493196291	1	1	1	1	4	0	11.247441493196291	1.0	0	0.0			15.0	0.0	0.0	0.0	0.0		0.0	0.0
11.367595075476835	1	1	1	1	4	0	11.367595075476835	1.0	0	0.0			15.0	0.0	0.0	0.0	0.0		0.0	0.0
22.856168219862568	1	1	1	1	4	0	22.856168219862568	2.0	0	0.0			14.552750241652504	0.0	0.0	0.0	0.7285827694774977	0.0	0.0	0.0
34.4665080713728	1	1	1	1	4	0	34.4665080713728	3.0	0	0.0			13.791431040067982	0.0	0.0	0.0	2.1993864847666735	0.0	0.0	0.0
46.1993671861199	1	1	1	1	4	0	46.1993671861199	4.0	0	0.0			12.713098668736418	0.0	0.0	0.0	4.42587529936556	0.0	0.0	0.0
58.05546181511435	1	1	1	1	4	0	58.05546181511435	5.0	0	0.0			11.314922877436091	0.0	0.0	0.0	7.421310407022852	0.0	0.0	0.0
70.03547169202406	1	1	1	1	4	0	70.03547169202406	6.0	0	2.500826149469408e-05			10.075555122184273	0.0	1.2504130747347042	0.0	8.825142047449571	0.14168758621806754	1.2504130747347042	0.0
82.14003983175478	1	1	1	1	4	0	82.14003983175478	7.0	0	3.089294168131164e-05	0.8943642808480771	1.4920795663951298	10.578787711771538	0.0	1.5446470840655822	0.0	9.034140627705954	0.17097886204344104	1.5446470840655822	2.0346481882394597e-12
94.36977233991071	1	1	1	1	4	0	94.36977233991071	8.0	0	3.531160858527305e-05	0.4796093868521856	1.1862926281244208	10.928994453025991	0.0	1.7655804292636528	0.0	9.16341402376234	0.1926771424586069	1.7655804292636528	1.6115363067651262e-12
106.72523823319248	1	1	1	1	4	0	106.72523823319248	9.0	0	3.9893049299426363e-05	0.41342296843431176	1.1497168245948417	11.280361660929227	0.0	1.9946524649713184	0.0	9.285709195957908	0.21480884473956985	1.9946524649713184	1.6586750617138706e-12
119.20696927078512	1	1	1	1	4	0	119.20696927078512	10.0	0	5.356706134012356e-05	1.2763002405223556	0.8675806698989396	12.315814143338025	0.0	2.6783530670061784	0.0	9.637461076331844	0.2779106494742491	2.6783530670061784	3.834105860715834e-12
131.81545979678634	1	1	1	1	4	0	131.81545979678634	11.0	0	6.883486710784462e-05	0.8732406575051005	1.1201211172727978	13.471301803339555	0.0	3.4417433553922314	0.0	10.029558447947329	0.3431600078163587	3.4417433553922314	4.640117653069453e-12
144.55116659372186	1	1	1	1	4	0	144.55116659372186	12.0	0	8.646695582884542e-05	0.7597862352486284	1.0697042591517825	14.8170624887387	0.0	4.32334779144227	0.0	10.49371469729643	0.4119940284402934	4.32334779144227	5.463926704769979e-12
157.41450874719058	1	1	1	1	4	0	157.41450874719058	13.0	0	0.00011507847592275249	1.0621805591158224	1.4762569077339605	17.037163911856574	0.0	5.753923796137625	0.0	11.283240115718947	0.5099531461819816	5.753923796137625	8.421941345213955e-12
170.4058675216809	1	1	1	1	4	0	170.4058675216809	14.0	0	0.00014956192681998926	0.8527168045463518	1.2860172952564768	19.5948958699126	0.0	7.478096340999462	0.0	12.116799528913136	0.6171676211325615	7.478096340999462	9.898591229074824e-12
183.52558624759342	1	1	1	1	4	0	183.52558624759342	15.0	0	0.0002007827748902661	0.9943840389632116	1.0812907938444172	23.317419852446708	0.0	10.039138744513304	0.0	13.27828110793341	0.7560571027913539	10.039138744513304	1.5321090967962592e-11
196.77397021950497	1	1	1	1	4	0	196.77397021950497	16.0	0	0.00026930091809861513	0.9608005539936532	1.3534721586645984	28.27102610701987	0.0	13.465045904930758	0.0	14.805980202089113	0.9094329265029576	13.465045904930758	3.63941985765927e-11
210.1512866057031	1	1	1	1	4	0	210.1512866057031	17.0	0	0.0003626820207713095	0.9577358307403198	1.0495152049795191	35.06556851439377	0.0	18.13410103856548	0.0	16.931467475828292	1.0710294937195544	18.13410103856548	4.633948774349743e-11
223.65776436901845	1	1	1	1	4	0	223.65776436901845	18.0	0	0.00047770303711133045	0.8663690884071275	1.285465759021157	43.58248191013839	0.0	23.88515185556653	0.0	19.69733005457186	1.2126086017441051	23.88515185556653	5.82187691423227e-11
237.29359419897813	1	1	1	1	4	0	237.29359419897813	19.0	0	0.0006110569044682424	0.7551398321410849	1.1516665957525605	53.760642603686655	0.0	30.552845223412124	0.0	23.20779738027453	1.3164905192330103	30.552845223412124	7.430510903909387e-11
251.0589284553002	1	1	1	1	4	0	251.0589284553002	20.0	0	0.0008027287048010548	0.9292735131092098	1.2133368733995964	69.10378684779292	0.0	40.13643524005275	0.0	28.967351607740174	1.3855748976833686	40.13643524005275	1.0660184180289116e-10
264.95388112274634	1	1	1	1	4	0	264.95388112274634	21.0	0	0.0010311347849858432	0.8075722912469196	1.1445301346987018	87.4658920510058	0.0	51.55673924929216	0.0	35.90915280171364	1.4357548208943487	51.55673924929216	1.3560651538399055e-10
278.9785277773454	1	1	1	1	4	0	278.9785277773454	22.0	0	0.0013438123862363092	0.8968085144948155	1.3279269118524046	113.2320226458645	0.0	67.19061931181545	0.0	46.041403334049065	1.4593521145374362	67.19061931181545	2.5047900747461985e-10
293.1329055639992	1	1	1	1	4	0	293.1329055639992	23.0	0	0.001722283760598918	0.7918883661357402	1.1868296332859822	143.87064027509862	0.0	86.11418802994592	0.0	57.756452245152744	1.4909881871626407	86.11418802994592	2.973666006607324e-10
307.41701318547484	1	1	1	1	4	0	307.41701318547484	24.0	0	0.0021988804575364404	0.7646943438427718	1.2050728311346326	182.43384373466512	0.0	109.94402287682202	0.0	72.4898208578431	1.5166822262180628	109.94402287682202	3.976714843104845e-10
321.83081090278995	1	1	1	1	4	0	321.83081090278995	25.0	0	0.0028388927391337073	0.8274164635650909	1.2075213956586623	235.30494971982262	0.0	141.94463695668537	0.0	93.06268683923695	1.5252583154179775	141.94463695668537	5.462550442383366e-10
336.3742205469876	1	1	1	1	4	0	336.3742205469876	26.0	0	0.0034563120528030844	0.8218545030719804	1.2031168012428837	310.36373722267314	0.0	172.81560264015422	0.0	114.5807664936723	1.5082426826818092	172.81560264015422	7.017958846748526e-10
351.0471255422998	1	1	1	1	4	0	351.0471255422998	27.0	0	0.004121655894470304	0.906989733277493	1.193283969033086	414.9538498885151	0.0	206.08279472351524	0.0	137.0448468870647	1.5037617203756886	206.08279472351524	9.068798506654956e-10
365.84937094069124	1	1	1	1	4	0	365.84937094069124	28.0	0	0.0047923737086363934	0.850944319963483	1.194305663827724	536.8469931800093	0.0	239.6186854318197	0.0	160.45477465841185	1.4933721102531097	239.6186854318197	1.2451349643153365e-09
380.78076346777357	1	1	1	1	4	0	380.78076346777357	29.0	0	0.005448924682408241	0.9168242275035962	1.1701998985204385	693.2316190575017	0.0	272.4462341204121	0.0	184.80942496171082	1.4742009731205974	272.4462341204121	1.6592536450294026e-09
395.84107158007737	1	1	1	1	4	0	395.84107158007737	30.0	0	0.006142647169857882	0.9268293906184134	1.1626495528441745	874.4748161853547	0.0	307.1323584928941	0.0	210.10667089536904	1.4617925132222138	307.1323584928941	1.8647550586799397e-09
411.03002553366304	1	1	1	1	4	0	411.03002553366304	31.0	0	0.0068428799945745005	0.8706331809535206	1.1560087691451055	1072.7520429800638	0.0	342.14399972872513	0.0	236.3433534723793	1.4476565331832372	342.14399972872513	2.12025257218852e-09
426.3473174640513	1	1	1	1	4	0	426.3473174640513	32.0	0	0.007517359259536325	0.9117008396583396	1.1770495943908892	1305.2748529635267	0.0	375.86796297681616	0.0	263.51525218484755	1.4263613201149996	375.86796297681616	2.4463474209458252e-09
441.79260147745117	1	1	1	1	4	0	441.79260147745117	33.0	0	0.00824217899970033	0.8987799376431199	1.1437410983508245	1555.5961438146564	0.0	412.10894998501647	11.86334260539778	291.6170562166878	1.4538665813682006	423.97229259041427	2.630908509886677e-09
457.365493753255	1	1	1	1	4	0	457.365493753255	34.0	0	0.008967568378948722	0.9628423877394674	1.1860974504822523	1837.197828770481	0.0	448.37841894743605	33.638863238761594	320.6423363584326	1.5032864582404075	482.0172821861977	3.288992984404575e-09
473.0655726577729	1	1	1	1	4	0	473.0655726577729	35.0	0	0.009657015079539486	0.8616253951749641	1.1593834055448953	2124.3822661160766	0.0	482.8507539769743	63.26574790347243	350.58351767814713	1.5577358156974412	546.1165018804468	3.567452708645823e-09
488.8923788691719	1	1	1	1	4	0	488.8923788691719	36.0	0	0.010375472472434664	0.9112153622253376	1.1733755961199226	2444.281243982083	0.0	518.7736236217331	98.57176754760937	381.431853002381	1.6184945916551152	617.3453911693425	4.053233639267295e-09
504.8454155135833	1	1	1	1	4	0	504.8454155135833	37.0	0	0.011087021637968724	0.8614204549399714	1.1709680607666395	2776.5429981755915	7.015059303619688	554.3510818984363	137.2716074713363	413.17739726093583	1.6739122080605704	698.6377486733921	4.4416168248373184e-09
520.9241483123367	1	1	1	1	4	0	520.9241483123367	38.0	0	0.011754008817346624	0.9224569935127572	1.1679630327415822	3151.5637031408305	20.920301141753512	587.7004408673313	176.96529644246598	445.80898274897635	1.7152317851351164	785.5860384515506	5.218034083640381e-09
537.1280057402779	1	1	1	1	4	0	537.1280057402779	39.0	0	0.012457632094840812	0.9219699917172468	1.1832213150480655	3544.379119668828	41.57746167947757	622.8816047420405	228.13453234226182	479.3141953596621	1.7754870298504863	892.5935987637797	5.5980083543455976e-09
553.4563791951257	1	1	1	1	4	0	553.4563791951257	40.0	0	0.013139943519779198	0.8949188773969297	1.150240414121978	3949.307289033593	68.8346330571118	656.9971759889597	285.8563949510358	513.6793518400235	1.8354905011514475	1011.6882039971073	6.377152512615191e-09
569.9086231778117	1	1	1	1	4	0	569.9086231778117	41.0	0	0.013857516402484272	0.9004438214315041	1.167488271052759	4387.408711145537	102.52601851334668	692.8758201242135	344.97084620866616	548.8894781222542	1.8908117347837368	1140.3726848462265	7.495466538977786e-09
586.4840554837581	1	1	1	1	4	0	586.4840554837581	42.0	0	0.014593935798051832	0.8902356704954583	1.1444119747864303	4857.998478610809	142.47170017444452	729.6967899025916	400.0782610971759	584.9282887819357	1.9314761701001493	1272.246751174212	8.5263677104369e-09
603.1819574050269	1	1	1	1	4	0	603.1819574050269	43.0	0	0.015307648853496484	0.8813568694767021	1.160563361988475	5356.347654154307	188.47742008486333	765.3824426748241	445.5372001664082	621.7781676739545	1.9475107133002607	1399.3970629260955	9.121827218376749e-09
620.0015739432909	1	1	1	1	4	0	620.0015739432909	44.0	0	0.015955260807156684	0.8905827606597382	1.1433228491513885	5896.8802721478105	240.3343750448304	797.763040357834	486.7965064426599	659.4201497960131	1.9480137924172676	1524.8939218453245	9.718927691462521e-09
636.9421140335545	1	1	1	1	4	0	636.9421140335545	45.0	0	0.016622868575462812	0.8866079866574866	1.149656023556471	6449.410071139322	297.8190258094122	831.1434287731404	539.6599945120054	697.8339044286732	1.9643691924189932	1668.622449094558	1.0164990303041405e-08
654.0027507785644	1	1	1	1	4	0	654.0027507785644	46.0	0	0.017310865617995674	0.8975407599395286	1.1553191495505235	7030.178416576967	360.69292119149117	865.5432808997833	598.4568926302895	736.9977195998123	1.9864378607915116	1824.693094721564	1.1868557935897028e-08
671.1826216938364	1	1	1	1	4	0	671.1826216938364	47.0	0	0.01805122329450703	0.8934500651246705	1.1676960262253826	7575.330284972241	428.702537597776	902.5611647253515	657.2664508030814	776.8884879201994	2.0077882988126547	1988.5301531262087	1.1951444114227717e-08
688.4808289632283	1	1	1	1	4	0	688.4808289632283	48.0	0	0.018798383276206605	0.909411870566566	1.1619561160423324	8151.988440601487	501.57913451254234	939.91916381033	709.916576233926	817.4816938356491	2.018192887357729	2151.414874556798	1.3361943039122568e-08
705.8964397049822	1	1	1	1	4	0	705.8964397049822	49.0	0	0.019504877346810848	0.9142626451498148	1.1592453816301822	8717.784448017423	579.0386264282525	975.2438673405424	752.8416297505372	858.7514023398303	2.012323348040637	2307.124123519332	1.3384101994855116e-08
723.4284862481575	1	1	1	1	4	0	723.4284862481575	50.0	0	0.02026159075421136	0.8975863893893975	1.15915297492838	9274.513414244524	660.7814717055172	1013.0795377105679	810.4757308638319	900.670249190356	2.024664709657789	2484.3367402799176	1.3042636391290282e-08
741.0759664193733	1	1	1	1	4	0	741.0759664193733	51.0	0	0.0209966297007572	0.9047069955903648	1.148578874666203	9769.031530766297	746.4925788270981	1049.83148503786	876.5594057224796	943.2094326692194	2.042378737995424	2672.883469587437	1.3702364564545942e-08
758.8378438397727	1	1	1	1	4	0	758.8378438397727	52.0	0	0.02180183069845893	0.9017860780612584	1.1528298206892515	10257.966334030089	835.8412304917856	1090.0915349229463	944.5756310611807	986.3387069269794	2.0628483417459127	2870.5083964759133	1.4283201713848123e-08
776.7130482321257	1	1	1	1	4	0	776.7130482321257	53.0	0	0.02262707288264604	0.8737565999455716	1.1413477393533589	10727.89139885529	928.4810259740648	1131.353644132302	1007.7495086544756	1030.026376948361	2.076745994723219	3067.5841787608424	1.4347244932437151e-08
794.7004757379742	1	1	1	1	4	0	794.7004757379742	54.0	0	0.02342028126687451	0.9051124192442868	1.1525924790813518	11235.028945897668	1024.0498421545199	1171.0140633437252	1059.048258242922	1074.239295175086	2.0759455845665915	3254.112163741167	1.5017125808341854e-08
812.7989892447298	1	1	1	1	4	0	812.7989892447298	55.0	0	0.02427649096265757	0.8967493894276272	1.15381284052263	11732.61571071469	1122.1698136039506	1213.824548132878	1118.4605119973603	1118.942859819825	2.084364755234945	3454.454873734189	1.540992835395114e-08
831.0074187226242	1	1	1	1	4	0	831.0074187226242	56.0	0	0.025115315865056987	0.8948880320302917	1.1415330555506422	12158.769801098377	1222.4473320812006	1255.7657932528489	1185.9135452722826	1164.1010149031454	2.0974806372179677	3664.1266706063316	1.543447713893291e-08
849.3245615714155	1	1	1	1	4	0	849.3245615714155	57.0	0	0.02594169571056496	0.8986905173952586	1.143842088793494	12639.036830200657	1324.473065780785	1297.0847855282475	1254.223101530684	1209.6762520432212	2.109083221853457	3875.780952839717	1.707945421643093e-08
867.7491829767432	1	1	1	1	4	0	867.7491829767432	58.0	0	0.026778315893547084	0.8981555609340044	1.1434377763838692	13071.690564626797	1427.8219986415347	1338.915794677354	1315.9445103417586	1255.6296140258999	2.114365793354369	4082.682303660647	1.6619472163674595e-08
886.2800162760308	1	1	1	1	4	0	886.2800162760308	59.0	0	0.027568006678893742	0.8962071927235229	1.1457146555540874	13483.8158141969	1532.0534900017474	1378.4003339446872	1363.3739103596945	1301.9207001804427	2.105945657000752	4273.827734306129	1.6292042651927164e-08
904.9157633338257	1	1	1	1	4	0	904.9157633338257	60.0	0	0.028409265197078044	0.8895431839511996	1.1502769332862888	13887.823600978958	1636.7113548597192	1420.4632598539022	1424.336668700407	1348.507673583935	2.1095912053608648	4481.511283414029	1.6417489173758292e-08
923.6550949264639	1	1	1	1	4	0	923.6550949264639	61.0	0	0.02921407438373088	0.8859282381933551	1.1336909191538087	14234.093095258064	1741.3239649711154	1460.7037191865436	1492.8539497298148	1395.34727011494	2.1167187066435886	4694.881633887473	1.6425833500567842e-08
942.4966511359496	1	1	1	1	4	0	942.4966511359496	62.0	0	0.030058283634378645	0.9040709562667428	1.1473088844492152	14563.583242506533	1845.4043709864493	1502.9141817189318	1561.0727140306158	1442.3948093744955	2.1242359413912943	4909.391266735996	1.5875080276301152e-08
961.4390417529248	1	1	1	1	4	0	961.4390417529248	63.0	0	0.030902230821259136	0.9067100791809808	1.135403599098126	14895.897666332578	1948.450445802989	1545.1115410629568	1620.8811638310374	1489.6042074900095	2.1253918920037878	5114.443150696983	1.660364927909169e-08
980.4808466886225	1	1	1	1	4	0	980.4808466886225	64.0	0	0.031211825591714412	0.8661367528472801	1.1408761254270023	16114.1609854251	2049.9450492757933	1560.5912795857205	1667.9043002172698	1536.9279918150091	2.1006160321085394	5278.440629078784	3.6832959769749185e-08
999.6206163956656	1	1	1	1	4	0	999.6206163956656	65.0	0	0.03186664761398525	0.9131089052033188	1.1417155200639941	17397.871018721657	2149.356214402313	1593.3323806992623	1730.189074725012	1584.3173175350241	2.0977624991155235	5472.877669826588	3.802362838491692e-08
1018.856872297602	1	1	1	1	4	0	1018.856872297602	66.0	0	0.032369172856456324	0.8890878417852129	1.1452084852112008	18688.39220216185	2246.137355064124	1618.4586428228165	1799.479492613658	1631.7219861871888	2.094681670266085	5664.0754905006	3.878412429165023e-08
1038.1881072270378	1	1	1	1	4	0	1038.1881072270378	67.0	0	0.03281986419761986	0.9066758273388192	1.1409632415470714	20019.063500744487	2339.7274953779183	1640.9932098809934	1867.2633860767405	1679.0904660983665	2.0893791411428384	5847.984091335652	4.085355553977736e-08
1057.612785872243	1	1	1	1	4	0	1057.612785872243	68.0	0	0.03318493248548626	0.9081628314013992	1.148947539766596	21386.845959130118	2429.5515206760087	1659.246624274313	1924.775965904468	1726.3699147438024	2.0760455563839333	6013.574110854789	4.2675710351139717e-08
1077.1293452320983	1	1	1	1	4	0	1077.1293452320983	69.0	0	0.03142207657884112	0.8661206492327583	1.1355544241972662	22602.206310957103	2515.020450104203	1571.103828942056	1972.8452744361555	1773.5062030254642	1.998272742058928	6058.969553482415	3.984242681565957e-08
1096.7361950792456	1	1	1	1	4	0	1096.7361950792456	70.0	0	0.03151084019713918	0.9252807504604369	1.144300636715062	23928.054113545662	2595.5317307921805	1575.5420098569593	2017.5897615573083	1820.4439414663407	1.9737667771961456	6188.663502206447	3.829903853274964e-08
1116.4317184313063	1	1	1	1	4	0	1116.4317184313063	71.0	0	0.03151084019713918	0.8910883387291233	1.1401790609535716	25258.65971152669	2670.4695535183937	1575.5420098569593	2054.4051406138838	1867.1265083140675	1.9441356192562045	6300.416703989237	3.9250536937661386e-08
1136.2142720300294	1	1	1	1	4	0	1136.2142720300294	72.0	0	0.03151084019713918	0.8968943084107263	1.1533907512338222	26571.442106873208	2739.205189758182	1575.5420098569593	2078.5667561620735	1913.4960795443048	1.909650510958586	6393.313955777216	3.860536172865038e-08
1156.0821868282233	1	1	1	1	4	0	1156.0821868282233	73.0	0	0.03151084019713918	0.9045362509844322	1.1414277820432877	27902.463536874013	2801.0973499701704	1575.5420098569593	2085.2321755533185	1959.4936607513407	1.8682245616485464	6461.871535380448	3.928218966458299e-08
1176.03376848433	1	1	1	1	4	0	1176.03376848433	74.0	0	0.027828290798491803	0.7982399634050831	1.1471198962389548	28894.42008554165	2855.4925629422887	1391.4145399245901	2085.2321755533185	2005.059120910412	1.7339372586177466	6332.139278420198	3.6058258362686505e-08
1196.0672978644968	1	1	1	1	4	0	1196.0672978644968	75.0	0	0.027828290798491803	0.915353001525856	1.1470431356569857	30063.31467578333	2901.725575984889	1391.4145399245901	2085.2321755533185	2050.1312279932777	1.6958166716385965	6378.372291462798	3.317503085883575e-08
1216.1810315519913	1	1	1	1	4	0	1216.1810315519913	76.0	0	0.027828290798491803	0.9013580059440294	1.1521190209436905	31212.622897942914	2939.119775724533	1391.4145399245901	2085.2321755533185	2094.6476864155625	1.6597763614497258	6415.766491202441	3.2781643697996287e-08
1236.373202363814	1	1	1	1	4	0	1236.373202363814	77.0	0	0.027828290798491803	0.9043967745767776	1.1522098884091605	32366.917242157404	2966.9876292181425	1391.4145399245901	2085.2321755533185	2138.5451762914336	1.6257064634505167	6443.634344696052	3.3138641783397325e-08
1256.6420198743526	1	1	1	1	4	0	1256.6420198743526	78.0	0	0.027828290798491803	0.8963699289464514	1.1474102326153732	33522.48012302603	2984.631145073409	1391.4145399245901	2085.2321755533185	2181.759394468175	1.593506013675433	6461.277860551319	3.344219395194792e-08
1276.985670945924	1	1	1	1	4	0	1276.985670945924	79.0	0	0.02385466798263824	0.7637774155368886	1.1509764602994983	34307.22153685349	2991.342354227649	1192.7333991319122	2085.2321755533185	2224.225097310273	1.4737562212786968	6269.30792891288	3.022230082941129e-08
1297.4023202660453	1	1	1	1	4	0	1297.4023202660453	80.0	0	0.02385466798263824	0.8880034708149852	1.1367243893668226	35282.78366137257	2991.342354227649	1192.7333991319122	2085.2321755533185	2265.876145199671	1.4466658213555503	6269.30792891288	2.7398441046767574e-08
1317.890110891278	1	1	1	1	4	0	1317.890110891278	81.0	0	0.02385466798263824	0.8760439847211887	1.1599792231928732	36231.41994270257	2991.342354227649	1192.7333991319122	2085.2321755533185	2306.6455487159133	1.4210963520208126	6269.30792891288	2.6941494424910718e-08
1338.447164797479	1	1	1	1	4	0	1338.447164797479	82.0	0	0.02385466798263824	0.873238510976923	1.1352578346605084	37164.941542858665	2991.342354227649	1192.7333991319122	2085.2321755533185	2346.465516457038	1.3969800756478523	6269.30792891288	2.6835168913019457e-08
1359.0715834363004	1	1	1	1	4	0	1359.0715834363004	83.0	0	0.01987400582311552	0.7531016354106281	1.1452439744628515	37740.228608618025	2991.342354227649	993.7002911557761	2085.2321755533185	2385.267504459161	1.2908122300551843	6070.274820936745	2.416156246876733e-08
1379.7614482977701	1	1	1	1	4	0	1379.7614482977701	84.0	0	0.01987400582311552	0.8976223208848445	1.1615070153615472	38498.84814578496	2991.342354227649	993.7002911557761	2085.2321755533185	2422.982267169916	1.2707201816649445	6070.274820936745	2.154701203261669e-08
1400.5148214787878	1	1	1	1	4	0	1400.5148214787878	85.0	0	0.01987400582311552	0.8891054996794158	1.1618968870148862	39254.05965071668	2991.342354227649	993.7002911557761	2085.2321755533185	2459.5399099281035	1.2518326920741434	6070.274820936745	2.1651513837450716e-08
1421.3297462573673	1	1	1	1	4	0	1421.3297462573673	86.0	0	0.01987400582311552	0.8799398952379985	1.1530951977379142	40007.27107819345	2991.342354227649	993.7002911557761	2085.2321755533185	2494.8699428991863	1.2341053991500626	6070.274820936745	2.1794021131213e-08
1442.2042476724564	1	1	1	1	4	0	1442.2042476724564	87.0	0	0.01987400582311552	0.9075473156303729	1.1561521536138135	40766.78713403456	2991.342354227649	993.7002911557761	2085.2321755533185	2528.901336413579	1.2174980582973454	6070.274820936745	2.204147988064493e-08
1463.1363331091584	1	1	1	1	4	0	1463.1363331091584	88.0	0	0.01591123531035129	0.7403870682491508	1.1645691502635185	41142.06380329166	2991.342354227649	795.5617655175643	2085.2321755533185	2561.5625776520787	1.1246236832954557	5872.136295298532	1.9017275260881445e-08
1484.1239928891891	1	1	1	1	4	0	1484.1239928891891	89.0	0	0.01591123531035129	0.9110958036822112	1.1618260053356129	41715.82796622984	2991.342354227649	795.5617655175643	2085.2321755533185	2592.781728620216	1.1110823210729492	5872.136295298532	1.7060516919382942e-08
1505.1652008663875	1	1	1	1	4	0	1505.1652008663875	90.0	0	0.01591123531035129	0.9246754760141168	1.1601387337641973	42268.83496874953	2991.342354227649	795.5617655175643	2085.2321755533185	2622.4864853508348	1.098497154194292	5872.136295298532	1.6670554253105638e-08
1526.2579150271054	1	1	1	1	4	0	1526.2579150271054	91.0	0	0.01591123531035129	0.8804907439939952	1.149318599244089	42822.90772989288	2991.342354227649	795.5617655175643	2085.2321755533185	2650.604238271801	1.0868442370518374	5872.136295298532	1.6916453656911012e-08
1547.4000780953006	1	1	1	1	4	0	1547.4000780953006	92.0	0	0.01192914582044003	0.7094804861409805	1.1646015887224634	43006.59080126825	2991.342354227649	596.4572910220015	2085.2321755533185	2677.0621336734102	1.0017285115812984	5673.0318208029685	1.4465774727719411e-08
1568.5896181421526	1	1	1	1	4	0	1568.5896181421526	93.0	0	0.01192914582044003	0.8928954187121945	1.1636712944916272	43387.978345010255	2991.342354227649	596.4572910220015	2085.2321755533185	2701.787136207822	0.9925613423192504	5673.0318208029685	1.2766313311685298e-08
