11.247441493196291	1	1	1	1	4	0	11.247441493196291	1.0	0	0.0			15.0	0.0	0.0	0.0	0.0		0.0	0.0
11.367595075476835	1	1	1	1	4	0	11.367595075476835	1.0	0	0.0			15.0	0.0	0.0	0.0	0.0		0.0	0.0
22.856168219862568	1	1	1	1	4	0	22.856168219862568	2.0	0	0.0			14.552750241652504	0.0	0.0	0.0	0.7285827694774977	0.0	0.0	0.0
34.4665080713728	1	1	1	1	4	0	34.4665080713728	3.0	0	0.0			13.791431040067982	0.0	0.0	0.0	2.1993864847666735	0.0	0.0	0.0
46.1993671861199	1	1	1	1	4	0	46.1993671861199	4.0	0	0.0			12.713098668736418	0.0	0.0	0.0	4.42587529936556	0.0	0.0	0.0
58.05546181511435	1	1	1	1	4	0	58.05546181511435	5.0	0	0.0			11.314922877436091	0.0	0.0	0.0	7.421310407022852	0.0	0.0	0.0
70.03547169202406	1	1	1	1	4	0	70.03547169202406	6.0	0	2.500826149469408e-05			10.075555122184273	0.0	1.2504130747347042	0.0	8.825142047449571	0.14168758621806754	1.2504130747347042	0.0
82.14003983175478	1	1	1	1	4	0	82.14003983175478	7.0	0	3.334149138102346e-05	2.04529935665814	1.4343480511145423	10.78817717169856	0.0	1.6670745690511737	0.0	9.121102602647383	0.1827711672235008	1.6670745690511737	2.6969493702519693e-12
94.36977233991071	1	1	1	1	4	0	94.36977233991071	8.0	0	4.176154741632373e-05	0.8544119030982725	1.7733028150911458	11.455518804230039	0.0	2.088077370816187	0.0	9.367441433413852	0.2229079717934476	2.088077370816187	2.6369614531367514e-12
106.72523823319248	1	1	1	1	4	0	106.72523823319248	9.0	0	4.920774062501856e-05	0.5503885289994772	1.0770440810233848	12.026594210524069	0.0	2.4603870312509284	0.0	9.56620717927314	0.25719566648961845	2.4603870312509284	2.4191001491572917e-12
119.20696927078512	1	1	1	1	4	0	119.20696927078512	10.0	0	6.080817657395778e-05	0.7130608993554303	1.3467013498046436	12.905026975143814	0.0	3.0404088286978888	0.0	9.864618146445926	0.3082135348334089	3.0404088286978888	3.449863244385995e-12
131.81545979678634	1	1	1	1	4	0	131.81545979678634	11.0	0	7.441792933263082e-05	0.6571367484421211	1.4363030935177037	13.935030998483304	0.0	3.720896466631541	0.0	10.214134531851764	0.3642889620288723	3.720896466631541	4.3732468335454086e-12
144.55116659372186	1	1	1	1	4	0	144.55116659372186	12.0	0	9.947724931047212e-05	1.0993666919435463	1.3056243894837314	15.847671534873594	0.0	4.973862465523607	0.0	10.873809069349987	0.4574167556007063	4.973862465523607	7.307000013245697e-12
157.41450874719058	1	1	1	1	4	0	157.41450874719058	13.0	0	0.00012742615396536572	0.8447716849789179	1.011327946652509	18.016357532515805	0.0	6.371307698268286	0.0	11.645049834247516	0.5471258422210082	6.371307698268286	8.482485961948992e-12
170.4058675216809	1	1	1	1	4	0	170.4058675216809	14.0	0	0.0001693857253869548	0.9578488481325136	1.268733836031039	21.128613817165455	0.0	8.46928626934774	0.0	12.659327547817714	0.6690154937027223	8.46928626934774	1.1800125391589874e-11
183.52558624759342	1	1	1	1	4	0	183.52558624759342	15.0	0	0.0002189954353958844	0.8039548381941802	1.189179860104333	24.7340468045581	0.0	10.949771769794221	0.0	13.784275034763882	0.7943668957691966	10.949771769794221	1.543161380182557e-11
196.77397021950497	1	1	1	1	4	0	196.77397021950497	16.0	0	0.00029723685900834664	1.0022263033493888	1.2953252030572089	30.39060997491229	0.0	14.861842950417333	0.0	15.528767024494956	0.95705234852029	14.861842950417333	3.8070146265170185e-11
210.1512866057031	1	1	1	1	4	0	210.1512866057031	17.0	0	0.00038406818701482886	0.7726658648861109	1.1776606843461783	36.70858142248176	0.0	19.203409350741445	0.0	17.505172071740315	1.0970134581963178	19.203409350741445	4.75983110482854e-11
223.65776436901845	1	1	1	1	4	0	223.65776436901845	18.0	0	0.000510881390957981	0.913239996675784	1.2516636224984392	46.098666033001116	0.0	25.54406954789905	0.0	20.554596485102067	1.2427424477251765	25.54406954789905	6.895087553578877e-11
237.29359419897813	1	1	1	1	4	0	237.29359419897813	19.0	0	0.00067167541082684	0.9117064963819076	1.1566399813692645	58.37118129801877	0.0	33.583770541342005	0.0	24.78741075667677	1.3548720707868145	33.583770541342005	9.066847119762836e-11
251.0589284553002	1	1	1	1	4	0	251.0589284553002	20.0	0	0.0008397905928152379	0.6952094624648522	1.1443545419565622	71.82864078028663	0.0	41.98952964076189	0.0	29.839111139524746	1.4071977360325172	41.98952964076189	1.0059762240071757e-10
264.95388112274634	1	1	1	1	4	0	264.95388112274634	21.0	0	0.001080704089996188	0.8161808386923534	1.152891014097608	91.19624682882801	0.0	54.035204499809396	0.0	37.16104232901863	1.4540820470370373	54.035204499809396	1.432993184810348e-10
278.9785277773454	1	1	1	1	4	0	278.9785277773454	22.0	0	0.0014086069461953286	0.8989182001222197	1.1294187505975877	118.21701128866043	0.0	70.43034730976646	0.0	47.786663978894005	1.4738494267118856	70.43034730976646	2.3969538307494286e-10
293.1329055639992	1	1	1	1	4	0	293.1329055639992	23.0	0	0.001831167174767272	0.8552468386897006	1.1525389494161564	152.4247800805308	0.0	91.5583587383636	0.0	60.866421342167214	1.5042507300315608	91.5583587383636	3.392704073996478e-10
307.41701318547484	1	1	1	1	4	0	307.41701318547484	24.0	0	0.002411802294342297	0.9143442650347164	1.2159042450543254	199.40611754220586	0.0	120.59011471711487	0.0	78.81600282509095	1.5300206860874346	120.59011471711487	4.650989383742365e-10
321.83081090278995	1	1	1	1	4	0	321.83081090278995	25.0	0	0.003051814575939564	0.8233548856515701	1.1509892188037811	259.12037092412083	0.0	152.59072879697825	0.0	99.38886880648485	1.5352899236038202	152.59072879697825	5.813711538306277e-10
336.3742205469876	1	1	1	1	4	0	336.3742205469876	26.0	0	0.003669233889608941	0.8408580877947545	1.2019785160794536	343.3207308016976	0.0	183.46169448044708	0.0	120.90694846092018	1.5173792475603336	183.46169448044708	7.558579399914936e-10
351.0471255422998	1	1	1	1	4	0	351.0471255422998	27.0	0	0.004334577731276162	0.8984591141743195	1.1790694962872244	454.08794709973563	0.0	216.7288865638081	0.0	143.37102885431258	1.5116644436166986	216.7288865638081	9.344717475138383e-10
365.84937094069124	1	1	1	1	4	0	365.84937094069124	28.0	0	0.00500529554544225	0.8930525352602292	1.1233933289981557	589.5085420098058	0.0	250.2647772721125	0.0	166.78095662565974	1.5005596702136228	250.2647772721125	1.3984784313762246e-09
380.78076346777357	1	1	1	1	4	0	380.78076346777357	29.0	0	0.0056618465192140996	0.8848703577734074	1.1400730973892117	747.802330558245	0.0	283.0923259607049	0.0	191.1356069289587	1.481107212356956	283.0923259607049	1.5793765973667583e-09
395.84107158007737	1	1	1	1	4	0	395.84107158007737	30.0	0	0.006355569006663739	0.8832449008824945	1.1839345812524047	928.7168390108708	0.0	317.77845033318687	0.0	216.43285286261693	1.4682542235623544	317.77845033318687	1.8213841410536573e-09
411.03002553366304	1	1	1	1	4	0	411.03002553366304	31.0	0	0.007055801831380358	0.9428359208690688	1.1748239509275222	1143.3985718222787	0.0	352.7900915690179	0.0	242.66953543962725	1.4537881359103977	352.7900915690179	2.152698736480821e-09
426.3473174640513	1	1	1	1	4	0	426.3473174640513	32.0	0	0.007730281096342181	0.9343930977045448	1.1684023009111244	1385.100217651518	0.0	386.51405481710907	0.0	269.8414341520955	1.4323747427137203	386.51405481710907	2.490673049830595e-09
441.79260147745117	1	1	1	1	4	0	441.79260147745117	33.0	0	0.008455100836506189	0.889313945800681	1.1614622891816095	1640.5359045879413	0.0	422.7550418253094	11.86334260539778	297.94323818393576	1.4587288071374012	434.6183844307072	2.628302687508689e-09
457.365493753255	1	1	1	1	4	0	457.365493753255	34.0	0	0.00918049021575458	0.8655255296620991	1.1780845083300016	1910.1550417434062	0.0	459.0245107877288	33.638863238761594	326.9685183256805	1.5067608849600858	492.66337402649043	3.222738333047393e-09
473.0655726577729	1	1	1	1	4	0	473.0655726577729	35.0	0	0.009869936916345341	0.8698706403200965	1.1548892227292051	2207.7877679436297	0.0	493.4968458172672	63.26574790347243	356.909699645395	1.5599536641170215	556.7625937207396	3.8101862494406254e-09
488.8923788691719	1	1	1	1	4	0	488.8923788691719	36.0	0	0.01058839430924052	0.9244345433019924	1.1527360028445968	2541.019759222387	0.0	529.4197154620259	98.57176754760937	387.7580349696289	1.6195447324742676	627.9914830096352	4.264701331402716e-09
504.8454155135833	1	1	1	1	4	0	504.8454155135833	37.0	0	0.01129994347477458	0.8987890956206122	1.1528569240935942	2892.6758383793153	7.015059303619688	564.9971737387292	137.2716074713363	419.50357922818375	1.6740471738098692	709.2838405136853	4.71148812353783e-09
520.9241483123367	1	1	1	1	4	0	520.9241483123367	38.0	0	0.01196693065415248	0.9046013755223662	1.1650609876733082	3265.794173190045	20.920301141753512	598.3465327076241	176.96529644246598	452.13516471622427	1.7147788751107262	796.2321302918435	4.992297982920067e-09
537.1280057402779	1	1	1	1	4	0	537.1280057402779	39.0	0	0.012670553931646669	0.9221217777707512	1.150053387982677	3669.5099967048372	41.57746167947757	633.5276965823334	228.13453234226182	485.64037732690997	1.7742804535063712	903.2396906040727	5.712758265776834e-09
553.4563791951257	1	1	1	1	4	0	553.4563791951257	40.0	0	0.013352865356585052	0.9194679388062652	1.1375370342510267	4098.318016987281	68.8346330571118	667.6432678292527	285.8563949510358	520.0055338072715	1.8336336842401413	1022.3342958374003	6.687052167623054e-09
569.9086231778117	1	1	1	1	4	0	569.9086231778117	41.0	0	0.014070438239290129	0.9019276774221324	1.1564351657138234	4547.017712899019	102.52601851334668	703.5219119645063	344.97084620866616	555.2156600895022	1.8884423360900031	1151.0187766865192	7.814359484727116e-09
586.4840554837581	1	1	1	1	4	0	586.4840554837581	42.0	0	0.014806857634857685	0.9095340403662966	1.136443491101345	5031.741408982095	142.47170017444452	740.3428817428844	400.0782610971759	591.2544707491837	1.928816100781484	1282.8928430145047	8.651046168554941e-09
603.1819574050269	1	1	1	1	4	0	603.1819574050269	43.0	0	0.01552057069030234	0.8780920818862726	1.1228113952473204	5539.322601586696	188.47742008486333	776.028534515117	445.5372001664082	628.1043496412025	1.944845208251353	1410.0431547663886	9.200079132999598e-09
620.0015739432909	1	1	1	1	4	0	620.0015739432909	44.0	0	0.016168182643962536	0.9048863743008928	1.1358706804169465	6087.823158670357	240.3343750448304	808.4091321981269	486.7965064426599	665.7463317632611	1.9454942173100265	1535.5400136856174	9.788932048578665e-09
636.9421140335545	1	1	1	1	4	0	636.9421140335545	45.0	0	0.016835790412268663	0.8829364157653307	1.1570691424464092	6648.336742719066	297.8190258094122	841.7895206134334	539.6599945120054	704.1600863959213	1.961840129559267	1679.268540934851	1.0509916910948005e-08
654.0027507785644	1	1	1	1	4	0	654.0027507785644	46.0	0	0.017523787454801525	0.8961223907693898	1.128677583312874	7240.5109806475875	360.69292119149117	876.1893727400765	598.4568926302895	743.32390156706	1.9838542286364629	1835.3391865618573	1.2894202208063187e-08
671.1826216938364	1	1	1	1	4	0	671.1826216938364	47.0	0	0.018264145131312883	0.8619108385846231	1.1312176664236084	7781.929226030256	428.702537597776	913.2072565656443	657.2664508030814	783.2146698874474	2.005163804700456	1999.1762449665014	1.2380483416128868e-08
688.4808289632283	1	1	1	1	4	0	688.4808289632283	48.0	0	0.019011305113012456	0.9113879446913044	1.14263448751496	8354.836853085759	501.57913451254234	950.565255650623	709.916576233926	823.8078758028972	2.0156178165524516	2162.0609663970913	1.314927090229874e-08
705.8964397049822	1	1	1	1	4	0	705.8964397049822	49.0	0	0.0197177991836167	0.8891150933361949	1.147158654618871	8913.805799563175	579.0386264282525	985.8899591808353	752.8416297505372	865.0775843070783	2.009914047563821	2317.770215359625	1.311194037354786e-08
723.4284862481575	1	1	1	1	4	0	723.4284862481575	50.0	0	0.02047451259101721	0.9135069091274493	1.1335792948837364	9490.4704504537	660.7814717055172	1023.7256295508611	810.4757308638319	906.9964311576041	2.0222806809434664	2494.982832120211	1.3770409269340542e-08
741.0759664193733	1	1	1	1	4	0	741.0759664193733	51.0	0	0.021209551537563057	0.9012159806088558	1.146973761345543	9992.014204002458	746.4925788270981	1060.477576878153	876.5594057224796	949.5356146364675	2.0399834958715406	2683.529561427731	1.4117598345413232e-08
758.8378438397727	1	1	1	1	4	0	758.8378438397727	52.0	0	0.022014752535264786	0.8933296298921576	1.134691260222278	10489.728613351876	835.8412304917856	1100.7376267632394	944.5756310611807	992.6648888942275	2.0604267167168406	2881.154488316206	1.4866298391326389e-08
776.7130482321257	1	1	1	1	4	0	776.7130482321257	53.0	0	0.02283999471945189	0.8672565861910295	1.1289981561509856	10961.961932675451	928.4810259740648	1141.9997359725949	1007.7495086544756	1036.352558915609	2.0743416187214008	3078.230270601135	1.4428774075474226e-08
794.7004757379742	1	1	1	1	4	0	794.7004757379742	54.0	0	0.023633203103680358	0.8854563492121507	1.1509010478236528	11475.827859820754	1024.0498421545199	1181.6601551840179	1059.048258242922	1080.565477142334	2.0736442731381004	3264.75825558146	1.551380958097267e-08
812.7989892447298	1	1	1	1	4	0	812.7989892447298	55.0	0	0.024489412799463414	0.8716577555515282	1.1320467159822205	11969.836064634346	1122.1698136039506	1224.4706399731708	1118.4605119973603	1125.2690417870729	2.0821075360339187	3465.100965574482	1.5617139109278452e-08
831.0074187226242	1	1	1	1	4	0	831.0074187226242	56.0	0	0.025328237701862842	0.8868524637103905	1.1427568902656555	12394.707849625525	1222.4473320812006	1266.411885093142	1185.9135452722826	1170.4271968703931	2.095239615862226	3674.7727624466247	1.6024189061440897e-08
849.3245615714155	1	1	1	1	4	0	849.3245615714155	57.0	0	0.02615461754737081	0.9082477813320248	1.1461530430867781	12875.171437260604	1324.473065780785	1307.7308773685404	1254.223101530684	1216.0024340104692	2.106865831221821	3886.4270446800106	1.7918654725957557e-08
867.7491829767432	1	1	1	1	4	0	867.7491829767432	58.0	0	0.02699123773035294	0.8770358209636733	1.1719829406954352	13301.993699387023	1427.8219986415347	1349.5618865176468	1315.9445103417586	1261.9557959931478	2.112202666149392	4093.32839550094	1.6477189654363736e-08
886.2800162760308	1	1	1	1	4	0	886.2800162760308	59.0	0	0.0277809285156996	0.8817423772555244	1.1473138772583933	13717.675538414285	1532.0534900017474	1389.04642578498	1363.3739103596945	1308.2468821476907	2.103899786580151	4284.473826146423	1.63385348768893e-08
904.9157633338257	1	1	1	1	4	0	904.9157633338257	60.0	0	0.028622187033883893	0.8661362067687499	1.1490824384062093	14111.46986857305	1636.7113548597192	1431.1093516941946	1424.336668700407	1354.833855551183	2.107598661411461	4492.157375254321	1.614753546671071e-08
923.6550949264639	1	1	1	1	4	0	923.6550949264639	61.0	0	0.029426996220536725	0.8740008135977109	1.1557873458883898	14457.081546625735	1741.3239649711154	1471.3498110268365	1492.8539497298148	1401.673452082188	2.1147605787591406	4705.527725727767	1.6607954722316826e-08
942.4966511359496	1	1	1	1	4	0	942.4966511359496	62.0	0	0.030271205471184493	0.8674059174505516	1.1546030423981923	14783.767774747275	1845.4043709864493	1513.560273559225	1561.0727140306158	1448.7209913417435	2.1223085783703923	4920.03735857629	1.6355524380332254e-08
961.4390417529248	1	1	1	1	4	0	961.4390417529248	63.0	0	0.031115152658064988	0.8748822560352998	1.1455320988110689	15112.057742157798	1948.450445802989	1555.7576329032495	1620.8811638310374	1495.9303894572574	2.1235204653385047	5125.089242537276	1.6538448247361112e-08
980.4808466886225	1	1	1	1	4	0	980.4808466886225	64.0	0	0.03139389323759121	0.8772726835857657	1.1520584430036265	15440.630925797852	2049.9450492757933	1569.694661879561	1667.9043002172698	1543.254173782257	2.0979039079233583	5287.544011372624	1.6240053936666002e-08
999.6206163956656	1	1	1	1	4	0	999.6206163956656	65.0	0	0.03204871525986205	0.8721123395530507	1.1384020414673657	15799.572798925494	2149.356214402313	1602.4357629931023	1730.189074725012	1590.643499502272	2.095142524871805	5481.981052120428	1.6344051390413156e-08
1018.856872297602	1	1	1	1	4	0	1018.856872297602	66.0	0	0.03255124050233313	0.8470170174810427	1.158033191234667	16125.208215599649	2246.137355064124	1627.5620251166565	1799.479492613658	1638.0481681544366	2.0921494156008302	5673.178872794439	1.606216959626234e-08
1038.1881072270378	1	1	1	1	4	0	1038.1881072270378	67.0	0	0.03300193184349667	0.8822315647149851	1.1512213052211635	16463.57487906989	2339.7274953779183	1650.0965921748334	1867.2633860767405	1685.4166480656147	2.086937958212597	5857.087473629492	1.6367371653243935e-08
1057.612785872243	1	1	1	1	4	0	1057.612785872243	68.0	0	0.03336700013136307	0.87156608176853	1.1534045443541092	16789.930298059	2429.5515206760087	1668.350006568153	1924.775965904468	1732.6960967110504	2.073719666878098	6022.677493148629	1.6215565166536942e-08
1077.1293452320983	1	1	1	1	4	0	1077.1293452320983	69.0	0	0.031494906285244935	0.8419753564249979	1.139550083300043	17037.139130711603	2515.020450104203	1574.7453142622473	1972.8452744361555	1779.8323849927124	1.9932161132762671	6062.611038802605	1.6215661077594553e-08
1096.7361950792456	1	1	1	1	4	0	1096.7361950792456	70.0	0	0.031583669903543006	0.8942656676616455	1.1524592317927391	17399.52597194651	2595.5317307921805	1579.1834951771502	2017.5897615573083	1826.7701234335887	1.9689249405798144	6192.30498752664	1.563341388809921e-08
1116.4317184313063	1	1	1	1	4	0	1116.4317184313063	71.0	0	0.031583669903543006	0.8676498895796205	1.1591639647998713	17768.10073937756	2670.4695535183937	1579.1834951771502	2054.4051406138838	1873.4526902813152	1.9395144882176982	6304.058189309428	1.5831713278758398e-08
1136.2142720300294	1	1	1	1	4	0	1136.2142720300294	72.0	0	0.031583669903543006	0.8880724321955064	1.1585311474604132	18142.04030112444	2739.205189758182	1579.1834951771502	2078.5667561620735	1919.8222615115528	1.9052546293839359	6396.955441097405	1.5856857558027607e-08
1156.0821868282233	1	1	1	1	4	0	1156.0821868282233	73.0	0	0.031583669903543006	0.8706740721568121	1.1462068349348933	18522.48668297796	2801.0973499701704	1579.1834951771502	2085.2321755533185	1965.819842718588	1.864064850247337	6465.51302070064	1.5889184793301753e-08
1176.03376848433	1	1	1	1	4	0	1176.03376848433	74.0	0	0.027828290798491803	0.7878948825681845	1.1598484449095463	18685.77337795841	2855.4925629422887	1391.4145399245901	2085.2321755533185	2011.38530287766	1.728483702502907	6332.139278420198	1.5178140027629083e-08
1196.0672978644968	1	1	1	1	4	0	1196.0672978644968	75.0	0	0.027828290798491803	0.8880031771487344	1.1581470641872171	19106.919024145616	2901.725575984889	1391.4145399245901	2085.2321755533185	2056.4574099605256	1.6905999115948838	6378.372291462798	1.5360525459224595e-08
1216.1810315519913	1	1	1	1	4	0	1216.1810315519913	76.0	0	0.027828290798491803	0.8570713898659121	1.1497748253860722	19470.713609860824	2939.119775724533	1391.4145399245901	2085.2321755533185	2100.9738683828105	1.6547786566017593	6415.766491202441	1.4180658026939362e-08
1236.373202363814	1	1	1	1	4	0	1236.373202363814	77.0	0	0.027828290798491803	0.8912863055560369	1.141403529590988	19866.93954234644	2966.9876292181425	1391.4145399245901	2085.2321755533185	2144.8713582586815	1.6209115302376136	6443.634344696052	1.4809631110151491e-08
1256.6420198743526	1	1	1	1	4	0	1256.6420198743526	78.0	0	0.027828290798491803	0.8704331220156227	1.1469899863964328	20241.88043486558	2984.631145073409	1391.4145399245901	2085.2321755533185	2188.085576435423	1.5888988771369998	6461.277860551319	1.4393006995722673e-08
1276.985670945924	1	1	1	1	4	0	1276.985670945924	79.0	0	0.02385466798263824	0.7461524334983707	1.1478274253363387	20389.935131333146	2991.342354227649	1192.7333991319122	2085.2321755533185	2230.551279277521	1.469576424957586	6269.30792891288	1.3852069266113632e-08
1297.4023202660453	1	1	1	1	4	0	1297.4023202660453	80.0	0	0.02385466798263824	0.8901854310721955	1.148241666393169	20823.252839055727	2991.342354227649	1192.7333991319122	2085.2321755533185	2272.202327166919	1.4426380676989892	6269.30792891288	1.4232105895459222e-08
1317.890110891278	1	1	1	1	4	0	1317.890110891278	81.0	0	0.02385466798263824	0.874618862969757	1.1344184023788415	21243.547714635395	2991.342354227649	1192.7333991319122	2085.2321755533185	2312.9717306831617	1.4172095279854748	6269.30792891288	1.4087857658332315e-08
1338.447164797479	1	1	1	1	4	0	1338.447164797479	82.0	0	0.02385466798263824	0.8888483052784744	1.1588470777435635	21616.105310460516	2991.342354227649	1192.7333991319122	2085.2321755533185	2352.791698424286	1.3932238782041575	6269.30792891288	1.3222794940945873e-08
1359.0715834363004	1	1	1	1	4	0	1359.0715834363004	83.0	0	0.01987400582311552	0.7111079481142184	1.158589384400675	21776.87767453631	2991.342354227649	993.7002911557761	2085.2321755533185	2391.593686426409	1.2873978068196557	6070.274820936745	1.3170530183702378e-08
1379.7614482977701	1	1	1	1	4	0	1379.7614482977701	84.0	0	0.01987400582311552	0.8751588151677091	1.1564378226494592	22158.698919202565	2991.342354227649	993.7002911557761	2085.2321755533185	2429.308449137164	1.2674110888646777	6070.274820936745	1.2245756149926424e-08
1400.5148214787878	1	1	1	1	4	0	1400.5148214787878	85.0	0	0.01987400582311552	0.8841905854736839	1.1443399045491631	22558.59810460052	2991.342354227649	993.7002911557761	2085.2321755533185	2465.8660918953515	1.2486211140291557	6070.274820936745	1.2617553304793704e-08
1421.3297462573673	1	1	1	1	4	0	1421.3297462573673	86.0	0	0.01987400582311552	0.8816761714622412	1.1691376493548329	22935.18998499707	2991.342354227649	993.7002911557761	2085.2321755533185	2501.1961248664347	1.2309840224438662	6070.274820936745	1.2255646341791908e-08
1442.2042476724564	1	1	1	1	4	0	1442.2042476724564	87.0	0	0.01987400582311552	0.8802550271089504	1.1429631365460726	23310.579024703096	2991.342354227649	993.7002911557761	2085.2321755533185	2535.227518380827	1.214460021590297	6070.274820936745	1.2315537793407863e-08
1463.1363331091584	1	1	1	1	4	0	1463.1363331091584	88.0	0	0.01591123531035129	0.7092197739510252	1.17245670496173	23437.060796885104	2991.342354227649	795.5617655175643	2085.2321755533185	2567.888759619327	1.1218530905123565	5872.136295298532	1.1564489726244453e-08
1484.1239928891891	1	1	1	1	4	0	1484.1239928891891	89.0	0	0.01591123531035129	0.8793200200532034	1.1746218808002615	23844.49367818087	2991.342354227649	795.5617655175643	2085.2321755533185	2599.107910587464	1.10837796666155	5872.136295298532	1.1645966815264644e-08
1505.1652008663875	1	1	1	1	4	0	1505.1652008663875	90.0	0	0.01591123531035129	0.887443598471008	1.167998276400509	24232.85415999233	2991.342354227649	795.5617655175643	2085.2321755533185	2628.8126673180827	1.0958536440749396	5872.136295298532	1.1422908132598296e-08
1526.2579150271054	1	1	1	1	4	0	1526.2579150271054	91.0	0	0.01591123531035129	0.8990004962707197	1.1714425395183994	24620.792336088634	2991.342354227649	795.5617655175643	2085.2321755533185	2656.930420239049	1.084256448391182	5872.136295298532	1.1450690286677108e-08
1547.4000780953006	1	1	1	1	4	0	1547.4000780953006	92.0	0	0.01192914582044003	0.6286859676138233	1.1575588622669242	24729.192003368076	2991.342354227649	596.4572910220015	2085.2321755533185	2683.3883156406573	0.9993669015194574	5673.0318208029685	1.052463806157842e-08
1568.5896181421526	1	1	1	1	4	0	1568.5896181421526	93.0	0	0.01192914582044003	0.8645751445861171	1.1664197346793368	25254.026578559282	2991.342354227649	596.4572910220015	2085.2321755533185	2708.1133181750697	0.9902427083008636	5673.0318208029685	1.2403363257740562e-08
