11.247441493196291	1	1	1	1	4	0	11.247441493196291	1.0	0	0.0			15.0	0.0	0.0	0.0	0.0		0.0	0.0
11.367595075476835	1	1	1	1	4	0	11.367595075476835	1.0	0	0.0			15.0	0.0	0.0	0.0	0.0		0.0	0.0
22.856168219862568	1	1	1	1	4	0	22.856168219862568	2.0	0	0.0			14.552750241652504	0.0	0.0	0.0	0.7285827694774977	0.0	0.0	0.0
34.4665080713728	1	1	1	1	4	0	34.4665080713728	3.0	0	0.0			13.791431040067982	0.0	0.0	0.0	2.1993864847666735	0.0	0.0	0.0
46.1993671861199	1	1	1	1	4	0	46.1993671861199	4.0	0	0.0			12.713098668736418	0.0	0.0	0.0	4.42587529936556	0.0	0.0	0.0
58.05546181511435	1	1	1	1	4	0	58.05546181511435	5.0	0	0.0			11.314922877436091	0.0	0.0	0.0	7.421310407022852	0.0	0.0	0.0
70.03547169202406	1	1	1	1	4	0	70.03547169202406	6.0	0	2.500826149469408e-05			10.075555122184273	0.0	1.2504130747347042	0.0	8.825142047449571	0.14168758621806754	1.2504130747347042	0.0
82.14003983175478	1	1	1	1	4	0	82.14003983175478	7.0	0	3.0375480863350813e-05	0.8073758688260632	1.5174072631291118	10.534536683818557	0.0	1.5187740431675412	0.0	9.015762640651014	0.1684576340019831	1.5187740431675412	1.8947116253081767e-12
94.36977233991071	1	1	1	1	4	0	94.36977233991071	8.0	0	3.0612349370097696e-05	0.09574209079085227	1.0641426436325343	10.553309981208153	0.0	1.5306174685048857	0.0	9.022692512703266	0.16964087675047027	1.5306174685048857	5.698168745181815e-13
106.72523823319248	1	1	1	1	4	0	106.72523823319248	9.0	0	3.923555280770618e-05	0.9304842227450062	1.2742920289989643	11.214654545963477	0.0	1.9617776403853096	0.0	9.252876905578166	0.2120181280270396	1.9617776403853096	2.575567405114449e-12
119.20696927078512	1	1	1	1	4	0	119.20696927078512	10.0	0	4.385486615934881e-05	0.3654009922027803	1.1914389015930549	11.564447968899396	0.0	2.192743307967441	0.0	9.371704660931954	0.23397486234370804	2.192743307967441	1.6912621984418757e-12
131.81545979678634	1	1	1	1	4	0	131.81545979678634	11.0	0	5.706874493300489e-05	0.94506576908494	1.499444973365862	12.564491727380798	0.0	2.8534372466502447	0.0	9.711054480730553	0.2938339242470797	2.8534372466502447	3.995348539425671e-12
144.55116659372186	1	1	1	1	4	0	144.55116659372186	12.0	0	7.271273721856501e-05	0.8301923901894301	1.1459323849733751	13.75851190920525	0.0	3.6356368609282494	0.0	10.122875048277	0.3591506211021607	3.6356368609282494	4.7986048144943326e-12
157.41450874719058	1	1	1	1	4	0	157.41450874719058	13.0	0	9.667059547484246e-05	1.0626328447744966	0.970503188661198	15.617513983720846	0.0	4.833529773742124	0.0	10.78398420997872	0.4482137287691431	4.833529773742124	7.0829770280130975e-12
170.4058675216809	1	1	1	1	4	0	170.4058675216809	14.0	0	0.00012953344178873242	1.004684959296608	1.1233836702650823	18.055041263116642	0.0	6.476672089436621	0.0	11.57836917368002	0.5593768856636054	6.476672089436621	9.223164819940607e-12
183.52558624759342	1	1	1	1	4	0	183.52558624759342	15.0	0	0.00017341072585815614	0.9753494189488732	1.2305980186774024	21.243864728374213	0.0	8.670536292907808	0.0	12.573328435466404	0.6895975347665508	8.670536292907808	1.3225581230925951e-11
196.77397021950497	1	1	1	1	4	0	196.77397021950497	16.0	0	0.0002249053466181578	0.8019736171193432	1.3198255098144227	24.966733789463053	0.0	11.245267330907893	0.0	13.721466458555165	0.8195383026204615	11.245267330907893	2.157349758831033e-11
210.1512866057031	1	1	1	1	4	0	210.1512866057031	17.0	0	0.0002999264631485365	0.9152583474290842	1.2748604118737017	30.425377381420212	0.0	14.996323157426824	0.0	15.429054223993388	0.9719534936954444	14.996323157426824	3.5778168730560424e-11
223.65776436901845	1	1	1	1	4	0	223.65776436901845	18.0	0	0.0004068073446044833	1.0194940800259442	1.2195551757142251	38.33954159233421	0.0	20.340367230224167	0.0	17.99917436211003	1.1300722367045108	20.340367230224167	5.5799206536579634e-11
237.29359419897813	1	1	1	1	4	0	237.29359419897813	19.0	0	0.0005441102112548799	0.961656344293626	1.1485001684020122	48.81910748832942	0.0	27.205510562744003	0.0	21.613596925585433	1.2587220283792306	27.205510562744003	7.355754372978587e-11
251.0589284553002	1	1	1	1	4	0	251.0589284553002	20.0	0	0.0007157440372992934	0.9810575725322708	1.1437882571576146	62.55823106099232	0.0	35.78720186496467	0.0	26.77102919602764	1.3367884216522716	35.78720186496467	9.504144997548516e-11
264.95388112274634	1	1	1	1	4	0	264.95388112274634	21.0	0	0.0009137417153003364	0.7808294831105199	1.2297910489423862	78.47573286525973	0.0	45.687085765016825	0.0	32.78864710024292	1.3933812403219996	45.687085765016825	1.186443360200013e-10
278.9785277773454	1	1	1	1	4	0	278.9785277773454	22.0	0	0.0011890902350240745	0.8899030196044724	1.246830623878553	101.16576851197617	0.0	59.4545117512037	0.0	41.711256760772464	1.4253828910549144	59.4545117512037	2.2016821362129068e-10
293.1329055639992	1	1	1	1	4	0	293.1329055639992	23.0	0	0.0015429909973182564	0.8484945182708536	1.1819885254182618	129.8153068103135	0.0	77.14954986591283	0.0	52.66575694440069	1.4648901742238267	77.14954986591283	2.882980215979636e-10
307.41701318547484	1	1	1	1	4	0	307.41701318547484	24.0	0	0.0019742693365941647	0.7745953399874047	1.1589211671870183	164.7116341496971	0.0	98.71346682970824	0.0	65.99816731998887	1.495700120748821	98.71346682970824	3.578868593239538e-10
321.83081090278995	1	1	1	1	4	0	321.83081090278995	25.0	0	0.0025771001394575693	0.8752838859034751	1.1698053406221696	214.23086074259228	0.0	128.85500697287847	0.0	85.37585376971381	1.5092675655161465	128.85500697287847	5.080413642907095e-10
336.3742205469876	1	1	1	1	4	0	336.3742205469876	26.0	0	0.0031945194531269464	0.8712162069532424	1.1453808147366575	284.4344785580048	0.0	159.72597265634732	0.0	106.89393342414913	1.4942473117025603	159.72597265634732	6.615990700221701e-10
351.0471255422998	1	1	1	1	4	0	351.0471255422998	27.0	0	0.003859863294794167	0.9274608133341808	1.1847655676779183	381.60244032277365	0.0	192.99316473970836	0.0	129.35801381754155	1.4919304884498588	192.99316473970836	8.468120171727544e-10
365.84937094069124	1	1	1	1	4	0	365.84937094069124	28.0	0	0.0045305811089602546	0.8675868518609379	1.2469749475150147	496.31817164523375	0.0	226.52905544801274	0.0	152.76794158888868	1.4828311037771351	226.52905544801274	1.122171421566441e-09
380.78076346777357	1	1	1	1	4	0	380.78076346777357	29.0	0	0.005187132082732103	0.8771021361542424	1.1841930188349563	636.9191640486125	0.0	259.35660413660514	0.0	177.1225918921877	1.4642773762845132	259.35660413660514	1.480439867573244e-09
395.84107158007737	1	1	1	1	4	0	395.84107158007737	30.0	0	0.0058808545701817426	0.8877323500788178	1.1690334183980513	801.8437892002468	0.0	294.04272850908717	0.0	202.41983782584592	1.4526379018348488	294.04272850908717	1.7595236332522154e-09
411.03002553366304	1	1	1	1	4	0	411.03002553366304	31.0	0	0.006581087394898362	0.9173955840529476	1.1794992110245248	997.7681248064807	0.0	329.0543697449181	0.0	228.6565204028562	1.4390771326580891	329.0543697449181	2.0042419980595963e-09
426.3473174640513	1	1	1	1	4	0	426.3473174640513	32.0	0	0.007255566659860186	0.8980133112952497	1.1678014258322489	1219.0179411997258	0.0	362.7783329930093	0.0	255.82841911532444	1.418053296219108	362.7783329930093	2.27686882126691e-09
441.79260147745117	1	1	1	1	4	0	441.79260147745117	33.0	0	0.007980386400024193	0.8722919344870632	1.1537694717358205	1452.8054966696475	0.0	399.0193200012096	11.86334260539778	283.93022314716467	1.4471254875661532	410.88266260660737	2.4115796335549603e-09
457.365493753255	1	1	1	1	4	0	457.365493753255	34.0	0	0.008705775779272583	0.8735660791281306	1.1435835176111857	1708.254653670461	0.0	435.28878896362914	33.638863238761594	312.9555032889095	1.4983844261383483	468.9276522023907	3.0015346417370438e-09
473.0655726577729	1	1	1	1	4	0	473.0655726577729	35.0	0	0.009395222479863349	0.9431382026433752	1.1717488597745696	2003.2038025668896	0.0	469.76112399316736	63.26574790347243	342.896684608624	1.554482431071117	533.0268718966398	3.68685023276954e-09
488.8923788691719	1	1	1	1	4	0	488.8923788691719	36.0	0	0.010113679872758527	0.910844596415434	1.1846553290978314	2313.8274316978172	0.0	505.68399363792616	98.57176754760937	373.7450199328579	1.6167593652327146	604.2557611855357	3.9735992211108356e-09
504.8454155135833	1	1	1	1	4	0	504.8454155135833	37.0	0	0.010825229038292588	0.8985594431664189	1.1526990964076609	2650.244148779345	7.015059303619688	541.2614519146293	137.2716074713363	405.49056419141266	1.673363375887737	685.5481186895853	4.6837551337935975e-09
520.9241483123367	1	1	1	1	4	0	520.9241483123367	38.0	0	0.011492216217670484	0.8642761567576409	1.1546797132469695	2996.757234581896	20.920301141753512	574.6108108835242	176.96529644246598	438.1221496794533	1.7154487803820733	772.4964084677437	4.877366763399399e-09
537.1280057402779	1	1	1	1	4	0	537.1280057402779	39.0	0	0.012195839495164671	0.8870153784515502	1.1742091247457491	3372.258000455716	41.57746167947757	609.7919747582337	228.13453234226182	471.627362290139	1.7766706813440012	879.5039687799729	5.370921033515897e-09
553.4563791951257	1	1	1	1	4	0	553.4563791951257	40.0	0	0.012878150920103058	0.9180901263290098	1.1562889775645262	3774.9602826289697	68.8346330571118	643.9075460051529	285.8563949510358	505.9925187705004	1.837505311769037	998.5985740133003	6.643816569017007e-09
569.9086231778117	1	1	1	1	4	0	569.9086231778117	41.0	0	0.013595723802808131	0.8808521205632036	1.1377080778272766	4202.301636239751	102.52601851334668	679.7861901404067	344.97084620866616	541.2026450527311	1.8934812047144143	1127.2830548624192	7.605002158197367e-09
586.4840554837581	1	1	1	1	4	0	586.4840554837581	42.0	0	0.014332143198375691	0.9038297028513288	1.1612454007490658	4668.069241686933	142.47170017444452	716.6071599187845	400.0782610971759	577.2414557124126	1.9345204852582591	1259.157121190405	8.180081281407404e-09
603.1819574050269	1	1	1	1	4	0	603.1819574050269	43.0	0	0.015045856253820346	0.8654085384613952	1.1312449028434897	5149.516926127225	188.47742008486333	752.2928126910173	445.5372001664082	614.0913346044314	1.9505730586949428	1386.3074329422884	8.637449860308965e-09
620.0015739432909	1	1	1	1	4	0	620.0015739432909	44.0	0	0.015693468207480545	0.9065794413347787	1.1640851110975639	5677.852095773355	240.3343750448304	784.6734103740271	486.7965064426599	651.73331672649	1.9509052003095293	1511.8042918615176	9.599794425547475e-09
636.9421140335545	1	1	1	1	4	0	636.9421140335545	45.0	0	0.016361075975786673	0.9193849535500076	1.167314676264206	6233.138673343988	297.8190258094122	818.0537987893335	539.6599945120054	690.1470713591502	1.9672818296939336	1655.5328191107512	1.0147481493867206e-08
654.0027507785644	1	1	1	1	4	0	654.0027507785644	46.0	0	0.017049073018319538	0.9019928375338764	1.154918244185572	6809.6739272379555	360.69292119149117	852.4536509159766	598.4568926302895	729.310886530289	1.989426690788892	1811.6034647377573	1.1411367429312884e-08
671.1826216938364	1	1	1	1	4	0	671.1826216938364	47.0	0	0.01778943069483089	0.914700778641928	1.1441696445627414	7416.568043580997	428.702537597776	889.4715347415447	657.2664508030814	769.2016548506763	2.010835488705353	1975.4405231424014	1.3212479738909976e-08
688.4808289632283	1	1	1	1	4	0	688.4808289632283	48.0	0	0.018536590676530462	0.8933308821534953	1.1655505450758463	8057.526140248326	501.57913451254234	926.8295338265233	709.916576233926	809.7948607661259	2.021186092131982	2138.325244572992	1.4171223705351136e-08
705.8964397049822	1	1	1	1	4	0	705.8964397049822	49.0	0	0.01924308474713471	0.8933556147850058	1.1466687686322037	8734.96747245072	579.0386264282525	962.1542373567354	752.8416297505372	851.0645692703073	2.015118392929564	2294.0344935355247	1.477585260454748e-08
723.4284862481575	1	1	1	1	4	0	723.4284862481575	50.0	0	0.019999798154535217	0.9023123014183484	1.1549113670218492	9433.271197603382	660.7814717055172	999.9899077267613	810.4757308638319	892.9834161208328	2.027434783117644	2471.2471102961103	1.5855745145888516e-08
741.0759664193733	1	1	1	1	4	0	741.0759664193733	51.0	0	0.020734837101081063	0.9182653957067372	1.1465485461035199	10155.42377655519	746.4925788270981	1036.7418550540533	876.5594057224796	935.5225995996964	2.0451684027678447	2659.793839603631	1.8089734771399565e-08
758.8378438397727	1	1	1	1	4	0	758.8378438397727	52.0	0	0.021540038098782792	0.8967219536589774	1.1331021605973346	10904.398623546009	835.8412304917856	1077.00190493914	944.5756310611807	978.6518738574564	2.0656758444982755	2857.4187664921064	1.959695986321667e-08
776.7130482321257	1	1	1	1	4	0	776.7130482321257	53.0	0	0.022365280282969902	0.8873568907699863	1.1314864779441671	11700.44041763681	928.4810259740648	1118.264014148495	1007.7495086544756	1022.3395438788381	2.079557164282921	3054.494548777036	2.1371263330055792e-08
794.7004757379742	1	1	1	1	4	0	794.7004757379742	54.0	0	0.023158488667198367	0.9089320557817274	1.1451225603202784	12544.50268096668	1024.0498421545199	1157.9244333599186	1059.048258242922	1066.5524621055627	2.0786344510668933	3241.0225337573606	2.174762861839192e-08
812.7989892447298	1	1	1	1	4	0	812.7989892447298	55.0	0	0.024014698362981427	0.8872952372046774	1.1556220696201411	13399.735495404693	1122.1698136039506	1200.7349181490715	1118.4605119973603	1111.2560267503018	2.087003691605223	3441.365243750383	2.2625347526856165e-08
831.0074187226242	1	1	1	1	4	0	831.0074187226242	56.0	0	0.024853523265380848	0.8900450843041177	1.1605848706341575	14291.697659844149	1222.4473320812006	1242.6761632690425	1185.9135452722826	1156.414181833622	2.1001037056554672	3651.0370406225256	2.6140965859569506e-08
849.3245615714155	1	1	1	1	4	0	849.3245615714155	57.0	0	0.02567990311088882	0.879836627355728	1.1373148355203495	15216.775676507237	1324.473065780785	1283.995155544441	1254.223101530684	1201.9894189736979	2.111681032302553	3862.691322855911	2.8314183331165457e-08
867.7491829767432	1	1	1	1	4	0	867.7491829767432	58.0	0	0.026516523293870945	0.8881047950411405	1.1543259274064472	16193.464675436246	1427.8219986415347	1325.8261646935473	1315.9445103417586	1247.9427809563767	2.116900482416951	4069.5926736768406	2.881844676234792e-08
886.2800162760308	1	1	1	1	4	0	886.2800162760308	59.0	0	0.02730621407921761	0.8978629146988579	1.151541746425068	17210.60495766426	1532.0534900017474	1365.3107039608803	1363.3739103596945	1294.2338671109194	2.108339677752165	4260.738104322323	3.02529631665482e-08
904.9157633338257	1	1	1	1	4	0	904.9157633338257	60.0	0	0.028147472597401902	0.904926586492945	1.131672433452683	18262.572076458866	1636.7113548597192	1407.3736298700956	1424.336668700407	1340.8208405144119	2.1119229452639656	4468.421653430222	3.164174411889733e-08
923.6550949264639	1	1	1	1	4	0	923.6550949264639	61.0	0	0.028952281784054738	0.8729494883227445	1.1469029275625902	19328.20269078906	1741.3239649711154	1447.6140892027372	1492.8539497298148	1387.6604370454168	2.119011222366004	4681.792003903667	3.5186780049425576e-08
942.4966511359496	1	1	1	1	4	0	942.4966511359496	62.0	0	0.029796491034702506	0.8934104260706418	1.1522944116717075	20433.85442259975	1845.4043709864493	1489.8245517351254	1561.0727140306158	1434.7079763049726	2.126493555589754	4896.301636752191	3.5911107024283205e-08
961.4390417529248	1	1	1	1	4	0	961.4390417529248	63.0	0	0.030640438221582997	0.8876746200790196	1.1421650154005472	21574.423215061288	1948.450445802989	1532.0219110791504	1620.8811638310374	1481.9173744204863	2.1275835814686705	5101.353520713176	3.7434773769853794e-08
980.4808466886225	1	1	1	1	4	0	980.4808466886225	64.0	0	0.031008308215531095	0.8678746529121586	1.1380223171886144	22716.84158035523	2049.9450492757933	1550.4154107765548	1667.9043002172698	1529.2411587454862	2.104520724274761	5268.264760269618	3.6758637408005135e-08
999.6206163956656	1	1	1	1	4	0	999.6206163956656	65.0	0	0.031663130237801936	0.8910026559591037	1.1375295902917066	23919.986872268502	2149.356214402313	1583.1565118900971	1730.189074725012	1576.630484465501	2.101535914256014	5462.7018010174215	3.76369833348467e-08
1018.856872297602	1	1	1	1	4	0	1018.856872297602	66.0	0	0.03216565548027301	0.8981596464848612	1.1425247925604094	25158.818069395824	2246.137355064124	1608.2827740136506	1799.479492613658	1624.0351531176655	2.098330359466306	5653.899621691433	4.1381206185207206e-08
1038.1881072270378	1	1	1	1	4	0	1038.1881072270378	67.0	0	0.03261634682143655	0.8894275444293314	1.1641634810540349	26409.079677613398	2339.7274953779183	1630.8173410718273	1867.2633860767405	1671.4036330288434	2.0929000380413805	5837.808222526485	4.036906626510479e-08
1057.612785872243	1	1	1	1	4	0	1057.612785872243	68.0	0	0.03298141510930295	0.9191394770878244	1.1506111961606436	27708.94165026203	2429.5515206760087	1649.0707554651474	1924.775965904468	1718.6830816742793	2.07940996189251	6003.398242045622	4.1558311039084036e-08
1077.1293452320983	1	1	1	1	4	0	1077.1293452320983	69.0	0	0.03135475148050308	0.8488109896535014	1.1466544296939103	28855.792507961767	2515.020450104203	1567.7375740251541	1972.8452744361555	1765.8193699559408	2.0050651321995923	6055.603298565513	3.910808201781358e-08
1096.7361950792456	1	1	1	1	4	0	1096.7361950792456	70.0	0	0.031443515098801146	0.9005307106177012	1.1492692946485945	30110.228901575923	2595.5317307921805	1572.1757549400575	2017.5897615573083	1812.7571083968173	1.9802793765746785	6185.297247289546	3.827617663037061e-08
1116.4317184313063	1	1	1	1	4	0	1116.4317184313063	71.0	0	0.031443515098801146	0.903722408577713	1.1473549277051451	31367.766627152807	2670.4695535183937	1572.1757549400575	2054.4051406138838	1859.439675244544	1.9503622213917704	6297.050449072335	3.85029601580413e-08
1136.2142720300294	1	1	1	1	4	0	1136.2142720300294	72.0	0	0.031443515098801146	0.8906673604371337	1.1532275265289376	32623.526991083883	2739.205189758182	1572.1757549400575	2078.5667561620735	1905.8092464747815	1.915586524650876	6389.9477008603135	3.866686303194834e-08
1156.0821868282233	1	1	1	1	4	0	1156.0821868282233	73.0	0	0.031443515098801146	0.8862511752859251	1.1394720088551056	33888.31898304002	2801.0973499701704	1572.1757549400575	2085.2321755533185	1951.8068276818167	1.8738575347834598	6458.505280463546	3.912252185045077e-08
1176.03376848433	1	1	1	1	4	0	1176.03376848433	74.0	0	0.027828290798491803	0.8051801140151357	1.1413563306226615	34818.186985256034	2855.4925629422887	1391.4145399245901	2085.2321755533185	1997.3722878408887	1.7406102691231786	6332.139278420198	3.5645508604262454e-08
1196.0672978644968	1	1	1	1	4	0	1196.0672978644968	75.0	0	0.027828290798491803	0.9148160041172876	1.1529511866885505	35933.059472066074	2901.725575984889	1391.4145399245901	2085.2321755533185	2042.4443949237545	1.7021989553883023	6378.372291462798	3.31824886799088e-08
1216.1810315519913	1	1	1	1	4	0	1216.1810315519913	76.0	0	0.027828290798491803	0.8703249345651688	1.1515826743578133	37028.07240057245	2939.119775724533	1391.4145399245901	2085.2321755533185	2086.96085334604	1.6658897601762752	6415.766491202441	3.297820506208473e-08
1236.373202363814	1	1	1	1	4	0	1236.373202363814	77.0	0	0.027828290798491803	0.9071185373607248	1.1481167406414037	38139.918350377404	2966.9876292181425	1391.4145399245901	2085.2321755533185	2130.8583432219107	1.6315710176309195	6443.634344696052	3.343361597276806e-08
1256.6420198743526	1	1	1	1	4	0	1256.6420198743526	78.0	0	0.027828290798491803	0.9078050707946664	1.1484549584160484	39252.493632975136	2984.631145073409	1391.4145399245901	2085.2321755533185	2174.072561398652	1.5991401470249311	6461.277860551319	3.36221955154519e-08
1276.985670945924	1	1	1	1	4	0	1276.985670945924	79.0	0	0.02385466798263824	0.7849067646340868	1.1565896842490475	39987.33495333657	2991.342354227649	1192.7333991319122	2085.2321755533185	2216.5382642407512	1.478867126982831	6269.30792891288	3.016347461789979e-08
1297.4023202660453	1	1	1	1	4	0	1297.4023202660453	80.0	0	0.02385466798263824	0.90113286490809	1.1489039667351533	40910.47194314229	2991.342354227649	1192.7333991319122	2085.2321755533185	2258.189312130148	1.4515902440407566	6269.30792891288	2.7333058405824267e-08
1317.890110891278	1	1	1	1	4	0	1317.890110891278	81.0	0	0.02385466798263824	0.8957178874189671	1.165712689495718	41826.74715238285	2991.342354227649	1192.7333991319122	2085.2321755533185	2298.958715646391	1.4258479512380349	6269.30792891288	2.7393706992424077e-08
1338.447164797479	1	1	1	1	4	0	1338.447164797479	82.0	0	0.02385466798263824	0.8993664227171627	1.1612462904625391	42735.229866356385	2991.342354227649	1192.7333991319122	2085.2321755533185	2338.778683387515	1.4015715116478595	6269.30792891288	2.7335697377803e-08
1359.0715834363004	1	1	1	1	4	0	1359.0715834363004	83.0	0	0.01987400582311552	0.7550504184384199	1.1606622679831893	43270.53465405441	2991.342354227649	993.7002911557761	2085.2321755533185	2377.580671389638	1.2949854882987135	6070.274820936745	2.444042593501788e-08
1379.7614482977701	1	1	1	1	4	0	1379.7614482977701	84.0	0	0.01987400582311552	0.8947438510768971	1.16121327070636	43986.649374233435	2991.342354227649	993.7002911557761	2085.2321755533185	2415.295434100393	1.274764330375129	6070.274820936745	2.1716545487886186e-08
1400.5148214787878	1	1	1	1	4	0	1400.5148214787878	85.0	0	0.01987400582311552	0.9133761962654836	1.1583121139050634	44704.36308583038	2991.342354227649	993.7002911557761	2085.2321755533185	2451.853076858581	1.2557573272922025	6070.274820936745	2.184604785702156e-08
1421.3297462573673	1	1	1	1	4	0	1421.3297462573673	86.0	0	0.01987400582311552	0.9032599522868288	1.1448282597505943	45421.08871718767	2991.342354227649	993.7002911557761	2085.2321755533185	2487.1831098296634	1.2379194979817778	6070.274820936745	2.2028575692222547e-08
1442.2042476724564	1	1	1	1	4	0	1442.2042476724564	87.0	0	0.01987400582311552	0.9116712685437578	1.1548796528450562	46137.56421383983	2991.342354227649	993.7002911557761	2085.2321755533185	2521.214503344056	1.2212100408851765	6070.274820936745	2.2177064357808863e-08
1463.1363331091584	1	1	1	1	4	0	1463.1363331091584	88.0	0	0.01591123531035129	0.7247358549518239	1.1621814168927131	46458.98861609148	2991.342354227649	795.5617655175643	2085.2321755533185	2553.8757445825563	1.1280086539769238	5872.136295298532	1.8914480977800627e-08
1484.1239928891891	1	1	1	1	4	0	1484.1239928891891	89.0	0	0.01591123531035129	0.9269591349968438	1.1631379751559792	46985.40110207282	2991.342354227649	795.5617655175643	2085.2321755533185	2585.094895550693	1.1143861473051255	5872.136295298532	1.7039351112569842e-08
1505.1652008663875	1	1	1	1	4	0	1505.1652008663875	90.0	0	0.01591123531035129	0.8982392428630658	1.1656585214401969	47504.272707736585	2991.342354227649	795.5617655175643	2085.2321755533185	2614.799652281312	1.1017264510332565	5872.136295298532	1.7040824622539772e-08
1526.2579150271054	1	1	1	1	4	0	1526.2579150271054	91.0	0	0.01591123531035129	0.9045752069886815	1.1692040339358016	48014.03948335249	2991.342354227649	795.5617655175643	2085.2321755533185	2642.9174052022786	1.0900052855985478	5872.136295298532	1.692128399414116e-08
1547.4000780953006	1	1	1	1	4	0	1547.4000780953006	92.0	0	0.01192914582044003	0.6677850218437821	1.1805099226070659	48156.526798295126	2991.342354227649	596.4572910220015	2085.2321755533185	2669.375300603887	1.0046131265126514	5673.0318208029685	1.4721366065242588e-08
1568.5896181421526	1	1	1	1	4	0	1568.5896181421526	93.0	0	0.01192914582044003	0.9162744628008196	1.16234107632092	48502.83641478412	2991.342354227649	596.4572910220015	2085.2321755533185	2694.1003031382998	0.995393327951256	5673.0318208029685	1.2973424414510106e-08
