11.247441493196291	1	1	1	1	4	0	11.247441493196291	1.0	0	0.0			15.0	0.0	0.0	0.0	0.0		0.0	0.0
11.367595075476835	1	1	1	1	4	0	11.367595075476835	1.0	0	0.0			15.0	0.0	0.0	0.0	0.0		0.0	0.0
22.856168219862568	1	1	1	1	4	0	22.856168219862568	2.0	0	0.0			14.552750241652504	0.0	0.0	0.0	0.7285827694774977	0.0	0.0	0.0
34.4665080713728	1	1	1	1	4	0	34.4665080713728	3.0	0	0.0			13.791431040067982	0.0	0.0	0.0	2.1993864847666735	0.0	0.0	0.0
46.1993671861199	1	1	1	1	4	0	46.1993671861199	4.0	0	0.0			12.713098668736418	0.0	0.0	0.0	4.42587529936556	0.0	0.0	0.0
58.05546181511435	1	1	1	1	4	0	58.05546181511435	5.0	0	0.0			11.314922877436091	0.0	0.0	0.0	7.421310407022852	0.0	0.0	0.0
70.03547169202406	1	1	1	1	4	0	70.03547169202406	6.0	0	2.500826149469408e-05			10.075555122184273	0.0	1.2504130747347042	0.0	8.825142047449571	0.14168758621806754	1.2504130747347042	0.0
82.14003983175478	1	1	1	1	4	0	82.14003983175478	7.0	0	3.175449859712785e-05	1.0495657593268437	1.7615401165245124	10.652464360981627	0.0	1.5877249298563931	0.0	9.064739431125236	0.17515395140920265	1.5877249298563931	2.2676664500445754e-12
94.36977233991071	1	1	1	1	4	0	94.36977233991071	8.0	0	4.019392772302831e-05	0.9103346393638412	2.8184982731396984	11.321341431027315	0.0	2.009696386151416	0.0	9.3116450448759	0.2158261377518176	2.009696386151416	2.623716915231939e-12
106.72523823319248	1	1	1	1	4	0	106.72523823319248	9.0	0	5.381097116487349e-05	1.3029800289969524	1.4171334330721337	12.365681592251553	0.0	2.6905485582436746	0.0	9.675133034007876	0.278089050433359	2.6905485582436746	3.882807123057286e-12
119.20696927078512	1	1	1	1	4	0	119.20696927078512	10.0	0	6.710395143523805e-05	0.7473227699195251	1.261336551422604	13.37228078044843	0.0	3.3551975717619027	0.0	10.017083208686527	0.3349475592707837	3.3551975717619027	3.900419171425129e-12
131.81545979678634	1	1	1	1	4	0	131.81545979678634	11.0	0	7.685824785023483e-05	0.4179112760024189	1.225194754888089	14.110498787082687	0.0	3.8429123925117414	0.0	10.26758639457094	0.3742761195117588	3.8429123925117414	3.5749104854429234e-12
144.55116659372186	1	1	1	1	4	0	144.55116659372186	12.0	0	8.613273541335564e-05	0.3454225173147334	0.7910165852212333	14.818369586575965	0.0	4.306636770667783	0.0	10.511732815908179	0.4096980817615752	4.306636770667783	3.6330900014580155e-12
157.41450874719058	1	1	1	1	4	0	157.41450874719058	13.0	0	0.00010667027030715714	0.6992454183418362	0.9433487809384132	16.41197280288223	0.0	5.333513515357859	0.0	11.078459287524373	0.4814309803317157	5.333513515357859	6.493518232916173e-12
170.4058675216809	1	1	1	1	4	0	170.4058675216809	14.0	0	0.00014014319977987926	0.904834127372252	1.4547483816198186	18.89475162038733	0.0	7.007159988993965	0.0	11.887591631393368	0.5894516068746078	7.007159988993965	9.529254205211912e-12
183.52558624759342	1	1	1	1	4	0	183.52558624759342	15.0	0	0.00017654202529373517	0.6979021372405748	1.2647401517643286	21.54007097795632	0.0	8.82710126468676	0.0	12.71296971326956	0.694338259570712	8.82710126468676	1.1705913285619188e-11
196.77397021950497	1	1	1	1	4	0	196.77397021950497	16.0	0	0.00023128434347211802	0.8435869409060599	1.189567436713178	25.497736451956328	0.0	11.564217173605904	0.0	13.933519278350428	0.8299566636818102	11.564217173605904	2.3166489352626945e-11
210.1512866057031	1	1	1	1	4	0	210.1512866057031	17.0	0	0.00031618353001891216	1.0834262444599492	1.3234951775437285	31.67512252722718	0.0	15.809176500945613	0.0	15.865946026281572	0.9964219262285448	15.809176500945613	4.3379863626454504e-11
223.65776436901845	1	1	1	1	4	0	223.65776436901845	18.0	0	0.0004141192015983244	0.8378124670792301	1.1873963064429724	38.926924499922116	0.0	20.70596007991622	0.0	18.220964420005906	1.1363811268508863	20.70596007991622	5.265395204872461e-11
237.29359419897813	1	1	1	1	4	0	237.29359419897813	19.0	0	0.0005388270609813776	0.8321060877675278	1.243130642892983	48.44518338289817	0.0	26.941353049068876	0.0	21.50383033382929	1.2528629844463293	26.941353049068876	7.030664820341307e-11
251.0589284553002	1	1	1	1	4	0	251.0589284553002	20.0	0	0.0006880743670545367	0.7865679792945749	1.2291714679229004	60.3922874490603	0.0	34.40371835272684	0.0	25.98856909633345	1.3238019463557391	34.40371835272684	8.5032724205495e-11
264.95388112274634	1	1	1	1	4	0	264.95388112274634	21.0	0	0.0009026765695945676	0.9355580609931392	1.1917611619107014	77.64466626793066	0.0	45.133828479728386	0.0	32.510837788202274	1.3882702369517779	45.133828479728386	1.2612465808826613e-10
278.9785277773454	1	1	1	1	4	0	278.9785277773454	22.0	0	0.0011778204594698756	0.9040683328774802	1.1717623169418965	100.31783943592407	0.0	58.89102297349378	0.0	41.42681646243029	1.4215676704702054	58.89102297349378	2.066941012357921e-10
293.1329055639992	1	1	1	1	4	0	293.1329055639992	23.0	0	0.001518300200228342	0.8175953200312603	1.1248758138855548	127.88089781825977	0.0	75.91501001141711	0.0	51.96588780684265	1.460862369822169	75.91501001141711	2.6840707082746887e-10
307.41701318547484	1	1	1	1	4	0	307.41701318547484	24.0	0	0.002004377554087155	0.9516558081179356	1.1581572300738994	167.21121633366977	0.0	100.21887770435775	0.0	66.992338629312	1.4959752078352992	100.21887770435775	3.77199114668708e-10
321.83081090278995	1	1	1	1	4	0	321.83081090278995	25.0	0	0.002644389835684422	0.9942630966136748	1.0992601624577765	222.0991476296909	0.0	132.2194917842211	0.0	87.56520461070589	1.509954694584882	132.2194917842211	5.462709744788252e-10
336.3742205469876	1	1	1	1	4	0	336.3742205469876	26.0	0	0.0032618091493538	0.8631032167624654	1.1641985209472276	293.95410519818296	0.0	163.09045746769	0.0	109.08328426514122	1.4951003590181358	163.09045746769	6.829789880389302e-10
351.0471255422998	1	1	1	1	4	0	351.0471255422998	27.0	0	0.00392715299102102	0.8599540595056698	1.1672291149827874	385.5272688178563	0.0	196.357649551051	0.0	131.54736465853358	1.4926764216124726	196.357649551051	8.519793849808335e-10
365.84937094069124	1	1	1	1	4	0	365.84937094069124	28.0	0	0.0045978708051871075	0.9133589868342952	1.1937033066900369	507.0151604542057	0.0	229.89354025935543	0.0	154.95729242988077	1.4835929090809574	229.89354025935543	1.2066888689234733e-09
380.78076346777357	1	1	1	1	4	0	380.78076346777357	29.0	0	0.005254421778958956	0.9204250264306452	1.1761757314352768	655.4964800074481	0.0	262.7210889479478	0.0	179.3119427331797	1.4651622471063337	262.7210889479478	1.4747454287418138e-09
395.84107158007737	1	1	1	1	4	0	395.84107158007737	30.0	0	0.005948144266408596	0.8787687202308722	1.1887342724056158	822.6186136503426	0.0	297.4072133204298	0.0	204.609188666838	1.453537914197458	297.4072133204298	1.7239161429701299e-09
411.03002553366304	1	1	1	1	4	0	411.03002553366304	31.0	0	0.0066483770911252155	0.9222163104571248	1.174570419781302	1021.6645769611414	0.0	332.4188545562608	0.0	230.84587124384828	1.4400034653646392	332.4188545562608	2.088334361930516e-09
426.3473174640513	1	1	1	1	4	0	426.3473174640513	32.0	0	0.007322856356087039	0.9388672942461622	1.1512904710280911	1246.0632803729982	0.0	366.14281780435186	0.0	258.0177699563165	1.4190604696193656	366.14281780435186	2.2537412170563733e-09
441.79260147745117	1	1	1	1	4	0	441.79260147745117	33.0	0	0.008047676096251045	0.9131596023275099	1.1505879228563276	1489.7996794651235	0.0	402.38380481255217	11.86334260539778	286.1195739881568	1.4478112826880445	414.24714741795	2.5379340388193394e-09
457.365493753255	1	1	1	1	4	0	457.365493753255	34.0	0	0.008773065475499435	0.9644025383459452	1.1622389646134597	1762.0035934584548	0.0	438.65327377497175	33.638863238761594	315.1448541299016	1.4986509562966124	472.2921370137332	3.3374713343682887e-09
473.0655726577729	1	1	1	1	4	0	473.0655726577729	35.0	0	0.0094625121760902	0.9297402009978504	1.1603577224827573	2056.153779852325	0.0	473.12560880450997	63.26574790347243	345.086035449616	1.5543699298324634	536.3913567079825	3.954615830102914e-09
488.8923788691719	1	1	1	1	4	0	488.8923788691719	36.0	0	0.010180969568985378	0.8799610188013979	1.17630038292695	2361.321313696167	0.0	509.0484784492689	98.57176754760937	375.93437077384993	1.6162934097941342	607.6202459968782	4.0068247634954396e-09
504.8454155135833	1	1	1	1	4	0	504.8454155135833	37.0	0	0.01089251873451944	0.9055640543377664	1.156285399027412	2701.549842557605	7.015059303619688	544.625936725972	137.2716074713363	407.6799150324048	1.6726297250702358	688.9126035009281	4.634577482676874e-09
520.9241483123367	1	1	1	1	4	0	520.9241483123367	38.0	0	0.011559505913897341	0.9098269757215036	1.1407747237822556	3065.324442834112	20.920301141753512	577.9752956948669	176.96529644246598	440.3115005204454	1.7145602402957858	775.8608932790863	4.9235824855086055e-09
537.1280057402779	1	1	1	1	4	0	537.1280057402779	39.0	0	0.012263129191391524	0.9095025833558904	1.1792919201168357	3450.256733096668	41.57746167947757	613.1564595695762	228.13453234226182	473.8167131311311	1.7755620867662527	882.8684535913154	5.503076345521493e-09
553.4563791951257	1	1	1	1	4	0	553.4563791951257	40.0	0	0.012945440616329913	0.9073522282845768	1.1768266434317285	3860.698283696092	68.8346330571118	647.2720308164958	285.8563949510358	508.18186961149246	1.8362095965385636	1001.9630588246432	6.59553492829929e-09
569.9086231778117	1	1	1	1	4	0	569.9086231778117	41.0	0	0.013663013499034987	0.92439625951382	1.1416971030236622	4301.127289266908	102.52601851334668	683.1506749517492	344.97084620866616	543.3919958937232	1.8920439184413305	1130.6475396737621	7.759081187354372e-09
586.4840554837581	1	1	1	1	4	0	586.4840554837581	42.0	0	0.014399432894602543	0.9093054111607698	1.1471361889291058	4769.537931721694	142.47170017444452	719.9716447301273	400.0782610971759	579.4308065534048	1.9330175288566933	1262.5216060017474	8.335430185413652e-09
603.1819574050269	1	1	1	1	4	0	603.1819574050269	43.0	0	0.0151131459500472	0.8877150070628708	1.136538552254225	5263.10636199157	188.47742008486333	755.6572975023599	445.5372001664082	616.2806854454235	1.9491029429237945	1389.6719177536315	9.003828411329149e-09
620.0015739432909	1	1	1	1	4	0	620.0015739432909	44.0	0	0.015760757903707397	0.9348813018577607	1.1720179025932616	5800.244655214081	240.3343750448304	788.0378951853697	486.7965064426599	653.9226675674821	1.9495185973140656	1515.16877667286	9.80359203855045e-09
636.9421140335545	1	1	1	1	4	0	636.9421140335545	45.0	0	0.016428365672013525	0.9175073866354057	1.1505607576437251	6360.293246924341	297.8190258094122	821.4182836006763	539.6599945120054	692.3364222001424	1.9659203740681117	1658.8973039220941	1.0317717638609776e-08
654.0027507785644	1	1	1	1	4	0	654.0027507785644	46.0	0	0.017116362714546387	0.9139095447855592	1.1453185140756712	6948.357424254255	360.69292119149117	855.8181357273194	598.4568926302895	731.5002373712813	1.9880718475002697	1814.9679495491	1.3238524960462291e-08
671.1826216938364	1	1	1	1	4	0	671.1826216938364	47.0	0	0.017856720391057745	0.8994579108923098	1.1430656433659356	7491.124266621708	428.702537597776	892.8360195528873	657.2664508030814	771.3910056916684	2.009489945978911	1978.8050079537445	1.2237254006118886e-08
688.4808289632283	1	1	1	1	4	0	688.4808289632283	48.0	0	0.018603880372757318	0.9186945526845064	1.1423108318393909	8059.266838179842	501.57913451254234	930.1940186378661	709.916576233926	811.984211607118	2.0198799082873866	2141.689729384334	1.2958958884403212e-08
705.8964397049822	1	1	1	1	4	0	705.8964397049822	49.0	0	0.01931037444336156	0.8866468377976988	1.142477519643016	8610.230028772981	579.0386264282525	965.5187221680783	752.8416297505372	853.2539201112993	2.013890954868945	2297.398978346868	1.3211673525869024e-08
723.4284862481575	1	1	1	1	4	0	723.4284862481575	50.0	0	0.02006708785076208	0.8855332865575547	1.1464568727476006	9165.124509502957	660.7814717055172	1003.3543925381038	810.4757308638319	895.172766961825	2.0262347005461208	2474.611595107453	1.3496484602980095e-08
741.0759664193733	1	1	1	1	4	0	741.0759664193733	51.0	0	0.020802126797307918	0.9048372162900098	1.1436523322554228	9656.589908559135	746.4925788270981	1040.106339865396	876.5594057224796	937.7119504406883	2.043981357694244	2663.1583244149733	1.4917516121612937e-08
758.8378438397727	1	1	1	1	4	0	758.8378438397727	52.0	0	0.021607327795009644	0.9054573639430968	1.1446004432093326	10137.03855825893	835.8412304917856	1080.3663897504823	944.5756310611807	980.8412246984483	2.0644952208592318	2860.783251303449	1.494967702405819e-08
776.7130482321257	1	1	1	1	4	0	776.7130482321257	53.0	0	0.022432569979196758	0.8759078096733213	1.1255289035352911	10932.45568895142	928.4810259740648	1121.6284989598378	1007.7495086544756	1024.52889471983	2.0783972209945505	3057.859033588378	2.131829673384282e-08
794.7004757379742	1	1	1	1	4	0	794.7004757379742	54.0	0	0.023225778363425226	0.9006221605516406	1.1551325633921616	11779.269327815271	1024.0498421545199	1161.288918171261	1059.048258242922	1068.741812946555	2.0775243838290964	3244.387018568703	2.1536385252081047e-08
812.7989892447298	1	1	1	1	4	0	812.7989892447298	55.0	0	0.024081988059208283	0.8830351312745438	1.1592774442506395	12648.40459471392	1122.1698136039506	1204.099402960414	1118.4605119973603	1113.445377591294	2.085921735992247	3444.7297285617246	2.255847136570435e-08
831.0074187226242	1	1	1	1	4	0	831.0074187226242	56.0	0	0.0249208129616077	0.9030905863933392	1.1650712528732212	13555.731398274	1222.4473320812006	1246.040648080385	1185.9135452722826	1158.603532674614	2.099039166347566	3654.4015254338674	2.5659242364160834e-08
849.3245615714155	1	1	1	1	4	0	849.3245615714155	57.0	0	0.025747192807115668	0.9126248689816352	1.1443000664448262	14501.492556328298	1324.473065780785	1287.3596403557835	1254.223101530684	1204.1787698146902	2.1106357341589645	3866.0558076672523	2.760551636130379e-08
867.7491829767432	1	1	1	1	4	0	867.7491829767432	58.0	0	0.0265838129900978	0.8913430104788334	1.150371328147103	15476.041874606226	1427.8219986415347	1329.1906495048895	1315.9445103417586	1250.1321317973689	2.1158844673831583	4072.957158488183	2.88362542406763e-08
886.2800162760308	1	1	1	1	4	0	886.2800162760308	59.0	0	0.02737350377544446	0.8973188161533937	1.1522249740895782	16495.793825931585	1532.0534900017474	1368.675188772223	1363.3739103596945	1296.4232179519115	2.1073743984992848	4264.102589133665	3.030073332209379e-08
904.9157633338257	1	1	1	1	4	0	904.9157633338257	60.0	0	0.02821476229362876	0.8945915138731777	1.1493654180148365	17548.479926665677	1636.7113548597192	1410.738114681438	1424.336668700407	1343.010191355404	2.110985308697179	4471.786138241565	3.129684026421212e-08
923.6550949264639	1	1	1	1	4	0	923.6550949264639	61.0	0	0.029019571480281586	0.8869048607131841	1.1407521361219035	18624.53758912751	1741.3239649711154	1450.9785740140796	1492.8539497298148	1389.849787886409	2.118094019513201	4685.156488715009	3.3690602552709624e-08
942.4966511359496	1	1	1	1	4	0	942.4966511359496	62.0	0	0.02986378073092936	0.8797264549517709	1.148168863817709	19732.0139461048	1845.4043709864493	1493.1890365464678	1561.0727140306158	1436.8973271459643	2.1255949836329693	4899.666121563533	3.652926260307453e-08
961.4390417529248	1	1	1	1	4	0	961.4390417529248	63.0	0	0.03070772791780985	0.8793279875792995	1.1417201000174164	20883.4960792447	1948.450445802989	1535.3863958904926	1620.8811638310374	1484.106725261479	2.126711985059861	5104.718005524519	3.805205831171782e-08
980.4808466886225	1	1	1	1	4	0	980.4808466886225	64.0	0	0.031076490259071006	0.8884530871412242	1.1477523884611749	22044.048173922245	2049.9450492757933	1553.8245129535503	1667.9043002172698	1531.430509586478	2.103738167029702	5271.673862446613	3.663064065536549e-08
999.6206163956656	1	1	1	1	4	0	999.6206163956656	65.0	0	0.031731312281341836	0.8848208103529065	1.1313353291026569	23255.98713653042	2149.356214402313	1586.5656140670926	1730.189074725012	1578.8198353064931	2.1007809850249504	5466.110903194418	3.7722142861212766e-08
1018.856872297602	1	1	1	1	4	0	1018.856872297602	66.0	0	0.03223383752381292	0.9082092755321978	1.1542859141452662	24504.076770062133	2246.137355064124	1611.691876190646	1799.479492613658	1626.2245039586578	2.0976017520954926	5657.3087238684275	3.980407061375352e-08
1038.1881072270378	1	1	1	1	4	0	1038.1881072270378	67.0	0	0.032684528864976456	0.8646543609583646	1.143721779569429	25728.73919877384	2339.7274953779183	1634.226443248823	1867.2633860767405	1673.5929838698355	2.0921991565888955	5841.217324703482	4.0065801392987126e-08
1057.612785872243	1	1	1	1	4	0	1057.612785872243	68.0	0	0.033049597152842856	0.8827587456098881	1.1412961494958973	27020.234718376	2429.5515206760087	1652.4798576421426	1924.775965904468	1720.8724325152716	2.078745499059452	6006.807344222619	4.1810463668018265e-08
1077.1293452320983	1	1	1	1	4	0	1077.1293452320983	69.0	0	0.031397628546093036	0.8429112093795289	1.1337930917206671	28165.78702654753	2515.020450104203	1569.881427304652	1972.8452744361555	1768.0087207969332	2.003794811681651	6057.74715184501	3.9193253319758594e-08
1096.7361950792456	1	1	1	1	4	0	1096.7361950792456	70.0	0	0.0314863921643911	0.8911952451832611	1.1452593448242985	29413.983877351733	2595.5317307921805	1574.3196082195554	2017.5897615573083	1814.9464592378092	1.9790718075977256	6187.441100569045	3.7641272005181294e-08
1116.4317184313063	1	1	1	1	4	0	1116.4317184313063	71.0	0	0.0314863921643911	0.8963428753489799	1.159932247627877	30677.16691712536	2670.4695535183937	1574.3196082195554	2054.4051406138838	1861.629026085536	1.9492201174277943	6299.194302351833	3.8527304102320246e-08
1136.2142720300294	1	1	1	1	4	0	1136.2142720300294	72.0	0	0.0314863921643911	0.8853639230590888	1.1449973476107789	31934.171787791933	2739.205189758182	1574.3196082195554	2078.5667561620735	1907.9985973157736	1.9145120806276332	6392.09155413981	3.8521927865778864e-08
1156.0821868282233	1	1	1	1	4	0	1156.0821868282233	73.0	0	0.0314863921643911	0.9009015473820436	1.1613121707725462	33223.91306189943	2801.0973499701704	1574.3196082195554	2085.2321755533185	1953.996178522809	1.872855138611089	6460.649133743044	3.966689344414528e-08
1176.03376848433	1	1	1	1	4	0	1176.03376848433	74.0	0	0.027828290798491803	0.7932217582707629	1.1414763506436398	34167.12571630847	2855.4925629422887	1391.4145399245901	2085.2321755533185	1999.5616386818808	1.7387044481258045	6332.139278420198	3.608424065133799e-08
1196.0672978644968	1	1	1	1	4	0	1196.0672978644968	75.0	0	0.027828290798491803	0.8939259178520242	1.142936944267006	35269.84224565853	2901.725575984889	1391.4145399245901	2085.2321755533185	2044.6337457647467	1.7003762765235744	6378.372291462798	3.268854326317732e-08
1216.1810315519913	1	1	1	1	4	0	1216.1810315519913	76.0	0	0.027828290798491803	0.8889836192794254	1.1363051571703509	36378.849602922506	2939.119775724533	1391.4145399245901	2085.2321755533185	2089.1502041870317	1.6641439703617695	6415.766491202441	3.3143112022699335e-08
1236.373202363814	1	1	1	1	4	0	1236.373202363814	77.0	0	0.027828290798491803	0.9042106834587824	1.1479859236991312	37493.49564040068	2966.9876292181425	1391.4145399245901	2085.2321755533185	2133.0476940629032	1.6298963802613329	6443.634344696052	3.334677685365118e-08
1256.6420198743526	1	1	1	1	4	0	1256.6420198743526	78.0	0	0.027828290798491803	0.890542893173494	1.1576346159076951	38582.609231945586	2984.631145073409	1391.4145399245901	2085.2321755533185	2176.261912239644	1.5975313889953653	6461.277860551319	3.2782441080122183e-08
1276.985670945924	1	1	1	1	4	0	1276.985670945924	79.0	0	0.02385466798263824	0.7802679348740162	1.1580639695420998	39301.53000713951	2991.342354227649	1192.7333991319122	2085.2321755533185	2218.727615081743	1.4774078406034816	6269.30792891288	2.9460988982843197e-08
1297.4023202660453	1	1	1	1	4	0	1297.4023202660453	80.0	0	0.02385466798263824	0.9023605330741116	1.1587255707323718	40223.73367882838	2991.342354227649	1192.7333991319122	2085.2321755533185	2260.3786629711403	1.4501842670805118	6269.30792891288	2.7116669111579932e-08
1317.890110891278	1	1	1	1	4	0	1317.890110891278	81.0	0	0.02385466798263824	0.916007326076986	1.1634673961709507	41137.66678088414	2991.342354227649	1192.7333991319122	2085.2321755533185	2301.148066487383	1.424491375597974	6269.30792891288	2.700735668908969e-08
1338.447164797479	1	1	1	1	4	0	1338.447164797479	82.0	0	0.02385466798263824	0.9160724324174514	1.1525000648659323	42053.07109718961	2991.342354227649	1192.7333991319122	2085.2321755533185	2340.9680342285073	1.400260715548609	6269.30792891288	2.7294960276582718e-08
1359.0715834363004	1	1	1	1	4	0	1359.0715834363004	83.0	0	0.01987400582311552	0.7632309788253796	1.1546930483160516	42580.93047829881	2991.342354227649	993.7002911557761	2085.2321755533185	2379.7700222306303	1.2937941220988731	6070.274820936745	2.4048978633155668e-08
1379.7614482977701	1	1	1	1	4	0	1379.7614482977701	84.0	0	0.01987400582311552	0.9009518594112056	1.1559117367303473	43295.76467140504	2991.342354227649	993.7002911557761	2085.2321755533185	2417.484784941385	1.2736098633951678	6070.274820936745	2.1481853204977936e-08
1400.5148214787878	1	1	1	1	4	0	1400.5148214787878	85.0	0	0.01987400582311552	0.9183683144066044	1.1784732778494131	44017.45692282428	2991.342354227649	993.7002911557761	2085.2321755533185	2454.042427699573	1.2546370152187205	6070.274820936745	2.1785243095645783e-08
1421.3297462573673	1	1	1	1	4	0	1421.3297462573673	86.0	0	0.01987400582311552	0.9077254033216252	1.1650962061352346	44728.51257124999	2991.342354227649	993.7002911557761	2085.2321755533185	2489.3724606706555	1.2368307737603903	6070.274820936745	2.1688670132788644e-08
1442.2042476724564	1	1	1	1	4	0	1442.2042476724564	87.0	0	0.01987400582311552	0.8964308420829971	1.1400628821668402	45421.87009133218	2991.342354227649	993.7002911557761	2085.2321755533185	2523.4038541850477	1.220150496957792	6070.274820936745	2.1462448501940933e-08
1463.1363331091584	1	1	1	1	4	0	1463.1363331091584	88.0	0	0.01591123531035129	0.7216271454776454	1.1719563797293011	45748.202945662146	2991.342354227649	795.5617655175643	2085.2321755533185	2556.065095423548	1.1270424787806612	5872.136295298532	1.889853479586426e-08
1484.1239928891891	1	1	1	1	4	0	1484.1239928891891	89.0	0	0.01591123531035129	0.8879781392205697	1.1556190362412595	46274.52052680369	2991.342354227649	795.5617655175643	2085.2321755533185	2587.284246391685	1.1134431576617592	5872.136295298532	1.69656314446084e-08
1505.1652008663875	1	1	1	1	4	0	1505.1652008663875	90.0	0	0.01591123531035129	0.8902338473154744	1.1441460195801374	46791.76511390903	2991.342354227649	795.5617655175643	2085.2321755533185	2616.989003122304	1.10080475601305	5872.136295298532	1.687641868755696e-08
1526.2579150271054	1	1	1	1	4	0	1526.2579150271054	91.0	0	0.01591123531035129	0.897739128619958	1.142630496780543	47287.12006231458	2991.342354227649	795.5617655175643	2085.2321755533185	2645.1067560432707	1.0891030898806402	5872.136295298532	1.646923784218063e-08
1547.4000780953006	1	1	1	1	4	0	1547.4000780953006	92.0	0	0.01192914582044003	0.6911077212180337	1.1458696736846372	47435.10912902103	2991.342354227649	596.4572910220015	2085.2321755533185	2671.564651444879	1.003789844698299	5673.0318208029685	1.4613727660909951e-08
1568.5896181421526	1	1	1	1	4	0	1568.5896181421526	93.0	0	0.01192914582044003	0.8927505353747676	1.1677068386905944	47769.078629561795	2991.342354227649	596.4572910220015	2085.2321755533185	2696.2896539792914	0.994585081991312	5673.0318208029685	1.2638648480789614e-08
