11.247441493196291	1	1	1	1	4	0	11.247441493196291	1.0	0	0.0			15.0	0.0	0.0	0.0	0.0		0.0	0.0
11.367595075476835	1	1	1	1	4	0	11.367595075476835	1.0	0	0.0			15.0	0.0	0.0	0.0	0.0		0.0	0.0
22.856168219862568	1	1	1	1	4	0	22.856168219862568	2.0	0	0.0			14.552750241652504	0.0	0.0	0.0	0.7285827694774977	0.0	0.0	0.0
34.4665080713728	1	1	1	1	4	0	34.4665080713728	3.0	0	0.0			13.791431040067982	0.0	0.0	0.0	2.1993864847666735	0.0	0.0	0.0
46.1993671861199	1	1	1	1	4	0	46.1993671861199	4.0	0	0.0			12.713098668736418	0.0	0.0	0.0	4.42587529936556	0.0	0.0	0.0
58.05546181511435	1	1	1	1	4	0	58.05546181511435	5.0	0	0.0			11.314922877436091	0.0	0.0	0.0	7.421310407022852	0.0	0.0	0.0
70.03547169202406	1	1	1	1	4	0	70.03547169202406	6.0	0	2.500826149469408e-05			10.075555122184273	0.0	1.2504130747347042	0.0	8.825142047449571	0.14168758621806754	1.2504130747347042	0.0
82.14003983175478	1	1	1	1	4	0	82.14003983175478	7.0	0	3.1988167630565305e-05	1.127366749973052	1.211666169618481	10.672446733697567	0.0	1.5994083815282658	0.0	9.073038352169302	0.17628145274464296	1.5994083815282658	2.3308697934554007e-12
94.36977233991071	1	1	1	1	4	0	94.36977233991071	8.0	0	3.392944703833755e-05	0.2363233053890757	0.873380127706316	10.826305159787754	0.0	1.6964723519168778	0.0	9.129832807870876	0.18581636571201396	1.6964723519168778	1.0079530238583889e-12
106.72523823319248	1	1	1	1	4	0	106.72523823319248	9.0	0	4.579006543293732e-05	1.4953025630110894	1.2197794039427508	11.735938750907225	0.0	2.289503271646866	0.0	9.446435479260359	0.2423668987813942	2.289503271646866	3.3905668193271476e-12
119.20696927078512	1	1	1	1	4	0	119.20696927078512	10.0	0	5.497995613159296e-05	0.602156510100991	1.6490981037241623	12.431835105880987	0.0	2.7489978065796477	0.0	9.682837299301339	0.2839041617252002	2.7489978065796477	2.8424750415396736e-12
131.81545979678634	1	1	1	1	4	0	131.81545979678634	11.0	0	7.100582557776467e-05	0.8960269064013217	1.5153459693896314	13.644694024023426	0.0	3.550291278888234	0.0	10.094402745135193	0.3517088993302977	3.550291278888234	4.8418033942564554e-12
144.55116659372186	1	1	1	1	4	0	144.55116659372186	12.0	0	9.056257807165771e-05	0.8265554007249409	1.5027632807640274	15.137353745558052	0.0	4.5281289035828864	0.0	10.609224841975166	0.4268105324403573	4.5281289035828864	5.9535793690256196e-12
157.41450874719058	1	1	1	1	4	0	157.41450874719058	13.0	0	0.00012042781929383784	1.0460464362919255	1.2401563784700678	17.454737244285205	0.0	6.021390964691893	0.0	11.433346279593312	0.52665167462295	6.021390964691893	8.789293991634095e-12
170.4058675216809	1	1	1	1	4	0	170.4058675216809	14.0	0	0.00016211507100313062	1.0232118626168625	1.0254140970990642	20.54679483034681	0.0	8.105753550156532	0.0	12.44104128019028	0.6515333698846595	8.105753550156532	1.1620862511546876e-11
183.52558624759342	1	1	1	1	4	0	183.52558624759342	15.0	0	0.000207924256981232	0.7703234183142996	1.0399380312715336	23.876021109261217	0.0	10.396212849061602	0.0	13.479808260199619	0.7712433773822571	10.396212849061602	1.4408873593044092e-11
196.77397021950497	1	1	1	1	4	0	196.77397021950497	16.0	0	0.0002586121110907997	0.6274358955946332	1.1023534363190244	27.540563949900406	0.0	12.930605554539987	0.0	14.609958395360428	0.8850542352431519	12.930605554539987	2.789071097736394e-11
210.1512866057031	1	1	1	1	4	0	210.1512866057031	17.0	0	0.00034216097195093406	0.8766399878069964	1.2995112115317302	33.61969839952989	0.0	17.108048597546706	0.0	16.51164980198319	1.0361198791590096	17.108048597546706	4.0103768951308615e-11
223.65776436901845	1	1	1	1	4	0	223.65776436901845	18.0	0	0.00044222057862511777	0.7813134576170555	1.138101289432079	41.02877051150857	0.0	22.111028931255888	0.0	18.91774158025268	1.1687985501576217	22.111028931255888	5.2044189616987476e-11
237.29359419897813	1	1	1	1	4	0	237.29359419897813	19.0	0	0.0005435123292192906	0.6003120896651016	1.1550489393482641	48.759807750338744	0.0	27.17561646096453	0.0	21.584191289374203	1.2590518725778233	27.17561646096453	5.64117133818924e-11
251.0589284553002	1	1	1	1	4	0	251.0589284553002	20.0	0	0.0006983209671781067	0.825507050185231	1.2180983741878872	61.15209111341788	0.0	34.91604835890534	0.0	26.23604275451255	1.3308427907977798	34.91604835890534	9.187578298548294e-11
264.95388112274634	1	1	1	1	4	0	264.95388112274634	21.0	0	0.0008951234855981383	0.7986790928823099	1.2936401079772746	76.97351121117643	0.0	44.75617427990692	0.0	32.217336931269514	1.389195338379053	44.75617427990692	1.1757156259691364e-10
278.9785277773454	1	1	1	1	4	0	278.9785277773454	22.0	0	0.001184503889250011	1.0230680953823723	1.3012681172294975	100.81984124015214	0.0	59.225194462500546	0.0	41.5946467776516	1.4238657868425912	59.225194462500546	1.9955179063480119e-10
293.1329055639992	1	1	1	1	4	0	293.1329055639992	23.0	0	0.0015581183332502345	0.9369835443980123	1.0735754013766623	131.0652729052548	0.0	77.90591666251177	0.0	53.15935624274304	1.4655165556702343	77.90591666251177	2.896014201780386e-10
307.41701318547484	1	1	1	1	4	0	307.41701318547484	24.0	0	0.002005342496273616	0.8131481552075758	1.2104639563777175	167.25183588717542	0.0	100.2671248136808	0.0	66.98471107349457	1.4968658251532847	100.2671248136808	3.4431361068095884e-10
321.83081090278995	1	1	1	1	4	0	321.83081090278995	25.0	0	0.002619587138462036	0.8808168825736586	1.186658462895122	217.70864644748832	0.0	130.9793569231018	0.0	86.72928952438654	1.5102090382773516	130.9793569231018	5.050430261450906e-10
336.3742205469876	1	1	1	1	4	0	336.3742205469876	26.0	0	0.0032370064521314128	0.9181260908868976	1.2027756722722374	292.84260601200754	0.0	161.85032260657061	0.0	108.24736917882187	1.4951894335574851	161.85032260657061	6.911077828652379e-10
351.0471255422998	1	1	1	1	4	0	351.0471255422998	27.0	0	0.0039023502937986336	0.8380629329880345	1.1540783601264426	382.052238869053	0.0	195.11751468993165	0.0	130.71144957221426	1.4927346864295534	195.11751468993165	7.807569481236412e-10
365.84937094069124	1	1	1	1	4	0	365.84937094069124	28.0	0	0.004573068107964722	0.8765207752728126	1.2153412130294121	498.0228021582566	0.0	228.6534053982361	0.0	154.1213773435614	1.4835930572339149	228.6534053982361	1.1588606905339565e-09
380.78076346777357	1	1	1	1	4	0	380.78076346777357	29.0	0	0.00522961908173657	0.8380291073791089	1.1699989202992835	634.8617595420845	0.0	261.4809540868285	0.0	178.4760276468604	1.4650760527021862	261.4809540868285	1.4771510268981435e-09
395.84107158007737	1	1	1	1	4	0	395.84107158007737	30.0	0	0.005923341569186211	0.8584583961744818	1.2053542887136883	797.7285342348422	0.0	296.1670784593105	0.0	203.7732735805186	1.453414735187456	296.1670784593105	1.6967551899322156e-09
411.03002553366304	1	1	1	1	4	0	411.03002553366304	31.0	0	0.006623574393902829	0.8787625058082671	1.2072262310799429	989.9138164942999	0.0	331.17871969514147	0.0	230.0099561575289	1.439845149434854	331.17871969514147	1.9945418529266223e-09
426.3473174640513	1	1	1	1	4	0	426.3473174640513	32.0	0	0.0072980536588646535	0.8903524500737527	1.1598175564318514	1211.2426777941935	0.0	364.9026829432327	0.0	257.18185486999715	1.4188508093920051	364.9026829432327	2.2619791615022233e-09
441.79260147745117	1	1	1	1	4	0	441.79260147745117	33.0	0	0.008022873399028659	0.8655032281739397	1.1913780050567826	1445.8775773275815	0.0	401.14366995143297	11.86334260539778	285.28365890183744	1.4477065183005848	413.00701255683083	2.479966367415658e-09
457.365493753255	1	1	1	1	4	0	457.365493753255	34.0	0	0.008748262778277048	0.9234828359238152	1.1497526603083474	1714.882713722851	0.0	437.41313891385244	33.638863238761594	314.3089390435822	1.4986910763212429	471.05200215261397	3.4607996460725127e-09
473.0655726577729	1	1	1	1	4	0	473.0655726577729	35.0	0	0.009437709478867814	0.8752077420550534	1.1561636877213857	1997.2021309467968	0.0	471.88547394339065	63.26574790347243	344.2501203632967	1.5545418583502693	535.1512218468631	3.782907597589304e-09
488.8923788691719	1	1	1	1	4	0	488.8923788691719	36.0	0	0.010156166871762993	0.8895999818235941	1.1888045496306	2304.60599759986	0.0	507.8083435881495	98.57176754760937	375.0984556875306	1.6165891966265349	606.3801111357589	4.018322049600009e-09
504.8454155135833	1	1	1	1	4	0	504.8454155135833	37.0	0	0.010867716037297054	0.9121529632947484	1.1197176068725705	2642.6471002979865	7.015059303619688	543.3858018648526	137.2716074713363	406.84399994608543	1.6730181824640136	687.6724686398088	4.479720568106115e-09
520.9241483123367	1	1	1	1	4	0	520.9241483123367	38.0	0	0.011534703216674951	0.8904058126008634	1.1530415290473013	3001.6194777889577	20.920301141753512	576.7351608337476	176.96529644246598	439.475585434126	1.7149996092085245	774.6207584179671	4.9334998757797835e-09
537.1280057402779	1	1	1	1	4	0	537.1280057402779	39.0	0	0.01223832649416914	0.8977086751665757	1.1565085358652858	3380.6597917783165	41.57746167947757	611.9163247084571	228.13453234226182	472.9807980448117	1.7760781421218068	881.6283187301963	5.364125738329459e-09
553.4563791951257	1	1	1	1	4	0	553.4563791951257	40.0	0	0.012920637919107523	0.8755170821629751	1.147852769341965	3780.0998546740148	68.8346330571118	646.0318959553763	285.8563949510358	507.3459545251731	1.8367906210636284	1000.7229239635237	6.51327234028892e-09
569.9086231778117	1	1	1	1	4	0	569.9086231778117	41.0	0	0.0136382108018126	0.906892565709702	1.1519467084193948	4214.893250707451	102.52601851334668	681.91054009063	344.97084620866616	542.5560808074039	1.892673260193019	1129.4074048126429	7.496892448763559e-09
586.4840554837581	1	1	1	1	4	0	586.4840554837581	42.0	0	0.01437463019738016	0.8964773231577134	1.1603208710132022	4680.972264631027	142.47170017444452	718.7315098690078	400.0782610971759	578.5948914670853	1.9336668668631507	1261.2814711406286	8.400489089234987e-09
603.1819574050269	1	1	1	1	4	0	603.1819574050269	43.0	0	0.015088343252824812	0.8995694161804622	1.1492900142742422	5174.75232059162	188.47742008486333	754.4171626412407	445.5372001664082	615.4447703591043	1.9497352493668776	1388.4317828925118	8.840698354728542e-09
620.0015739432909	1	1	1	1	4	0	620.0015739432909	44.0	0	0.015735955206485013	0.9139391574260856	1.1483640172235798	5710.757363322729	240.3343750448304	786.7977603242506	486.7965064426599	653.0867524811628	1.950114991505122	1513.9286418117408	9.671517608901242e-09
636.9421140335545	1	1	1	1	4	0	636.9421140335545	45.0	0	0.01640356297479114	0.91271048925439	1.155811773194756	6261.509886067339	297.8190258094122	820.1781487395571	539.6599945120054	691.5005071138229	1.9665034649464532	1657.6571690609744	1.0188901926178962e-08
654.0027507785644	1	1	1	1	4	0	654.0027507785644	46.0	0	0.017091560017324002	0.8939481328706422	1.1623518976070475	6833.344926503078	360.69292119149117	854.5780008662	598.4568926302895	730.6643222849617	1.9886490268917232	1813.7278146879808	1.1814444924446516e-08
671.1826216938364	1	1	1	1	4	0	671.1826216938364	47.0	0	0.01783191769383536	0.9114172145366144	1.160171742274256	7382.521615996425	428.702537597776	891.595884691768	657.2664508030814	770.5550906053489	2.0100604802676227	1977.5648730926248	1.1925656992153592e-08
688.4808289632283	1	1	1	1	4	0	688.4808289632283	48.0	0	0.018579077675534933	0.901701219655359	1.1543605005798028	7941.737852203668	501.57913451254234	928.9538837767467	709.916576233926	811.1482965207988	2.0204325978864333	2140.4495945232147	1.269850204789386e-08
705.8964397049822	1	1	1	1	4	0	705.8964397049822	49.0	0	0.019285571746139173	0.9241792016643156	1.1652496365127238	8503.617728041254	579.0386264282525	964.2785873069588	752.8416297505372	852.4180050249801	2.0144110130653283	2296.1588434857485	1.3225730380497694e-08
723.4284862481575	1	1	1	1	4	0	723.4284862481575	50.0	0	0.020042285153539688	0.8996237313699812	1.1504478359916748	9067.9291732293	660.7814717055172	1002.1142576769844	810.4757308638319	894.3368518755057	2.0267419202727144	2473.3714602463338	1.3574881052889076e-08
741.0759664193733	1	1	1	1	4	0	741.0759664193733	51.0	0	0.02077732410008553	0.8809894937478312	1.169937349067093	9547.84757431679	746.4925788270981	1038.8662050042767	876.5594057224796	936.876035354369	2.0444813811490605	2661.918189553854	1.3456307138867897e-08
758.8378438397727	1	1	1	1	4	0	758.8378438397727	52.0	0	0.021582525097787256	0.8760536997553607	1.1369581649313103	10019.121733729693	835.8412304917856	1079.126254889363	944.5756310611807	980.005309612129	2.0649907363782485	2859.543116442329	1.4126159813154431e-08
776.7130482321257	1	1	1	1	4	0	776.7130482321257	53.0	0	0.02240776728197437	0.9089648676327721	1.1351192879022924	10496.309574723822	928.4810259740648	1120.3883640987185	1007.7495086544756	1023.6929796335107	2.0788829415583985	3056.618898727259	1.4557919438538864e-08
794.7004757379742	1	1	1	1	4	0	794.7004757379742	54.0	0	0.023200975666202838	0.8896250155397917	1.1657581054607	11001.604665617111	1024.0498421545199	1160.0487833101415	1059.048258242922	1067.9058978602357	2.077989311604582	3243.146883707584	1.5165908878798286e-08
812.7989892447298	1	1	1	1	4	0	812.7989892447298	55.0	0	0.02405718536198589	0.9006249853624978	1.142164253426056	11494.298858487737	1122.1698136039506	1202.8592680992947	1118.4605119973603	1112.6094625049743	2.0863742924407105	3443.4895937006063	1.5428302072823788e-08
831.0074187226242	1	1	1	1	4	0	831.0074187226242	56.0	0	0.024896010264385312	0.8925932331920506	1.1552741540125002	11918.90220891455	1222.4473320812006	1244.8005132192654	1185.9135452722826	1157.7676175882946	2.099483541917404	3653.1613905727477	1.5582963116296544e-08
849.3245615714155	1	1	1	1	4	0	849.3245615714155	57.0	0	0.025722390109893283	0.8810885101397644	1.1506735980282838	12383.32620332855	1324.473065780785	1286.1195054946645	1254.223101530684	1203.3428547283709	2.1110713351921437	3864.8156728061326	1.7308998824860658e-08
867.7491829767432	1	1	1	1	4	0	867.7491829767432	58.0	0	0.02655901029287541	0.8836902863459488	1.1342004088885165	12807.51570594041	1427.8219986415347	1327.9505146437705	1315.9445103417586	1249.2962167110495	2.1163075575030232	4071.717023627064	1.6292874099731934e-08
886.2800162760308	1	1	1	1	4	0	886.2800162760308	59.0	0	0.027348701078222067	0.896551513114381	1.149513078194813	13211.746851095459	1532.0534900017474	1367.4350539111038	1363.3739103596945	1295.5873028655924	2.1077768809795905	4262.862454272546	1.585168687948993e-08
904.9157633338257	1	1	1	1	4	0	904.9157633338257	60.0	0	0.02818995959640637	0.9013185141780926	1.1473892413166549	13612.007366747388	1636.7113548597192	1409.4979798203185	1424.336668700407	1342.1742762690849	2.1113760698782658	4470.546003380445	1.614074721372366e-08
923.6550949264639	1	1	1	1	4	0	923.6550949264639	61.0	0	0.0289947687830592	0.906307222239258	1.1453706347933106	13961.686745499417	1741.3239649711154	1449.73843915296	1492.8539497298148	1389.0138728000898	2.118475881706532	4683.91635385389	1.6870618265911482e-08
942.4966511359496	1	1	1	1	4	0	942.4966511359496	62.0	0	0.02983897803370697	0.8881770441900687	1.1463173041088468	14288.066682914632	1845.4043709864493	1491.9489016853486	1561.0727140306158	1436.0614120596454	2.1259687016707893	4898.425986702414	1.6343396871438736e-08
961.4390417529248	1	1	1	1	4	0	961.4390417529248	63.0	0	0.03068292522058746	0.9005501132714532	1.1526269623582748	14613.75042582867	1948.450445802989	1534.1462610293734	1620.8811638310374	1483.2708101751593	2.12707443793614	5103.477870663401	1.625807564249386e-08
980.4808466886225	1	1	1	1	4	0	980.4808466886225	64.0	0	0.031037111458530612	0.8773670044085821	1.1363433580192728	14945.028374501097	2049.9450492757933	1551.855572926531	1667.9043002172698	1530.5945945001588	2.103600708321636	5269.704922419594	1.61118039581286e-08
999.6206163956656	1	1	1	1	4	0	999.6206163956656	65.0	0	0.03169193348080146	0.8991104772176124	1.1418880286323576	16219.200938555965	2149.356214402313	1584.596674040073	1730.189074725012	1577.9839202201736	2.1006460878907927	5464.141963167398	3.7461343576992247e-08
1018.856872297602	1	1	1	1	4	0	1018.856872297602	66.0	0	0.032194458723272534	0.892804711068889	1.1490407447877222	17510.542872645034	2246.137355064124	1609.7229361636264	1799.479492613658	1625.3885888723385	2.0974691542177744	5655.3397838414085	3.8287747205808916e-08
1038.1881072270378	1	1	1	1	4	0	1038.1881072270378	67.0	0	0.032645150064436065	0.894832125661999	1.1442525204861638	18837.37342797184	2339.7274953779183	1632.2575032218035	1867.2633860767405	1672.7570687835162	2.092067613765046	5839.248384676463	4.0863104365574596e-08
1057.612785872243	1	1	1	1	4	0	1057.612785872243	68.0	0	0.033010218352302466	0.8804986197278315	1.1432210540618104	20189.107668890043	2429.5515206760087	1650.5109176151236	1924.775965904468	1720.036517428952	2.0786110337144468	6004.838404195601	4.198001690050321e-08
1077.1293452320983	1	1	1	1	4	0	1077.1293452320983	69.0	0	0.03138027389197549	0.8311846804944781	1.1564407321858907	21396.458878950274	2515.020450104203	1569.013694598774	1972.8452744361555	1767.1728057106136	2.00425162586784	6056.8794191391335	3.928147048702957e-08
1096.7361950792456	1	1	1	1	4	0	1096.7361950792456	70.0	0	0.03146903751027355	0.9020669241575784	1.1487539324938885	22707.29304649325	2595.5317307921805	1573.4518755136774	2017.5897615573083	1814.1105441514899	1.9795054103225087	6186.573367863167	3.770196730203699e-08
1116.4317184313063	1	1	1	1	4	0	1116.4317184313063	71.0	0	0.03146903751027355	0.8696063595527257	1.128041405804939	24021.954870096557	2670.4695535183937	1573.4518755136774	2054.4051406138838	1860.7931109992167	1.9496294320325909	6298.326569645955	3.850081151095996e-08
1136.2142720300294	1	1	1	1	4	0	1136.2142720300294	72.0	0	0.03146903751027355	0.8924466099100579	1.1418215381167756	25353.161752572032	2739.205189758182	1573.4518755136774	2078.5667561620735	1907.1626822294547	1.9148962307749104	6391.223821433932	3.8935889854594516e-08
1156.0821868282233	1	1	1	1	4	0	1156.0821868282233	73.0	0	0.03146903751027355	0.8923621584826971	1.1497809824781482	26683.621483020164	2801.0973499701704	1573.4518755136774	2085.2321755533185	1953.16026343649	1.87321241352193	6459.781401037167	3.902846842188406e-08
1176.03376848433	1	1	1	1	4	0	1176.03376848433	74.0	0	0.027828290798491803	0.8023470664062329	1.167388788463274	27686.76087625826	2855.4925629422887	1391.4145399245901	2085.2321755533185	1998.7257235955612	1.7394316160717014	6332.139278420198	3.593079732032392e-08
1196.0672978644968	1	1	1	1	4	0	1196.0672978644968	75.0	0	0.027828290798491803	0.9195411538528812	1.1401982012774938	28865.630875014976	2901.725575984889	1391.4145399245901	2085.2321755533185	2043.7978306784273	1.7010717318962292	6378.372291462798	3.3074980766885476e-08
1216.1810315519913	1	1	1	1	4	0	1216.1810315519913	76.0	0	0.027828290798491803	0.8882855836518724	1.1388559381132617	30033.124567405863	2939.119775724533	1391.4145399245901	2085.2321755533185	2088.314289100713	1.6648100976099012	6415.766491202441	3.311904212624344e-08
1236.373202363814	1	1	1	1	4	0	1236.373202363814	77.0	0	0.027828290798491803	0.8908809319861836	1.1509321184876469	31195.630870942958	2966.9876292181425	1391.4145399245901	2085.2321755533185	2132.2117789765834	1.6305353669637006	6443.634344696052	3.3139051208350295e-08
1256.6420198743526	1	1	1	1	4	0	1256.6420198743526	78.0	0	0.027828290798491803	0.900464653788981	1.1418437525058942	32355.558988586177	2984.631145073409	1391.4145399245901	2085.2321755533185	2175.4259971533247	1.5981452460471233	6461.277860551319	3.3185565160121534e-08
1276.985670945924	1	1	1	1	4	0	1276.985670945924	79.0	0	0.02385466798263824	0.7784660499630208	1.1501875682493323	33141.064948009545	2991.342354227649	1192.7333991319122	2085.2321755533185	2217.891699995424	1.4779646700927709	6269.30792891288	2.984643207878596e-08
1297.4023202660453	1	1	1	1	4	0	1297.4023202660453	80.0	0	0.02385466798263824	0.8981336394823435	1.1499996004177442	34120.83178933092	2991.342354227649	1192.7333991319122	2085.2321755533185	2259.542747884821	1.4507207609830637	6269.30792891288	2.71647056760004e-08
1317.890110891278	1	1	1	1	4	0	1317.890110891278	81.0	0	0.02385466798263824	0.9101130879992624	1.1443371070721349	35090.304437589846	2991.342354227649	1192.7333991319122	2085.2321755533185	2300.312151401064	1.4250090244007545	6269.30792891288	2.7049972409457386e-08
1338.447164797479	1	1	1	1	4	0	1338.447164797479	82.0	0	0.02385466798263824	0.8985241867170709	1.1523571283588814	36057.98495495567	2991.342354227649	1192.7333991319122	2085.2321755533185	2340.132119142188	1.4007609005797588	6269.30792891288	2.7296274056451202e-08
1359.0715834363004	1	1	1	1	4	0	1359.0715834363004	83.0	0	0.01987400582311552	0.7658850014383788	1.1614209024546842	36651.387255131805	2991.342354227649	993.7002911557761	2085.2321755533185	2378.934107144311	1.2942487383162815	6070.274820936745	2.433593274731212e-08
1379.7614482977701	1	1	1	1	4	0	1379.7614482977701	84.0	0	0.01987400582311552	0.9049595137761012	1.153136523939165	37438.53673270954	2991.342354227649	993.7002911557761	2085.2321755533185	2416.6488698550656	1.274050403066519	6070.274820936745	2.196753291311052e-08
1400.5148214787878	1	1	1	1	4	0	1400.5148214787878	85.0	0	0.01987400582311552	0.8973090960870908	1.1391287296517254	38199.304386097654	2991.342354227649	993.7002911557761	2085.2321755533185	2453.206512613253	1.255064525093443	6070.274820936745	2.1474574132316468e-08
1421.3297462573673	1	1	1	1	4	0	1421.3297462573673	86.0	0	0.01987400582311552	0.8765892384913319	1.1368562119887644	38968.10446326765	2991.342354227649	993.7002911557761	2085.2321755533185	2488.5365455843357	1.2372462330008205	6070.274820936745	2.195740975871685e-08
1442.2042476724564	1	1	1	1	4	0	1442.2042476724564	87.0	0	0.01987400582311552	0.9250131960686618	1.1506320452547465	39737.567141533975	2991.342354227649	993.7002911557761	2085.2321755533185	2522.567939098729	1.2205548239105684	6070.274820936745	2.199001613172345e-08
1463.1363331091584	1	1	1	1	4	0	1463.1363331091584	88.0	0	0.01591123531035129	0.7217537841133167	1.1649866113810283	40115.31077277998	2991.342354227649	795.5617655175643	2085.2321755533185	2555.229180337229	1.1274111783157892	5872.136295298532	1.8917451162310043e-08
1484.1239928891891	1	1	1	1	4	0	1484.1239928891891	89.0	0	0.01591123531035129	0.9180573938270112	1.1548513118455728	40689.407363917846	2991.342354227649	795.5617655175643	2085.2321755533185	2586.4483313053656	1.1138030117218551	5872.136295298532	1.6843155400152433e-08
1505.1652008663875	1	1	1	1	4	0	1505.1652008663875	90.0	0	0.01591123531035129	0.9152084437147506	1.1641237633316193	41264.6465266893	2991.342354227649	795.5617655175643	2085.2321755533185	2616.153088035985	1.1011564859278058	5872.136295298532	1.699306891785472e-08
1526.2579150271054	1	1	1	1	4	0	1526.2579150271054	91.0	0	0.01591123531035129	0.8838727007899908	1.1608679559692654	41832.032027630965	2991.342354227649	795.5617655175643	2085.2321755533185	2644.270840956952	1.0894473805218583	5872.136295298532	1.7012331602091966e-08
1547.4000780953006	1	1	1	1	4	0	1547.4000780953006	92.0	0	0.01192914582044003	0.7033596795179632	1.1759884599888029	42031.84781915088	2991.342354227649	596.4572910220015	2085.2321755533185	2670.7287363585597	1.0041040222721027	5673.0318208029685	1.465391653480122e-08
1568.5896181421526	1	1	1	1	4	0	1568.5896181421526	93.0	0	0.01192914582044003	0.8950633865970056	1.1803476143559146	42412.818253244586	2991.342354227649	596.4572910220015	2085.2321755533185	2695.453738892972	0.9948935230758941	5673.0318208029685	1.2566979251558877e-08
