11.247441493196291	1	1	1	1	4	0	11.247441493196291	1.0	0	0.0			15.0	0.0	0.0	0.0	0.0		0.0	0.0
11.367595075476835	1	1	1	1	4	0	11.367595075476835	1.0	0	0.0			15.0	0.0	0.0	0.0	0.0		0.0	0.0
22.856168219862568	1	1	1	1	4	0	22.856168219862568	2.0	0	0.0			14.552750241652504	0.0	0.0	0.0	0.7285827694774977	0.0	0.0	0.0
34.4665080713728	1	1	1	1	4	0	34.4665080713728	3.0	0	0.0			13.791431040067982	0.0	0.0	0.0	2.1993864847666735	0.0	0.0	0.0
46.1993671861199	1	1	1	1	4	0	46.1993671861199	4.0	0	0.0			12.713098668736418	0.0	0.0	0.0	4.42587529936556	0.0	0.0	0.0
58.05546181511435	1	1	1	1	4	0	58.05546181511435	5.0	0	0.0			11.314922877436091	0.0	0.0	0.0	7.421310407022852	0.0	0.0	0.0
70.03547169202406	1	1	1	1	4	0	70.03547169202406	6.0	0	2.500826149469408e-05			10.075555122184273	0.0	1.2504130747347042	0.0	8.825142047449571	0.14168758621806754	1.2504130747347042	0.0
82.14003983175478	1	1	1	1	4	0	82.14003983175478	7.0	0	3.045155953232545e-05	0.8198928898528017	1.0536378783983271	10.541042605021804	0.0	1.5225779766162733	0.0	9.018464628405534	0.1688289569624298	1.5225779766162733	1.915284568513032e-12
94.36977233991071	1	1	1	1	4	0	94.36977233991071	8.0	0	3.7953903117884724e-05	0.8375185304741739	1.2182998580749318	11.135649837468884	0.0	1.8976951558942363	0.0	9.237954681574646	0.20542373515635895	1.8976951558942363	2.375179884241332e-12
106.72523823319248	1	1	1	1	4	0	106.72523823319248	9.0	0	4.8418522119173074e-05	0.8911731092021571	1.4130029898021796	11.938219201488982	0.0	2.4209261059586544	0.0	9.517293095530324	0.25437128831259925	2.4209261059586544	3.100390931411918e-12
119.20696927078512	1	1	1	1	4	0	119.20696927078512	10.0	0	5.3600013988381764e-05	0.32720880295535043	1.098440246001641	12.330583096049335	0.0	2.680000699419089	0.0	9.650582396630245	0.2777035197746078	2.680000699419089	1.9277377502890697e-12
131.81545979678634	1	1	1	1	4	0	131.81545979678634	11.0	0	6.296723041779538e-05	0.5100716032591617	1.2239439064385909	13.039506379291144	0.0	3.148361520889769	0.0	9.891144858401377	0.31830102237514024	3.148361520889769	3.256975695536229e-12
144.55116659372186	1	1	1	1	4	0	144.55116659372186	12.0	0	7.735235127057929e-05	0.6700548910395554	2.022975106792991	14.137443804897131	0.0	3.867617563528965	0.0	10.269826241368166	0.3766000974728968	3.867617563528965	4.60154785806039e-12
157.41450874719058	1	1	1	1	4	0	157.41450874719058	13.0	0	0.00010486131567829268	1.378403322918586	1.26661381516412	16.27199278480502	0.0	5.243065783914634	0.0	11.028927000890384	0.475392192140845	5.243065783914634	8.007138320165415e-12
170.4058675216809	1	1	1	1	4	0	170.4058675216809	14.0	0	0.00013698452499003372	0.8784765391806496	1.157236559355213	18.654659162854408	0.0	6.849226249501688	0.0	11.805432913352721	0.5801757800643432	6.849226249501688	9.193078334226187e-12
183.52558624759342	1	1	1	1	4	0	183.52558624759342	15.0	0	0.0001858581025755103	1.1548177882315118	1.2690323706941582	22.20659302432737	0.0	9.292905128775516	0.0	12.91368789555185	0.7196166737138255	9.292905128775516	1.4507734199802426e-11
196.77397021950497	1	1	1	1	4	0	196.77397021950497	16.0	0	0.00024827453521930376	0.9444303778510782	1.4565136753413777	26.719068357937473	0.0	12.41372676096519	0.0	14.305341596972283	0.8677686357096533	12.41372676096519	3.3496520018660246e-11
210.1512866057031	1	1	1	1	4	0	210.1512866057031	17.0	0	0.00033151003467531983	1.0313404045112688	1.1116862835588592	32.77540218422693	0.0	16.57550173376599	0.0	16.199900450460934	1.0231854068766433	16.57550173376599	3.435359569442434e-11
223.65776436901845	1	1	1	1	4	0	223.65776436901845	18.0	0	0.0004348860558246476	0.8529238601763163	1.1132141498029131	40.430043460589424	0.0	21.744302791232382	0.0	18.68574066935704	1.1636842861086645	21.744302791232382	5.1190711939617784e-11
237.29359419897813	1	1	1	1	4	0	237.29359419897813	19.0	0	0.0005587073294632471	0.7741286876272115	1.1859830465870966	49.88063417349653	0.0	27.93536647316236	0.0	21.94526770033417	1.272956286276561	27.93536647316236	6.904061843413394e-11
251.0589284553002	1	1	1	1	4	0	251.0589284553002	20.0	0	0.0007419999461966986	1.0533213519610354	1.3197781310797916	64.55303278684431	0.0	37.099997309834926	0.0	27.453035477009372	1.3513987311495819	37.099997309834926	1.0450287010692822e-10
264.95388112274634	1	1	1	1	4	0	264.95388112274634	21.0	0	0.000992238397672094	1.04650990217283	1.1464246999480665	84.6702939742998	0.0	49.611919883604706	0.0	35.058374090695104	1.4151232386094104	49.611919883604706	1.439161359067844e-10
278.9785277773454	1	1	1	1	4	0	278.9785277773454	22.0	0	0.0013038291209561616	0.941238731451152	1.1994297495668291	110.34686062370514	0.0	65.19145604780809	0.0	45.155404575897066	1.4437132533766694	65.19145604780809	2.3435222437156117e-10
293.1329055639992	1	1	1	1	4	0	293.1329055639992	23.0	0	0.001693914419100925	0.8540358587552715	1.1698786541208468	141.9256671127593	0.0	84.69572095504627	0.0	57.229946157713044	1.4799196337114076	84.69572095504627	3.056121614041001e-10
307.41701318547484	1	1	1	1	4	0	307.41701318547484	24.0	0	0.002214738059238751	0.8842331812307319	1.1824312247759792	184.06743630722758	0.0	110.73690296193756	0.0	73.33053334529001	1.5101063351130004	110.73690296193756	4.034218190096087e-10
321.83081090278995	1	1	1	1	4	0	321.83081090278995	25.0	0	0.0028276246386537826	0.7735312891449044	1.1015329383174286	234.41268949873432	0.0	141.38123193268916	0.0	93.03145756604515	1.5197142518413127	141.38123193268916	5.215270202362932e-10
336.3742205469876	1	1	1	1	4	0	336.3742205469876	26.0	0	0.00344504395232316	0.8376550379768132	1.1432112027957293	310.5154502026973	0.0	172.25219761615799	0.0	114.54953722048047	1.503735430066502	172.25219761615799	7.001933266793279e-10
351.0471255422998	1	1	1	1	4	0	351.0471255422998	27.0	0	0.004110387793990381	0.9045881317312188	1.1714705278008135	414.7254011016226	0.0	205.51938969951905	0.0	137.0136176138729	1.499992433443417	205.51938969951905	9.052176872047487e-10
365.84937094069124	1	1	1	1	4	0	365.84937094069124	28.0	0	0.00478110560815647	0.8788089380753392	1.1444718971423178	539.8498934558352	0.0	239.05528040782346	0.0	160.42354538522002	1.4901508368599352	239.05528040782346	1.182544829597758e-09
380.78076346777357	1	1	1	1	4	0	380.78076346777357	29.0	0	0.005437656581928318	0.936128943240396	1.165944943126893	697.0944607376134	0.0	271.8828290964159	0.0	184.77819568851902	1.4714010388689438	271.8828290964159	1.5952226430890584e-09
395.84107158007737	1	1	1	1	4	0	395.84107158007737	30.0	0	0.0061313790693779575	0.8822314666681065	1.1578068449414831	871.1671943414694	0.0	306.5689534688978	0.0	210.07544162217727	1.4593279019270855	306.5689534688978	1.7642335192415475e-09
411.03002553366304	1	1	1	1	4	0	411.03002553366304	31.0	0	0.0068316118940945775	0.9401404617403684	1.1361995028416032	1079.6642664115461	0.0	341.58059470472887	0.0	236.31212419918754	1.4454636885952181	341.58059470472887	2.1888699821603307e-09
426.3473174640513	1	1	1	1	4	0	426.3473174640513	32.0	0	0.0075060911590564	0.9217764276535749	1.1530971392758125	1310.8189596451973	0.0	375.30455795282006	0.0	263.48402291165576	1.4243920895296822	375.30455795282006	2.285400898402863e-09
441.79260147745117	1	1	1	1	4	0	441.79260147745117	33.0	0	0.008230910899220406	0.8954462800194558	1.1609198987135396	1553.4935361616324	0.0	411.54554496102025	11.86334260539778	291.58582694349604	1.4520900827201966	423.4088875664182	2.4822703855823346e-09
457.365493753255	1	1	1	1	4	0	457.365493753255	34.0	0	0.008956300278468795	0.9290895784719332	1.1737468127133477	1832.0503860468584	0.0	447.8150139234398	33.638863238761594	320.6111070852408	1.5016756017569826	481.45387716220137	3.56292548982374e-09
473.0655726577729	1	1	1	1	4	0	473.0655726577729	35.0	0	0.00964574697905956	0.9304715634821068	1.1409246933515302	2134.3427959048804	0.0	482.28734895297805	63.26574790347243	350.5522884049553	1.5562673954826156	545.5530968564505	3.854921396660064e-09
488.8923788691719	1	1	1	1	4	0	488.8923788691719	36.0	0	0.010364204371954738	0.9233833619432794	1.1571607555555392	2459.5972040023235	0.0	518.2102185977369	98.57176754760937	381.40062372918925	1.6171499147397514	616.7819861453462	4.27470354286457e-09
504.8454155135833	1	1	1	1	4	0	504.8454155135833	37.0	0	0.0110757535374888	0.8662366647376504	1.169910907390185	2796.329212550929	7.015059303619688	553.78767687444	137.2716074713363	413.146167987744	1.6726750431006698	698.0743436493959	4.687498291172e-09
520.9241483123367	1	1	1	1	4	0	520.9241483123367	38.0	0	0.0117427407168667	0.9144759420025388	1.1694814621615244	3169.782643181634	20.920301141753512	587.1370358433347	176.96529644246598	445.7777534757846	1.7140880771370932	785.0226334275543	5.108738278262003e-09
537.1280057402779	1	1	1	1	4	0	537.1280057402779	39.0	0	0.012446363994360886	0.9100795838089984	1.1483562955342832	3561.7986042168236	41.57746167947757	622.3181997180443	228.13453234226182	479.2829660864703	1.7744272011262563	892.0301937397836	5.632621696629282e-09
553.4563791951257	1	1	1	1	4	0	553.4563791951257	40.0	0	0.013128675419299272	0.9225003760235032	1.1505935263737994	3981.8426999617377	68.8346330571118	656.4337709649635	285.8563949510358	513.6481225668317	1.8345052274446816	1011.1247989731113	6.9264852726772875e-09
569.9086231778117	1	1	1	1	4	0	569.9086231778117	41.0	0	0.013846248302004349	0.9012597072956818	1.1706309481502597	4424.483274617298	102.52601851334668	692.3124151002173	344.97084620866616	548.8582488490623	1.8898928156478147	1139.80927982223	7.638719113632027e-09
586.4840554837581	1	1	1	1	4	0	586.4840554837581	42.0	0	0.014582667697571904	0.8839166041920022	1.1446776066913265	4891.189764218042	142.47170017444452	729.1333848785953	400.0782610971759	584.897059508744	1.9306160419479592	1271.6833461502154	8.265257211031604e-09
603.1819574050269	1	1	1	1	4	0	603.1819574050269	43.0	0	0.015296380753016559	0.9184642103765064	1.1433050837828236	5401.294320610661	188.47742008486333	764.8190376508278	445.5372001664082	621.7469384007628	1.9467023688616385	1398.8336579020993	9.125397208466948e-09
620.0015739432909	1	1	1	1	4	0	620.0015739432909	44.0	0	0.01594399270667676	0.949883091148277	1.160263424297919	5954.141270853596	240.3343750448304	797.1996353338377	486.7965064426599	659.3889205228213	1.94725161708576	1524.3305168213278	9.926655819726563e-09
636.9421140335545	1	1	1	1	4	0	636.9421140335545	45.0	0	0.016611600474982884	0.9462228883733891	1.1670992150032626	6534.398182214997	297.8190258094122	830.5800237491443	539.6599945120054	697.8026751554816	1.9636497064959493	1668.0590440705614	1.0818477238735931e-08
654.0027507785644	1	1	1	1	4	0	654.0027507785644	46.0	0	0.017299597517515745	0.9429277285792064	1.1302837810295596	7130.879058085902	360.69292119149117	864.9798758757872	598.4568926302895	736.9664903266204	1.9857575449020592	1824.129689697568	1.191858554363005e-08
671.1826216938364	1	1	1	1	4	0	671.1826216938364	47.0	0	0.018039955194027103	0.9116861260480812	1.1411192641488983	7684.484790546898	428.702537597776	901.9977597013553	657.2664508030814	776.8572586470076	2.007143774675012	1987.966748102213	1.2340104466373044e-08
688.4808289632283	1	1	1	1	4	0	688.4808289632283	48.0	0	0.01878711517572668	0.8802051416402255	1.1449558005506009	8249.239047697165	501.57913451254234	939.3557587863338	709.916576233926	817.4504645624572	2.017580766686624	2150.851469532802	1.2615596581785365e-08
705.8964397049822	1	1	1	1	4	0	705.8964397049822	49.0	0	0.01949360924633092	0.9158455709121874	1.1539663110298666	8811.400189913216	579.0386264282525	974.680462316546	752.8416297505372	858.7201730666385	2.0117404321570818	2306.560718495336	1.3177983260313259e-08
723.4284862481575	1	1	1	1	4	0	723.4284862481575	50.0	0	0.020250322653731438	0.9049459760321109	1.127118115672269	9384.678355062932	660.7814717055172	1012.5161326865718	810.4757308638319	900.6390199171643	2.0241093526217337	2483.773335255921	1.3654083641696963e-08
741.0759664193733	1	1	1	1	4	0	741.0759664193733	51.0	0	0.02098536160027728	0.905882250870158	1.1606913554866471	9883.391486231038	746.4925788270981	1049.268080013864	876.5594057224796	943.1782033960277	2.0418490151724966	2672.320064563441	1.4216512100792021e-08
758.8378438397727	1	1	1	1	4	0	758.8378438397727	52.0	0	0.021790562597979003	0.9100713216221149	1.1383506354152475	10371.03542221132	835.8412304917856	1089.5281298989503	944.5756310611807	986.3074776537877	2.062342430779116	2869.9449914519164	1.4025259979767486e-08
776.7130482321257	1	1	1	1	4	0	776.7130482321257	53.0	0	0.022615804782166116	0.8943017183599759	1.1428548683149125	10844.057094042922	928.4810259740648	1130.7902391083055	1007.7495086544756	1029.9951476751694	2.0762619635536517	3067.0207737368464	1.4350002455870148e-08
794.7004757379742	1	1	1	1	4	0	794.7004757379742	54.0	0	0.02340901316639458	0.8993557673496484	1.1420855076411058	11356.547505304508	1024.0498421545199	1170.450658319729	1059.048258242922	1074.2080659018943	2.075481452181041	3253.548758717171	1.5615512193551094e-08
812.7989892447298	1	1	1	1	4	0	812.7989892447298	55.0	0	0.02426522286217764	0.8879239244351309	1.1345251871056274	11848.999300311909	1122.1698136039506	1213.261143108882	1118.4605119973603	1118.9116305466332	2.0839194011837225	3453.891468710193	1.539504529045584e-08
831.0074187226242	1	1	1	1	4	0	831.0074187226242	56.0	0	0.02510404776457706	0.9068153212752794	1.1163569163848004	12279.570664065865	1222.4473320812006	1255.202388228853	1185.9135452722826	1164.0697856299535	2.097052911806391	3663.5632655823356	1.5419291415985342e-08
849.3245615714155	1	1	1	1	4	0	849.3245615714155	57.0	0	0.02593042761008503	0.907413105229286	1.1448231359041463	12752.308043376797	1324.473065780785	1296.5213805042515	1254.223101530684	1209.6450227700295	2.108671911197429	3875.217547815721	1.7073625260208837e-08
867.7491829767432	1	1	1	1	4	0	867.7491829767432	58.0	0	0.02676704779306716	0.8880188927911723	1.1491452975361314	13181.87449000347	1427.8219986415347	1338.3523896533575	1315.9445103417586	1255.5983847527082	2.1139696675524817	4082.1188986366506	1.6625252968214486e-08
886.2800162760308	1	1	1	1	4	0	886.2800162760308	59.0	0	0.027556738578413814	0.8977950813193153	1.1485535180084778	13593.609505323326	1532.0534900017474	1377.836928920691	1363.3739103596945	1301.889470907251	2.1055634142045183	4273.264329282133	1.5975829647900807e-08
904.9157633338257	1	1	1	1	4	0	904.9157633338257	60.0	0	0.02839799709659812	0.8898972548053403	1.1581371292949232	13993.885845294883	1636.7113548597192	1419.899854829906	1424.336668700407	1348.4764443107433	2.109222252661676	4480.947878390031	1.6232503793359226e-08
923.6550949264639	1	1	1	1	4	0	923.6550949264639	61.0	0	0.02920280628325095	0.9236154757754562	1.150731688033896	14341.399333872312	1741.3239649711154	1460.1403141625476	1492.8539497298148	1395.3160408417484	2.116362298903206	4694.318228863478	1.5952625945231763e-08
942.4966511359496	1	1	1	1	4	0	942.4966511359496	62.0	0	0.03004701553389872	0.8926642072039898	1.1503086779606306	14668.02374788905	1845.4043709864493	1502.3507766949356	1561.0727140306158	1442.3635801013038	2.1238913218471542	4908.827861712	1.6376583309497552e-08
961.4390417529248	1	1	1	1	4	0	961.4390417529248	63.0	0	0.03089096272077921	0.8923215746894542	1.1386465364208629	15888.968685684824	1948.450445802989	1544.5481360389606	1620.8811638310374	1489.572978216818	2.1250582188053406	5113.879745672987	3.9023003677139515e-08
980.4808466886225	1	1	1	1	4	0	980.4808466886225	64.0	0	0.03123200724543353	0.9018925408304088	1.1583204664116735	17114.55740436327	2049.9450492757933	1561.6003622716767	1667.9043002172698	1536.8967625418177	2.101315287532903	5279.44971176474	3.7200497610707716e-08
999.6206163956656	1	1	1	1	4	0	999.6206163956656	65.0	0	0.03188682926770438	0.8967633647491964	1.1392603503894585	18381.935290473804	2149.356214402313	1594.3414633852187	1730.189074725012	1584.2860882618327	2.098440782092376	5473.886752512544	3.779576792808969e-08
1018.856872297602	1	1	1	1	4	0	1018.856872297602	66.0	0	0.03238935451017545	0.9011301789826416	1.1456939588393398	19682.637421624688	2246.137355064124	1619.4677255087727	1799.479492613658	1631.6907569139971	2.09534018847337	5665.084573186555	4.015131370161706e-08
1038.1881072270378	1	1	1	1	4	0	1038.1881072270378	67.0	0	0.032840045851338984	0.8918463660905659	1.155597059573673	21005.023781677657	2339.7274953779183	1642.002292566949	1867.2633860767405	1679.0592368251748	2.090018983058117	5848.993174021608	4.0741599621235136e-08
1057.612785872243	1	1	1	1	4	0	1057.612785872243	68.0	0	0.033205114139205384	0.8934348289261803	1.155866856300892	22355.7303802571	2429.5515206760087	1660.2557069602692	1924.775965904468	1726.3386854706107	2.0766676336673964	6014.583193540745	4.2267638513911647e-08
1077.1293452320983	1	1	1	1	4	0	1077.1293452320983	69.0	0	0.0314360124149883	0.8465246203050343	1.1404529973181423	23534.318190700225	2515.020450104203	1571.800620749415	1972.8452744361555	1773.4749737522727	1.9987008261446733	6059.666345289774	3.890657796259589e-08
1096.7361950792456	1	1	1	1	4	0	1096.7361950792456	70.0	0	0.031524776033286364	0.9023820994863212	1.1424796695192774	24841.3424642904	2595.5317307921805	1576.2388016643185	2017.5897615573083	1820.4127121931488	1.9741834031096983	6189.360294013807	3.8470169842284193e-08
1116.4317184313063	1	1	1	1	4	0	1116.4317184313063	71.0	0	0.031524776033286364	0.8913656780878116	1.1382338701715964	26155.27278641299	2670.4695535183937	1576.2388016643185	2054.4051406138838	1867.0952790408755	1.944541332750442	6301.113495796595	3.89009747242325e-08
1136.2142720300294	1	1	1	1	4	0	1136.2142720300294	72.0	0	0.031524776033286364	0.8924200025516538	1.142723310184782	27453.7336926978	2739.205189758182	1576.2388016643185	2078.5667561620735	1913.4648502711127	1.9100458298507828	6394.010747584574	3.8621070553779336e-08
1156.0821868282233	1	1	1	1	4	0	1156.0821868282233	73.0	0	0.031524776033286364	0.8874831487106066	1.1465297217795438	28769.626933788568	2801.0973499701704	1576.2388016643185	2085.2321755533185	1959.4624314781488	1.8686099403577507	6462.568327187806	3.926642488369341e-08
1176.03376848433	1	1	1	1	4	0	1176.03376848433	74.0	0	0.027828290798491803	0.7931883119637709	1.1512551962759427	29750.346457727217	2855.4925629422887	1391.4145399245901	2085.2321755533185	2005.02789163722	1.7339642655240208	6332.139278420198	3.601052674911164e-08
1196.0672978644968	1	1	1	1	4	0	1196.0672978644968	75.0	0	0.027828290798491803	0.8977415023069899	1.1498603071219644	30907.615522071465	2901.725575984889	1391.4145399245901	2085.2321755533185	2050.0999987200853	1.6958425040966008	6378.372291462798	3.310093410459758e-08
1216.1810315519913	1	1	1	1	4	0	1216.1810315519913	76.0	0	0.027828290798491803	0.8920241812684254	1.1466050739298759	32060.691282137544	2939.119775724533	1391.4145399245901	2085.2321755533185	2094.6164571423706	1.6598011075598085	6415.766491202441	3.325124194381157e-08
1236.373202363814	1	1	1	1	4	0	1236.373202363814	77.0	0	0.027828290798491803	0.8928413831747884	1.141839688424353	33207.05271526667	2966.9876292181425	1391.4145399245901	2085.2321755533185	2138.5139470182417	1.6257302040631734	6443.634344696052	3.3169876477095733e-08
1256.6420198743526	1	1	1	1	4	0	1256.6420198743526	78.0	0	0.027828290798491803	0.8985476646039358	1.1322104028141893	34344.80006409766	2984.631145073409	1391.4145399245901	2085.2321755533185	2181.728165194983	1.5935288231323708	6461.277860551319	3.312551116074698e-08
1276.985670945924	1	1	1	1	4	0	1276.985670945924	79.0	0	0.02385466798263824	0.7799824139870073	1.1572509606618724	35108.70155389921	2991.342354227649	1192.7333991319122	2085.2321755533185	2224.1938680370818	1.4737769138704326	6269.30792891288	2.9688818234336287e-08
1297.4023202660453	1	1	1	1	4	0	1297.4023202660453	80.0	0	0.02385466798263824	0.904796933979422	1.1432279709353068	36074.76744072636	2991.342354227649	1192.7333991319122	2085.2321755533185	2265.8449159264787	1.446685760196834	6269.30792891288	2.730988902859481e-08
1317.890110891278	1	1	1	1	4	0	1317.890110891278	81.0	0	0.02385466798263824	0.9096265209443332	1.1225678937933898	37046.079953489316	2991.342354227649	1192.7333991319122	2085.2321755533185	2306.614319442722	1.421115592257828	6269.30792891288	2.7637495683802588e-08
1338.447164797479	1	1	1	1	4	0	1338.447164797479	82.0	0	0.02385466798263824	0.8773761805900698	1.1371136151120194	37988.14758049977	2991.342354227649	1192.7333991319122	2085.2321755533185	2346.434287183846	1.3969986684005515	6269.30792891288	2.726248692138492e-08
1359.0715834363004	1	1	1	1	4	0	1359.0715834363004	83.0	0	0.01987400582311552	0.7622172101814879	1.1556200003977286	38547.687984149285	2991.342354227649	993.7002911557761	2085.2321755533185	2385.236275185969	1.2908291303212884	6070.274820936745	2.3853337660401443e-08
1379.7614482977701	1	1	1	1	4	0	1379.7614482977701	84.0	0	0.01987400582311552	0.8826385756041315	1.1353742438367238	39304.8733459363	2991.342354227649	993.7002911557761	2085.2321755533185	2422.951037896724	1.270736559902508	6070.274820936745	2.1705575077870465e-08
1400.5148214787878	1	1	1	1	4	0	1400.5148214787878	85.0	0	0.01987400582311552	0.9019182511021498	1.1613179001815754	40061.10745144078	2991.342354227649	993.7002911557761	2085.2321755533185	2459.508680654912	1.251848587047574	6070.274820936745	2.1856383997437058e-08
1421.3297462573673	1	1	1	1	4	0	1421.3297462573673	86.0	0	0.01987400582311552	0.8956861819443159	1.1513505737080607	40807.120117308885	2991.342354227649	993.7002911557761	2085.2321755533185	2494.8387136259944	1.234120847128502	6070.274820936745	2.1729410769456952e-08
1442.2042476724564	1	1	1	1	4	0	1442.2042476724564	87.0	0	0.01987400582311552	0.8982601265259874	1.1345829098084521	41548.651536149504	2991.342354227649	993.7002911557761	2085.2321755533185	2528.870107140387	1.2175130933042309	6070.274820936745	2.178803209661046e-08
1463.1363331091584	1	1	1	1	4	0	1463.1363331091584	88.0	0	0.01591123531035129	0.7159362668897495	1.14962960887208	41911.022796547055	2991.342354227649	795.5617655175643	2085.2321755533185	2561.531348378887	1.1246373943047965	5872.136295298532	1.8931310528213216e-08
1484.1239928891891	1	1	1	1	4	0	1484.1239928891891	89.0	0	0.01591123531035129	0.9132482169798484	1.1578387293710624	42467.48343334377	2991.342354227649	795.5617655175643	2085.2321755533185	2592.750499347024	1.1110957038852762	5872.136295298532	1.6804252617562593e-08
1505.1652008663875	1	1	1	1	4	0	1505.1652008663875	90.0	0	0.01591123531035129	0.8994606385179464	1.1758888660684437	43030.02534197108	2991.342354227649	795.5617655175643	2085.2321755533185	2622.4552560776433	1.0985102355491214	5872.136295298532	1.713717519959527e-08
1526.2579150271054	1	1	1	1	4	0	1526.2579150271054	91.0	0	0.01591123531035129	0.9193757839888834	1.1812426417654656	43588.53863907338	2991.342354227649	795.5617655175643	2085.2321755533185	2650.5730089986096	1.0868570423416677	5872.136295298532	1.7096539435820186e-08
1547.4000780953006	1	1	1	1	4	0	1547.4000780953006	92.0	0	0.01192914582044003	0.6759866594636342	1.1714728500885283	43738.0672626702	2991.342354227649	596.4572910220015	2085.2321755533185	2677.030904400218	1.0017401973833941	5673.0318208029685	1.3921161993987771e-08
1568.5896181421526	1	1	1	1	4	0	1568.5896181421526	93.0	0	0.01192914582044003	0.9136117562431862	1.1641352376203078	44115.008427192675	2991.342354227649	596.4572910220015	2085.2321755533185	2701.7559069346303	0.9925728152170202	5673.0318208029685	1.2782263885660511e-08
