0.0
0.0
0.0
0.0
0.0
0.0
0.0
2.252186479048871e-12
1.0925236136741192e-12
3.158104672720377e-12
2.752635893480316e-12
4.978607962063691e-12
6.199378843460731e-12
7.927885996449611e-12
1.0453828206118863e-11
1.5462782996047257e-11
2.827895538995171e-11
4.4072145289849825e-11
5.976134048890705e-11
7.711121712761045e-11
1.0372719702304043e-10
1.4491638928886156e-10
2.243046149550517e-10
3.0573562132350485e-10
4.0496789043588454e-10
5.4406994156668e-10
7.179004032688446e-10
8.659269346589775e-10
1.2594627744650813e-09
1.6275869148853292e-09
1.8579825998137833e-09
2.2036185876858584e-09
8.319960017300001e-09
2e-08
2e-08
2e-08
2e-08
2e-08
2e-08
2e-08
2e-08
2e-08
2e-08
2e-08
2e-08
2e-08
2e-08
2e-08
2e-08
2e-08
2e-08
2e-08
2e-08
2e-08
2e-08
2e-08
2e-08
2e-08
2e-08
2e-08
2e-08
2e-08
2e-08
2e-08
2e-08
2e-08
2e-08
2e-08
2e-08
2e-08
2e-08
2e-08
2e-08
2e-08
2e-08
2e-08
2e-08
2e-08
2e-08
2e-08
2e-08
2e-08
2e-08
2e-08
2e-08
2e-08
2e-08
2e-08
2e-08
2e-08
2e-08
2e-08
2e-08
2e-08
