0.0
0.0
0.0
0.0
0.0
0.0
0.0
1.931260295500281e-12
1.7749113713851431e-12
2.745043992942274e-12
3.2987943530146424e-12
4.4187947499099834e-12
6.890793715761327e-12
6.529796129101847e-12
8.235910795412376e-12
1.4283364264478313e-11
2.090565864993276e-11
4.001501750986822e-11
6.079646376214924e-11
7.915723662386919e-11
1.0090803184850901e-10
1.3829058859918435e-10
2.0970778811285658e-10
3.063183005391266e-10
4.0322314008243517e-10
5.49172578025141e-10
7.120696641829867e-10
8.680807164843088e-10
1.3306556925092324e-09
1.5820034393363502e-09
1.823700898793684e-09
2.1240833046084087e-09
2.296411037574732e-09
2.5330743320069824e-09
3.6686204771690854e-09
3.6890069315516866e-09
4.0570313513215985e-09
4.74924541717873e-09
4.919803491437743e-09
5.531595034690612e-09
6.773053676950469e-09
7.57290214619621e-09
8.472646748804317e-09
9.097005508020777e-09
9.685320447715986e-09
1.0253516878684755e-08
1.2700913177815386e-08
1.1851839073631703e-08
1.2858655592860596e-08
1.2936066164423298e-08
1.3703442425052509e-08
1.3513154336588231e-08
1.4173940832683062e-08
1.4678417496870023e-08
1.5711614469638478e-08
1.5649890728837727e-08
1.619948148528863e-08
1.6551802529863635e-08
1.654130589016359e-08
1.6390178306743718e-08
1.6141005885308464e-08
1.603638471009545e-08
1.6231026797765676e-08
1.6698403782755552e-08
1.6193763564566524e-08
1.637152158450027e-08
1.615402675690885e-08
1.6212006527906364e-08
1.6173957487677286e-08
1.5973968399623598e-08
1.569908820924739e-08
1.5891666686944217e-08
1.6097932195339252e-08
1.5924996189404072e-08
1.5125138957761676e-08
1.5396106761974552e-08
1.4474347765906215e-08
1.4711677598517435e-08
1.4599673111663834e-08
1.4129312476039305e-08
1.453128599742791e-08
1.4201143001868457e-08
1.317623354253117e-08
1.3375231231025627e-08
1.2328193245110948e-08
1.2813753817402996e-08
1.2511692482061112e-08
1.2133804951229016e-08
1.1551167248442017e-08
1.1872668401485464e-08
1.1527205775377178e-08
1.0523064497096199e-08
2e-08
2e-08
