0.0
0.0
0.0
0.0
0.0
0.0
0.0
9.013971618916946e-13
2.1099697905031887e-12
1.6447151816176534e-12
2.7246096563230565e-12
4.831671362905799e-12
5.6912956270008175e-12
8.462339134023222e-12
1.138705264647426e-11
1.5381302970119275e-11
2.1947001060410244e-11
3.6579080428526064e-11
5.80558294046983e-11
8.056451417769883e-11
1.0371185676728256e-10
1.3689719260958173e-10
2.17622902815494e-10
2.982150155309389e-10
4.2258054579025263e-10
5.352937095197078e-10
6.866665432940606e-10
9.0773338139366e-10
1.3077553273093278e-09
1.5252793660052882e-09
1.8875517491683397e-09
2.14882644095846e-09
2.368352150942744e-09
2.592704180616077e-09
3.2726492040755367e-09
3.861685611437487e-09
9.4026372927e-09
2e-08
2e-08
2e-08
2e-08
2e-08
2e-08
2e-08
2e-08
2e-08
2e-08
2e-08
2e-08
2e-08
2e-08
2e-08
2e-08
2e-08
2e-08
2e-08
2e-08
2e-08
2e-08
2e-08
2e-08
2e-08
2e-08
2e-08
2e-08
2e-08
2e-08
2e-08
2e-08
2e-08
2e-08
2e-08
2e-08
2e-08
2e-08
2e-08
2e-08
2e-08
2e-08
2e-08
2e-08
2e-08
2e-08
2e-08
2e-08
2e-08
2e-08
2e-08
2e-08
2e-08
2e-08
2e-08
2e-08
2e-08
