1	4	0.0	1.0	0.0	0.0	0.015	0.0		0.0	
2	4	0.0	1.0	0.0	0.0	0.015	0.0		0.0	
3	4	0.0	1.0	0.0	0.0	0.014552750241652503	0.0		0.0	
4	4	0.0	1.0	0.0	0.0	0.013791431040067982	0.0		0.0	
5	4	0.0	1.0	0.0	0.0	0.01271309866873642	0.0		0.0	
6	4	0.0	1.0	0.0	0.0	0.011314922877436092	0.0		0.0	
7	4	2.500826149469408e-05	1.0	0.0	0.0	0.010075555122184271	0.0	0.0	2.500826149469408e-05	
8	4	2.553344735294162e-05	1.0	1.7849872122294536e-05	5.863799218161996	0.010120466762422864	0.0	0.0	2.553344735294162e-05	1.3669416173440772
9	4	2.6224578579782654e-05	1.0	1.965448888490357e-05	6.412794403257277	0.010175243196128286	0.0	0.0	2.6224578579782654e-05	1.2802095175992732
10	4	2.6943648497391918e-05	1.0	1.9442124714110466e-05	6.451569281018182	0.010230391260896874	0.0	0.0	2.6943648497391918e-05	1.1383988214703873
11	4	2.787613189866723e-05	1.0	2.239649904128928e-05	7.306940347236186	0.010301002742719608	0.0	0.0	2.787613189866723e-05	1.3619210272029585
12	4	2.9022757681765583e-05	1.0	2.5551446123534822e-05	8.205627916619552	0.010387780892976851	0.0	0.0	2.9022757681765583e-05	1.1856503398337548
13	4	3.0251812913539118e-05	1.0	2.6614832360026027e-05	8.615469896077371	0.01048158794200417	0.0	0.0	3.0251812913539118e-05	1.243040991906286
14	4	3.11255793183521e-05	1.0	2.0740064573905252e-05	7.240433383665099	0.010549387556719886	0.0	0.0	3.11255793183521e-05	1.2278889163124758
15	4	3.273091546509584e-05	1.0	3.137952872714845e-05	10.037400510948089	0.010668459733637016	0.0	0.0	3.273091546509584e-05	1.2533000858966652
16	4	3.429375098680209e-05	1.0	2.941652211221593e-05	9.780886288241778	0.010782040295644222	0.0	0.0	3.429375098680209e-05	1.2472175974205324
17	4	3.587740974764475e-05	1.0	2.9109406008902183e-05	9.868940874807123	0.010896532918699776	0.0	0.0	3.587740974764475e-05	1.3274993361936291
18	4	3.7994435479189367e-05	1.0	4.4148607247241747e-05	12.047368746186287	0.011050570734690223	0.0	0.0	3.7994435479189367e-05	1.3059832583478033
19	4	3.9860113286330953e-05	1.0	3.3242386467584705e-05	11.240176197152056	0.011188717803925071	0.0	0.0	3.9860113286330953e-05	1.1190004114293768
20	4	4.190169074808368e-05	1.0	3.85507477071587e-05	12.243494486236706	0.011344540082542844	0.0	0.0	4.190169074808368e-05	1.1781277002034718
21	4	4.3860494822696086e-05	1.0	3.6747540765419625e-05	12.349519844170572	0.011501340474726441	0.0	0.0	4.3860494822696086e-05	1.292263515718051
22	4	4.5814158785845006e-05	1.0	3.6032832740868574e-05	12.416989289710369	0.011658400143164526	0.0	0.0	4.5814158785845006e-05	1.3721406815606794
23	4	4.770768335429607e-05	1.0	3.5502560187155574e-05	12.415111630438526	0.011814435628661942	0.0	0.0	4.770768335429607e-05	1.3633854915395216
24	4	4.9830000341034054e-05	1.0	4.280865542849383e-05	13.321654719867356	0.011986244814374344	0.0	0.0	4.9830000341034054e-05	1.1632168302552437
25	4	4.114556208441532e-05	1.0	3.1481053515414484e-05	11.469846051070606	0.011629740415430904	0.0	0.0	4.114556208441532e-05	1.3344462576263685
26	4	4.241626522642019e-05	1.0	3.1346342169708116e-05	11.523025455580914	0.011769466957939735	0.0	0.0	4.241626522642019e-05	1.1166330535345936
27	4	4.3814891098331846e-05	1.0	3.3218879841713896e-05	12.117354975805792	0.011919298928948508	0.0	0.0	4.3814891098331846e-05	1.0041269542549542
28	4	4.479140116063606e-05	1.0	2.256732702140659e-05	9.094244867286946	0.012012307186672035	0.0	0.0	4.479140116063606e-05	1.2474478658226331
29	4	4.617550094087784e-05	1.0	2.7900444673242988e-05	10.807792193167176	0.012136403043852944	0.0	0.0	4.617550094087784e-05	1.246511035092646
30	4	4.752112897401097e-05	1.0	2.650957886481485e-05	10.476871665024769	0.012253600295907323	0.0	0.0	4.752112897401097e-05	1.3350431780932674
31	4	4.062488361881518e-05	1.0	3.420806191666128e-05	12.656531940413506	0.01200433754474783	0.0	0.0	4.062488361881518e-05	1.1731413368009418
32	4	4.1928882980216195e-05	1.0	3.36704549604667e-05	12.601361835629756	0.012161636310658069	0.0	0.0	4.1928882980216195e-05	1.3507444848365888
33	4	4.298435551532576e-05	1.0	2.7210466267588445e-05	10.841587198500406	0.012285416067995441	0.0	0.0	4.298435551532576e-05	1.181868769293095
34	4	4.4348468976705373e-05	1.0	3.8267143524592335e-05	13.436915848165588	0.012456388586687734	0.0	0.0	4.4348468976705373e-05	1.1991391329559862
35	4	4.4845404824126236e-05	1.0	1.7532824323342073e-05	7.770655421320544	0.012521547687530374	0.0	0.0	4.4845404824126236e-05	0.99719369235069
36	4	4.61774556827188e-05	1.0	4.396330224490453e-05	14.097295983118265	0.012703239175510087	0.0	0.0	4.61774556827188e-05	1.1808663724582047
37	4	3.986704454154225e-05	1.0	3.215535651522488e-05	12.576840660850511	0.012508176945869564	0.0	0.0	3.986704454154225e-05	1.10460559476812
38	4	4.060289451277062e-05	1.0	4.0994002100344754e-05	13.974436167900475	0.012687681704125294	1.2924467251357413e-05	0.005659483916918885	4.060289451277062e-05	1.1273217053747182
39	4	4.1464430351097255e-05	1.0	3.5889306538701786e-05	16.00406498145098	0.012903571647319437	4.0791732397294534e-05	0.01675791870355404	4.1464430351097255e-05	1.0431359315965163
40	4	4.247037324066574e-05	1.0	3.0558469408843706e-05	17.309682814149237	0.013142234785014622	7.773322220161026e-05	0.029749539930950437	4.247037324066574e-05	1.164674804487499
41	4	4.359359677896709e-05	1.0	2.7730627431315783e-05	18.522407299721547	0.013401810586878544	0.00012419134698558884	0.04413457139597958	4.359359677896709e-05	1.239417204576898
42	4	3.9593087084497665e-05	1.0	3.7267393705120304e-05	23.743860300437284	0.01351788727954127	0.00020738347437831284	0.07294378604700431	3.9593087084497665e-05	1.2617234063390448
43	4	4.0451901764194935e-05	1.0	2.74328998155888e-05	23.03199874373135	0.013858452660859036	0.00029807419411798504	0.0960970605586505	4.0451901764194935e-05	1.2291682431571611
44	4	4.1620567844299764e-05	1.0	3.7060615506714553e-05	26.909294419022626	0.014268541188995724	0.00042415617995350216	0.12435307456526633	4.1620567844299764e-05	1.2578456097151112
45	4	4.294541781765962e-05	1.0	3.293152300027008e-05	29.08139610958043	0.014716195721473757	0.0005754190460680509	0.15349592024690392	4.294541781765962e-05	1.1759852798862611
46	4	4.44005651518067e-05	1.0	1.9817502803895585e-05	28.734912695432488	0.015154625561673385	0.0007167223996560146	0.17511946213254642	4.44005651518067e-05	1.1024959481824574
47	4	4.650621159912738e-05	1.0	3.680552686062677e-05	37.49137894814807	0.015752149567388202	0.0009091508350357539	0.1989204562291391	4.650621159912738e-05	1.1849401921176614
48	4	4.039903640110896e-05	1.0	3.084727150425259e-05	38.118390728114335	0.01599693519253133	0.0011335832110787411	0.2420340191379929	4.039903640110896e-05	1.1276880760754278
49	4	4.180178992692892e-05	1.0	2.338845391047001e-05	40.408850021849396	0.016643079766392253	0.0013862766894214484	0.26715882897100995	4.180178992692892e-05	1.1639227292316232
50	4	4.349900563589282e-05	1.0	2.1519990576793726e-05	43.090312693307936	0.017334718321749626	0.0016770249785532285	0.2928947587793941	4.349900563589282e-05	1.0464110845612684
51	4	4.551415508142104e-05	1.0	1.3890484591535401e-05	43.40817317647952	0.01802787495095129	0.001944126557476952	0.3094819104962311	4.551415508142104e-05	1.1138562432075343
52	4	4.8004022031583456e-05	1.0	3.283224392172094e-05	48.493025542642926	0.018810654121495612	0.0022344638979494872	0.3228734286900933	4.8004022031583456e-05	1.1310418366301858
53	4	5.07537241500701e-05	1.0	2.6341154484857894e-05	50.890219248607636	0.019632811991165303	0.002539582964452836	0.33435664732502657	5.07537241500701e-05	1.201889512322163
54	4	4.261845418859363e-05	1.0	2.544863271419035e-05	58.525392365945244	0.0200918003438978	0.002941600680985821	0.3740194421326076	4.261845418859363e-05	1.050616731641968
55	4	4.480231980292518e-05	1.0	2.6457987897231563e-05	60.54961056166886	0.02108443311327524	0.003383452534890054	0.39101258195467503	4.480231980292518e-05	1.045153793003597
56	4	4.7943091949080015e-05	1.0	2.949222703744516e-05	69.18507728916929	0.022230431990290064	0.0038632724198912273	0.40324560211401983	4.7943091949080015e-05	1.1430221305711463
57	4	5.1715395664210104e-05	1.0	2.569117897142857e-05	74.87752818955205	0.02347443147531256	0.004360392817414354	0.41133547553259936	5.1715395664210104e-05	1.1099914732332214
58	4	5.6227493890765235e-05	1.0	3.083450442093653e-05	83.98427303307764	0.024878924656616102	0.004917461258266644	0.4182857574944168	5.6227493890765235e-05	1.1451100017438618
59	4	4.518512591178121e-05	1.0	3.465606334706359e-05	88.75471405090082	0.02566887317807252	0.005574739003134212	0.4549351870254493	4.518512591178121e-05	1.1877401424290879
60	4	4.82434690747093e-05	1.0	2.3415998398766786e-05	83.69839447597377	0.027054257140223456	0.0062236936366494655	0.46615619632214295	4.82434690747093e-05	1.181542389767496
