1	4	0.0	1.0	0.0	0.0	0.015	0.0		0.0	
2	4	0.0	1.0	0.0	0.0	0.015	0.0		0.0	
3	4	0.0	1.0	0.0	0.0	0.014552750241652503	0.0		0.0	
4	4	0.0	1.0	0.0	0.0	0.013791431040067982	0.0		0.0	
5	4	0.0	1.0	0.0	0.0	0.01271309866873642	0.0		0.0	
6	4	0.0	1.0	0.0	0.0	0.011314922877436092	0.0		0.0	
7	4	2.500826149469408e-05	1.0	0.0	0.0	0.010075555122184271	0.0	0.0	2.500826149469408e-05	
8	4	2.577330634968654e-05	1.0	1.7221010927937063e-05	6.973488131265743	0.010140978474230455	0.0	0.0	2.577330634968654e-05	1.4625014703040886
9	4	2.7114250968444955e-05	1.0	2.4130118118333336e-05	9.206042851306467	0.010247256647114924	0.0	0.0	2.7114250968444955e-05	1.3093594836770033
10	4	2.770760366995875e-05	1.0	1.3682899646175375e-05	5.95449492204494	0.010292763005276165	0.0	0.0	2.770760366995875e-05	0.9176496508683232
11	4	2.9214876722884448e-05	1.0	2.463541960680431e-05	9.682936095070207	0.01040689992571142	0.0	0.0	2.9214876722884448e-05	1.0585490122163863
12	4	3.067171269070948e-05	1.0	2.3412448589120537e-05	9.511839049345467	0.010517155191535349	0.0	0.0	3.067171269070948e-05	1.3477304436406612
13	4	3.200760331557143e-05	1.0	2.15968027644554e-05	9.100706911424568	0.010619116400520831	0.0	0.0	3.200760331557143e-05	1.0779998830439668
14	4	3.342224770921318e-05	1.0	2.247892558920377e-05	9.557854621643088	0.010728885263594924	0.0	0.0	3.342224770921318e-05	0.993824476938168
15	4	3.58228555931284e-05	1.0	3.446365707831563e-05	13.289817034628726	0.01090694492246576	0.0	0.0	3.58228555931284e-05	1.1724035958229335
16	4	3.763864340891565e-05	1.0	2.5172336278654146e-05	10.856724349997103	0.011038909033684442	0.0	0.0	3.763864340891565e-05	1.2686241177740052
17	4	4.003687224774874e-05	1.0	3.159688425442638e-05	13.142474607032273	0.011212292035903536	0.0	0.0	4.003687224774874e-05	1.2642667035485184
18	4	4.2850380017232314e-05	1.0	3.6529911109330406e-05	14.896629753380886	0.011417006879764787	0.0	0.0	4.2850380017232314e-05	0.9759780505276934
19	4	4.585603886257243e-05	1.0	3.928841839556853e-05	15.931764141920773	0.011639565651174359	0.0	0.0	4.585603886257243e-05	1.2956011145059283
20	4	4.894228452801634e-05	1.0	4.176782769644173e-05	16.7107729400253	0.011875121656749976	0.0	0.0	4.894228452801634e-05	1.382767499690139
21	4	5.166295324813888e-05	1.0	3.691607862451076e-05	15.829746195010333	0.012092908584930262	0.0	0.0	5.166295324813888e-05	1.1757240056055602
22	4	5.409367918064186e-05	1.0	3.281854524029445e-05	14.69347512933358	0.012288320393830827	0.0	0.0	5.409367918064186e-05	1.1046740668302846
23	4	5.6826405168793496e-05	1.0	3.628712164127954e-05	16.371069171555988	0.01251351009213057	0.0	0.0	5.6826405168793496e-05	1.1149649137327584
24	4	6.097268352449098e-05	1.0	5.5027961698368835e-05	22.424083506309447	0.012849166222897472	0.0	0.0	6.097268352449098e-05	1.2437640968399564
25	4	6.489245611475255e-05	1.0	4.9487759535950175e-05	21.538019570980648	0.01316632953704714	0.0	0.0	6.489245611475255e-05	1.1237843227734363
26	4	6.827120606616428e-05	1.0	4.440157676227916e-05	19.50279454815131	0.01344387521595068	0.0	0.0	6.827120606616428e-05	1.122700714843691
27	4	7.21931733679195e-05	1.0	5.014212709852998e-05	22.585873171885442	0.013776660598973957	0.0	0.0	7.21931733679195e-05	1.1990173296021769
28	4	7.715031433082379e-05	1.0	6.85605353899074e-05	27.15933221224331	0.014191886165677969	0.0	0.0	7.715031433082379e-05	1.231921928172748
29	4	8.292782651188587e-05	1.0	7.928572393321559e-05	31.37467822397871	0.014682413110061862	0.0	0.0	8.292782651188587e-05	1.2248742966568114
30	4	8.826311272706707e-05	1.0	6.885279674481995e-05	30.14331576766127	0.015147088984781076	0.0	0.0	8.826311272706707e-05	1.1555740556988134
31	4	9.355332254326253e-05	1.0	6.427129043237202e-05	29.90930906126191	0.015604511974727134	0.0	0.0	9.355332254326253e-05	1.019358599247284
32	4	9.9701446744613e-05	1.0	7.51855553481851e-05	34.411860184815595	0.016142279255314522	0.0	0.0	9.9701446744613e-05	1.250681750980667
33	4	0.00010728987908215258	1.0	0.00010565165566336951	42.5673610675271	0.016827406511450423	0.0	0.0	0.00010728987908215258	1.1706925391748586
34	4	0.00011326705365540271	1.0	8.638330477983854e-05	39.73345541382787	0.017455834986988564	0.0	0.0	0.00011326705365540271	1.2926856880097608
35	4	0.00011946176206080381	1.0	0.00010513001975552494	46.17661748827894	0.018199401059547385	0.0	0.0	0.00011946176206080381	1.2501583693332206
36	4	0.00012352058705759265	1.0	7.043606063924261e-05	36.15407738060802	0.018753024029990868	0.0	0.0	0.00012352058705759265	1.2919720924045854
37	4	0.000128902710528195	1.0	9.388994238911497e-05	47.761177187610656	0.01951770712997316	0.0	0.0	0.000128902710528195	1.1264189299258554
38	4	0.00013417116973407476	1.0	0.00010501497026146545	51.93180550056004	0.020354663454287783	5.194096986988634e-05	0.006685040286859804	0.00013417116973407476	1.0414739645752291
39	4	0.00013947499039174087	1.0	9.500568793111236e-05	58.38080853729034	0.021305551615690747	0.00016251417306057577	0.019207132736657646	0.00013947499039174087	1.0676546477638469
40	4	0.0001444780081848884	1.0	9.342252366178436e-05	61.313011735249965	0.0223046486120286	0.0003093941087190318	0.03354956977137308	0.0001444780081848884	1.1820240615264803
41	4	0.00015037963023122213	1.0	0.0001083065472666977	79.41174665818355	0.02363199193335202	0.0005451537891867441	0.05317482698214143	0.00015037963023122213	1.0980709464203096
42	4	0.00015704564360243298	1.0	0.00011413340621661277	90.42360112679545	0.025154518312119813	0.0008581355522367094	0.07496245006299103	0.00015704564360243298	1.1148222902853695
43	4	0.00016426984465409524	1.0	0.00010728168457175428	97.6878682223824	0.02680172694054962	0.0012499987177133124	0.09810674926408634	0.00016426984465409524	1.162095897524461
44	4	0.0001734787636757775	1.0	0.00012711518008792037	123.61463536718365	0.02891779370387825	0.0018436027522160802	0.1281899045080394	0.0001734787636757775	1.1254854324212056
45	4	0.00018296726953965614	1.0	0.0001256666427201117	139.16835448304008	0.031308027301479226	0.0026033864752304198	0.16049946839829096	0.00018296726953965614	1.0747822611559459
46	4	0.00019173747701288916	1.0	0.00011493431617604922	140.11973621596974	0.033700787957643134	0.0033585489189072986	0.1854664689943875	0.00019173747701288916	1.118746188554338
47	4	0.00020085428021069223	1.0	0.00013627500376035064	151.44883819536406	0.03628788360848073	0.004191705015578016	0.2077489013295878	0.00020085428021069223	1.10041181509677
48	4	0.00021246182309936248	1.0	0.0001494607204706055	185.16991602320275	0.03948198770350338	0.005257979553309307	0.23116600515056196	0.00021246182309936248	1.1066343803695886
49	4	0.0002270497838649152	1.0	0.00016773723187019608	228.38700285343452	0.04345480221911477	0.006680862152162255	0.2576924337943233	0.0002270497838649152	1.137940735104534
50	4	0.00024179616753372218	1.0	0.00016175878707839355	237.24221614935013	0.04756626953688217	0.00829764484589808	0.2844018040786739	0.00024179616753372218	1.1019915108983716
51	4	0.00025686070575972137	1.0	0.0001710390464359014	252.22104060680863	0.051928706197584176	0.009924969279875672	0.30348150588410505	0.00025686070575972137	1.1489621898011946
52	4	0.000272885226160155	1.0	0.00019721950201918905	290.24977092531964	0.0569665901642772	0.011793549701454542	0.3203533254141446	0.000272885226160155	1.1432846897323488
53	4	0.0002914137194628608	1.0	0.0002090286576257155	319.1313863098828	0.06250658901707137	0.013849552983492462	0.3348396673434319	0.0002914137194628608	1.1682362445827994
54	4	0.00031203219648749154	1.0	0.0002084244654901852	346.73982774698266	0.06852200583030461	0.016164135940251227	0.3492257494909283	0.00031203219648749154	1.1385143425605535
55	4	0.00033730715075478617	1.0	0.0002321391878153065	421.11987494463744	0.07587438118602538	0.019209360255032008	0.3677896568274897	0.00033730715075478617	1.1170937353760888
56	4	0.0003656354599163332	1.0	0.0002719489381027217	464.4799111221278	0.08398191215771704	0.02245572957300561	0.38152588106944696	0.0003656354599163332	1.1616810409320302
57	4	0.0003939037426944814	1.0	0.0002549262304675209	493.22232262884836	0.0925696461670596	0.02583506802671321	0.3918941074024453	0.0003939037426944814	1.1716705065455444
58	4	0.0004217485189464493	1.0	0.00028491041932794924	500.4549068436978	0.1012369659852874	0.02927281368598872	0.4006941206005528	0.0004217485189464493	1.162001843044467
59	4	0.00045574570321972385	1.0	0.00029644647780572615	590.3898243060855	0.11151205669001862	0.03347253631566408	0.4108926309983752	0.00045574570321972385	1.1483625170814098
60	4	0.0004931469457888998	1.0	0.0003419001927807981	646.3880764096789	0.12275749721484328	0.03840913601272015	0.4243354018661304	0.0004931469457888998	1.1617038609676589
