1	4	0.0	1.0	0.0	0.0	0.015	0.0		0.0	
2	4	0.0	1.0	0.0	0.0	0.015	0.0		0.0	
3	4	0.0	1.0	0.0	0.0	0.014552750241652503	0.0		0.0	
4	4	0.0	1.0	0.0	0.0	0.013791431040067982	0.0		0.0	
5	4	0.0	1.0	0.0	0.0	0.01271309866873642	0.0		0.0	
6	4	0.0	1.0	0.0	0.0	0.011314922877436092	0.0		0.0	
7	4	2.500826149469408e-05	1.0	0.0	0.0	0.010075555122184271	0.0	0.0	2.500826149469408e-05	
8	4	2.775886101807291e-05	1.0	1.8919486395682133e-05	16.159501713290936	0.010310774586483324	0.0	0.0	2.775886101807291e-05	1.2855364398002709
9	4	3.0909266140833985e-05	1.0	1.9465565900313674e-05	17.022484806809267	0.010560463720254506	0.0	0.0	3.0909266140833985e-05	1.2841029757400175
10	4	3.4259980984410496e-05	1.0	1.9460345114780334e-05	17.501938122026427	0.01081744212345206	0.0	0.0	3.4259980984410496e-05	1.945630023757664
11	4	4.059936606640861e-05	1.0	3.868054364762585e-05	29.657449097868533	0.011297486458689134	0.0	0.0	4.059936606640861e-05	1.0952297682968977
12	4	4.707234434220998e-05	1.0	3.538536105939816e-05	30.35336614609373	0.011787369984517015	0.0	0.0	4.707234434220998e-05	1.2684382306628634
13	4	5.432232318178504e-05	1.0	3.874449083520981e-05	33.95394858616938	0.012340721130071031	0.0	0.0	5.432232318178504e-05	1.2571119409069942
14	4	6.313321690000583e-05	1.0	4.721185921421383e-05	41.19328519857113	0.013024399509219013	0.0	0.0	6.313321690000583e-05	1.2470819069407717
15	4	7.390012836784879e-05	1.0	5.395463601563615e-05	47.64420515611985	0.013823010809257684	0.0	0.0	7.390012836784879e-05	1.1691221063621355
16	4	8.464719781848638e-05	1.0	5.054317496143397e-05	46.9665168003715	0.014604064331000787	0.0	0.0	8.464719781848638e-05	1.1065058212614756
17	4	9.841264778139102e-05	1.0	6.476359392253304e-05	58.817601367535936	0.015599255032913291	0.0	0.0	9.841264778139102e-05	1.2688424487185082
18	4	0.00011829774000812288	1.0	9.61215260844066e-05	83.59263690862099	0.017046122745352266	0.0	0.0	0.00011829774000812288	1.217357777922792
19	4	0.00014274837009271867	1.0	0.00012282800534625326	103.7575993452409	0.01885660838987385	0.0	0.0	0.00014274837009271867	1.123328877394007
20	4	0.00017018803034470997	1.0	0.00013491553269681666	119.7300198469388	0.02095092538987243	0.0	0.0	0.00017018803034470997	1.1357994170365229
21	4	0.00020043810889120228	1.0	0.0001544804893667949	138.14396497187826	0.023372415237249432	0.0	0.0	0.00020043810889120228	1.1583658544830595
22	4	0.0002359211390423941	1.0	0.00017579708821447934	162.2905489011651	0.02622497998525367	0.0	0.0	0.0002359211390423941	1.1577867454140771
23	4	0.00027687324861983215	1.0	0.00021535035176038566	191.50772933933456	0.0295996297820007	0.0	0.0	0.00027687324861983215	1.227954037941145
24	4	0.00032883926950964316	1.0	0.00025734695642143883	237.67941140367915	0.033806465890641985	0.0	0.0	0.00032883926950964316	1.1423431978090073
25	4	0.0003892802641903296	1.0	0.0002939098817578728	276.0998805247321	0.03869697056712619	0.0	0.0	0.0003892802641903296	1.1346887830454082
26	4	0.0004575710240250449	1.0	0.0003306816826186135	316.675879744065	0.044306679948918536	0.0	0.0	0.0004575710240250449	1.1378699946018955
27	4	0.0005366419646201781	1.0	0.00039833548391081337	378.0759558149435	0.05101597944771493	0.0	0.0	0.0005366419646201781	1.208129723927668
28	4	0.0006367344948130388	1.0	0.0005070342795196839	470.9677860277436	0.05940004152768835	0.0	0.0	0.0006367344948130388	1.1682652319695521
29	4	0.0007482943674278395	1.0	0.0005511910933796237	532.6692791376139	0.06887178675549939	0.0	0.0	0.0007482943674278395	1.2165623093703668
30	4	0.0008778527744673363	1.0	0.0006505786469838404	633.9338674249692	0.08015565489119636	0.0	0.0	0.0008778527744673363	1.141219112086605
31	4	0.0010318471971839493	1.0	0.0007611196147477446	747.6793088093004	0.0934709281452747	0.0	0.0	0.0010318471971839493	1.2158997095074329
32	4	0.0012012644050795062	1.0	0.0008259637651221532	833.5517939527604	0.10828959936774107	0.0	0.0	0.0012012644050795062	1.177978276937342
33	4	0.0014012005222259903	1.0	0.0010244441531480086	1013.4929009295855	0.12634098037108696	0.0	0.0	0.0014012005222259903	1.2171486581516842
34	4	0.0016079362684965975	1.0	0.0012210246597598778	1218.9730299340304	0.14807677347465567	0.0	0.0	0.0016079362684965975	1.1899563786950829
35	4	0.0018216750497155481	1.0	0.001447678799325503	1438.4433633461724	0.17373236461852873	0.0	0.0	0.0018216750497155481	1.1803333329679433
36	4	0.002023157894833	1.0	0.0014985259379024151	1546.0088231005875	0.20121458700938785	0.0	0.0	0.002023157894833	1.183399168995602
37	4	0.002245597912782906	1.0	0.0016874605484363875	1778.359765166352	0.2328184926825166	0.0	0.0	0.002245597912782906	1.1339981053115578
38	4	0.0024663891904910377	1.0	0.0018646559589933836	1976.9333618944463	0.2678937678265461	0.00217674896109532	0.013042725503706613	0.0024663891904910377	1.1851277428199196
39	4	0.0026906859911943358	1.0	0.0021185745856487355	2266.8264177436968	0.3081065099600968	0.006852852721002774	0.034939825804258105	0.0026906859911943358	1.1596111424371565
40	4	0.002911636672306284	1.0	0.002260583781647964	2492.110678311069	0.3522301111473857	0.013339581964673507	0.058064996860751686	0.002911636672306284	1.1775278343376308
41	4	0.0031205552851258376	1.0	0.002301531855852911	2662.126110680217	0.3992183329021925	0.02168552228674036	0.0814628981219261	0.0031205552851258376	1.1789472205203877
42	4	0.003360859853148224	1.0	0.002704789243590236	3105.406810413861	0.4541042179699606	0.03296827003720658	0.1065914110622049	0.003360859853148224	1.1888720872072869
43	4	0.0036247431079092242	1.0	0.0028588855053302024	3409.9152225620173	0.5142729163536307	0.04728211966395813	0.13260986124955873	0.0036247431079092242	1.1870047809886164
44	4	0.00390498644590149	1.0	0.0030220703960604106	3659.097604708406	0.5786684889255539	0.06534651741607803	0.160763207172334	0.00390498644590149	1.1756681823871205
45	4	0.004199207156093097	1.0	0.0033988689921395448	4206.958218574457	0.6527851345490968	0.08890598081150082	0.19181768394522444	0.004199207156093097	1.1767514820922518
46	4	0.004487572747153303	1.0	0.003576806217501936	4478.789222765282	0.7314594239528754	0.11373582264614092	0.2164030603758046	0.004487572747153303	1.1622607825672795
47	4	0.004789229235316449	1.0	0.003814043662194953	4880.380609182353	0.8170611608382208	0.14130326451808625	0.2378826310813147	0.004789229235316449	1.1452551514579257
48	4	0.005114674943380896	1.0	0.0039030824374809594	5123.400819659973	0.9066156409556988	0.17119886561569314	0.2570462986542573	0.005114674943380896	1.1694464815979022
49	4	0.0054759633659995175	1.0	0.004366750258391459	5632.0109123375705	1.005007178523508	0.20643826733693788	0.27717789094988177	0.0054759633659995175	1.1612847890840423
50	4	0.005852778464830253	1.0	0.004580265266350383	6026.340368529246	1.1100677139387782	0.2477519985005036	0.2992769721233768	0.005852778464830253	1.1587774026649018
51	4	0.0062472212695124495	1.0	0.005107725638242031	6557.893900753918	1.2242917097812795	0.2903610983770724	0.3155383369493105	0.0062472212695124495	1.1762803688576382
52	4	0.006629393242676787	1.0	0.005266454845063041	6917.396163704801	1.3444412061788098	0.33492524437870386	0.3289254670561656	0.006629393242676787	1.1596990657915605
53	4	0.007058530617819898	1.0	0.005567177707386293	7399.918666518208	1.472752803195539	0.3825442189669145	0.3404732675161621	0.007058530617819898	1.1460052956118705
54	4	0.007523326396205526	1.0	0.005979256095936175	7838.152214593	1.6083564337003868	0.4347211273651265	0.35212528240932206	0.007523326396205526	1.1709168171796172
55	4	0.008022251235327798	1.0	0.00634992652186599	8400.024492848941	1.7534915208987933	0.4948335230306343	0.36603113896062495	0.008022251235327798	1.1484021446540704
56	4	0.008569572986475765	1.0	0.006810082097675872	9072.065909680476	1.9101344050048463	0.5575555347770391	0.3767379609233194	0.008569572986475765	1.1691961050903898
57	4	0.009125038184371444	1.0	0.0072288188343011895	9780.289519865786	2.0788813857964192	0.6239587513316789	0.38544540168158337	0.009125038184371444	1.1606471446236408
58	4	0.009700404328703716	1.0	0.0076591691241726795	10397.677442619646	2.257977182450772	0.6949940667988863	0.3935049658541661	0.009700404328703716	1.1599138720140738
59	4	0.01032647180087905	1.0	0.008093250006650557	11006.365952401247	2.4471957957387067	0.7723331108051084	0.4020487352806361	0.01032647180087905	1.1649968299878166
60	4	0.010995945775584487	1.0	0.008483043018767398	11723.971455709172	2.6484866954071733	0.8606971541816113	0.4131926942668547	0.010995945775584487	1.1500054392281998
