1	4	0.0	1.0	0.0	0.0	0.015	0.0		0.0	
2	4	0.0	1.0	0.0	0.0	0.015	0.0		0.0	
3	4	0.0	1.0	0.0	0.0	0.014552750241652503	0.0		0.0	
4	4	0.0	1.0	0.0	0.0	0.013791431040067982	0.0		0.0	
5	4	0.0	1.0	0.0	0.0	0.01271309866873642	0.0		0.0	
6	4	0.0	1.0	0.0	0.0	0.011314922877436092	0.0		0.0	
7	4	2.500826149469408e-05	1.0	0.0	0.0	0.010075555122184271	0.0	0.0	2.500826149469408e-05	
8	4	2.5769395586690314e-05	1.0	1.4018539500482693e-05	6.95539529173259	0.010140644042565957	0.0	0.0	2.5769395586690314e-05	1.2357143070886458
9	4	2.591980345236493e-05	1.0	7.517212782967474e-06	4.101168193718446	0.010152564798224122	0.0	0.0	2.591980345236493e-05	1.5516483539244934
10	4	2.648017460926037e-05	1.0	1.0983915743511133e-05	5.7853757701187325	0.01019554168280534	0.0	0.0	2.648017460926037e-05	1.540180094065967
11	4	2.891051320453559e-05	1.0	3.881292273722681e-05	13.43131733112998	0.010379576926015738	0.0	0.0	2.891051320453559e-05	1.4339118730306366
12	4	2.992930220235451e-05	1.0	1.4747789948064873e-05	7.708996252007041	0.010456680219903184	0.0	0.0	2.992930220235451e-05	1.1544000464241828
13	4	3.240411520875097e-05	1.0	3.014196686941215e-05	13.782906319135337	0.010645569131501956	0.0	0.0	3.240411520875097e-05	1.2435842105134323
14	4	3.4436994051446666e-05	1.0	2.460199047191822e-05	12.162151776385615	0.010803309691838564	0.0	0.0	3.4436994051446666e-05	1.332605561205626
15	4	3.774558329020512e-05	1.0	4.201214344113325e-05	16.958698390509806	0.01104871681356984	0.0	0.0	3.774558329020512e-05	1.4137331277857048
16	4	4.015636475356715e-05	1.0	2.585774337879123e-05	13.24443351206291	0.011223922655568024	0.0	0.0	4.015636475356715e-05	1.3776887876827468
17	4	4.35000059704976e-05	1.0	3.466901478954084e-05	16.90327439156724	0.011465655447346552	0.0	0.0	4.35000059704976e-05	1.1365604904864437
18	4	4.661100706567111e-05	1.0	3.174299834797641e-05	16.15404034086497	0.011692016330496885	0.0	0.0	4.661100706567111e-05	1.1663208264895772
19	4	4.991282981207651e-05	1.0	3.368127847218913e-05	17.211910690868812	0.011936505027206912	0.0	0.0	4.991282981207651e-05	1.0772504573034016
20	4	5.323672063201648e-05	1.0	3.4397064053362437e-05	17.793257114669462	0.012190199168694484	0.0	0.0	5.323672063201648e-05	1.1335645651143038
21	4	5.7030478724513625e-05	1.0	4.0929867952432956e-05	20.584334760300678	0.012493885874508056	0.0	0.0	5.7030478724513625e-05	1.3209854887773491
22	4	6.267265538868748e-05	1.0	6.783832001281278e-05	28.7975358759986	0.012947473806137791	0.0	0.0	6.267265538868748e-05	1.3127409638109162
23	4	6.813243632111867e-05	1.0	6.27681768984697e-05	28.75326821964307	0.013397385881584649	0.0	0.0	6.813243632111867e-05	1.1761810904391476
24	4	7.315602094683352e-05	1.0	5.106537806032183e-05	26.56759592531177	0.013804063107133313	0.0	0.0	7.315602094683352e-05	1.6771703354804108
25	4	7.908277167807093e-05	1.0	6.193002938622518e-05	30.648929594751056	0.014283618453973669	0.0	0.0	7.908277167807093e-05	1.1280778725675036
26	4	8.42803546341722e-05	1.0	5.112090861502719e-05	27.96656484436941	0.014710571235609928	0.0	0.0	8.42803546341722e-05	1.144147640861229
27	4	9.106586287220024e-05	1.0	6.815297337479736e-05	36.16267650394096	0.015286332781859731	0.0	0.0	9.106586287220024e-05	1.2121264788152044
28	4	9.833388644202182e-05	1.0	7.014916945214792e-05	38.14588610409457	0.015895125073259322	0.0	0.0	9.833388644202182e-05	1.2111118702690984
29	4	0.00010713100124416908	1.0	9.717030303295832e-05	45.82502575013928	0.01664202472626851	0.0	0.0	0.00010713100124416908	1.4070869289767205
30	4	0.00011557789931165212	1.0	8.335683976970152e-05	45.472671394886596	0.017377705923090382	0.0	0.0	0.00011557789931165212	1.2941025052769748
31	4	0.00012578706388023463	1.0	0.00010346001845664252	53.67960784636141	0.018260450983128628	0.0	0.0	0.00012578706388023463	1.2929536006033004
32	4	0.0001357593573873711	1.0	9.813796312844444e-05	53.41332185158304	0.01913271266570395	0.0	0.0	0.0001357593573873711	1.2901746404518042
33	4	0.0001460812258610173	1.0	0.00010046734041144016	56.93801516879938	0.02006463023589313	0.0	0.0	0.0001460812258610173	1.2200088404512672
34	4	0.00015615570354666515	1.0	0.00011721939233386367	64.1422459749888	0.02112384116845789	0.0	0.0	0.00015615570354666515	1.270956813292692
35	4	0.0001660314348046487	1.0	0.00012863214969699688	71.33056829787861	0.02230924945962826	0.0	0.0	0.0001660314348046487	1.215442052529632
36	4	0.00017529071638885154	1.0	0.00013448376470424951	75.93039179004491	0.02357221373595815	0.0	0.0	0.00017529071638885154	1.2808977805021151
37	4	0.00018554876787261592	1.0	0.00014789463764965568	86.88240457391527	0.025029660532046773	0.0	0.0	0.00018554876787261592	1.192724276648378
38	4	0.00019691296640924	1.0	0.00017552852780027483	106.20003177494291	0.02683499629802928	0.00011203797366931177	0.009384121287148564	0.00019691296640924	1.0540907108688833
39	4	0.0002079643683277164	1.0	0.00015888628490907993	116.33696921327915	0.028816331627683794	0.0003424358299971671	0.025593571747074502	0.0002079643683277164	1.2058979264058338
40	4	0.00021901329766975224	1.0	0.00016778284877487393	129.19150332407872	0.03102279032417232	0.0006668132553734745	0.044276847374976926	0.00021901329766975224	1.1384795486332209
41	4	0.00023080033739706626	1.0	0.0001717815503819325	153.99561094199174	0.033673832416903984	0.0011376852797007721	0.06646341177820181	0.00023080033739706626	1.0517701102213841
42	4	0.00024321629582741368	1.0	0.00015957452868476182	164.89578520073712	0.036509653945484964	0.0017206376896476113	0.08894915843944208	0.00024321629582741368	1.1535441945591207
43	4	0.00025931434982490485	1.0	0.00018652404934424687	211.02181540151813	0.04018021256587315	0.00259384627733201	0.11669897973625075	0.00025931434982490485	1.1309994594537924
44	4	0.00027659768655245124	1.0	0.00018036285315456766	228.5507654784693	0.04415165528596526	0.0037079247470183678	0.1465241506529374	0.00027659768655245124	1.1901391548145948
45	4	0.00029745582944419455	1.0	0.00024376604411577158	299.3094220957111	0.04940599507756524	0.005378122108837336	0.18325425708972468	0.00029745582944419455	1.1107516729600435
46	4	0.00031600955920008323	1.0	0.00020720110379267369	290.69367470754014	0.05446797733060569	0.006975698898729674	0.20921480347870716	0.00031600955920008323	1.1118252459811644
47	4	0.00033778620366569414	1.0	0.00025663300634329967	352.882754073945	0.06064758447627649	0.008965798246922948	0.2342023885535905	0.00033778620366569414	1.1456139934611935
48	4	0.00036359074121180917	1.0	0.00025044454411742663	404.8235803428099	0.06774834471784852	0.011336215621836095	0.2576842043430141	0.00036359074121180917	1.1463259447959642
49	4	0.0003923824542959556	1.0	0.0002626707198978836	447.2906664643256	0.07558934028318595	0.014144505841215953	0.28137402000924555	0.0003923824542959556	1.1396257570929864
50	4	0.0004258976203127369	1.0	0.00030505987974676317	531.299169908322	0.08493376755582129	0.017819084070740537	0.3090583292168225	0.0004258976203127369	1.143932865632716
51	4	0.0004600482364430366	1.0	0.00033134273061876735	563.9695656692097	0.0948232110659624	0.021508153807263425	0.3276000589658628	0.0004600482364430366	1.156425090246795
52	4	0.0004952784044435776	1.0	0.0003506152484076389	631.5261596096085	0.10589908067570276	0.025616258170434517	0.3429646126510227	0.0004952784044435776	1.129589043184091
53	4	0.0005368536683419184	1.0	0.0004383281625316573	708.6117760087677	0.11833003825754712	0.03022963269744465	0.35608377521375023	0.0005368536683419184	1.155648420593166
54	4	0.0005852535351183683	1.0	0.0004262325945217627	804.2590086165869	0.13245064338359527	0.03566289077059629	0.3697434289891128	0.0005852535351183683	1.1746223075549385
55	4	0.0006389472416879745	1.0	0.00045612228067115764	890.1498076800191	0.14806991140539766	0.04213211635523155	0.38625149375518175	0.0006389472416879745	1.1730197540157177
56	4	0.0006978688807600588	1.0	0.0004887146538886237	962.7762541055106	0.16493321979968073	0.04888442197846922	0.3978663440595088	0.0006978688807600588	1.148647401934482
57	4	0.0007587226710100512	1.0	0.000565308023615832	1056.3667433158662	0.18342023467174184	0.05615920251818498	0.4067226492603723	0.0007587226710100512	1.1770501030985834
58	4	0.0008229426328541418	1.0	0.0006031977767487595	1143.9754498177354	0.2034101582028308	0.06408786723685943	0.4147396049457599	0.0008229426328541418	1.1497097433240384
59	4	0.0008977595040872508	1.0	0.000651058485313991	1292.6529044282947	0.2260223290221865	0.0733301063785933	0.4238042924763608	0.0008977595040872508	1.1565446833101614
60	4	0.000981105803935426	1.0	0.0007038307583278487	1432.7746144978296	0.25108208087864753	0.08433100608988624	0.4364907321960777	0.000981105803935426	1.1990417054867777
