1	4	0.0	1.0	0.0	0.0	0.015	0.0		0.0	
2	4	0.0	1.0	0.0	0.0	0.015	0.0		0.0	
3	4	0.0	1.0	0.0	0.0	0.014552750241652503	0.0		0.0	
4	4	0.0	1.0	0.0	0.0	0.013791431040067982	0.0		0.0	
5	4	0.0	1.0	0.0	0.0	0.01271309866873642	0.0		0.0	
6	4	0.0	1.0	0.0	0.0	0.011314922877436092	0.0		0.0	
7	4	2.500826149469408e-05	1.0	0.0	0.0	0.010075555122184271	0.0	0.0	2.500826149469408e-05	
8	4	2.8164602782625836e-05	1.0	1.6321645693643208e-05	18.03663429458972	0.01034547188054257	0.0	0.0	2.8164602782625836e-05	1.1765850501268391
9	4	3.3375563529848136e-05	1.0	2.45083321096462e-05	25.869521657158604	0.0107584728199104	0.0	0.0	3.3375563529848136e-05	1.0348738908377946
10	4	4.09048809274415e-05	1.0	3.408251168830673e-05	34.907049200464584	0.011335923319976193	0.0	0.0	4.09048809274415e-05	1.3042964861069852
11	4	4.932106866527338e-05	1.0	3.573938876878431e-05	38.34218947297278	0.011973231701716665	0.0	0.0	4.932106866527338e-05	1.1864706766425943
12	4	6.0480229129778793e-05	1.0	4.69594730505094e-05	49.770686798110255	0.01281777167090948	0.0	0.0	6.0480229129778793e-05	1.1695337070435077
13	4	7.570089254254988e-05	1.0	6.941750986741255e-05	67.21750310435463	0.013979481480264264	0.0	0.0	7.570089254254988e-05	1.1575050598957528
14	4	9.454746885667388e-05	1.0	8.44281439846582e-05	83.88053466372102	0.01544187532576975	0.0	0.0	9.454746885667388e-05	1.1351914771613827
15	4	0.0001162971314912748	1.0	8.374757029896622e-05	92.53934906571327	0.017055107347217855	0.0	0.0	0.0001162971314912748	1.1899653323241224
16	4	0.00014182524950813463	1.0	9.405836073472509e-05	106.1840652655436	0.018910387670111745	0.0	0.0	0.00014182524950813463	1.3694352944308252
17	4	0.00017439674825528215	1.0	0.0001176178862992998	133.8404337156623	0.021265185572677092	0.0	0.0	0.00017439674825528215	1.1807738385192117
18	4	0.0002103759661127965	1.0	0.00012587324649368132	148.87687591561237	0.02388308485336858	0.0	0.0	0.0002103759661127965	1.271504621760559
19	4	0.00025721136257030286	1.0	0.00016760713316487082	195.75986907225376	0.027351085990697712	0.0	0.0	0.00025721136257030286	1.0911482892337572
20	4	0.0003218495176214968	1.0	0.0002452702074150622	276.2242092924373	0.03228455767835959	0.0	0.0	0.0003218495176214968	1.2274930492499363
21	4	0.00038994798905123503	1.0	0.00025943509161220613	305.9158741775426	0.03773577516645845	0.0	0.0	0.00038994798905123503	1.3301295729994496
22	4	0.0004783746042666593	1.0	0.0003401910425173847	397.4508067067795	0.04484459998423922	0.0	0.0	0.0004783746042666593	1.195872522033818
23	4	0.0005844991067878017	1.0	0.0004174632373613805	488.4002458187873	0.05358976682810215	0.0	0.0	0.0005844991067878017	1.241814485422571
24	4	0.0007123326573762138	1.0	0.000483943918361489	578.1262248944057	0.06393835206327828	0.0	0.0	0.0007123326573762138	1.189677550453933
25	4	0.0008805074713180168	1.0	0.0006459408025640687	757.9694290515857	0.07754599896575494	0.0	0.0	0.0008805074713180168	1.1252618072083789
26	4	0.0010679778594810986	1.0	0.000700531950586858	859.5556483367723	0.09294565768725724	0.0	0.0	0.0010679778594810986	1.1526402959903583
27	4	0.0013102942814536345	1.0	0.0009560007500819725	1144.0313899822686	0.11350660506253778	0.0	0.0	0.0013102942814536345	1.158723830364336
28	4	0.0016105746474267702	1.0	0.0011522528648869109	1399.43899803651	0.13865902377815026	0.0	0.0	0.0016105746474267702	1.20751967059256
29	4	0.0019695230598617123	1.0	0.0013799622923842125	1696.0039426068563	0.16913474800428158	0.0	0.0	0.0019695230598617123	1.147201240811502
30	4	0.002390030475944643	1.0	0.0016336808680689821	2039.0156512233884	0.2057587721921979	0.0	0.0	0.002390030475944643	1.1796627312892078
31	4	0.002914316674563253	1.0	0.0020170037502505954	2522.650792234394	0.25109167370120605	0.0	0.0	0.002914316674563253	1.1616061214406597
32	4	0.0035633830462636924	1.0	0.0025267163314237327	3157.0069467457693	0.3078645439619266	0.0	0.0	0.0035633830462636924	1.1565426841830655
33	4	0.004237862311225515	1.0	0.0032656558646102056	4029.7878375543855	0.3854061141502049	0.0	0.0	0.004237862311225515	1.1756229514262868
34	4	0.0049626820513895215	1.0	0.003745245913718668	4709.738953424374	0.4736430543646463	0.0	0.0	0.0049626820513895215	1.183538183827099
35	4	0.005688071430637912	1.0	0.004432718718404225	5566.104019472239	0.5790429797260364	0.0	0.0	0.005688071430637912	1.1661981253331006
36	4	0.006377518131228678	1.0	0.0049557951860508456	6313.733135027393	0.7002490010660509	0.0	0.0	0.006377518131228678	1.1816290949378698
37	4	0.007095975524123855	1.0	0.005433822876899655	6969.3170119224205	0.8342311630962245	0.0	0.0	0.007095975524123855	1.149236030763345
38	4	0.0078075246896579156	1.0	0.006196330171527058	8027.173851297592	0.9902438203046064	0.007015059303619688	0.0131205275082973	0.0078075246896579156	1.163516647037879
39	4	0.008474511869035813	1.0	0.006975492380045123	9054.373692614105	1.1691728996778048	0.020920301141753514	0.033654962206981234	0.008474511869035813	1.1677902207444455
40	4	0.00917813514653	1.0	0.007772278888423931	10074.752390285115	1.3644644953744671	0.04157746167947757	0.05706339783671839	0.00917813514653	1.1814030335760042
41	4	0.009860446571468387	1.0	0.00843390681275319	11056.332486127114	1.5783693612389027	0.06883463305711181	0.08120036392335472	0.009860446571468387	1.151811254460487
42	4	0.010578019454173459	1.0	0.00864303114499132	11795.474461123884	1.8053947896947544	0.10252601851334668	0.10500434821029084	0.010578019454173459	1.1648221930749882
43	4	0.011314438849741018	1.0	0.009671409354457386	13081.455615492576	2.062612492004056	0.14247170017444452	0.12855301996852572	0.011314438849741018	1.1487921857350778
44	4	0.012028151905185672	1.0	0.010300685202475264	14119.941085129009	2.346614347879692	0.18847742008486326	0.1525611387900876	0.012028151905185672	1.1550336675621955
45	4	0.01267576385884587	1.0	0.010659357198861236	15093.944708580648	2.6541488765630032	0.2403343750448304	0.17659710967423164	0.01267576385884587	1.1472832864679958
46	4	0.013343371627151998	1.0	0.011304480025989092	15990.89343786791	2.974456090844893	0.2978190258094122	0.19793274217636053	0.013343371627151998	1.1561569514775891
47	4	0.014031368669684859	1.0	0.011959269297127071	16971.992805413192	3.3121765162763963	0.3606929211914912	0.21719091831296392	0.014031368669684859	1.1537815922745291
48	4	0.014771726346196218	1.0	0.012419220613681359	18043.688547574442	3.67151664167786	0.4287025375977759	0.2349627529820453	0.014771726346196218	1.158117185894164
49	4	0.015518886327895791	1.0	0.013301704682992271	19203.60563183161	4.058358576211459	0.5015791345125423	0.252374475537768	0.015518886327895791	1.154813382267737
50	4	0.016225380398500033	1.0	0.014023850698610623	20349.734856194755	4.474768894438213	0.5790386264282525	0.27018119217571945	0.016225380398500033	1.1461355437985639
51	4	0.016982093805900548	1.0	0.014654626887355691	21399.69489920635	4.905662833491951	0.6607814717055173	0.28477517827609805	0.016982093805900548	1.1597588981384253
52	4	0.01771713275244639	1.0	0.01511089030814921	22424.213139288382	5.354608820380981	0.7464925788270981	0.2975367744485165	0.01771713275244639	1.147421431896911
53	4	0.01852233375014812	1.0	0.01566317580094341	23620.182619028306	5.826951511315798	0.8358412304917856	0.30882352475621994	0.01852233375014812	1.1400173596545722
54	4	0.019347575934335233	1.0	0.016282998290068733	24918.464097666918	6.329321573974244	0.9284810259740648	0.31976788886536617	0.019347575934335233	1.1459434146366796
55	4	0.02014078431856369	1.0	0.017128354175788042	25947.264559329833	6.858632189244831	1.02404984215452	0.3313929891543401	0.02014078431856369	1.1487266485762506
56	4	0.020996994014346758	1.0	0.01797441763009275	27285.109658788067	7.412375273203975	1.1221698136039506	0.3410352910907717	0.020996994014346758	1.155069230168776
57	4	0.021835818916746172	1.0	0.018784854275072788	28575.733734020352	7.991021884173338	1.2224473320812006	0.3492555162840905	0.021835818916746172	1.1428685232258926
58	4	0.022662198762254147	1.0	0.019451809317831862	29840.706661466847	8.596835164729846	1.3244730657807848	0.3568271154695532	0.022662198762254147	1.1417093384055406
59	4	0.023498818945236272	1.0	0.02027947439007709	31388.342262552367	9.239937908544974	1.4278219986415348	0.3643604465462368	0.023498818945236272	1.1435406607975267
60	4	0.02428850973058293	1.0	0.020669733203584104	32525.033397835283	9.9138759920713	1.5320534900017475	0.3727757494407205	0.02428850973058293	1.1481628258300884
