1	4	0.0	1.0	0.0	0.0	0.015	0.0		0.0	
2	4	0.0	1.0	0.0	0.0	0.015	0.0		0.0	
3	4	0.0	1.0	0.0	0.0	0.014552750241652503	0.0		0.0	
4	4	0.0	1.0	0.0	0.0	0.013791431040067982	0.0		0.0	
5	4	0.0	1.0	0.0	0.0	0.01271309866873642	0.0		0.0	
6	4	0.0	1.0	0.0	0.0	0.011314922877436092	0.0		0.0	
7	4	2.500826149469408e-05	1.0	0.0	0.0	0.010075555122184271	0.0	0.0	2.500826149469408e-05	
8	4	2.679217967506105e-05	1.0	1.2168527237464807e-05	11.68722598712625	0.01022810814750575	0.0	0.0	2.679217967506105e-05	1.741136901074746
9	4	3.0783375599382115e-05	1.0	2.3510752463856696e-05	20.59943615452851	0.010544435163944002	0.0	0.0	3.0783375599382115e-05	1.2205260506705542
10	4	3.500510602521189e-05	1.0	2.3100302665250304e-05	21.110444076497046	0.010868214892809942	0.0	0.0	3.500510602521189e-05	1.333029333194979
11	4	4.0094366743427035e-05	1.0	2.672549095684677e-05	24.55337671911079	0.011253594664936629	0.0	0.0	4.0094366743427035e-05	1.3092469103165227
12	4	4.5919284748627616e-05	1.0	2.9691822004334447e-05	27.68500216085452	0.011694432135489192	0.0	0.0	4.5919284748627616e-05	1.1913807130882614
13	4	5.305955001669625e-05	1.0	3.6014819787565344e-05	33.469245759455674	0.012239409445502544	0.0	0.0	5.305955001669625e-05	1.2437023633697828
14	4	6.345127967449953e-05	1.0	5.493693350081214e-05	47.794932952426365	0.013045752265675116	0.0	0.0	6.345127967449953e-05	1.1377284346375334
15	4	7.715056383797814e-05	1.0	7.440624859904255e-05	59.41840328907463	0.014061865676477277	0.0	0.0	7.715056383797814e-05	1.1245753514033126
16	4	9.189037575497412e-05	1.0	6.825610999099162e-05	62.74654256624128	0.015133095564818384	0.0	0.0	9.189037575497412e-05	1.2043357825417251
17	4	0.00011056876966739644	1.0	8.989012795523993e-05	78.21364903510583	0.01648347379425473	0.0	0.0	0.00011056876966739644	1.177869037980595
18	4	0.00013167945023430096	1.0	9.323008833444233e-05	88.71842738611856	0.01801951706484142	0.0	0.0	0.00013167945023430096	1.1734185628121143
19	4	0.00015585420437934608	1.0	0.00010635611057590176	102.98422063083595	0.01980957503831741	0.0	0.0	0.00015585420437934608	1.1308752269710154
20	4	0.0001885364690346951	1.0	0.00015238401681502348	141.70243909951202	0.022304030940379214	0.0	0.0	0.0001885364690346951	1.1956821526296544
21	4	0.00022525142532288126	1.0	0.00018139081205339065	166.60242372249036	0.025243028066026085	0.0	0.0	0.00022525142532288126	1.2801550207280952
22	4	0.0002686370667574198	1.0	0.00020530091415875916	197.29852759418404	0.028730902432966537	0.0	0.0	0.0002686370667574198	1.1951150668961874
23	4	0.0003130544524465005	1.0	0.00020736168433902093	207.81044438018083	0.03239110756365098	0.0	0.0	0.0003130544524465005	1.0662865970376592
24	4	0.00036847663157100937	1.0	0.0002527123713667037	253.76746159496014	0.03687773209961355	0.0	0.0	0.00036847663157100937	1.1224758392892298
25	4	0.00043869655175993817	1.0	0.0003249624004972463	319.9534445815645	0.04255948584772054	0.0	0.0	0.00043869655175993817	1.2070543516228298
26	4	0.0005190743591978555	1.0	0.0003688792019820437	371.7076453510144	0.04916207954507711	0.0	0.0	0.0005190743591978555	1.1933292009337693
27	4	0.0006182864507508362	1.0	0.0004760891677948961	472.1887028301447	0.057580388864796085	0.0	0.0	0.0006182864507508362	1.129090418992349
28	4	0.0007329157481238557	1.0	0.0005383664371127124	539.080048119858	0.06718209584040494	0.0	0.0	0.0007329157481238557	1.1241524837796466
29	4	0.0008693661817946675	1.0	0.0006373575260119026	649.6505494615958	0.07876711932296843	0.0	0.0	0.0008693661817946675	1.1839930455743717
30	4	0.0010214919444145425	1.0	0.0007154064066310048	743.6405744961394	0.09201648757833528	0.0	0.0	0.0010214919444145425	1.176921828004116
31	4	0.0012015137245608815	1.0	0.0008377372646282943	873.4734084581944	0.1075822408832147	0.0	0.0	0.0012015137245608815	1.163021933216913
32	4	0.0014139135983687807	1.0	0.0009954492518269864	1041.7583235877034	0.1261605419705103	0.0	0.0	0.0014139135983687807	1.2259902743293138
33	4	0.0016688294394224955	1.0	0.001244528574539038	1288.1313593270927	0.14917580822816992	0.0	0.0	0.0016688294394224955	1.1930165286802652
34	4	0.0019332788454617359	1.0	0.0014922134166274455	1555.0309078594028	0.1769795029433872	0.0	0.0	0.0019332788454617359	1.1685238482233131
35	4	0.0022007730317427547	1.0	0.001705880450662962	1797.3704774162698	0.2090874874535017	0.0	0.0	0.0022007730317427547	1.184690671683552
36	4	0.002468594843954237	1.0	0.0019356055725528246	2047.5917954860245	0.2456183325486674	0.0	0.0	0.002468594843954237	1.1491974401268048
37	4	0.002749811662329899	1.0	0.002058117183236914	2245.28032894328	0.2855731477098641	0.0	0.0	0.002749811662329899	1.170138591709576
38	4	0.003041980447971165	1.0	0.0023752669635784328	2608.3648409588795	0.3319875742725441	0.002880449387361297	0.013811364393350595	0.003041980447971165	1.158242982131364
39	4	0.0033286069364675324	1.0	0.0025788277213318967	2893.2253407094395	0.3833750083973685	0.00885599249071519	0.03601152982586855	0.0033286069364675324	1.1582952887660771
40	4	0.0036122365920240227	1.0	0.002795105357911677	3194.9331897042475	0.4400155299095964	0.017182867845031768	0.05944484500729553	0.0036122365920240227	1.1492275417432496
41	4	0.0038881386310059118	1.0	0.003002188989459312	3507.0855040818715	0.5020691019457161	0.028204681177040926	0.08364050428105001	0.0038881386310059118	1.153636389323605
42	4	0.004185602141172728	1.0	0.0032369297911091525	3846.7501608394373	0.5700101659264464	0.04217114788968273	0.10797660190159483	0.004185602141172728	1.1489541157632204
43	4	0.0045203676697611024	1.0	0.003576919075338906	4323.790678522561	0.6463409135410564	0.06032987281815125	0.13391573331476714	0.0045203676697611024	1.1489342593691865
44	4	0.004879200388887149	1.0	0.0037393721925589158	4681.086615143658	0.7287951069973861	0.08346011745200059	0.16223695506608646	0.004879200388887149	1.1611980329540716
45	4	0.005236046164971201	1.0	0.004139791030496047	5111.599642336892	0.8186875279321862	0.11203422766330567	0.1919760261659512	0.005236046164971201	1.1581024845659036
46	4	0.0056016056156658715	1.0	0.004555507388456457	5674.721605329815	0.9184224856034509	0.14351087960549766	0.21669040173485954	0.0056016056156658715	1.1455477981989364
47	4	0.005975015100931442	1.0	0.004811975120237684	6045.6664149394755	1.0243857310911733	0.17763560320144553	0.2378010558866492	0.005975015100931442	1.1607589706835628
48	4	0.006387526843733761	1.0	0.00505175432344969	6490.218399273647	1.1378985959211527	0.2155291326145132	0.2571090503772613	0.006387526843733761	1.1672278835317509
49	4	0.006828824846925123	1.0	0.005271725050106625	6889.652785954881	1.2580795547929968	0.25857252022303145	0.27670076622652656	0.006828824846925123	1.1536456687782866
50	4	0.007303745040608125	1.0	0.0057213571621348705	7592.39269021874	1.3904929585623422	0.3106424220577817	0.2989374281973065	0.007303745040608125	1.1519807310555763
51	4	0.007795358064281757	1.0	0.006284036617908178	8175.791273267342	1.5328558139767277	0.3637481909491901	0.3151286265936909	0.007795358064281757	1.1602211307518613
52	4	0.008280531174291256	1.0	0.006631321019668001	8774.445073287274	1.6853874199723309	0.4203230494651274	0.3287015066481261	0.008280531174291256	1.151228592420675
53	4	0.008820893078024467	1.0	0.0069118128447803896	9315.282667522453	1.846955027109524	0.4802839879728203	0.340298269196201	0.008820893078024467	1.1605417572879793
54	4	0.009419749314013352	1.0	0.007552293358031255	10081.660583261466	2.021670640991855	0.547510215967873	0.3522382974413477	0.009419749314013352	1.1539714484213546
55	4	0.01007091172550863	1.0	0.00809910019201403	10936.738753352967	2.211090982418334	0.6259647835760364	0.36659735794850223	0.01007091172550863	1.1622454039185763
56	4	0.010778239859841363	1.0	0.008670749664096939	11705.478648936032	2.4135275176717617	0.7070232166770924	0.3774805540574927	0.010778239859841363	1.1615068683619898
57	4	0.011501157941679321	1.0	0.009340856901216062	12704.005664083828	2.6331456758064875	0.7934446272738481	0.3863478095320253	0.011501157941679321	1.1460190409351978
58	4	0.012238753747923454	1.0	0.00980543598514392	13318.525329668213	2.86273914394756	0.8845089891588309	0.3944087269752791	0.012238753747923454	1.1460837660930197
59	4	0.013044259048363954	1.0	0.010309615942106557	14146.460602896384	3.1061898944167474	0.9840142544005398	0.4029828424089771	0.013044259048363954	1.1609270812647154
60	4	0.013833949833710616	1.0	0.011373928794465324	15434.158501402528	3.3840300675550217	1.0882457457607526	0.413314574500158	0.013833949833710616	1.1534317539401011
