1	4	0.0	1.0	0.0	0.0	0.015	0.0		0.0	
2	4	0.0	1.0	0.0	0.0	0.015	0.0		0.0	
3	4	0.0	1.0	0.0	0.0	0.014552750241652503	0.0		0.0	
4	4	0.0	1.0	0.0	0.0	0.013791431040067982	0.0		0.0	
5	4	0.0	1.0	0.0	0.0	0.01271309866873642	0.0		0.0	
6	4	0.0	1.0	0.0	0.0	0.011314922877436092	0.0		0.0	
7	4	2.500826149469408e-05	1.0	0.0	0.0	0.010075555122184271	0.0	0.0	2.500826149469408e-05	
8	4	2.537014950479716e-05	1.0	2.0734030390323814e-05	5.108314478882772	0.010106502231405077	0.0	0.0	2.537014950479716e-05	1.3175752302457289
9	4	2.537014950479716e-05	1.0	1.0423195945890047e-05	2.9368739780563184	0.010106502231405077	0.0	0.0	2.537014950479716e-05	1.3929600320258215
10	4	2.5591740119487242e-05	1.0	1.653816225980332e-05	4.364026968926615	0.01012349681464626	0.0	0.0	2.5591740119487242e-05	0.9912749211809604
11	4	2.6156114050502703e-05	1.0	2.3329234558630694e-05	5.762475373604133	0.010166233532014759	0.0	0.0	2.6156114050502703e-05	1.7075342733618006
12	4	2.6350482386748253e-05	1.0	1.5598523434838298e-05	4.260791544783031	0.010180943583835148	0.0	0.0	2.6350482386748253e-05	0.9937501467603554
13	4	2.668294798687423e-05	1.0	1.805395120487724e-05	4.84279663138454	0.010206318860750824	0.0	0.0	2.668294798687423e-05	1.0162862302617273
14	4	2.6861773961226223e-05	1.0	1.5064798023012796e-05	4.229328348546405	0.010220194802988296	0.0	0.0	2.6861773961226223e-05	1.137329539236992
15	4	2.7062777348162053e-05	1.0	1.5146111798699588e-05	4.289944858466858	0.010235103774482342	0.0	0.0	2.7062777348162053e-05	1.400385735496929
16	4	2.7534746133195062e-05	1.0	1.9688456935154653e-05	5.344128247119978	0.010269404556048516	0.0	0.0	2.7534746133195062e-05	1.2480649423690944
17	4	2.815714751923656e-05	1.0	2.224895419365322e-05	5.934503414939599	0.01031440185536784	0.0	0.0	2.815714751923656e-05	1.4208070609575432
18	4	2.8848611698046808e-05	1.0	2.3413971129946774e-05	6.2373623398562685	0.010364713776641393	0.0	0.0	2.8848611698046808e-05	1.7514642468306558
19	4	2.9306161994435668e-05	1.0	1.8964019994405013e-05	5.3655410262714724	0.010398593813286358	0.0	0.0	2.9306161994435668e-05	1.0845030517722396
20	4	3.0170306039962836e-05	1.0	2.722433508508571e-05	7.112369523492467	0.010464549133008795	0.0	0.0	3.0170306039962836e-05	1.0841875906978553
21	4	3.0475968266672704e-05	1.0	1.6453023098759118e-05	4.890372770194574	0.01048901710182967	0.0	0.0	3.0475968266672704e-05	1.1187417817804353
22	4	3.065124630031753e-05	1.0	1.4060766046183819e-05	4.337316388076672	0.010503108117668629	0.0	0.0	3.065124630031753e-05	1.388935030535802
23	4	3.105583228188621e-05	1.0	1.817168654670637e-05	5.383484385707742	0.010536447938609616	0.0	0.0	3.105583228188621e-05	1.0287782031189467
24	4	3.168547619134265e-05	1.0	2.22682665540398e-05	6.348749680219469	0.010587419875435487	0.0	0.0	3.168547619134265e-05	0.9984563878305104
25	4	2.9639727107240582e-05	1.0	2.2511747750398335e-05	6.429074088199678	0.010514816792516386	0.0	0.0	2.9639727107240582e-05	1.399032417945102
26	4	3.0213749118227086e-05	1.0	2.499890150877924e-05	6.998561875582224	0.01057793626414417	0.0	0.0	3.0213749118227086e-05	0.9940837892261852
27	4	3.087923524640925e-05	1.0	2.709487352078208e-05	7.462221044071546	0.010649228451902887	0.0	0.0	3.087923524640925e-05	1.1838061120839445
28	4	3.1180637480940624e-05	1.0	1.6560205028605127e-05	5.182662324837938	0.010677935679600669	0.0	0.0	3.1180637480940624e-05	1.251308279223463
29	4	3.168802332688971e-05	1.0	2.0206287266464505e-05	6.100468648977876	0.010723426967420622	0.0	0.0	3.168802332688971e-05	1.2071416360916674
30	4	3.216886448113925e-05	1.0	1.925302704661615e-05	5.9205359754444284	0.01076530574860318	0.0	0.0	3.216886448113925e-05	1.4085613893236328
31	4	2.959019775423443e-05	1.0	2.1068598795298155e-05	6.360532180413835	0.010666697420116654	0.0	0.0	2.959019775423443e-05	1.0305959098828013
32	4	3.0196457815675178e-05	1.0	2.6779810552976503e-05	7.5920029177380375	0.010739829326701972	0.0	0.0	3.0196457815675178e-05	1.1124750349905963
33	4	3.0664919389177884e-05	1.0	2.187759985384809e-05	6.632659661934757	0.010794767809666886	0.0	0.0	3.0664919389177884e-05	1.037530290578388
34	4	3.113747816485261e-05	1.0	2.279935772786419e-05	6.883482206132461	0.010853996434260577	0.0	0.0	3.113747816485261e-05	1.2432105295089562
35	4	3.152839743020741e-05	1.0	2.0799959154851943e-05	6.472457449723255	0.010905254454716913	0.0	0.0	3.152839743020741e-05	1.0042999366141234
36	4	3.183511472082571e-05	1.0	1.857564117208651e-05	5.980203857347612	0.010947090635792177	0.0	0.0	3.183511472082571e-05	1.1803471255727025
37	4	2.9482042093492327e-05	1.0	3.1702436101682126e-05	8.116708268877664	0.010893493031423273	0.0	0.0	2.9482042093492327e-05	1.2574049947601829
38	4	2.9751427039303814e-05	1.0	2.370718201178688e-05	7.268008616396082	0.010959207350192495	4.731476586643454e-06	0.002975898171113521	2.9751427039303814e-05	1.3246752762515392
39	4	2.999896727090153e-05	1.0	2.263346256655085e-05	7.091107303655652	0.011021237789508516	1.27384206525092e-05	0.0077997999372070425	2.999896727090153e-05	1.142752986413291
40	4	3.0159946260855866e-05	1.0	1.7182085722506217e-05	5.822625457033388	0.011059430564907508	1.8650091958877358e-05	0.011222981240963322	3.0159946260855866e-05	0.9937885185485328
41	4	3.073753878955926e-05	1.0	3.0003919386877533e-05	10.9907624106144	0.011192911602898871	4.2540141319289586e-05	0.0241001780413207	3.073753878955926e-05	1.0216687553352513
42	4	2.9292558275962294e-05	1.0	2.2774868777498725e-05	10.64729158436906	0.01123328894371462	7.218127541952709e-05	0.04067609234071495	2.9292558275962294e-05	1.2810290051396631
43	4	2.960190894304024e-05	1.0	1.9431835317453585e-05	10.465348735957658	0.011355962822474405	0.00010484866608305912	0.05613666158852608	2.960190894304024e-05	1.2001245781307457
44	4	3.0139576865446166e-05	1.0	3.3928738703878684e-05	14.077530880094585	0.011544632152986659	0.0001628551749832886	0.08102462743178998	3.0139576865446166e-05	1.0371556598141691
45	4	3.064996785044176e-05	1.0	2.469473730579413e-05	13.264710838950178	0.01171708853851217	0.000221128341592238	0.10332599842715556	3.064996785044176e-05	1.1973579892256354
46	4	3.107261942338354e-05	1.0	1.1986207085123414e-05	10.882852329131746	0.011844431699741677	0.0002621702919531656	0.1170392251994383	3.107261942338354e-05	0.9731463416401784
47	4	3.1821480789140975e-05	1.0	1.92750959831409e-05	15.533590079579	0.012056937765782259	0.00033060638724940973	0.13718686117775966	3.1821480789140975e-05	1.035172838647103
48	4	2.9629032275206786e-05	1.0	3.672080018583338e-05	18.422248875627968	0.01218775036591192	0.0004286922817838936	0.17263849088942654	2.9629032275206786e-05	1.130750434652139
49	4	3.01713894890118e-05	1.0	1.8625186104746802e-05	17.669501243043488	0.01243757413348334	0.0005263930740742118	0.19651929053702807	3.01713894890118e-05	1.1813889703794882
50	4	3.0874027903144425e-05	1.0	2.1293814160232936e-05	19.729902101032994	0.012723908872858307	0.0006467613429444316	0.22296073579169212	3.0874027903144425e-05	1.0567078372007894
51	4	3.162247121891461e-05	1.0	2.0161098344703995e-05	18.264505943056122	0.012981353027711941	0.0007459650976936093	0.2400641802413073	3.162247121891461e-05	0.9927889010582068
52	4	3.2637112099500566e-05	1.0	1.7783007892138124e-05	21.681833929745807	0.01330034185836156	0.0008642799075611907	0.25664374322237626	3.2637112099500566e-05	0.9677037668317252
53	4	3.396069728754717e-05	1.0	2.4134995598438933e-05	25.943381383878002	0.013696092354829765	0.0010111507537882384	0.27384055689932746	3.396069728754717e-05	1.081474913827944
54	4	3.0405169828767712e-05	1.0	1.0694999920994186e-05	18.920463622468414	0.013756365624737444	0.001121690712495315	0.30310853057206394	3.0405169828767712e-05	1.1095075645217125
55	4	3.126958428574909e-05	1.0	2.8135997005353582e-05	25.94472781395705	0.014149268059160346	0.0012965838596983089	0.32312683888157895	3.126958428574909e-05	1.0487855063035585
56	4	3.2791171905563066e-05	1.0	2.5786240725433e-05	34.858654519275845	0.014704462012252834	0.0015290387984152661	0.3426875901539408	3.2791171905563066e-05	1.0723750026090946
57	4	3.407798633162666e-05	1.0	2.9141070864252008e-05	27.969468730461685	0.01512881715548324	0.0016986173231924447	0.3531508551381431	3.407798633162666e-05	1.058162088684928
58	4	3.5497214702495456e-05	1.0	2.368960000383609e-05	29.056094002669468	0.01557058426016784	0.0018738367656948808	0.3622069177808969	3.5497214702495456e-05	1.001298984921892
59	4	3.119061029033698e-05	1.0	1.3564037160059861e-05	32.094221561307165	0.01580309246183053	0.0020931657900375073	0.3943140226637	3.119061029033698e-05	1.14410175988763
60	4	3.230903147611177e-05	1.0	1.4584733848181256e-05	32.7949082976033	0.016309720623275556	0.002330485335969456	0.4081694212279024	3.230903147611177e-05	0.9736938094533222
