1	4	0.0	1.0	0.0	0.0	0.015	0.0		0.0	
2	4	0.0	1.0	0.0	0.0	0.015	0.0		0.0	
3	4	0.0	1.0	0.0	0.0	0.014552750241652503	0.0		0.0	
4	4	0.0	1.0	0.0	0.0	0.013791431040067982	0.0		0.0	
5	4	0.0	1.0	0.0	0.0	0.01271309866873642	0.0		0.0	
6	4	0.0	1.0	0.0	0.0	0.011314922877436092	0.0		0.0	
7	4	2.500826149469408e-05	1.0	0.0	0.0	0.010075555122184271	0.0	0.0	2.500826149469408e-05	
8	4	2.7300072689012425e-05	1.0	1.9401767944470746e-05	14.03695334475404	0.010271540977929615	0.0	0.0	2.7300072689012425e-05	1.592816191757911
9	4	2.9812533041905657e-05	1.0	1.9171053865730232e-05	14.273745394347387	0.010470669034386851	0.0	0.0	2.9812533041905657e-05	1.0278026900762145
10	4	3.237365812909301e-05	1.0	1.8475664850927007e-05	14.195211728535206	0.010667090952102809	0.0	0.0	3.237365812909301e-05	0.98397855857411
11	4	3.755497941541372e-05	1.0	4.290150489139793e-05	24.86197132254029	0.011059441929424658	0.0	0.0	3.755497941541372e-05	1.4032607478621113
12	4	4.161933165904721e-05	1.0	2.6770167373671258e-05	20.410405527246336	0.011367037463116007	0.0	0.0	4.161933165904721e-05	1.2670820401701541
13	4	4.587470340281398e-05	1.0	2.748149525948976e-05	21.445425621485818	0.011691826663371048	0.0	0.0	4.587470340281398e-05	1.3050119299627172
14	4	5.1358661983908254e-05	1.0	3.5401362876307794e-05	27.006008230042838	0.012117352612717569	0.0	0.0	5.1358661983908254e-05	1.247925297199724
15	4	5.766748925710493e-05	1.0	3.792717921093109e-05	29.44581382630329	0.012585295603185605	0.0	0.0	5.766748925710493e-05	1.1966964556380049
16	4	6.509524363554929e-05	1.0	4.305411641859609e-05	33.49382151025914	0.013125114736445466	0.0	0.0	6.509524363554929e-05	1.1012094078677543
17	4	7.337679161874676e-05	1.0	4.695787199691649e-05	36.86463361727037	0.013723839774314206	0.0	0.0	7.337679161874676e-05	1.1024703481608833
18	4	8.345291166490989e-05	1.0	5.7664650888100866e-05	44.34127941336998	0.014456992660668641	0.0	0.0	8.345291166490989e-05	1.146731106051676
19	4	9.713778751869148e-05	1.0	8.027221973289934e-05	59.748183251486424	0.015470310975763553	0.0	0.0	9.713778751869148e-05	1.1656194694667017
20	4	0.00011339263664188378	1.0	9.831616877235382e-05	72.39184773911236	0.016710953408595543	0.0	0.0	0.00011339263664188378	1.1784051196997023
21	4	0.0001307432449874257	1.0	0.00010492339463200862	80.8354489345794	0.01809985300731794	0.0	0.0	0.0001307432449874257	1.0697384527580098
22	4	0.0001497987782271893	1.0	0.00011722208207999097	89.04623825650043	0.019631772410552643	0.0	0.0	0.0001497987782271893	1.201908269214896
23	4	0.00017267643220378142	1.0	0.00014643566201523684	108.68246015409204	0.021517000574346436	0.0	0.0	0.00017267643220378142	1.0877145153027012
24	4	0.00019814309386349254	1.0	0.00014864521618828723	118.86772857357136	0.02357861833922765	0.0	0.0	0.00019814309386349254	1.2187781575878656
25	4	0.00022785673532555126	1.0	0.0001712809436315789	138.10638534073559	0.025982859091605748	0.0	0.0	0.00022785673532555126	1.1303784975815303
26	4	0.0002617879563295284	1.0	0.00019672205872693836	159.64741396756162	0.02877012180858783	0.0	0.0	0.0002617879563295284	1.168048704604987
27	4	0.0002990279841982581	1.0	0.000226569115193636	180.75596711184082	0.031929999488482415	0.0	0.0	0.0002990279841982581	1.1422096117741516
28	4	0.0003427056935471274	1.0	0.0002525139236694264	208.8129305928828	0.035588580463369934	0.0	0.0	0.0003427056935471274	1.1799163750954174
29	4	0.0003911051642700964	1.0	0.00028091713073196464	234.4412254191468	0.0396978309053433	0.0	0.0	0.0003911051642700964	1.1941642977535014
30	4	0.00044601391369282283	1.0	0.0003252806422725375	272.25223854188613	0.044480099398295565	0.0	0.0	0.00044601391369282283	1.146731319887168
31	4	0.0005094298510617452	1.0	0.00037175763845998937	311.80919737789964	0.04996341833825888	0.0	0.0	0.0005094298510617452	1.1576486561284454
32	4	0.0005838023508078133	1.0	0.0004370457943549578	368.96492592499567	0.05646867028651066	0.0	0.0	0.0005838023508078133	1.1581323555994718
33	4	0.0006634776523903787	1.0	0.0004806485220867255	408.41889129425584	0.06366221413416692	0.0	0.0	0.0006634776523903787	1.1846976746218671
34	4	0.0007413890228276787	1.0	0.0005353745993469145	464.8576331508344	0.07185366364780832	0.0	0.0	0.0007413890228276787	1.1535236160541231
35	4	0.0008236301496880309	1.0	0.0006769815323759528	558.5463603770494	0.08172526820130857	0.0	0.0	0.0008236301496880309	1.1495917909207969
36	4	0.0009025774173400072	1.0	0.0006867800233638028	610.4273775418472	0.09249366074359937	0.0	0.0	0.0009025774173400072	1.1975474535336854
37	4	0.0009898327885902519	1.0	0.0007776848412654478	702.2109291807777	0.10489075793807802	0.0	0.0	0.0009898327885902519	1.178431260835988
38	4	0.0010789266918910024	1.0	0.0008500064563518125	801.463935295207	0.11904436583585178	0.0008783637807748987	0.012354837536451708	0.0010789266918910024	1.1259222636111683
39	4	0.00116840780095874	1.0	0.000904034804218824	908.4773244137455	0.13508686289101446	0.00274385160423178	0.03315453676537868	0.00116840780095874	1.1738438259952042
40	4	0.0012601317226247485	1.0	0.0009485965814613377	1037.0051546681234	0.1534040263347176	0.005436707050618031	0.056217233197549066	0.0012601317226247485	1.137040316471623
41	4	0.0013539795326884415	1.0	0.001067233499033214	1194.2041043771244	0.17451148847493653	0.009185766129546294	0.08122552626924978	0.0013539795326884415	1.168119050011185
42	4	0.0014612281481496605	1.0	0.0011718007934922961	1384.7042197337353	0.19900721583594674	0.014221288694905753	0.10747416282346284	0.0014612281481496605	1.175315786431694
43	4	0.0015806587239352633	1.0	0.0011894770439714573	1541.0684616004323	0.22623888803409495	0.02069957510296065	0.1346665469050203	0.0015806587239352633	1.1622029576826651
44	4	0.001718921023312408	1.0	0.0013019717571703274	1795.9033650606991	0.25800942001993515	0.029611919596018155	0.16604032661764687	0.001718921023312408	1.1679543205674296
45	4	0.001858271207164737	1.0	0.0014502536255671212	1987.0446346435326	0.2931128911094875	0.04077026243828909	0.19854463674650089	0.001858271207164737	1.157167611637434
46	4	0.001997131096851258	1.0	0.0015441603931600548	2149.485325203352	0.3309977965436216	0.052726852284585984	0.22414013715012954	0.001997131096851258	1.1907334798665683
47	4	0.0021437249196797105	1.0	0.0016955109860289526	2363.345092750071	0.3725970537888077	0.06612360272153994	0.24627493536332	0.0021437249196797105	1.1924875190852442
48	4	0.002315490478402655	1.0	0.0018320110661863977	2684.072157693311	0.4198626189271728	0.08190207052321663	0.2672121178055177	0.002315490478402655	1.1637948836599532
49	4	0.002503424860552343	1.0	0.0020210431292577123	2912.015292446643	0.4710437574965738	0.10023284110757527	0.2884593484744559	0.002503424860552343	1.155410226066529
50	4	0.002707453849355145	1.0	0.0021508063938794494	3238.0782857379936	0.5279294684735836	0.12260242985051345	0.3124075421450877	0.002707453849355145	1.1683591829365838
51	4	0.002908824570867859	1.0	0.002276036626621827	3334.714326369757	0.5862430393736839	0.14435520384791214	0.3283767886316192	0.002908824570867859	1.1559077579699608
52	4	0.0031099443545746968	1.0	0.002490146177962581	3620.52802521424	0.6494722723492947	0.1678072935726446	0.3416327277342966	0.0031099443545746968	1.173004356226259
53	4	0.003341768934453192	1.0	0.002621991311862032	3971.335865072621	0.7187875634306696	0.1935315707332512	0.3531017599826157	0.003341768934453192	1.1804880482390228
54	4	0.003594242651055455	1.0	0.002829381322371962	4229.951867972064	0.7924464780990256	0.22187369128750228	0.3646939619303805	0.003594242651055455	1.1768380604287938
55	4	0.0038656421782310023	1.0	0.003001934682137323	4541.249637488988	0.8713954318362757	0.2545729567514333	0.3787135263624789	0.0038656421782310023	1.1697216127088736
56	4	0.004165148420050254	1.0	0.003309874308384037	4934.384431537902	0.95711378932514	0.28889579149737066	0.3891977335563857	0.004165148420050254	1.1600185416430282
57	4	0.00445982656013429	1.0	0.0034998927758183303	5169.347906831945	1.046635233031855	0.3241231584396172	0.3972375837667236	0.00445982656013429	1.180839984741605
58	4	0.004769958380657165	1.0	0.003687598642129226	5579.326328520818	1.1431708147853985	0.36241236249563386	0.4047606492662849	0.004769958380657165	1.1553467288019386
59	4	0.005110048730261409	1.0	0.004118083026480695	5950.41710955628	1.2459575385887105	0.4044242281221041	0.41289647341699337	0.005110048730261409	1.1825914032670233
60	4	0.0054774919545201636	1.0	0.0045289442070409365	6401.617293661685	1.3564367804751032	0.4529231544934969	0.42391826854359305	0.0054774919545201636	1.1810623612068822
