11.247441493196291	1	1	1	1	4	0	11.247441493196291	1.0	0	0.0			15.0	0.0	0.0	0.0	0.0		0.0	0.0
11.367595075476835	1	1	1	1	4	0	11.367595075476835	1.0	0	0.0			15.0	0.0	0.0	0.0	0.0		0.0	0.0
22.856168219862568	1	1	1	1	4	0	22.856168219862568	2.0	0	0.0			14.552750241652504	0.0	0.0	0.0	0.7285827694774977	0.0	0.0	0.0
34.4665080713728	1	1	1	1	4	0	34.4665080713728	3.0	0	0.0			13.791431040067982	0.0	0.0	0.0	2.1993864847666735	0.0	0.0	0.0
46.1993671861199	1	1	1	1	4	0	46.1993671861199	4.0	0	0.0			12.713098668736418	0.0	0.0	0.0	4.42587529936556	0.0	0.0	0.0
58.05546181511435	1	1	1	1	4	0	58.05546181511435	5.0	0	0.0			11.314922877436091	0.0	0.0	0.0	7.421310407022852	0.0	0.0	0.0
70.03547169202406	1	1	1	1	4	0	70.03547169202406	6.0	0	2.500826149469408e-05			10.075555122184273	0.0	1.2504130747347042	0.0	8.825142047449571	0.14168758621806754	1.2504130747347042	0.0
82.14003983175478	1	1	1	1	4	0	82.14003983175478	7.0	0	2.8260322866023383e-05	0.740589800093489	1.798518497996943	10.353657451196552	0.0	1.4130161433011696	0.0	8.940641307895383	0.1580441597688692	1.4130161433011696	1.3671469547321574e-12
94.36977233991071	1	1	1	1	4	0	94.36977233991071	8.0	0	3.324630221131864e-05	0.9157657056452819	1.2805541323376188	10.748827219914006	0.0	1.6623151105659324	0.0	9.086512109348071	0.1829431459025699	1.6623151105659324	1.7733220725352384e-12
106.72523823319248	1	1	1	1	4	0	106.72523823319248	9.0	0	3.911240540058684e-05	0.8538721904736715	1.3652156799257813	11.19871982520691	0.0	1.9556202700293424	0.0	9.243099555177565	0.2115762421853276	1.9556202700293424	2.002347897669857e-12
119.20696927078512	1	1	1	1	4	0	119.20696927078512	10.0	0	4.627931099889565e-05	0.8522480811179144	1.4582539715023588	11.741427420525069	0.0	2.3139655499447827	0.0	9.427461870580283	0.2454494732209776	2.3139655499447827	2.359681923281664e-12
131.81545979678634	1	1	1	1	4	0	131.81545979678634	11.0	0	5.6157381104366175e-05	0.9930377879779052	1.1722351060258296	12.489012783159986	0.0	2.807869055218309	0.0	9.681143727941675	0.29003484858036443	2.807869055218309	3.380406947199417e-12
144.55116659372186	1	1	1	1	4	0	144.55116659372186	12.0	0	6.865615963756867e-05	1.032246775721885	1.1472813092879377	13.442976039110524	0.0	3.4328079818784336	0.0	10.01016805723209	0.34293210286298026	3.4328079818784336	4.1972843042238614e-12
157.41450874719058	1	1	1	1	4	0	157.41450874719058	13.0	0	8.216237853133852e-05	0.8816721930326854	1.0924316945088637	14.490986619764204	0.0	4.1081189265669265	0.0	10.382867693197275	0.3956632259947332	4.1081189265669265	4.713325547585044e-12
170.4058675216809	1	1	1	1	4	0	170.4058675216809	14.0	0	0.00010140293289408992	1.0158616246985912	1.0439272915117348	15.918111211527927	0.0	5.070146644704497	0.0	10.847964566823432	0.4673823013960276	5.070146644704497	6.119163964692699e-12
183.52558624759342	1	1	1	1	4	0	183.52558624759342	15.0	0	0.00012472510432807166	0.9597019147358052	1.0962577016373811	17.613072262712645	0.0	6.236255216403585	0.0	11.37681704630906	0.5481546544186354	6.236255216403585	8.138406086112059e-12
196.77397021950497	1	1	1	1	4	0	196.77397021950497	16.0	0	0.000152940344433004	0.9078641418814282	1.227938219162089	19.652928909631317	0.0	7.6470172216501995	0.0	12.005911687981115	0.6369376537481515	7.6470172216501995	1.4632059338860698e-11
210.1512866057031	1	1	1	1	4	0	210.1512866057031	17.0	0	0.0001909462562240024	1.0970570763307776	1.2013547414086654	22.41829333566481	0.0	9.547312811200122	0.0	12.870980524464688	0.7417704341213894	9.547312811200122	1.977990264918705e-11
223.65776436901845	1	1	1	1	4	0	223.65776436901845	18.0	0	0.00023512490944751816	0.9349332322513914	1.2615145506106706	25.689571710853354	0.0	11.756245472375912	0.0	13.933326238477434	0.8437501046886113	11.756245472375912	2.4839499847038928e-11
237.29359419897813	1	1	1	1	4	0	237.29359419897813	19.0	0	0.0002888048851938768	0.9711858000164644	1.1083116342479375	29.786666380855753	0.0	14.44024425969384	0.0	15.34642212116191	0.940951848299644	14.44024425969384	3.1144757777549325e-11
251.0589284553002	1	1	1	1	4	0	251.0589284553002	20.0	0	0.000347786188570593	0.855124372185004	1.1892640983864842	34.5080632887108	0.0	17.389309428529653	0.0	17.118753860181133	1.0158046298555552	17.389309428529653	3.7304643343598976e-11
264.95388112274634	1	1	1	1	4	0	264.95388112274634	21.0	0	0.0004196016724315791	0.8640745673988508	1.243347823431571	40.28147995436261	0.0	20.98008362157896	0.0	19.30139633278365	1.0869723236522548	20.98008362157896	4.7327677890264834e-11
278.9785277773454	1	1	1	1	4	0	278.9785277773454	22.0	0	0.0005107565886814888	0.9432343622715108	1.1658264753636882	47.793081255720885	0.0	25.53782943407444	0.0	22.255251821646443	1.1474967634037383	25.53782943407444	8.463550910942359e-11
293.1329055639992	1	1	1	1	4	0	293.1329055639992	23.0	0	0.0006202229293117943	0.9138802996632244	1.203673557400164	56.65477485009586	0.0	31.01114646558973	0.0	25.643628384506144	1.2093119585341765	31.01114646558973	9.767974535206969e-11
307.41701318547484	1	1	1	1	4	0	307.41701318547484	24.0	0	0.0007491862355002152	0.8498326217944974	1.1819499827026705	67.08967347049983	0.0	37.459311775010775	0.0	29.630361695489068	1.2642205370281925	37.459311775010775	1.164564676426781e-10
321.83081090278995	1	1	1	1	4	0	321.83081090278995	25.0	0	0.0008967277324002539	0.8002805753010718	1.1803236821200669	79.2093939329319	0.0	44.83638662001271	0.0	34.3730073129192	1.3044068623917238	44.83638662001271	1.4100182280279226e-10
336.3742205469876	1	1	1	1	4	0	336.3742205469876	26.0	0	0.0010798696785709206	0.8714265290667237	1.1976787154218835	94.74928960640108	0.0	53.993483928546034	0.0	40.75580567785504	1.324804724885706	53.993483928546034	1.7440736554893238e-10
351.0471255422998	1	1	1	1	4	0	351.0471255422998	27.0	0	0.0013048698545963355	0.8659998525060573	1.1540465833236768	113.59600514218819	0.0	65.24349272981678	0.0	48.3525124123714	1.349329941190888	65.24349272981678	2.1267823477769602e-10
365.84937094069124	1	1	1	1	4	0	365.84937094069124	28.0	0	0.001571824731834518	0.8537945743095322	1.1654443067801226	136.26122091607368	0.0	78.59123659172592	0.0	57.66998432434775	1.3627754110303338	78.59123659172592	3.106458715122745e-10
380.78076346777357	1	1	1	1	4	0	380.78076346777357	29.0	0	0.0018849097567565191	0.8457936225737799	1.1861166419359477	163.52930962763253	0.0	94.24548783782595	0.0	69.28382178980658	1.3602813095927089	94.24548783782595	3.787468651322082e-10
395.84107158007737	1	1	1	1	4	0	395.84107158007737	30.0	0	0.0022818539354893985	0.8924590080126356	1.2030010968800948	197.85146307451717	0.0	114.09269677446994	0.0	83.75876630004724	1.3621582768513822	114.09269677446994	4.828687529453374e-10
411.03002553366304	1	1	1	1	4	0	411.03002553366304	31.0	0	0.0027352669434111032	0.8325973951063748	1.1576750598224432	237.5108245752888	0.0	136.76334717055514	0.0	100.7474774047337	1.3574865663497917	136.76334717055514	5.811941695870468e-10
426.3473174640513	1	1	1	1	4	0	426.3473174640513	32.0	0	0.0032921771384953518	0.8896003335638532	1.1637612901761567	287.7918756409553	0.0	164.6088569247676	0.0	123.1830187161877	1.336295040017038	164.6088569247676	7.129912346764451e-10
441.79260147745117	1	1	1	1	4	0	441.79260147745117	33.0	0	0.003861615742423844	0.8707598945593293	1.1987498263724503	347.6615397094692	0.0	193.08078712119217	9.320172833061294	145.26057975521562	1.3933646712365282	202.4009599542535	8.392639223256285e-10
457.365493753255	1	1	1	1	4	0	457.365493753255	34.0	0	0.004438091795303708	0.8492654681041258	1.1597596950481828	416.85737694861314	0.0	221.90458976518542	26.625452649995545	168.32733453343218	1.476468709636814	248.53004241518096	1.1421333178300866e-09
473.0655726577729	1	1	1	1	4	0	473.0655726577729	35.0	0	0.0050178732137906796	0.8358300620924055	1.1449903608386045	495.9394539942215	0.0	250.893660689534	51.53980382687026	193.5059894778172	1.5629152634113892	302.4334645164043	1.3716571275460387e-09
488.8923788691719	1	1	1	1	4	0	488.8923788691719	36.0	0	0.005671926588959052	0.8752415195310111	1.1789512765590626	588.8662634978414	0.0	283.5963294479526	83.68091830403421	221.5890157458546	1.6574704595160314	367.27724775198686	1.650241627171442e-09
504.8454155135833	1	1	1	1	4	0	504.8454155135833	37.0	0	0.0063279855405737615	0.8477974797266147	1.16262232281671	693.0888961917321	6.46798938874933	316.3992770286882	119.36274836979095	250.8588814045037	1.737080317662039	442.23001478722847	1.9400896162254413e-09
520.9241483123367	1	1	1	1	4	0	520.9241483123367	38.0	0	0.006994972719951661	0.8901815070886006	1.162315250091602	814.4724124903466	20.37323122688316	349.7486359975831	159.0564373409206	283.4904668925443	1.7947872424625968	529.1783045653868	2.2612953907044994e-09
537.1280057402779	1	1	1	1	4	0	537.1280057402779	39.0	0	0.00767160912420569	0.8750962521945915	1.1548051367180017	947.7922963090684	40.23810391574804	383.58045621028464	208.2631206544217	315.710615528614	1.8746394570031983	632.0816807804542	2.5162300971428583e-09
553.4563791951257	1	1	1	1	4	0	553.4563791951257	40.0	0	0.008336715266232277	0.8706233936677451	1.1661494658096334	1097.382390127192	66.80795374520514	416.83576331161385	264.5294587914053	349.20921427896775	1.9511662185371397	748.1731758482242	3.332778655433837e-09
569.9086231778117	1	1	1	1	4	0	569.9086231778117	41.0	0	0.009054288148937354	0.9035159599994312	1.172593046357136	1264.7159640877749	100.49933920144	452.71440744686765	323.6439100490356	384.4193405611985	2.019561025110049	876.8576566973435	3.7749914172772094e-09
586.4840554837581	1	1	1	1	4	0	586.4840554837581	42.0	0	0.009790707544504909	0.8790591475448388	1.1739011591426425	1451.719251111311	140.44502086253786	489.5353772252456	378.7513249375454	420.45815122088015	2.065096608643585	1008.7317230253286	4.25352979814884e-09
603.1819574050269	1	1	1	1	4	0	603.1819574050269	43.0	0	0.010504420599949564	0.8990669509460721	1.1487264911363333	1666.7007260964779	186.4507407729566	525.2210299974784	424.2102640067777	457.3080301128988	2.076130816617988	1135.8820347772128	4.783911681210447e-09
620.0015739432909	1	1	1	1	4	0	620.0015739432909	44.0	0	0.011152032553609765	0.8927835267641192	1.1692662063425587	1904.7812862913024	238.3076957329237	557.6016276804883	465.4695702830294	494.9500122349573	2.067019239667897	1261.3788936964415	5.22527645452544e-09
636.9421140335545	1	1	1	1	4	0	636.9421140335545	45.0	0	0.01181964032191589	0.9100746952998398	1.1713302090727065	2156.4290891751252	295.79234649750555	590.9820160957947	518.3330583523749	533.3637668676176	2.0798470825325195	1405.1074209456754	5.578743651815649e-09
654.0027507785644	1	1	1	1	4	0	654.0027507785644	46.0	0	0.012507637364448751	0.9030104288149544	1.162058256201757	2423.251725887985	358.66624187958456	625.3818682224378	577.1299564706591	572.5275820387565	2.10035614425943	1561.1780665726815	6.760150161529122e-09
671.1826216938364	1	1	1	1	4	0	671.1826216938364	47.0	0	0.013247995040960109	0.9021193210159771	1.156864705567238	2708.340793169766	426.67585828586914	662.3997520480058	635.939514643451	612.4183503591438	2.1200201886995464	1725.015124977326	7.388004878129365e-09
688.4808289632283	1	1	1	1	4	0	688.4808289632283	48.0	0	0.013995155022659684	0.8996522481144588	1.159758806439828	3017.5918535660107	499.5524552006356	699.7577511329844	688.5896400742954	653.0115562745933	2.126068639776836	1887.8998464079157	8.105118837787272e-09
705.8964397049822	1	1	1	1	4	0	705.8964397049822	49.0	0	0.014701649093263928	0.8969860786853567	1.1397816519835713	3356.613738142746	577.0119471163457	735.0824546631966	731.5146935909066	694.2812647787746	2.1123962616525724	2043.6090953704488	8.74668544182772e-09
723.4284862481575	1	1	1	1	4	0	723.4284862481575	50.0	0	0.01545836250066444	0.8877236190692198	1.1629727704431825	3705.6581764429548	658.7547923936105	772.9181250332222	789.1487947042015	736.2001116293002	2.1217966352658917	2220.821712131034	9.149402659655548e-09
741.0759664193733	1	1	1	1	4	0	741.0759664193733	51.0	0	0.016193401447210282	0.8967214947476225	1.1560594496032972	4078.512817331939	744.4658995151914	809.6700723605143	855.232469562849	778.7392951081638	2.1379459754783725	2409.368441438555	1.1037108677944976e-08
758.8378438397727	1	1	1	1	4	0	758.8378438397727	52.0	0	0.016998602444912008	0.8860302773312512	1.1443444051308012	4465.027056936249	833.8145511798789	849.9301222456006	923.2486949015505	821.8685693659238	2.1574968106094734	2606.99336832703	1.150426592046814e-08
776.7130482321257	1	1	1	1	4	0	776.7130482321257	53.0	0	0.017823844629099122	0.8722731497794796	1.145375378490603	4878.982588907536	926.4543466621581	891.1922314549561	986.4225724948453	865.5562393873055	2.1692580083287183	2804.0691506119592	1.242931267221812e-08
794.7004757379742	1	1	1	1	4	0	794.7004757379742	54.0	0	0.018617053013327587	0.9054946974344866	1.1516304036660252	5330.495751283301	1022.0231628426134	930.8526506663796	1037.7213220832916	909.7691576140303	2.1638170037688167	2990.597135592285	1.3328718899780896e-08
812.7989892447298	1	1	1	1	4	0	812.7989892447298	55.0	0	0.019473262709110647	0.8940010826890661	1.1457486798845955	5799.010929787685	1120.1431342920441	973.6631354555324	1097.1335758377302	954.4727222587692	2.169571390571228	3190.9398455853056	1.3926508464277434e-08
831.0074187226242	1	1	1	1	4	0	831.0074187226242	56.0	0	0.020312087611510068	0.8883069914286932	1.1439441695429542	6288.752047782137	1220.4206527692938	1015.6043805755037	1164.586609112652	999.6308773420894	2.180996044745084	3400.611642457449	1.6580382718009295e-08
849.3245615714155	1	1	1	1	4	0	849.3245615714155	57.0	0	0.02113846745701804	0.8824543786748609	1.1470623343192865	6801.960156572878	1322.4463864688782	1056.9233728509018	1232.8961653710535	1045.2061144821657	2.1907827618827302	3612.265924690834	1.6739025443017452e-08
867.7491829767432	1	1	1	1	4	0	867.7491829767432	58.0	0	0.02197508764000016	0.8841419082398616	1.144837063096931	7348.916263142023	1425.795319329628	1098.7543820000085	1294.617574182128	1091.1594764648441	2.1934208590079067	3819.167275511764	1.7887590939531982e-08
886.2800162760308	1	1	1	1	4	0	886.2800162760308	59.0	0	0.02276477842534683	0.8906779268482763	1.1530009577524971	7929.451203242978	1530.0268106898407	1138.2389212673413	1342.046974200064	1137.450562619387	2.1805658874137435	4010.312706157246	1.885181194222941e-08
