11.247441493196291	1	1	1	1	4	0	11.247441493196291	1.0	0	0.0			15.0	0.0	0.0	0.0	0.0		0.0	0.0
11.367595075476835	1	1	1	1	4	0	11.367595075476835	1.0	0	0.0			15.0	0.0	0.0	0.0	0.0		0.0	0.0
22.856168219862568	1	1	1	1	4	0	22.856168219862568	2.0	0	0.0			14.552750241652504	0.0	0.0	0.0	0.7285827694774977	0.0	0.0	0.0
34.4665080713728	1	1	1	1	4	0	34.4665080713728	3.0	0	0.0			13.791431040067982	0.0	0.0	0.0	2.1993864847666735	0.0	0.0	0.0
46.1993671861199	1	1	1	1	4	0	46.1993671861199	4.0	0	0.0			12.713098668736418	0.0	0.0	0.0	4.42587529936556	0.0	0.0	0.0
58.05546181511435	1	1	1	1	4	0	58.05546181511435	5.0	0	0.0			11.314922877436091	0.0	0.0	0.0	7.421310407022852	0.0	0.0	0.0
70.03547169202406	1	1	1	1	4	0	70.03547169202406	6.0	0	2.500826149469408e-05			10.075555122184273	0.0	1.2504130747347042	0.0	8.825142047449571	0.14168758621806754	1.2504130747347042	0.0
82.14003983175478	1	1	1	1	4	0	82.14003983175478	7.0	0	2.5244702110928737e-05	0.5504634242736021	1.503595310020869	10.095774508764018	0.0	1.2622351055464371	0.0	8.83353940321758	0.14289120678928235	1.2622351055464371	5.575090803536591e-13
94.36977233991071	1	1	1	1	4	0	94.36977233991071	8.0	0	2.609272836975633e-05	0.9444305857333594	1.0674631095125642	10.162985846268542	0.0	1.3046364184878172	0.0	8.858349427780725	0.14727759715555347	1.3046364184878172	7.069282699267178e-13
106.72523823319248	1	1	1	1	4	0	106.72523823319248	9.0	0	2.7164367019766557e-05	1.0419598987198944	1.1803983018582582	10.24517367840005	0.0	1.3582183509883283	0.0	8.886955327411721	0.1528328095448976	1.3582183509883283	7.630495463357668e-13
119.20696927078512	1	1	1	1	4	0	119.20696927078512	10.0	0	2.8131582058815492e-05	0.8973160845165414	0.9827876109764471	10.318415182811895	0.0	1.4065791029407753	0.0	8.911836079871119	0.1578326946697068	1.4065791029407753	7.4701812945595e-13
131.81545979678634	1	1	1	1	4	0	131.81545979678634	11.0	0	2.9262309011754602e-05	0.9542898868524168	1.1446597747964156	10.403990088651641	0.0	1.4631154505877306	0.0	8.94087463806391	0.16364343644399415	1.4631154505877306	9.75515104328416e-13
144.55116659372186	1	1	1	1	4	0	144.55116659372186	12.0	0	3.024718162302714e-05	0.8180717445663199	1.3173562688598606	10.479160016693028	0.0	1.512359081151358	0.0	8.96680093554167	0.1686620559576411	1.512359081151358	9.632319150520493e-13
157.41450874719058	1	1	1	1	4	0	157.41450874719058	13.0	0	3.128113174610878e-05	0.8151695950238911	1.4492527273105449	10.559389033961331	0.0	1.5640565873054395	0.0	8.99533244665589	0.17387423939922245	1.5640565873054395	9.959230486755918e-13
170.4058675216809	1	1	1	1	4	0	170.4058675216809	14.0	0	3.2648466334180876e-05	0.9276982702934928	1.1477745385088791	10.660807983697234	0.0	1.6324233167090445	0.0	9.02838466698819	0.18081012018439066	1.6324233167090445	1.0787573811210055e-12
183.52558624759342	1	1	1	1	4	0	183.52558624759342	15.0	0	3.397866212992837e-05	0.8401444999466766	1.1470467054648597	10.757481231753225	0.0	1.6989331064964193	0.0	9.058548125256806	0.18755026556181764	1.6989331064964193	1.3006694058058434e-12
196.77397021950497	1	1	1	1	4	0	196.77397021950497	16.0	0	3.5717318733108175e-05	1.0243896457290724	1.346620022351633	10.883179620833575	0.0	1.7858659366554093	0.0	9.097313684178168	0.1963069537506819	1.7858659366554093	1.4279067183528986e-12
210.1512866057031	1	1	1	1	4	0	210.1512866057031	17.0	0	3.750682692335395e-05	0.9699361396082516	1.1242968029321034	11.013386792723434	0.0	1.8753413461676984	0.0	9.138045446555736	0.20522346459488688	1.8753413461676984	1.4948629752938081e-12
223.65776436901845	1	1	1	1	4	0	223.65776436901845	18.0	0	3.863375903542279e-05	0.6299020312292145	1.3341323851700355	11.096832266487992	0.0	1.9316879517711405	0.0	9.165144314716851	0.21076459741821515	1.9316879517711405	1.6419492159389414e-12
237.29359419897813	1	1	1	1	4	0	237.29359419897813	19.0	0	4.0075965250367176e-05	0.7445490543942194	1.213632777446897	11.206907863843188	0.0	2.0037982625183592	0.0	9.20310960132483	0.2177305660067227	2.0037982625183592	1.7684221879349374e-12
251.0589284553002	1	1	1	1	4	0	251.0589284553002	20.0	0	4.127811832588738e-05	0.6398820439668633	1.4074483778441311	11.303139067437954	0.0	2.0639059162943694	0.0	9.239233151143587	0.2233849803908141	2.0639059162943694	1.7789748184501303e-12
264.95388112274634	1	1	1	1	4	0	264.95388112274634	21.0	0	4.271975530676029e-05	0.7120376601438423	1.068621314197315	11.419035675296268	0.0	2.135987765338015	0.0	9.283047909958253	0.23009552315750365	2.135987765338015	2.154402536140109e-12
278.9785277773454	1	1	1	1	4	0	278.9785277773454	22.0	0	4.448886676604556e-05	0.8421867087818955	1.2945573966910529	11.564818925246087	0.0	2.2244433383022786	0.0	9.340375586943805	0.2381535215148797	2.2244433383022786	2.3261462276005678e-12
293.1329055639992	1	1	1	1	4	0	293.1329055639992	23.0	0	4.603962199320224e-05	0.6973485830117271	1.693841373381174	11.690358132858302	0.0	2.3019810996601118	0.0	9.38837703319819	0.2451947862255733	2.3019810996601118	2.3498119741181507e-12
307.41701318547484	1	1	1	1	4	0	307.41701318547484	24.0	0	3.927999752219821e-05	0.5513455651184861	1.4124031398389325	11.40756047048436	0.0	1.963999876109911	0.0	9.44356059437445	0.20797239097294196	1.963999876109911	2.184853107782647e-12
321.83081090278995	1	1	1	1	4	0	321.83081090278995	25.0	0	4.051515147106529e-05	0.8310003416193337	1.4274146552635552	11.543378023015974	0.0	2.025757573553265	0.0	9.517620449462708	0.21284286175412928	2.025757573553265	2.226307556862933e-12
336.3742205469876	1	1	1	1	4	0	336.3742205469876	26.0	0	4.194684166127643e-05	0.96340393812125	1.2816179008662416	11.69675210780968	0.0	2.0973420830638214	0.0	9.59941002474586	0.2184865609091792	2.0973420830638214	2.350989737165752e-12
351.0471255422998	1	1	1	1	4	0	351.0471255422998	27.0	0	4.3554946273426096e-05	0.9230163098743128	1.3214880859609173	11.849916948590009	0.0	2.177747313671305	0.0	9.672169634918703	0.22515602970910972	2.177747313671305	2.4324550361992313e-12
365.84937094069124	1	1	1	1	4	0	365.84937094069124	28.0	0	4.4605776503378006e-05	0.5514843773377228	1.0933275722905968	11.944132466863348	0.0	2.2302888251689006	0.0	9.713843641694448	0.22959900400248334	2.2302888251689006	2.604075022321104e-12
380.78076346777357	1	1	1	1	4	0	380.78076346777357	29.0	0	4.550683366995652e-05	0.4732193867987037	1.0110663808601357	12.02260989247184	0.0	2.2753416834978264	0.0	9.747268208974011	0.23343378213425875	2.2753416834978264	2.611861327821996e-12
395.84107158007737	1	1	1	1	4	0	395.84107158007737	30.0	0	3.9272021128591714e-05	0.8654360810815408	1.0992569333398747	11.804933654146822	0.0	1.9636010564295865	0.0	9.841332597717237	0.1995259317711767	1.9636010564295865	2.7878606190866443e-12
411.03002553366304	1	1	1	1	4	0	411.03002553366304	31.0	0	4.035726555505036e-05	0.7768182510108892	1.2608076149040497	11.935844461349593	0.0	2.017863277752518	0.0	9.917981183597076	0.2034550419484336	2.017863277752518	2.578665267638021e-12
426.3473174640513	1	1	1	1	4	0	426.3473174640513	32.0	0	4.147610934344314e-05	0.7543942067442527	1.3637577492581727	12.067056035330825	0.0	2.073805467172157	0.0	9.993250568158668	0.2075206113394064	2.073805467172157	2.6501497813715516e-12
441.79260147745117	1	1	1	1	4	0	441.79260147745117	33.0	0	4.266417164314544e-05	0.8256660937871295	1.2753076579377165	12.215963006410801	0.0	2.1332085821572724	0.02656852279301265	10.056185901460514	0.214771000269258	2.159777104950285	2.7785799290106208e-12
457.365493753255	1	1	1	1	4	0	457.365493753255	34.0	0	4.391010980159433e-05	1.005872865491873	1.2931753850715628	12.379332605387043	0.0	2.1955054900797166	0.06989284910146623	10.11393426620586	0.22398784484398515	2.265398339181183	3.231234179957785e-12
473.0655726577729	1	1	1	1	4	0	473.0655726577729	35.0	0	4.507956786574262e-05	0.9127886912901506	1.3853343409053729	12.538846466614144	0.0	2.253978393287131	0.12014676888532902	10.164721304441683	0.2335651997792637	2.37412516217246	3.4395213632899343e-12
488.8923788691719	1	1	1	1	4	0	488.8923788691719	36.0	0	3.870151771830024e-05	0.6261521847048747	1.34264528103129	12.31583816702178	0.0	1.9350758859150123	0.17132469640422984	10.209437584702536	0.2063189636885972	2.106400582319242	3.439639618239174e-12
504.8454155135833	1	1	1	1	4	0	504.8454155135833	37.0	0	3.9196246896845385e-05	0.7094309913563821	1.232654694664739	12.436523422262812	0.008689422187139478	1.9598123448422693	0.21926146117234274	10.24876019406106	0.21261828404155067	2.187763228201752	3.4290426306269014e-12
520.9241483123367	1	1	1	1	4	0	520.9241483123367	38.0	0	3.9872483200904094e-05	0.7006780132444801	1.1216767625301185	12.605979654696062	0.030562982807803882	1.9936241600452052	0.2817013900908553	10.300091121752198	0.2209034389347221	2.305888532943864	4.287438236898569e-12
537.1280057402779	1	1	1	1	4	0	537.1280057402779	39.0	0	4.08989115150152e-05	0.9251016365950012	1.0670625029464882	12.849503024268284	0.06825676392977345	2.04494557575076	0.3750715304188559	10.361229154168893	0.23356467366576	2.4882738700993894	5.209735117473145e-12
553.4563791951257	1	1	1	1	4	0	553.4563791951257	40.0	0	4.1883291843817896e-05	0.8281897198038879	1.3114459637684903	13.076992303538956	0.1089721358846482	2.094164592190895	0.4612935038395034	10.412562071623912	0.24542068306075	2.6644302319150466	5.843672832543941e-12
569.9086231778117	1	1	1	1	4	0	569.9086231778117	41.0	0	3.8116451294446975e-05	0.627122364504334	1.1273788655662187	13.098997680061794	0.16433160279588074	1.905822564722349	0.5584264790513269	10.470417033492236	0.2353534759781928	2.6285806465695565	6.402045005077603e-12
586.4840554837581	1	1	1	1	4	0	586.4840554837581	42.0	0	3.8869685546734537e-05	0.6285353225801246	1.1603612281318585	13.397694845371475	0.2438730429778451	1.9434842773367271	0.6681585692964136	10.542178955760493	0.2477327369979883	2.8555158896109862	6.9139357328870555e-12
603.1819574050269	1	1	1	1	4	0	603.1819574050269	43.0	0	3.956483904076053e-05	0.4335077992745894	1.0307675653260329	13.641626348173904	0.3188699428446001	1.9782419520380263	0.7422641263458978	10.60225032694538	0.2565970425608439	3.039376021228525	8.060846555521293e-12
620.0015739432909	1	1	1	1	4	0	620.0015739432909	44.0	0	4.056965769901416e-05	0.6829933022305859	1.0772119350978695	13.981145264074245	0.4335936875923654	2.028482884950708	0.8335425696204927	10.685526121910678	0.2678413231055245	3.2956191421635666	8.990264467539005e-12
636.9421140335545	1	1	1	1	4	0	636.9421140335545	45.0	0	4.196386082117889e-05	0.9995882378789728	1.1145963962777432	14.401212866654696	0.5689790002144425	2.0981930410589444	0.9580443237995652	10.775996501581744	0.28361528925978235	3.625216365072952	1.0508555558780904e-11
654.0027507785644	1	1	1	1	4	0	654.0027507785644	46.0	0	4.3494301760608316e-05	0.8592938289997133	1.0913089476709996	14.835509517833454	0.7088412053772507	2.1747150880304162	1.088837298810624	10.863115925615165	0.3004250722525756	3.9723935922182902	1.1956925723209464e-11
671.1826216938364	1	1	1	1	4	0	671.1826216938364	47.0	0	3.889448852745381e-05	0.6355154890636586	1.1474152449149393	15.100558014238255	0.9107933064959348	1.9447244263726904	1.2634701590800623	10.98157012228957	0.2921435231689683	4.118987891948688	1.3366248907154134e-11
688.4808289632283	1	1	1	1	4	0	688.4808289632283	48.0	0	4.0133858615182646e-05	0.7014183773296787	1.2006352245668297	15.671443948546223	1.1340547224592576	2.006692930759133	1.4247666802126941	11.105929615115139	0.3089754509430367	4.565514333431084	1.3999814442405011e-11
705.8964397049822	1	1	1	1	4	0	705.8964397049822	49.0	0	4.154533715628707e-05	0.7214399766296686	1.1199968413434245	16.246640709883856	1.375853669290157	2.0772668578143536	1.5587623013596938	11.234757881419652	0.323641078655323	5.011882828464204	1.614945390473603e-11
723.4284862481575	1	1	1	1	4	0	723.4284862481575	50.0	0	4.3370545984967876e-05	0.6047451150890232	1.1253890012758727	16.874462930258122	1.6177792302394969	2.1685272992483946	1.7293357894044368	11.3588206113658	0.3431573771622534	5.515642318892327	1.7900304715763263e-11
741.0759664193733	1	1	1	1	4	0	741.0759664193733	51.0	0	4.551871339164361e-05	0.5599437651075395	1.1744980120509962	17.54981656739858	1.868271816481236	2.2759356695821813	1.9224667753362812	11.48314230599888	0.365614422693794	6.066674261399697	1.9607273180260298e-11
758.8378438397727	1	1	1	1	4	0	758.8378438397727	52.0	0	4.7952796678757847e-05	0.5929291209423715	1.1573505157470003	18.277604758154983	2.1383684263512737	2.3976398339378933	2.12807650237596	11.613519995489854	0.3896937653761674	6.664084762665127	2.181067957620542e-11
776.7130482321257	1	1	1	1	4	0	776.7130482321257	53.0	0	4.08235912644552e-05	0.5524230112632241	1.132721580918553	18.639006235600146	2.471712375328105	2.0411795632227605	2.3553938201603692	11.77072047688891	0.3735177801575981	6.8682857587112345	2.5197496278196692e-11
794.7004757379742	1	1	1	1	4	0	794.7004757379742	54.0	0	4.227874859229701e-05	0.5144712385744118	1.1456234667463068	19.300419116839915	2.7661279102446317	2.1139374296148503	2.513428097493189	11.906925679487244	0.388628068375355	7.393493437352673	2.4628994951138982e-11
812.7989892447298	1	1	1	1	4	0	812.7989892447298	55.0	0	4.466589857040029e-05	0.5577947761365065	1.1290277306917302	20.171437792142907	3.130815947030856	2.233294928520014	2.7342489748608303	12.073077941731205	0.41145629369377934	8.098359850411699	2.7708317935514013e-11
831.0074187226242	1	1	1	1	4	0	831.0074187226242	56.0	0	4.7856686569316635e-05	0.6632608125785605	1.2152451856794566	21.22366977748055	3.5513032455671096	2.392834328465832	3.0170954609980263	12.262436742449578	0.4411790171145996	8.961233035030967	3.225452629009897e-11
849.3245615714155	1	1	1	1	4	0	849.3245615714155	57.0	0	5.140277665703288e-05	0.506356997051285	1.135101367467979	22.327470957865764	3.989107295279482	2.570138832851644	3.3102195511618118	12.45800527857282	0.4720144399141808	9.869465679292938	3.422609048769567e-11
867.7491829767432	1	1	1	1	4	0	867.7491829767432	58.0	0	4.2146686992483835e-05	0.4117596113142369	1.1379497648630164	22.71382384042936	4.404982412934674	2.1073343496241916	3.5585859100649544	12.642921167805538	0.4481496154636385	10.07090267262382	3.418993920913829e-11
886.2800162760308	1	1	1	1	4	0	886.2800162760308	59.0	0	4.496022963731049e-05	0.5460302821390154	1.1744009674820246	23.98831680911203	5.001992440483353	2.2480114818655244	3.830248792767735	12.908064093995414	0.4708886034630669	11.080252715116613	4.033992481951135e-11
