11.247441493196291	1	1	1	1	4	0	11.247441493196291	1.0	0	0.0			15.0	0.0	0.0	0.0	0.0		0.0	0.0
11.367595075476835	1	1	1	1	4	0	11.367595075476835	1.0	0	0.0			15.0	0.0	0.0	0.0	0.0		0.0	0.0
22.856168219862568	1	1	1	1	4	0	22.856168219862568	2.0	0	0.0			14.552750241652504	0.0	0.0	0.0	0.7285827694774977	0.0	0.0	0.0
34.4665080713728	1	1	1	1	4	0	34.4665080713728	3.0	0	0.0			13.791431040067982	0.0	0.0	0.0	2.1993864847666735	0.0	0.0	0.0
46.1993671861199	1	1	1	1	4	0	46.1993671861199	4.0	0	0.0			12.713098668736418	0.0	0.0	0.0	4.42587529936556	0.0	0.0	0.0
58.05546181511435	1	1	1	1	4	0	58.05546181511435	5.0	0	0.0			11.314922877436091	0.0	0.0	0.0	7.421310407022852	0.0	0.0	0.0
70.03547169202406	1	1	1	1	4	0	70.03547169202406	6.0	0	2.500826149469408e-05			10.075555122184273	0.0	1.2504130747347042	0.0	8.825142047449571	0.14168758621806754	1.2504130747347042	0.0
82.14003983175478	1	1	1	1	4	0	82.14003983175478	7.0	0	2.7440464738996623e-05	0.5914635397759402	1.3701636917171005	10.283546703411805	0.0	1.3720232369498315	0.0	8.911523466461974	0.1539605705032776	1.3720232369498315	1.1480621536368107e-12
94.36977233991071	1	1	1	1	4	0	94.36977233991071	8.0	0	3.102671126494015e-05	0.7072053238978252	1.261318959595238	10.567778969948993	0.0	1.5513355632470078	0.0	9.016443406701985	0.17205626356994486	1.5513355632470078	1.4161514644686737e-12
106.72523823319248	1	1	1	1	4	0	106.72523823319248	9.0	0	3.668726407310845e-05	0.94665540082712	1.2946215988398215	11.001907175351834	0.0	1.8343632036554225	0.0	9.16754397169641	0.20009319936929434	1.8343632036554225	1.9277755397971855e-12
119.20696927078512	1	1	1	1	4	0	119.20696927078512	10.0	0	4.4463383256292877e-05	1.1463480504368049	1.2751919328296029	11.590746931216525	0.0	2.2231691628146444	0.0	9.36757776840188	0.2373259360935009	2.2231691628146444	2.476674897303271e-12
131.81545979678634	1	1	1	1	4	0	131.81545979678634	11.0	0	5.403516113008419e-05	1.1246984208610258	1.2418036411645226	12.315151694134364	0.0	2.7017580565042096	0.0	9.613393637630153	0.28104103070622144	2.7017580565042096	3.280893147471571e-12
144.55116659372186	1	1	1	1	4	0	144.55116659372186	12.0	0	6.552367122903224e-05	1.0450024716658568	1.2832574006737063	13.192006698077295	0.0	3.2761835614516115	0.0	9.915823136625683	0.3303995559733717	3.2761835614516115	3.927184814704069e-12
157.41450874719058	1	1	1	1	4	0	157.41450874719058	13.0	0	7.864673609782636e-05	0.9571028720943178	1.2909692313158778	14.210286569096178	0.0	3.932336804891317	0.0	10.277949764204863	0.38259934083220704	3.932336804891317	4.572574021655243e-12
170.4058675216809	1	1	1	1	4	0	170.4058675216809	14.0	0	9.540142800469023e-05	0.9570196421803222	1.125178601761006	15.453027936985276	0.0	4.770071400234513	0.0	10.682956536750764	0.4465122912205853	4.770071400234513	5.5003126087469235e-12
183.52558624759342	1	1	1	1	4	0	183.52558624759342	15.0	0	0.00011236978193975994	0.7414752940301867	1.06990767515523	16.686219241837538	0.0	5.6184890969879975	0.0	11.06773014484954	0.5076460144452121	5.6184890969879975	6.536858673853968e-12
196.77397021950497	1	1	1	1	4	0	196.77397021950497	16.0	0	0.00013256292927176278	0.7406946529297859	1.1455251206490715	18.146108495099405	0.0	6.628146463588139	0.0	11.517962031511269	0.5754617392777134	6.628146463588139	7.878736969867777e-12
210.1512866057031	1	1	1	1	4	0	210.1512866057031	17.0	0	0.00016096280378945032	0.8938199423159491	1.2678444339488857	20.21252392875385	0.0	8.048140189472516	0.0	12.164383739281329	0.6616151185269991	8.048140189472516	1.528490334010639e-11
223.65776436901845	1	1	1	1	4	0	223.65776436901845	18.0	0	0.0001922869396443381	0.8046306383958034	1.4238691316712302	22.53196919851183	0.0	9.614346982216905	0.0	12.917622216294928	0.7442814800767971	9.614346982216905	1.747650862394069e-11
237.29359419897813	1	1	1	1	4	0	237.29359419897813	19.0	0	0.00023225674072635638	0.8890294349219874	1.2994697504152015	25.58264231632341	0.0	11.61283703631782	0.0	13.96980528000559	0.8312812386110205	11.61283703631782	2.372811329176625e-11
251.0589284553002	1	1	1	1	4	0	251.0589284553002	20.0	0	0.00027509776553440976	0.800404148134059	1.1648391281494122	29.012025366171926	0.0	13.754888276720491	0.0	15.257137089451444	0.9015379619437526	13.754888276720491	2.7566670404676768e-11
264.95388112274634	1	1	1	1	4	0	264.95388112274634	21.0	0	0.00033064311973760935	0.8897671515090122	1.2156581875408734	33.47744781291117	0.0	16.532155986880472	0.0	16.945291826030694	0.9756194320291623	16.532155986880472	3.726877328148444e-11
278.9785277773454	1	1	1	1	4	0	278.9785277773454	22.0	0	0.0003905711761999564	0.7992932849958335	1.1120948698248154	38.41580643831206	0.0	19.528558809997822	0.0	18.88724762831424	1.033954718776609	19.528558809997822	4.284340990546965e-11
293.1329055639992	1	1	1	1	4	0	293.1329055639992	23.0	0	0.00047195574086739687	0.9527306121642204	1.2213131498397858	45.00417936867372	0.0	23.59778704336984	0.0	21.406392325303873	1.1023710434137746	23.59778704336984	6.908178142146928e-11
307.41701318547484	1	1	1	1	4	0	307.41701318547484	24.0	0	0.0005626293808848391	0.8188032813795613	1.1766108130728474	52.340919322770596	0.0	28.131469044241967	0.0	24.209450278528625	1.1620036275334915	28.131469044241967	7.851737371135127e-11
321.83081090278995	1	1	1	1	4	0	321.83081090278995	25.0	0	0.0006763770522774222	0.879057073742216	1.089390922089323	61.68466335069448	0.0	33.818852613871115	0.0	27.865810736823363	1.2136324664396392	33.818852613871115	1.0742319679063694e-10
336.3742205469876	1	1	1	1	4	0	336.3742205469876	26.0	0	0.0008075437673625861	0.8657532188052979	1.2079062347923	72.81437509000094	0.0	40.37718836812931	0.0	32.437186721871626	1.2447808348590206	40.37718836812931	1.2641314646873298e-10
351.0471255422998	1	1	1	1	4	0	351.0471255422998	27.0	0	0.0009695935540631877	0.8836672432320299	1.193465426509469	86.38816994888248	0.0	48.479677703159396	0.0	37.908492245723075	1.2788606148963622	48.479677703159396	1.5661567304037171e-10
365.84937094069124	1	1	1	1	4	0	365.84937094069124	28.0	0	0.0011572806125282518	0.8422995964348969	1.1937278948516103	102.32332618984172	0.0	57.864030626412585	0.0	44.459295563429116	1.3015057907037508	57.864030626412585	2.2510641923069493e-10
380.78076346777357	1	1	1	1	4	0	380.78076346777357	29.0	0	0.0013835892016583616	0.8746381794235469	1.2055585296036784	122.03363550957027	0.0	69.17946008291808	0.0	52.85417542665221	1.308874077109028	69.17946008291808	2.8115562592319766e-10
395.84107158007737	1	1	1	1	4	0	395.84107158007737	30.0	0	0.0016421170450532274	0.8112667353449613	1.1437691821540537	144.38748974573966	0.0	82.10585225266139	0.0	62.28163749307827	1.3182995110201832	82.10585225266139	3.1766747028223087e-10
411.03002553366304	1	1	1	1	4	0	411.03002553366304	31.0	0	0.001961993263515084	0.8739821254622006	1.145600798682905	172.36658686434112	0.0	98.0996631757542	0.0	74.2669236885869	1.3209065126637236	98.0996631757542	4.0604323627064487e-10
426.3473174640513	1	1	1	1	4	0	426.3473174640513	32.0	0	0.0023279705898614253	0.8414839299973847	1.1494459281754046	205.409121903788	0.0	116.39852949307131	0.0	89.01059241071671	1.3076930097934856	116.39852949307131	4.789256606899579e-10
441.79260147745117	1	1	1	1	4	0	441.79260147745117	33.0	0	0.002701249589688406	0.8355853457736365	1.1751083834418723	244.65494782653926	0.0	135.0624794844203	6.10956961705496	103.482898725064	1.3642065581922354	141.17204910147527	5.73558884139212e-10
457.365493753255	1	1	1	1	4	0	457.365493753255	34.0	0	0.003101430771518149	0.9023334106780412	1.1732321568832975	292.6896784727226	0.0	155.07153857590745	18.122639881533672	119.4955000152815	1.449378248011787	173.19417845744113	8.669707310286332e-10
473.0655726577729	1	1	1	1	4	0	473.0655726577729	35.0	0	0.00350294613533824	0.8745275220493364	1.185223218045447	347.4562990027137	0.0	175.147306766912	35.376547057845094	136.9324451779566	1.5374285732732047	210.52385382475708	9.75421571928951e-10
488.8923788691719	1	1	1	1	4	0	488.8923788691719	36.0	0	0.003937727308957978	0.8630934580501881	1.150393222029352	409.22928088866587	0.0	196.88636544789887	56.742313223687894	155.60060221707903	1.6299980530778952	253.62867867158684	1.1169004003092546e-09
504.8454155135833	1	1	1	1	4	0	504.8454155135833	37.0	0	0.004381473115555478	0.865583016692482	1.1668196781293037	479.7234889116457	4.374825099650819	219.0736557777739	80.8768249538211	175.39818308039986	1.7101116754105845	304.3253058312458	1.3197997025410416e-09
520.9241483123367	1	1	1	1	4	0	520.9241483123367	38.0	0	0.004825895028300743	0.8788371696865694	1.1554044524863951	559.4010577386985	13.64006192272265	241.29475141503715	107.3252271448777	197.14101725606102	1.7683787139390783	362.26004048263746	1.4935516363195725e-09
537.1280057402779	1	1	1	1	4	0	537.1280057402779	39.0	0	0.005279489956550142	0.8981559987705708	1.158516378905719	649.983452026557	26.956823251760213	263.9744978275071	140.31177922314686	218.7403517241428	1.8482473574903382	431.2431003024142	1.7517673045675714e-09
553.4563791951257	1	1	1	1	4	0	553.4563791951257	40.0	0	0.005719073654641847	0.8824906441327117	1.158231916922498	748.8509296867278	44.51743817885425	285.9536827320923	177.4994751914468	240.8803335843344	1.923997492976237	507.97059610239336	2.364101353158196e-09
569.9086231778117	1	1	1	1	4	0	569.9086231778117	41.0	0	0.006192467617315705	0.8855895725225778	1.1483716259413757	856.9747445643213	66.74416783030713	309.6233808657852	216.49819574878688	264.10900011944216	1.9920622787433817	592.8657444448793	2.5282813823761448e-09
586.4840554837581	1	1	1	1	4	0	586.4840554837581	42.0	0	0.006711146503332451	0.8628386595458728	1.1602964331022854	975.2400489656368	94.87892608065123	335.5573251666225	255.31174783293042	289.49204988543283	2.0410545755345986	685.7479990802043	2.837232344004237e-09
603.1819574050269	1	1	1	1	4	0	603.1819574050269	43.0	0	0.007283691713720622	0.8899413925756873	1.1608088376560586	1106.8020582908189	131.7850109339817	364.1845856860312	291.77920157342754	319.0532600973786	2.0559695489688807	787.7487981934404	3.2116559136352804e-09
620.0015739432909	1	1	1	1	4	0	620.0015739432909	44.0	0	0.007847838724316792	0.8683915303708654	1.1492613440325543	1248.9153855161776	176.9585843276493	392.39193621583945	327.72096293756704	351.8439020351215	2.046682903947341	897.0714834810558	3.5183076704878486e-09
636.9421140335545	1	1	1	1	4	0	636.9421140335545	45.0	0	0.008414726242924156	0.8850856554154193	1.1600403864279178	1403.5783344981664	225.7706751644984	420.73631214620775	372.6090738901944	384.46227329726594	2.063519468977878	1019.1160612009004	3.782294552197063e-09
654.0027507785644	1	1	1	1	4	0	654.0027507785644	46.0	0	0.0090021187064125	0.8786645825299654	1.1586955314248284	1570.2640087037548	279.4506330922591	450.105935320625	422.8082065841732	417.8992337066977	2.0888148900446475	1152.364774997057	4.742381612489535e-09
671.1826216938364	1	1	1	1	4	0	671.1826216938364	47.0	0	0.009653757343265635	0.8802933249568667	1.166604348791544	1749.5785853036978	339.3104753467833	482.6878671632818	474.5704581788798	453.0097846147527	2.113107393819828	1296.568800688945	5.172737841786346e-09
688.4808289632283	1	1	1	1	4	0	688.4808289632283	48.0	0	0.010367776541667735	0.8740583559523254	1.1554036730566069	1944.0311123858544	408.95458181109007	518.3888270833868	524.8852519000156	491.8024515913618	2.121327528172344	1452.2286607944925	5.7435710998866256e-09
705.8964397049822	1	1	1	1	4	0	705.8964397049822	49.0	0	0.01107427061227198	0.8877724590144814	1.1620653368009757	2162.0499528798405	486.4140737268004	553.7135306135991	567.810305416627	533.072160095543	2.103887465871814	1607.9379097570263	6.277693191398216e-09
723.4284862481575	1	1	1	1	4	0	723.4284862481575	50.0	0	0.011830984019672494	0.8957538970561211	1.1567286886159482	2396.1680649889145	568.156919004065	591.5492009836247	625.4444065299216	574.9910069460688	2.116543724705062	1785.1505265176113	6.7972492425637005e-09
741.0759664193733	1	1	1	1	4	0	741.0759664193733	51.0	0	0.012566022966218338	0.8647207546212209	1.1612210737555029	2641.2406707565547	653.8680261256459	628.3011483109169	691.5280813885691	617.5301904249321	2.1372707766583705	1973.697255825132	7.999503514920096e-09
758.8378438397727	1	1	1	1	4	0	758.8378438397727	52.0	0	0.013371223963920063	0.8734293038990429	1.1604328359350318	2908.2699966759965	743.2166777903334	668.5611981960033	759.5443067272705	660.6594646826921	2.1616363365189626	2171.3221827136067	8.787459808267793e-09
776.7130482321257	1	1	1	1	4	0	776.7130482321257	53.0	0	0.014196466148107175	0.8751070629366602	1.1659209038414071	3202.424509154041	835.8564732726126	709.8233074053587	822.7181843205652	704.3471347040738	2.1758326487262702	2368.397964998537	9.56482642490337e-09
794.7004757379742	1	1	1	1	4	0	794.7004757379742	54.0	0	0.01498967453233564	0.8751077069077248	1.1670764460056005	3524.1943728697947	931.4252894530679	749.4837266167822	874.0169339090116	748.5600529307986	2.1688315508814364	2554.925949978862	1.0256537649936108e-08
812.7989892447298	1	1	1	1	4	0	812.7989892447298	55.0	0	0.015845884228118702	0.8719059808474542	1.1632555623397052	3866.675922925079	1029.5452609024983	792.294211405935	933.4291876634503	793.2636175755375	2.175472769498413	2755.268659971884	1.079377114323042e-08
831.0074187226242	1	1	1	1	4	0	831.0074187226242	56.0	0	0.016684709130518127	0.8801910761825655	1.1512168954361095	4232.971023898855	1129.8227793797482	834.2354565259061	1000.882220938372	838.4217726588579	2.1887762666809487	2964.9404568440264	1.3141168810761986e-08
849.3245615714155	1	1	1	1	4	0	849.3245615714155	57.0	0	0.01751108897602609	0.8621000299418934	1.1535936803024391	4616.706324496447	1231.8485130793324	875.5544488013045	1069.1917771967737	883.9970097989342	2.199946611177353	3176.594739077411	1.3326544036381123e-08
867.7491829767432	1	1	1	1	4	0	867.7491829767432	58.0	0	0.01834770915900822	0.8670233450448105	1.149367782518755	5030.312883114353	1335.1974459400826	917.3854579504108	1130.913186007848	929.9503717816127	2.2025891984258235	3383.496089898341	1.4203700423542195e-08
886.2800162760308	1	1	1	1	4	0	886.2800162760308	59.0	0	0.019137399944354882	0.8770402928039046	1.1464694658086845	5484.934768671534	1439.428937300295	956.869997217744	1178.3425860257844	976.2414579361557	2.187176713184789	3574.6415205438234	1.5329044597143503e-08
