11.247441493196291	1	1	1	1	4	0	11.247441493196291	1.0	0	0.0			15.0	0.0	0.0	0.0	0.0		0.0	0.0
11.367595075476835	1	1	1	1	4	0	11.367595075476835	1.0	0	0.0			15.0	0.0	0.0	0.0	0.0		0.0	0.0
22.856168219862568	1	1	1	1	4	0	22.856168219862568	2.0	0	0.0			14.552750241652504	0.0	0.0	0.0	0.7285827694774977	0.0	0.0	0.0
34.4665080713728	1	1	1	1	4	0	34.4665080713728	3.0	0	0.0			13.791431040067982	0.0	0.0	0.0	2.1993864847666735	0.0	0.0	0.0
46.1993671861199	1	1	1	1	4	0	46.1993671861199	4.0	0	0.0			12.713098668736418	0.0	0.0	0.0	4.42587529936556	0.0	0.0	0.0
58.05546181511435	1	1	1	1	4	0	58.05546181511435	5.0	0	0.0			11.314922877436091	0.0	0.0	0.0	7.421310407022852	0.0	0.0	0.0
70.03547169202406	1	1	1	1	4	0	70.03547169202406	6.0	0	2.500826149469408e-05			10.075555122184273	0.0	1.2504130747347042	0.0	8.825142047449571	0.14168758621806754	1.2504130747347042	0.0
82.14003983175478	1	1	1	1	4	0	82.14003983175478	7.0	0	2.8676287824190874e-05	0.7828639635104802	1.2801274630525925	10.389228988890686	0.0	1.433814391209544	0.0	8.955414597681141	0.16010586395193885	1.433814391209544	1.4754087004017712e-12
94.36977233991071	1	1	1	1	4	0	94.36977233991071	8.0	0	3.274589424915225e-05	0.6776753775039581	1.2819520494834076	10.711770523532325	0.0	1.6372947124576127	0.0	9.074475811074711	0.18042857202389792	1.6372947124576127	1.5448127165593144e-12
106.72523823319248	1	1	1	1	4	0	106.72523823319248	9.0	0	3.8192246536255484e-05	0.748946427077311	1.5000874882756028	11.129470918620925	0.0	1.9096123268127747	0.0	9.21985859180815	0.2071194810416579	1.9096123268127747	1.889164212302273e-12
119.20696927078512	1	1	1	1	4	0	119.20696927078512	10.0	0	4.708371963079109e-05	1.0763430028141163	1.209264062847467	11.802769864139366	0.0	2.354185981539555	0.0	9.448583882599813	0.2491575468652973	2.354185981539555	2.7486202602055583e-12
131.81545979678634	1	1	1	1	4	0	131.81545979678634	11.0	0	5.581553695939802e-05	0.7824600962919024	1.167009688067289	12.463605306120426	0.0	2.7907768479699016	0.0	9.67282845815052	0.2885171447053149	2.7907768479699016	3.1140918807766457e-12
144.55116659372186	1	1	1	1	4	0	144.55116659372186	12.0	0	6.693513750376644e-05	0.8376240189472798	1.101123453062223	13.312303465864286	0.0	3.3467568751883228	0.0	9.965546590675963	0.3358327458244628	3.3467568751883228	3.850452548626785e-12
157.41450874719058	1	1	1	1	4	0	157.41450874719058	13.0	0	8.3951553028194e-05	1.342231516940123	1.1344998673339852	14.632686591198185	0.0	4.1975776514097	0.0	10.435108939788485	0.4022552783713232	4.1975776514097	5.499937317999796e-12
170.4058675216809	1	1	1	1	4	0	170.4058675216809	14.0	0	9.946896379515186e-05	0.7096153024401802	1.2206604023398355	15.783655429647913	0.0	4.973448189757593	0.0	10.810207239890321	0.460069643383456	4.973448189757593	5.2864590798989626e-12
183.52558624759342	1	1	1	1	4	0	183.52558624759342	15.0	0	0.00011896168820434678	0.7329983811828668	1.1790022259536617	17.200307766184753	0.0	5.94808441021734	0.0	11.252223355967416	0.5286141433606435	5.94808441021734	7.1457632878635006e-12
196.77397021950497	1	1	1	1	4	0	196.77397021950497	16.0	0	0.00014288020908643457	0.7468835127738306	1.1476269931311136	18.929527635458907	0.0	7.1440104543217275	0.0	11.785517181137172	0.6061686003695944	7.1440104543217275	8.865702202549653e-12
210.1512866057031	1	1	1	1	4	0	210.1512866057031	17.0	0	0.0001778754595058881	0.92655028875876	1.1428766445662637	21.475832039949236	0.0	8.893772975294404	0.0	12.582059064654837	0.7068614866288891	8.893772975294404	1.8952263241183488e-11
223.65776436901845	1	1	1	1	4	0	223.65776436901845	18.0	0	0.0002177517374184981	0.8353884919276544	1.1378695100816296	24.428534218500356	0.0	10.887586870924904	0.0	13.54094734757545	0.8040491253275837	10.887586870924904	2.4556897152051344e-11
237.29359419897813	1	1	1	1	4	0	237.29359419897813	19.0	0	0.0002661725831623744	0.9006202638322041	1.1510796314731524	28.12422867916154	0.0	13.30862915811872	0.0	14.815599521042822	0.8982848881151433	13.30862915811872	3.087313657702995e-11
251.0589284553002	1	1	1	1	4	0	251.0589284553002	20.0	0	0.0003234309542766412	0.8509285805146087	1.1724183313397054	32.70770650773791	0.0	16.171547713832062	0.0	16.536158793905848	0.9779506785936186	16.171547713832062	3.567298390509226e-11
264.95388112274634	1	1	1	1	4	0	264.95388112274634	21.0	0	0.0003951586715678959	0.8789049174485181	1.0972026229888778	38.4740674111901	0.0	19.7579335783948	0.0	18.716133832795308	1.0556631917097106	19.7579335783948	4.684643032771626e-11
278.9785277773454	1	1	1	1	4	0	278.9785277773454	22.0	0	0.0004794357628573562	0.8580772517468954	1.2141405686376958	45.418903023446255	0.0	23.97178814286781	0.0	21.447114880578447	1.1177162185378884	23.97178814286781	6.290789114333697e-11
293.1329055639992	1	1	1	1	4	0	293.1329055639992	23.0	0	0.0005885991790596761	0.8992976798934985	1.221890859920262	54.25607379694677	0.0	29.42995895298381	0.0	24.82611484396297	1.1854435999332522	29.42995895298381	9.270993266667505e-11
307.41701318547484	1	1	1	1	4	0	307.41701318547484	24.0	0	0.0007214802943074351	0.8924507137092894	1.1862009626405658	65.00797685494297	0.0	36.07401471537176	0.0	28.933962139571207	1.246770647634032	36.07401471537176	1.115867592417827e-10
321.83081090278995	1	1	1	1	4	0	321.83081090278995	25.0	0	0.0008769930026483705	0.8358677768691537	1.1816481865470705	77.78248838592482	0.0	43.849650132418525	0.0	33.932838253506276	1.2922482288344257	43.849650132418525	1.4520190195742757e-10
336.3742205469876	1	1	1	1	4	0	336.3742205469876	26.0	0	0.0010600338223893512	0.8291180455020596	1.1787626561321431	93.31380331533173	0.0	53.001691119467544	0.0	40.312112195864174	1.3147832805671062	53.001691119467544	1.7198205192863396e-10
351.0471255422998	1	1	1	1	4	0	351.0471255422998	27.0	0	0.0012923671759454086	0.8605301028978991	1.1526589457811791	112.77476864120716	0.0	64.61835879727043	0.0	48.15640984393673	1.3418433601400706	64.61835879727043	2.14630732592103e-10
365.84937094069124	1	1	1	1	4	0	365.84937094069124	28.0	0	0.0015708649595337386	0.8497470104978301	1.1434192658811162	136.4200094507485	0.0	78.54324797668696	0.0	57.87676147406154	1.3570774517487032	78.54324797668696	3.126354324830238e-10
380.78076346777357	1	1	1	1	4	0	380.78076346777357	29.0	0	0.001902619330289547	0.8475354241012085	1.1801474178510034	165.3141017647149	0.0	95.13096651447736	0.0	70.18313525023756	1.3554676087822015	95.13096651447736	4.0082202457984544e-10
395.84107158007737	1	1	1	1	4	0	395.84107158007737	30.0	0	0.002303407151213551	0.8295601062652022	1.1715628662658906	199.96859936512715	0.0	115.17035756067754	0.0	84.7982418044496	1.3581691684866306	115.17035756067754	4.850665461706984e-10
411.03002553366304	1	1	1	1	4	0	411.03002553366304	31.0	0	0.002816239703978953	0.8994418060907391	1.1917173869609503	244.82530008642345	0.0	140.8119851989476	0.0	104.0133148874758	1.3537880736834658	140.8119851989476	6.35833371859721e-10
426.3473174640513	1	1	1	1	4	0	426.3473174640513	32.0	0	0.003411246635772741	0.8670373930266365	1.1764445825778929	298.54594335355387	0.0	170.562331788637	0.0	127.98361156491688	1.3326888474476517	170.562331788637	7.749147402674835e-10
441.79260147745117	1	1	1	1	4	0	441.79260147745117	33.0	0	0.004037488038277664	0.8742977303679977	1.1701428002556045	364.38774286469635	0.0	201.87440191388316	10.249881315207636	152.26345963560556	1.3931397837455104	212.1242832290908	9.189185390530725e-10
457.365493753255	1	1	1	1	4	0	457.365493753255	34.0	0	0.004694108590606404	0.8811285341398235	1.154483409019127	443.2035213169629	0.0	234.70542953032023	29.961025143009977	178.5370666436327	1.482417403001335	264.6664546733303	1.3329982633709454e-09
473.0655726577729	1	1	1	1	4	0	473.0655726577729	35.0	0	0.005361424627352472	0.8656180677374191	1.1487369217490997	534.2253039215884	0.0	268.07123136762357	58.63691152936437	207.51716102460048	1.5743668681852183	326.70814289698797	1.6090785479755178e-09
488.8923788691719	1	1	1	1	4	0	488.8923788691719	36.0	0	0.006079882020247647	0.9057854075327152	1.152336629630762	643.9432910701164	0.0	303.99410101238243	93.94293117350132	238.36549634883443	1.669440578780435	397.9370321858837	1.8819663712255806e-09
504.8454155135833	1	1	1	1	4	0	504.8454155135833	37.0	0	0.006791431185781712	0.8829451980937263	1.1760208048218452	769.5125173829048	7.015059303619688	339.5715592890856	132.64277109722826	270.11104060738916	1.7482229875700823	479.2293896899336	2.209617085772997e-09
520.9241483123367	1	1	1	1	4	0	520.9241483123367	38.0	0	0.00745841836515961	0.8969428412512191	1.1596106839809577	915.9318504399953	20.920301141753512	372.9209182579805	172.3364600683579	302.7426260954298	1.8010591549617585	566.1776794680917	2.52036787688014e-09
537.1280057402779	1	1	1	1	4	0	537.1280057402779	39.0	0	0.008162041642653798	0.8693134122124869	1.1660924993502957	1070.2586049101922	41.57746167947757	408.1020821326898	223.50569596815373	336.2478387061155	1.8783995178415889	673.1852397803211	2.787251561441977e-09
553.4563791951257	1	1	1	1	4	0	553.4563791951257	40.0	0	0.008844353067592183	0.8983198704833162	1.1631470634972103	1247.8146595316125	68.8346330571118	442.2176533796092	281.22755857692766	370.6129951864769	1.952023327170516	792.2798450136487	3.782709177812601e-09
569.9086231778117	1	1	1	1	4	0	569.9086231778117	41.0	0	0.009561925950297258	0.8860432002413109	1.165321419040392	1442.1868417777164	102.52601851334668	478.0962975148629	340.342009834558	405.82312146870765	2.0167365141429707	920.9643258627676	4.250364674094648e-09
586.4840554837581	1	1	1	1	4	0	586.4840554837581	42.0	0	0.010298345345864816	0.8947700040809959	1.1456864043512134	1660.9151206177287	142.47170017444452	514.9172672932408	395.4494247230678	441.8619321283893	2.0602967257921385	1052.838392190753	4.733667459551529e-09
603.1819574050269	1	1	1	1	4	0	603.1819574050269	43.0	0	0.011012058401309468	0.8987405819640998	1.1505971701851825	1907.6048275132964	188.47742008486333	550.6029200654734	440.9083637923	478.711811020408	2.0712070624376233	1179.9887039426367	5.31602039669511e-09
620.0015739432909	1	1	1	1	4	0	620.0015739432909	44.0	0	0.011659670354969669	0.9183696243789152	1.1678909999345222	2183.7838345177843	240.3343750448304	582.9835177484832	482.1676700685518	516.3537931424665	2.06283211620206	1305.4855628618654	5.777685898868777e-09
636.9421140335545	1	1	1	1	4	0	636.9421140335545	45.0	0	0.012327278123275795	0.8922578270040931	1.1563997821516028	2467.5665718489417	297.8190258094122	616.3639061637897	535.0311581378974	554.7675477751268	2.075454970138955	1449.2140901110993	6.09103575659125e-09
654.0027507785644	1	1	1	1	4	0	654.0027507785644	46.0	0	0.013015275165808656	0.9198913616911062	1.1503576098340225	2775.1956629618744	360.69292119149117	650.7637582904329	593.8280562561815	593.9313629462656	2.0955145530161463	1605.2847357381054	7.577383394578943e-09
671.1826216938364	1	1	1	1	4	0	671.1826216938364	47.0	0	0.013755632842320016	0.9102193209648972	1.156287161803626	3098.0667775389893	428.702537597776	687.7816421160009	652.6376144289734	633.8221312666527	2.1148192693527954	1769.1217941427499	8.001067563006524e-09
688.4808289632283	1	1	1	1	4	0	688.4808289632283	48.0	0	0.014502792824019591	0.8898802922109996	1.1533345482600934	3443.8075976354053	501.57913451254234	725.1396412009793	705.2877398598179	674.4153371821027	2.120988806449044	1932.00651557334	8.698151790874593e-09
705.8964397049822	1	1	1	1	4	0	705.8964397049822	49.0	0	0.01520928689462383	0.9164107485608306	1.1618605177682375	3827.8882689076318	579.0386264282525	760.4643447311917	748.2127933764293	715.6850456862837	2.108018250766889	2087.715764535873	9.589813356541827e-09
723.4284862481575	1	1	1	1	4	0	723.4284862481575	50.0	0	0.015966000302024344	0.9057775105257014	1.1606489636830115	4219.644571721256	660.7814717055172	798.3000151012174	805.8468944897238	757.6038925368094	2.1173952845193456	2264.9283812964586	9.851137734280144e-09
741.0759664193733	1	1	1	1	4	0	741.0759664193733	51.0	0	0.01670103924857019	0.8945471292639225	1.145727992800016	4631.773429058516	746.4925788270981	835.0519624285096	871.9305693483716	800.1430760156727	2.1333466263019263	2453.4751106039794	1.1336361941771604e-08
758.8378438397727	1	1	1	1	4	0	758.8378438397727	52.0	0	0.017506240246271915	0.8855194829981737	1.1664257914601686	5062.80024263543	835.8412304917856	875.3120123135957	939.9467946870727	843.2723502734327	2.15263646010932	2651.1000374924547	1.2296850280453938e-08
776.7130482321257	1	1	1	1	4	0	776.7130482321257	53.0	0	0.018331482430459026	0.8903350771908806	1.1524116317382136	5519.5466454770885	928.4810259740648	916.5741215229514	1003.1206722803676	886.9600202948144	2.1643532401440555	2848.175819777384	1.3404402109631902e-08
794.7004757379742	1	1	1	1	4	0	794.7004757379742	54.0	0	0.01912469081468749	0.8882890720293327	1.1537645443687627	6008.905936946662	1024.0498421545199	956.2345407343747	1054.419421868814	931.1729385215393	2.159270184328579	3034.703804757709	1.4046878995104298e-08
812.7989892447298	1	1	1	1	4	0	812.7989892447298	55.0	0	0.01998090051047055	0.8996249862392172	1.1394275632953763	6526.062944782641	1122.1698136039506	999.0450255235277	1113.8316756232525	975.8765031662783	2.165106644428316	3235.046514750731	1.5134166276079972e-08
831.0074187226242	1	1	1	1	4	0	831.0074187226242	56.0	0	0.020819725412869968	0.902490604147814	1.1517488548912205	7066.0783077514125	1222.4473320812006	1040.9862706434983	1181.2847088981744	1021.0346582495987	2.1764892715310986	3444.718311622873	1.7179167492664225e-08
849.3245615714155	1	1	1	1	4	0	849.3245615714155	57.0	0	0.021646105258377943	0.8995959555800113	1.136816889052794	7630.27961930379	1324.473065780785	1082.3052629188971	1249.5942651565758	1066.6098953896746	2.1862721676921426	3656.372593856258	1.8079630495756666e-08
867.7491829767432	1	1	1	1	4	0	867.7491829767432	58.0	0	0.02248272544136007	0.902221190786748	1.1490654265083564	8229.887664035654	1427.8219986415347	1124.1362720680033	1311.3156739676504	1112.5632573723533	2.189045818201558	3863.273944677189	1.9443293218863075e-08
886.2800162760308	1	1	1	1	4	0	886.2800162760308	59.0	0	0.02327241622670673	0.8885564989523145	1.141584877609674	8861.40941611621	1532.0534900017474	1163.6208113353364	1358.7450739855865	1158.8543435268962	2.17660303851843	4054.419375322671	2.0296228955977172e-08
