11.247441493196291	1	1	1	1	4	0	11.247441493196291	1.0	0	0.0			15.0	0.0	0.0	0.0	0.0		0.0	0.0
11.367595075476835	1	1	1	1	4	0	11.367595075476835	1.0	0	0.0			15.0	0.0	0.0	0.0	0.0		0.0	0.0
22.856168219862568	1	1	1	1	4	0	22.856168219862568	2.0	0	0.0			14.552750241652504	0.0	0.0	0.0	0.7285827694774977	0.0	0.0	0.0
34.4665080713728	1	1	1	1	4	0	34.4665080713728	3.0	0	0.0			13.791431040067982	0.0	0.0	0.0	2.1993864847666735	0.0	0.0	0.0
46.1993671861199	1	1	1	1	4	0	46.1993671861199	4.0	0	0.0			12.713098668736418	0.0	0.0	0.0	4.42587529936556	0.0	0.0	0.0
58.05546181511435	1	1	1	1	4	0	58.05546181511435	5.0	0	0.0			11.314922877436091	0.0	0.0	0.0	7.421310407022852	0.0	0.0	0.0
70.03547169202406	1	1	1	1	4	0	70.03547169202406	6.0	0	2.500826149469408e-05			10.075555122184273	0.0	1.2504130747347042	0.0	8.825142047449571	0.14168758621806754	1.2504130747347042	0.0
82.14003983175478	1	1	1	1	4	0	82.14003983175478	7.0	0	3.0759306918326286e-05	0.8821481565083501	1.1984185580134121	10.567359840467851	0.0	1.5379653459163147	0.0	9.02939449455154	0.17032873542565274	1.5379653459163147	2.0002682466785388e-12
94.36977233991071	1	1	1	1	4	0	94.36977233991071	8.0	0	3.8928793094710054e-05	0.9235822549963668	1.0722360337229464	11.214842258522436	0.0	1.9464396547355027	0.0	9.268402603786932	0.21000810365533928	1.9464396547355027	2.5472329746350663e-12
106.72523823319248	1	1	1	1	4	0	106.72523823319248	9.0	0	4.6242565967260513e-05	0.5904700807180558	1.25049165980236	11.775761871762786	0.0	2.312128298363026	0.0	9.463633573399758	0.2443171832922528	2.312128298363026	2.3576895205420474e-12
119.20696927078512	1	1	1	1	4	0	119.20696927078512	10.0	0	5.700460389516941e-05	0.713946967338052	1.2076481067799774	12.590707686865539	0.0	2.8502301947584705	0.0	9.740477492107068	0.2926170916228775	2.8502301947584705	3.221623730748459e-12
131.81545979678634	1	1	1	1	4	0	131.81545979678634	11.0	0	7.0646756706827e-05	0.7186540451517779	1.5725773229329214	13.62316378891081	0.0	3.5323378353413504	0.0	10.09082595356946	0.35005438123643834	3.5323378353413504	4.3227387269190876e-12
144.55116659372186	1	1	1	1	4	0	144.55116659372186	12.0	0	9.110497905270549e-05	0.8893300529103392	1.2147528229952609	15.184627763025544	0.0	4.5552489526352735	0.0	10.62937881039027	0.4285526966244251	4.5552489526352735	6.1676148187276164e-12
157.41450874719058	1	1	1	1	4	0	157.41450874719058	13.0	0	0.00011826062128991738	0.9225806329510348	1.154040886295007	17.29176082616372	0.0	5.913031064495868	0.0	11.378729761667852	0.5196565160036949	5.913031064495868	8.162853565456742e-12
170.4058675216809	1	1	1	1	4	0	170.4058675216809	14.0	0	0.0001545236259035962	0.8878010749363088	1.209109442119029	19.981487155235147	0.0	7.726181295179812	0.0	12.255305860055339	0.6304356156758476	7.726181295179812	1.0368184875730995e-11
183.52558624759342	1	1	1	1	4	0	183.52558624759342	15.0	0	0.00020412955950030364	0.9147619337989126	1.2454311052187328	23.586645688268014	0.0	10.206477975015183	0.0	13.380167713252828	0.7628064306627368	10.206477975015183	1.5091339385485007e-11
196.77397021950497	1	1	1	1	4	0	196.77397021950497	16.0	0	0.0002693974145987235	0.8848250556285957	1.2651296927199718	28.30526823259159	0.0	13.469870729936176	0.0	14.835397502655413	0.9079548240972432	13.469870729936176	2.833140678287237e-11
210.1512866057031	1	1	1	1	4	0	210.1512866057031	17.0	0	0.0003521402082211295	0.8329988618469667	1.2037314567979307	34.32575207869225	0.0	17.607010411056475	0.0	16.718741667635776	1.0531301195436384	17.607010411056475	3.9896542590535283e-11
223.65776436901845	1	1	1	1	4	0	223.65776436901845	18.0	0	0.0004678042340750796	0.9174191745817206	1.16791464966781	42.89027813268869	0.0	23.390211703753987	0.0	19.50006642893471	1.1994939498794208	23.390211703753987	5.836815766753437e-11
237.29359419897813	1	1	1	1	4	0	237.29359419897813	19.0	0	0.0006116009441580532	0.8620098216900199	1.1879258887850093	53.86548306252321	0.0	30.580047207902666	0.0	23.285435854620548	1.31326926405093	30.580047207902666	7.862267791094401e-11
251.0589284553002	1	1	1	1	4	0	251.0589284553002	20.0	0	0.0007953384187185924	0.8814318438929356	1.1950694538189628	68.57349211933361	0.0	39.766920935929626	0.0	28.806571183403967	1.3804808869040313	39.766920935929626	1.0352681901214055e-10
264.95388112274634	1	1	1	1	4	0	264.95388112274634	21.0	0	0.0010268319437497881	0.8414191965589265	1.169881228283408	87.18380431875681	0.0	51.3415971874894	0.0	35.84220713126742	1.432434029507655	51.3415971874894	1.3693550009737248e-10
278.9785277773454	1	1	1	1	4	0	278.9785277773454	22.0	0	0.0013113427228428384	0.8104626472869867	1.1454732265944871	110.62885398153827	0.0	65.56713614214195	0.0	45.06171783939632	1.4550518552317209	65.56713614214195	2.1325672653768203e-10
293.1329055639992	1	1	1	1	4	0	293.1329055639992	23.0	0	0.001700884302623007	0.8554623349969451	1.1571301677901322	142.16364451535964	0.0	85.04421513115034	0.0	57.1194293842093	1.4888841861340596	85.04421513115034	3.120438285168887e-10
307.41701318547484	1	1	1	1	4	0	307.41701318547484	24.0	0	0.0022082543022603623	0.8529343012713825	1.1575935821529704	183.21682984169524	0.0	110.41271511301814	0.0	72.80411472867713	1.5165724564401193	110.41271511301814	4.0676473170694993e-10
321.83081090278995	1	1	1	1	4	0	321.83081090278995	25.0	0	0.002848266583857629	0.8553250616818779	1.1349140827924136	237.6645076954935	0.0	142.41332919288152	0.0	93.376980710071	1.525143864257776	142.41332919288152	5.539937482225793e-10
336.3742205469876	1	1	1	1	4	0	336.3742205469876	26.0	0	0.0034656858975270067	0.8825258695522618	1.1899809295018866	317.61524588148916	0.0	173.28429487635037	0.0	114.89506036450634	1.5081962124968933	173.28429487635037	7.302181458333412e-10
351.0471255422998	1	1	1	1	4	0	351.0471255422998	27.0	0	0.004131029739194227	0.9178121590828214	1.1654320265889953	422.68031214746185	0.0	206.55148695971138	0.0	137.3591407578987	1.5037331030176366	206.55148695971138	9.080352193573944e-10
365.84937094069124	1	1	1	1	4	0	365.84937094069124	28.0	0	0.0048017475533603145	0.8918344138500013	1.148646434380598	549.1900211267548	0.0	240.08737766801582	0.0	160.76906852924589	1.4933679709933811	240.08737766801582	1.3287375973983064e-09
380.78076346777357	1	1	1	1	4	0	380.78076346777357	29.0	0	0.005458298527132164	0.8966370893231077	1.1653477208986749	701.3566779673599	0.0	272.9149263566082	0.0	185.12371883254485	1.4742299262228822	272.9149263566082	1.57444967659345e-09
395.84107158007737	1	1	1	1	4	0	395.84107158007737	30.0	0	0.006152021014581804	0.8886927164261059	1.1757204964244727	875.7475343327774	0.0	307.6010507290902	0.0	210.42096476620307	1.4618365193357186	307.6010507290902	1.8157031877239567e-09
411.03002553366304	1	1	1	1	4	0	411.03002553366304	31.0	0	0.0068522538392984216	0.8743010824150241	1.1664818996461286	1072.94762003123	0.0	342.61269196492117	0.0	236.6576473432134	1.447714433956348	342.61269196492117	2.0803186417278126e-09
426.3473174640513	1	1	1	1	4	0	426.3473174640513	32.0	0	0.007526733104260245	0.8936170857519798	1.1507801771877482	1300.576083146569	0.0	376.33665521301236	0.0	263.8295460556816	1.4264386261483617	376.33665521301236	2.35291722807408e-09
441.79260147745117	1	1	1	1	4	0	441.79260147745117	33.0	0	0.008251552844424253	0.9156869181566388	1.1600111664114594	1551.1251236371202	0.0	412.5776422212128	11.86334260539778	291.9313500875219	1.4539068335735843	424.4409848266105	2.625017370513188e-09
457.365493753255	1	1	1	1	4	0	457.365493753255	34.0	0	0.008976942223672645	0.9156860714998409	1.1602919497475244	1823.3607175666305	0.0	448.8471111836322	33.638863238761594	320.95663022926664	1.5032746763254057	482.4859744223937	3.5780547011187964e-09
473.0655726577729	1	1	1	1	4	0	473.0655726577729	35.0	0	0.009666388924263409	0.9030175742330702	1.1579163324575876	2120.1671615267082	0.0	483.3194462131704	63.26574790347243	350.8978115489811	1.557676269634831	546.5851941166428	3.8608702376721615e-09
488.8923788691719	1	1	1	1	4	0	488.8923788691719	36.0	0	0.010384846317158584	0.8972235339374697	1.149758561502243	2436.336042255295	0.0	519.2423158579292	98.57176754760937	381.746146873215	1.618389834359549	617.8140834055387	4.164271676349462e-09
504.8454155135833	1	1	1	1	4	0	504.8454155135833	37.0	0	0.011096395482692648	0.9155930405326804	1.1719324732145884	2779.913599887781	7.015059303619688	554.8197741346323	137.2716074713363	413.4916911317698	1.6737733706610702	699.1064409095883	4.625699028500705e-09
520.9241483123367	1	1	1	1	4	0	520.9241483123367	38.0	0	0.011763382662070549	0.9136114065647498	1.1421069911974353	3152.0738769083705	20.920301141753512	588.1691331035272	176.96529644246598	446.1232766198104	1.7150739933214612	786.0547306877468	5.174701130162121e-09
537.1280057402779	1	1	1	1	4	0	537.1280057402779	39.0	0	0.012467005939564731	0.8998278945768584	1.1428073901631002	3539.7665890567732	41.57746167947757	623.3502969782364	228.13453234226182	479.6284892304962	1.775300776412592	893.0622909999759	5.613821214297691e-09
553.4563791951257	1	1	1	1	4	0	553.4563791951257	40.0	0	0.013149317364503121	0.9044366259358998	1.1474096571343524	3950.3911086178114	68.8346330571118	657.4658682251559	285.8563949510358	513.9936457108574	1.835280009875548	1012.1568962333034	6.635595180901667e-09
569.9086231778117	1	1	1	1	4	0	569.9086231778117	41.0	0	0.013866890247208195	0.8973579977721438	1.1528678944681583	4386.0366254518185	102.52601851334668	693.3445123604097	344.97084620866616	549.2037719930883	1.8905830795753216	1140.8413770824222	7.50598703055615e-09
586.4840554837581	1	1	1	1	4	0	586.4840554837581	42.0	0	0.014603309642775753	0.924023699437338	1.1497707385456235	4859.7075824153	142.47170017444452	730.1654821387875	400.0782610971759	585.2425826527698	1.931239757217988	1272.715443410408	8.504738066606884e-09
603.1819574050269	1	1	1	1	4	0	603.1819574050269	43.0	0	0.015317022698220403	0.9250586059591768	1.1453809394013492	5372.776064121868	188.47742008486333	765.8511349110202	445.5372001664082	622.0924615447885	1.9472802034432184	1399.8657551622916	9.310474337183262e-09
620.0015739432909	1	1	1	1	4	0	620.0015739432909	44.0	0	0.015964634651880603	0.9112695401999088	1.1418855448425331	5912.426857847625	240.3343750448304	798.2317325940303	486.7965064426599	659.7344436668471	1.9477961949271883	1525.3626140815204	9.743216098974994e-09
636.9421140335545	1	1	1	1	4	0	636.9421140335545	45.0	0	0.01663224242018673	0.8966154680944627	1.1441560771982022	6468.33455952575	297.8190258094122	831.6121210093365	539.6599945120054	698.1481982995075	1.9641562047447447	1669.0911413307545	1.0197542568085315e-08
654.0027507785644	1	1	1	1	4	0	654.0027507785644	46.0	0	0.01732023946271959	0.8950724606953513	1.1451673348062998	7040.847842075697	360.69292119149117	866.0119731359796	598.4568926302895	737.3120134706462	1.9862267791796564	1825.1617869577606	1.2151223747039529e-08
671.1826216938364	1	1	1	1	4	0	671.1826216938364	47.0	0	0.01806059713923095	0.8951269135357545	1.1460247867382696	7642.699608603113	428.702537597776	903.0298569615477	657.2664508030814	777.2027817910333	2.007579417264806	1988.9988453624048	1.2745681094699046e-08
688.4808289632283	1	1	1	1	4	0	688.4808289632283	48.0	0	0.018807757120930524	0.8985252393001025	1.1451445314723339	8281.464254861914	501.57913451254234	940.3878560465262	709.916576233926	817.7959877064833	2.017990375458734	2151.8835667929943	1.3848996199119234e-08
705.8964397049822	1	1	1	1	4	0	705.8964397049822	49.0	0	0.019514251191534767	0.8905931537041178	1.1484824564704668	8952.509770650464	579.0386264282525	975.7125595767384	752.8416297505372	859.0656962106642	2.012132712261614	2307.592815755528	1.4646743698580756e-08
723.4284862481575	1	1	1	1	4	0	723.4284862481575	50.0	0	0.020270964598935282	0.8997386957655835	1.1464698827497106	9646.984804059006	660.7814717055172	1013.5482299467641	810.4757308638319	900.98454306119	2.0244786382386564	2484.805432516113	1.5507747521589457e-08
741.0759664193733	1	1	1	1	4	0	741.0759664193733	51.0	0	0.021006003545481124	0.8977431687896371	1.1479244733503409	10369.337278194509	746.4925788270981	1050.3001772740563	876.5594057224796	943.5237265400534	2.0421951550306234	2673.3521618236346	1.838129894325006e-08
758.8378438397727	1	1	1	1	4	0	758.8378438397727	52.0	0	0.02181120454318285	0.8997751792954224	1.143470958683952	11122.857174277211	835.8412304917856	1090.5602271591429	944.5756310611807	986.6530007978134	2.0626662631894908	2870.977088712109	1.912969803089206e-08
776.7130482321257	1	1	1	1	4	0	776.7130482321257	53.0	0	0.02263644672736996	0.8883741072349206	1.1470315509903946	11906.812061968458	928.4810259740648	1131.8223363684986	1007.7495086544756	1030.3406708191949	2.0765673971909315	3068.0528709970386	2.044021545099187e-08
794.7004757379742	1	1	1	1	4	0	794.7004757379742	54.0	0	0.023429655111598433	0.8848182136528507	1.1435042579406527	12733.116743184288	1024.0498421545199	1171.4827555799213	1059.048258242922	1074.55358904592	2.0757745696082948	3254.580855977363	2.1631527679061066e-08
812.7989892447298	1	1	1	1	4	0	812.7989892447298	55.0	0	0.024285864807381485	0.8871243007761054	1.1345985118858637	13591.330948824234	1122.1698136039506	1214.2932403690745	1118.4605119973603	1119.257153690659	2.084198206528652	3454.923565970385	2.2574111534479517e-08
831.0074187226242	1	1	1	1	4	0	831.0074187226242	56.0	0	0.025124689709780903	0.8868075704220151	1.1364620487651522	14476.16764828413	1222.4473320812006	1256.2344854890455	1185.9135452722826	1164.4153087739792	2.097317007393764	3664.595362842529	2.5421666930592142e-08
849.3245615714155	1	1	1	1	4	0	849.3245615714155	57.0	0	0.02595106955528888	0.8905140979349073	1.1333703814701312	15406.723445854659	1324.473065780785	1297.5534777644439	1254.223101530684	1209.9905459140552	2.108922741514031	3876.2496450759136	2.7550910220978813e-08
867.7491829767432	1	1	1	1	4	0	867.7491829767432	58.0	0	0.026787689738271003	0.8903683230871071	1.1446909824388132	16368.976770295007	1427.8219986415347	1339.3844869135505	1315.9445103417586	1255.9439078967341	2.114209862844953	4083.150995896844	2.8456486610047187e-08
886.2800162760308	1	1	1	1	4	0	886.2800162760308	59.0	0	0.02757738052361766	0.887381341340614	1.1474713896919624	17379.263050518333	1532.0534900017474	1378.8690261808836	1363.3739103596945	1302.2349940512768	2.105797301614058	4274.296426542325	2.998390874921968e-08
