11.247441493196291	1	1	1	1	4	0	11.247441493196291	1.0	0	0.0			15.0	0.0	0.0	0.0	0.0		0.0	0.0
11.367595075476835	1	1	1	1	4	0	11.367595075476835	1.0	0	0.0			15.0	0.0	0.0	0.0	0.0		0.0	0.0
22.856168219862568	1	1	1	1	4	0	22.856168219862568	2.0	0	0.0			14.552750241652504	0.0	0.0	0.0	0.7285827694774977	0.0	0.0	0.0
34.4665080713728	1	1	1	1	4	0	34.4665080713728	3.0	0	0.0			13.791431040067982	0.0	0.0	0.0	2.1993864847666735	0.0	0.0	0.0
46.1993671861199	1	1	1	1	4	0	46.1993671861199	4.0	0	0.0			12.713098668736418	0.0	0.0	0.0	4.42587529936556	0.0	0.0	0.0
58.05546181511435	1	1	1	1	4	0	58.05546181511435	5.0	0	0.0			11.314922877436091	0.0	0.0	0.0	7.421310407022852	0.0	0.0	0.0
70.03547169202406	1	1	1	1	4	0	70.03547169202406	6.0	0	2.500826149469408e-05			10.075555122184273	0.0	1.2504130747347042	0.0	8.825142047449571	0.14168758621806754	1.2504130747347042	0.0
82.14003983175478	1	1	1	1	4	0	82.14003983175478	7.0	0	2.8054092665385852e-05	0.6213736820787878	1.0429157579703887	10.336021529680556	0.0	1.402704633269293	0.0	8.933316896411261	0.1570194642745512	1.402704633269293	1.3033449331671118e-12
94.36977233991071	1	1	1	1	4	0	94.36977233991071	8.0	0	3.311976376878042e-05	0.8338878262188225	1.3091627623837363	10.737507364196896	0.0	1.655988188439021	0.0	9.081519175757872	0.18234704528946005	1.655988188439021	1.7814387770408695e-12
106.72523823319248	1	1	1	1	4	0	106.72523823319248	9.0	0	4.0468339527014115e-05	0.9846794215996628	1.1065698838769285	11.301096136230836	0.0	2.0234169763507057	0.0	9.277679159880126	0.21809516598727152	2.0234169763507057	2.3465086365943377e-12
119.20696927078512	1	1	1	1	4	0	119.20696927078512	10.0	0	4.811754940484608e-05	0.7812141374152667	1.2421578904079722	11.880325797057074	0.0	2.4058774702423045	0.0	9.474448326814773	0.2539332515470207	2.4058774702423045	2.4780637890234028e-12
131.81545979678634	1	1	1	1	4	0	131.81545979678634	11.0	0	6.005597954435338e-05	1.0734239292002865	1.401778341723257	12.783841922154481	0.0	3.0027989772176698	0.0	9.781042944936807	0.3070019213822263	3.0027989772176698	3.876828165851676e-12
144.55116659372186	1	1	1	1	4	0	144.55116659372186	12.0	0	7.342671565380293e-05	0.9052244665847232	1.2364298532090083	13.804356920443492	0.0	3.6713357826901474	0.0	10.133021137753346	0.36231403574315857	3.6713357826901474	4.449238208789891e-12
157.41450874719058	1	1	1	1	4	0	157.41450874719058	13.0	0	9.23522622152574e-05	1.2031767677435004	1.234209382041771	15.272878436128929	0.0	4.617613110762871	0.0	10.655265325366058	0.4333644418755228	4.617613110762871	6.063282950004706e-12
170.4058675216809	1	1	1	1	4	0	170.4058675216809	14.0	0	0.00011337255707939917	0.8605791354233219	1.1971197523485004	16.83201125325903	0.0	5.668627853969959	0.0	11.163383399289069	0.5077876169988894	5.668627853969959	6.675801136234296e-12
183.52558624759342	1	1	1	1	4	0	183.52558624759342	15.0	0	0.00014079540885618655	0.8981800387021804	1.2291159279357535	18.82499315915229	0.0	7.0397704428093295	0.0	11.785222716342961	0.5973387701063169	7.0397704428093295	9.310415904101613e-12
196.77397021950497	1	1	1	1	4	0	196.77397021950497	16.0	0	0.0001750353644836304	0.8800985010764137	1.1006195746705512	21.300414272603387	0.0	8.751768224181522	0.0	12.548646048421865	0.6974272913915008	8.751768224181522	1.9840752936911372e-11
210.1512866057031	1	1	1	1	4	0	210.1512866057031	17.0	0	0.00021769654293933468	0.8700120295616414	1.217847555555444	24.40450255031214	0.0	10.884827146966737	0.0	13.519675403345408	0.8051100948971981	10.884827146966737	2.326192031605971e-11
223.65776436901845	1	1	1	1	4	0	223.65776436901845	18.0	0	0.00026624212595154875	0.7864092869149695	1.1593110882611477	27.99913716072723	0.0	13.312106297577438	0.0	14.687030863149788	0.906385124509946	13.312106297577438	2.9840808450489585e-11
237.29359419897813	1	1	1	1	4	0	237.29359419897813	19.0	0	0.0003325151545685651	0.925648382792874	1.2523667506776426	33.05738967549506	0.0	16.62575772842826	0.0	16.4316319470668	1.0118141510220542	16.62575772842826	3.820929559409229e-11
251.0589284553002	1	1	1	1	4	0	251.0589284553002	20.0	0	0.00040786645661679147	0.8622294770674171	1.2128775326089594	39.08918931581616	0.0	20.393322830839573	0.0	18.695866484976584	1.0907931358638558	20.393322830839573	4.5846604753935294e-11
264.95388112274634	1	1	1	1	4	0	264.95388112274634	21.0	0	0.0005049351127571323	0.924402415896002	1.1840295144242878	46.89276825093655	0.0	25.24675563785661	0.0	21.646012613079932	1.1663467119390327	25.24675563785661	6.11808662454771e-11
278.9785277773454	1	1	1	1	4	0	278.9785277773454	22.0	0	0.000620656307078442	0.8907405450176745	1.1732980653700391	56.42874842205042	0.0	31.03281535392211	0.0	25.39593306812832	1.2219600386672949	31.03281535392211	9.201282591944299e-11
293.1329055639992	1	1	1	1	4	0	293.1329055639992	23.0	0	0.0007653628939793372	0.8826345150668797	1.2151995150558088	68.14326657274226	0.0	38.268144698966864	0.0	29.875121873775395	1.2809368564470671	38.268144698966864	1.166752693908491e-10
307.41701318547484	1	1	1	1	4	0	307.41701318547484	24.0	0	0.0009386947598213443	0.8408442096703208	1.2142509508862338	82.16818963965108	0.0	46.93473799106724	0.0	35.233451648583845	1.332107295623241	46.93473799106724	1.4441846172013175e-10
321.83081090278995	1	1	1	1	4	0	321.83081090278995	25.0	0	0.0011536877591484267	0.8575538311188984	1.192734239856707	99.82867911529628	0.0	57.68438795742132	0.0	42.144291157874974	1.368735512511819	57.68438795742132	1.940581587013766e-10
336.3742205469876	1	1	1	1	4	0	336.3742205469876	26.0	0	0.0014109094128553885	0.8552791125678487	1.1462643981083716	121.65435994451764	0.0	70.54547064276944	0.0	51.10888930174822	1.3802974708815745	70.54547064276944	2.4041147821963903e-10
351.0471255422998	1	1	1	1	4	0	351.0471255422998	27.0	0	0.001736415060602545	0.8716898993223842	1.1735288273166675	148.9197268288966	0.0	86.82075303012726	0.0	62.09897379876934	1.3981028625604734	86.82075303012726	2.9894634412225863e-10
365.84937094069124	1	1	1	1	4	0	365.84937094069124	28.0	0	0.0021270912157984553	0.8521205666892663	1.1615366488661014	182.08922516073218	0.0	106.35456078992277	0.0	75.73466437080944	1.4043049067886968	106.35456078992277	4.476977413853298e-10
380.78076346777357	1	1	1	1	4	0	380.78076346777357	29.0	0	0.002600985596233459	0.8625330182254779	1.2010104762655558	223.36297822135924	0.0	130.049279811673	0.0	93.31369840968624	1.3936783347789103	130.049279811673	5.596188201836708e-10
395.84107158007737	1	1	1	1	4	0	395.84107158007737	30.0	0	0.003170149818306451	0.8283939385854675	1.1846779022107918	272.5763004290942	0.0	158.5074909153226	0.0	114.06880951377165	1.3895778485895904	158.5074909153226	6.700074305308006e-10
411.03002553366304	1	1	1	1	4	0	411.03002553366304	31.0	0	0.0038703826430230705	0.8946012328181695	1.1768252009680638	337.83974681811003	0.0	193.51913215115357	0.0	140.3054920907819	1.379269829479952	193.51913215115357	8.932575821115022e-10
426.3473174640513	1	1	1	1	4	0	426.3473174640513	32.0	0	0.004544861907984894	0.9342343248204832	1.1744881178450326	426.9269196148304	0.0	227.24309539924477	0.0	167.47739080325016	1.3568583455315852	227.24309539924477	1.1247804745369731e-09
441.79260147745117	1	1	1	1	4	0	441.79260147745117	33.0	0	0.0052696816481489	0.8891031966261406	1.1704382253287766	526.1546936817122	0.0	263.48408240744504	11.86334260539778	195.57919483509042	1.4078564197230277	275.34742501284285	1.2875145597518167e-09
457.365493753255	1	1	1	1	4	0	457.365493753255	34.0	0	0.0059950710273972896	0.900520663204395	1.166696955578859	643.4125190706138	0.0	299.7535513698645	33.638863238761594	224.60447497683518	1.4843533934175217	333.39241460862615	1.805688691695154e-09
473.0655726577729	1	1	1	1	4	0	473.0655726577729	35.0	0	0.0066845177279880545	0.8940705049153679	1.1693799108965977	777.9636067688632	0.0	334.2258863994028	63.26574790347243	254.5456562965496	1.5615730399256602	397.49163430287524	2.043965042225944e-09
488.8923788691719	1	1	1	1	4	0	488.8923788691719	36.0	0	0.007402975120883231	0.8793145187204823	1.1650829811871632	929.1680601280153	0.0	370.1487560441616	98.57176754760937	285.3939916207836	1.6423629696261512	468.720523591771	2.3817656718980433e-09
504.8454155135833	1	1	1	1	4	0	504.8454155135833	37.0	0	0.008114524286417294	0.8972800049159342	1.171720747831243	1099.0556342559337	7.015059303619688	405.7262143208648	137.2716074713363	317.1395358793384	1.7121732245922021	550.0128810958208	2.7140400994699943e-09
520.9241483123367	1	1	1	1	4	0	520.9241483123367	38.0	0	0.008781511465795191	0.9002609465792022	1.176062856809141	1290.2606927073155	20.920301141753512	439.0755732897596	176.96529644246598	349.7711213673789	1.7612685327590911	636.9611708739791	3.0835129521376373e-09
537.1280057402779	1	1	1	1	4	0	537.1280057402779	39.0	0	0.009485134743289379	0.8924074169676979	1.1510939923296744	1493.976690126457	41.57746167947757	474.256737164469	228.13453234226182	383.2763339780647	1.8325975470923008	743.9687311862082	3.4175927793063507e-09
553.4563791951257	1	1	1	1	4	0	553.4563791951257	40.0	0	0.010167446168227763	0.8922484862302359	1.154827931002793	1715.739415539545	68.8346330571118	508.37230841138825	285.8563949510358	417.64149045842606	1.9016997149651853	863.0633364195359	4.4268517641454705e-09
569.9086231778117	1	1	1	1	4	0	569.9086231778117	41.0	0	0.01088501905093284	0.9132062116233832	1.1443682100429022	1962.3658048113095	102.52601851334668	544.250952546642	344.97084620866616	452.8516167406568	1.963605220525371	991.7478172686548	5.020956166837572e-09
586.4840554837581	1	1	1	1	4	0	586.4840554837581	42.0	0	0.011621438446500395	0.8930429370414592	1.1503025715235746	2228.617159014744	142.47170017444452	581.0719223250197	400.0782610971759	488.89042740033835	2.0068917868558707	1123.62188359664	5.477414431581115e-09
603.1819574050269	1	1	1	1	4	0	603.1819574050269	43.0	0	0.01233515150194505	0.9102950619196328	1.1711906935046472	2525.755397541664	188.47742008486333	616.7575750972525	445.5372001664082	525.7403062923571	2.0205694000431698	1250.7721953485236	6.098199391395171e-09
620.0015739432909	1	1	1	1	4	0	620.0015739432909	44.0	0	0.01298276345560525	0.8928200928984233	1.1552873745414622	2846.1683356695644	240.3343750448304	649.1381727802625	486.7965064426599	563.3822884144157	2.0162768737723358	1376.2690542677526	6.464251441766088e-09
636.9421140335545	1	1	1	1	4	0	636.9421140335545	45.0	0	0.013650371223911377	0.9007108253848359	1.1642381795873036	3183.072417468098	297.8190258094122	682.518561195569	539.6599945120054	601.7960430470761	2.030884998045706	1519.9975815169864	6.93275918434525e-09
654.0027507785644	1	1	1	1	4	0	654.0027507785644	46.0	0	0.01433836826644424	0.8957300286727842	1.1506423489345388	3536.13226035296	360.69292119149117	716.918413322212	598.4568926302895	640.9598582182148	2.0521960760679683	1676.0682271439925	8.315462958787118e-09
671.1826216938364	1	1	1	1	4	0	671.1826216938364	47.0	0	0.015078725942955597	0.8851852104286259	1.1646743244474325	3907.9508974567934	428.702537597776	753.9362971477799	657.2664508030814	680.850626538602	2.072705367292264	1839.9052855486375	9.128739397250046e-09
688.4808289632283	1	1	1	1	4	0	688.4808289632283	48.0	0	0.01582588592465517	0.8879770134834135	1.1538592423835965	4305.228216077379	501.57913451254234	791.2942962327586	709.916576233926	721.4438324540519	2.080842339950693	2002.790006979227	9.69160173078639e-09
705.8964397049822	1	1	1	1	4	0	705.8964397049822	49.0	0	0.016532379995259413	0.888707238606922	1.149614016466014	4733.181538268264	579.0386264282525	826.6189997629707	752.8416297505372	762.7135409582329	2.0708438289022078	2158.499255941761	1.04201975052048e-08
723.4284862481575	1	1	1	1	4	0	723.4284862481575	50.0	0	0.017289093402659925	0.8958050947190717	1.1504265717413906	5179.455001461942	660.7814717055172	864.4546701329964	810.4757308638319	804.6323878087587	2.0816094733125734	2335.711872702345	1.1061135965401425e-08
741.0759664193733	1	1	1	1	4	0	741.0759664193733	51.0	0	0.01802413234920577	0.8904137789914188	1.1456947237235728	5644.003934113492	746.4925788270981	901.2066174602887	876.5594057224796	847.1715712876221	2.0984722380151744	2524.258602009866	1.255659186721846e-08
758.8378438397727	1	1	1	1	4	0	758.8378438397727	52.0	0	0.018829333346907496	0.8848400069425818	1.1469559575914892	6130.639731964841	835.8412304917856	941.4666673453751	944.5756310611807	890.3008455453819	2.118432558885419	2721.883528898341	1.3697904665889987e-08
776.7130482321257	1	1	1	1	4	0	776.7130482321257	53.0	0	0.01965457553109461	0.8918517694381745	1.1473328146028987	6648.867811085913	928.4810259740648	982.7287765547304	1007.7495086544756	933.9885155667636	2.1311592723400268	2918.959311183271	1.4394961467493456e-08
794.7004757379742	1	1	1	1	4	0	794.7004757379742	54.0	0	0.020447783915323068	0.9003573919123342	1.1544163211754783	7199.323378876617	1024.0498421545199	1022.3891957661538	1059.048258242922	978.2014337934883	2.127820898745989	3105.487296163596	1.534118207113722e-08
812.7989892447298	1	1	1	1	4	0	812.7989892447298	55.0	0	0.02130399361110613	0.9030666675827256	1.152663341084791	7776.43688174832	1122.1698136039506	1065.1996805553067	1118.4605119973603	1022.9049984382277	2.1347634393093027	3305.830006156618	1.632832651502542e-08
831.0074187226242	1	1	1	1	4	0	831.0074187226242	56.0	0	0.022142818513505552	0.9022381723100515	1.1437507107216112	8376.863571284943	1222.4473320812006	1107.1409256752775	1185.9135452722826	1068.0631535215477	2.1469277948471968	3515.50180302876	1.902658790611785e-08
849.3245615714155	1	1	1	1	4	0	849.3245615714155	57.0	0	0.022969198359013523	0.8905109725318945	1.1504382694255266	9000.391103436014	1324.473065780785	1148.4599179506765	1254.223101530684	1113.6383906616236	2.1575073557350173	3727.1560852621446	1.988786780976898e-08
867.7491829767432	1	1	1	1	4	0	867.7491829767432	58.0	0	0.02380581854199565	0.8905378178326526	1.1459115865689522	9654.905557236038	1427.8219986415347	1190.2909270997825	1315.9445103417586	1159.5917526443025	2.161308436116752	3934.057436083076	2.103201959344268e-08
886.2800162760308	1	1	1	1	4	0	886.2800162760308	59.0	0	0.02459550932734231	0.8855453977354377	1.1516324969811351	10345.408737739095	1532.0534900017474	1229.7754663671158	1363.3739103596945	1205.8828387988451	2.1504156898938804	4125.202866728558	2.2013338627516112e-08
