11.247441493196291	1	1	1	1	4	0	11.247441493196291	1.0	0	0.0			15.0	0.0	0.0	0.0	0.0		0.0	0.0
11.367595075476835	1	1	1	1	4	0	11.367595075476835	1.0	0	0.0			15.0	0.0	0.0	0.0	0.0		0.0	0.0
22.856168219862568	1	1	1	1	4	0	22.856168219862568	2.0	0	0.0			14.552750241652504	0.0	0.0	0.0	0.7285827694774977	0.0	0.0	0.0
34.4665080713728	1	1	1	1	4	0	34.4665080713728	3.0	0	0.0			13.791431040067982	0.0	0.0	0.0	2.1993864847666735	0.0	0.0	0.0
46.1993671861199	1	1	1	1	4	0	46.1993671861199	4.0	0	0.0			12.713098668736418	0.0	0.0	0.0	4.42587529936556	0.0	0.0	0.0
58.05546181511435	1	1	1	1	4	0	58.05546181511435	5.0	0	0.0			11.314922877436091	0.0	0.0	0.0	7.421310407022852	0.0	0.0	0.0
70.03547169202406	1	1	1	1	4	0	70.03547169202406	6.0	0	2.500826149469408e-05			10.075555122184273	0.0	1.2504130747347042	0.0	8.825142047449571	0.14168758621806754	1.2504130747347042	0.0
82.14003983175478	1	1	1	1	4	0	82.14003983175478	7.0	0	3.005206998949513e-05	0.8553980366748459	1.5643167477056803	10.506879974126637	0.0	1.5026034994747568	0.0	9.004276474651876	0.1668766506342588	1.5026034994747568	1.8240947666130305e-12
94.36977233991071	1	1	1	1	4	0	94.36977233991071	8.0	0	3.598023584190238e-05	0.7435074702580616	1.2948889007650972	10.976723863677632	0.0	1.79901179209512	0.0	9.177712071582514	0.19601963736316214	1.79901179209512	1.99819655949172e-12
106.72523823319248	1	1	1	1	4	0	106.72523823319248	9.0	0	4.428102857981203e-05	0.8274743665960146	1.3082374564642851	11.613341589340324	0.0	2.2140514289906026	0.0	9.399290160349723	0.2355551739779702	2.2140514289906026	2.5827611016563444e-12
119.20696927078512	1	1	1	1	4	0	119.20696927078512	10.0	0	5.47579411950333e-05	0.8160190349358979	1.3425377232329387	12.406696542014314	0.0	2.7378970597516665	0.0	9.668799482262651	0.2831682531812063	2.7378970597516665	3.1586762906818047e-12
131.81545979678634	1	1	1	1	4	0	131.81545979678634	11.0	0	6.78058695423372e-05	0.8016899536650895	1.1385710724833285	13.394180953544414	0.0	3.3902934771168605	0.0	10.003887476427552	0.33889760206774683	3.3902934771168605	4.196043659600475e-12
144.55116659372186	1	1	1	1	4	0	144.55116659372186	12.0	0	8.633383170408126e-05	0.9341927675588084	1.3626876030230584	14.808318748129127	0.0	4.316691585204064	0.0	10.491627162925065	0.4114415731868775	4.316691585204064	5.728325315244782e-12
157.41450874719058	1	1	1	1	4	0	157.41450874719058	13.0	0	0.00010449745530173464	0.6840160613079815	1.2097049128632624	16.2177191038521	0.0	5.224872765086733	0.0	10.992846338765366	0.475297534785113	5.224872765086733	6.0200761177326506e-12
170.4058675216809	1	1	1	1	4	0	170.4058675216809	14.0	0	0.00012826770440476336	0.6980855549315583	1.2942862692472432	17.980823555403408	0.0	6.413385220238168	0.0	11.567438335165242	0.5544343556810974	6.413385220238168	7.401678157724367e-12
183.52558624759342	1	1	1	1	4	0	183.52558624759342	15.0	0	0.00016567520472240624	0.9141310407230218	1.2649541179025092	20.699449316304946	0.0	8.283760236120312	0.0	12.415689080184634	0.6672010053264902	8.283760236120312	1.1761829357876887e-11
196.77397021950497	1	1	1	1	4	0	196.77397021950497	16.0	0	0.0002122133892887191	0.8439219721659681	1.1930721541406415	24.063986522795922	0.0	10.610669464435956	0.0	13.453317058359964	0.7887028469192606	10.610669464435956	2.356746152652789e-11
210.1512866057031	1	1	1	1	4	0	210.1512866057031	17.0	0	0.00028010786060459	1.0235086600286871	1.2546409804273506	29.004085229906263	0.0	14.005393030229506	0.0	14.998692199676762	0.9337742813691008	14.005393030229506	3.3345658157103965e-11
223.65776436901845	1	1	1	1	4	0	223.65776436901845	18.0	0	0.00035885120347238666	0.8459321281687937	1.2870272105960454	34.834760814565485	0.0	17.942560173619338	0.0	16.892200640946147	1.0621801478089925	17.942560173619338	4.3382920150491633e-11
237.29359419897813	1	1	1	1	4	0	237.29359419897813	19.0	0	0.0004625767143098303	0.9006923210276722	1.230439684187518	42.75155346744211	0.0	23.12883571549152	0.0	19.622717751950585	1.1786764712136988	23.12883571549152	5.7231041836222206e-11
251.0589284553002	1	1	1	1	4	0	251.0589284553002	20.0	0	0.0005845715868817548	0.8412473729279395	1.223323434189592	52.51712630425115	0.0	29.228579344087745	0.0	23.288546960163398	1.2550623872792563	29.228579344087745	7.16256778720974e-11
264.95388112274634	1	1	1	1	4	0	264.95388112274634	21.0	0	0.0007443425203038255	0.8777521113111112	1.1640496434130911	65.36148966593616	0.0	37.21712601519128	0.0	28.144363650744875	1.322365162596465	37.21712601519128	9.63050490425617e-11
278.9785277773454	1	1	1	1	4	0	278.9785277773454	22.0	0	0.0009460155141553099	0.8873765193731562	1.162556854571563	81.98030942229933	0.0	47.30077570776551	0.0	34.67953371453382	1.363939206827982	47.30077570776551	1.5840167117419222e-10
293.1329055639992	1	1	1	1	4	0	293.1329055639992	23.0	0	0.0011896460058485904	0.8039841709237343	1.1829036206569141	101.70307310656432	0.0	59.48230029242954	0.0	42.22077281413479	1.4088396854857164	59.48230029242954	2.018288506269864e-10
307.41701318547484	1	1	1	1	4	0	307.41701318547484	24.0	0	0.0015040238969793946	0.8230723789967791	1.156427091111836	127.14055233537209	0.0	75.20119484896972	0.0	51.93935748640238	1.4478653277268059	75.20119484896972	2.594461612418019e-10
321.83081090278995	1	1	1	1	4	0	321.83081090278995	25.0	0	0.0019017402543264387	0.8307531595227841	1.1645006707286305	159.81075818023132	0.0	95.08701271632195	0.0	64.72374546390935	1.4691209854247924	95.08701271632195	3.4734473148142163e-10
336.3742205469876	1	1	1	1	4	0	336.3742205469876	26.0	0	0.0024017340948221453	0.8519967456635261	1.1385593996557517	202.23605877979958	0.0	120.08670474110731	0.0	82.14935403869224	1.4618094828176815	120.08670474110731	4.468859311236983e-10
351.0471255422998	1	1	1	1	4	0	351.0471255422998	27.0	0	0.0030670779364893666	0.8908132036625384	1.1758992394867551	258.0432183649491	0.0	153.35389682446834	0.0	104.61343443208463	1.4659101639954872	153.35389682446834	5.829323751931364e-10
365.84937094069124	1	1	1	1	4	0	365.84937094069124	28.0	0	0.003737795750655455	0.8981417062896198	1.1741488490735859	336.50775466650344	0.0	186.88978753277283	0.0	128.0233622034318	1.4598100246406671	186.88978753277283	8.784870508444996e-10
380.78076346777357	1	1	1	1	4	0	380.78076346777357	29.0	0	0.004394346724427303	0.8841006813989652	1.1528014577092829	436.6141833948234	0.0	219.7173362213652	0.0	152.37801250673076	1.4419228378612692	219.7173362213652	1.1354342065351255e-09
395.84107158007737	1	1	1	1	4	0	395.84107158007737	30.0	0	0.005088069211876944	0.8948267062325636	1.1675683436405215	558.4955380673288	0.0	254.4034605938472	0.0	177.67525844038897	1.4318451698169383	254.4034605938472	1.3534541135175535e-09
411.03002553366304	1	1	1	1	4	0	411.03002553366304	31.0	0	0.005788302036593564	0.8772652529744582	1.147322072395859	702.1657447087442	0.0	289.4151018296781	0.0	203.9119410173993	1.4193141430838672	289.4151018296781	1.5850813643030084e-09
426.3473174640513	1	1	1	1	4	0	426.3473174640513	32.0	0	0.006462781301555386	0.9017635040179884	1.1606992141897656	873.9792860924631	0.0	323.1390650777693	0.0	231.08383972986752	1.3983628861953852	323.1390650777693	1.862320997998098e-09
441.79260147745117	1	1	1	1	4	0	441.79260147745117	33.0	0	0.007187601041719394	0.9426142517944982	1.1666231259287845	1066.2392325406643	0.0	359.3800520859696	11.86334260539778	259.1856437617078	1.4323455161455014	371.2433946913673	2.1076645974799475e-09
457.365493753255	1	1	1	1	4	0	457.365493753255	34.0	0	0.007912990420967781	0.9122103434159864	1.1924214034755396	1275.181080053756	0.0	395.6495210483892	33.638863238761594	288.21092390345257	1.4894938001411686	429.28838428715073	2.6196307060810842e-09
473.0655726577729	1	1	1	1	4	0	473.0655726577729	35.0	0	0.008602437121558547	0.8973636394268824	1.1635195703716428	1505.8108505200296	0.0	430.1218560779274	63.26574790347243	318.1521052231671	1.5507915738458316	493.3876039813998	3.151095678685008e-09
488.8923788691719	1	1	1	1	4	0	488.8923788691719	36.0	0	0.009320894514453724	0.9125011727308456	1.1554655314667177	1758.6861019188746	0.0	466.04472572268617	98.57176754760937	349.00044054740096	1.617810259450403	564.6164932702957	3.4473479652719952e-09
504.8454155135833	1	1	1	1	4	0	504.8454155135833	37.0	0	0.010032443679987787	0.908336329693652	1.1531865455917352	2032.5683744599532	7.015059303619688	501.6221839993893	137.2716074713363	380.7459848059558	1.678005328923778	645.9088507743454	3.88703812415769e-09
520.9241483123367	1	1	1	1	4	0	520.9241483123367	38.0	0	0.010699430859365686	0.915309465488501	1.148691370506347	2330.5060940446538	20.920301141753512	534.9715429682842	176.96529644246598	413.37757029399637	1.7222435143358572	732.8571405525038	4.275643902407147e-09
537.1280057402779	1	1	1	1	4	0	537.1280057402779	39.0	0	0.011403054136859872	0.9030306450792432	1.1582567062505225	2645.8440890695488	41.57746167947757	570.1527068429937	228.13453234226182	446.8827829046822	1.7863459272171738	839.8647008647329	4.732444004883429e-09
553.4563791951257	1	1	1	1	4	0	553.4563791951257	40.0	0	0.012085365561798258	0.9050448279429624	1.1523077928843355	2982.5573850462956	68.8346330571118	604.2682780899129	285.8563949510358	481.2479393850435	1.8496176299027547	958.9593060980603	5.743574058441238e-09
569.9086231778117	1	1	1	1	4	0	569.9086231778117	41.0	0	0.012802938444503332	0.9056266222001208	1.158517968178316	3340.788975230613	102.52601851334668	640.1469222251666	344.97084620866616	516.4580656672741	1.907449672919796	1087.6437869471793	6.445908088026049e-09
586.4840554837581	1	1	1	1	4	0	586.4840554837581	42.0	0	0.013539357840070891	0.9161479149768492	1.1611254611281492	3730.042116447427	142.47170017444452	676.9678920035444	400.0782610971759	552.4968763269558	1.9494158234178824	1219.517853275165	7.179871658735772e-09
603.1819574050269	1	1	1	1	4	0	603.1819574050269	43.0	0	0.014253070895515547	0.906529358765538	1.1456475851196135	4150.0828516904585	188.47742008486333	712.6535447757773	445.5372001664082	589.3467552189745	1.9652110318514509	1346.6681650270484	7.78846943799893e-09
620.0015739432909	1	1	1	1	4	0	620.0015739432909	44.0	0	0.014900682849175747	0.8979954509626117	1.1354993071528368	4597.545981478248	240.3343750448304	745.0341424587872	486.7965064426599	626.9887373410331	1.9646774743123132	1472.1650239462774	8.298674414650961e-09
636.9421140335545	1	1	1	1	4	0	636.9421140335545	45.0	0	0.015568290617481871	0.9069344626174868	1.1485428333490677	5065.685412063989	297.8190258094122	778.4145308740934	539.6599945120054	665.4024919736934	1.980868032935183	1615.8935511955112	8.885917195479482e-09
654.0027507785644	1	1	1	1	4	0	654.0027507785644	46.0	0	0.01625628766001474	0.9125275358912251	1.1516249409448394	5555.371569628398	360.69292119149117	812.8143830007367	598.4568926302895	704.5663071448323	2.0030354294828947	1771.9641968225174	1.0541779090232921e-08
671.1826216938364	1	1	1	1	4	0	671.1826216938364	47.0	0	0.01699664533652609	0.9066937557930284	1.1489807476926	6069.120951068136	428.702537597776	849.8322668263046	657.2664508030814	744.4570754652194	2.0244266154466777	1935.8012552271616	1.1482112404750931e-08
688.4808289632283	1	1	1	1	4	0	688.4808289632283	48.0	0	0.017743805318225666	0.9023102575891258	1.1570302161936916	6612.258924460241	501.57913451254234	887.1902659112833	709.916576233926	785.0502813806693	2.0344007002155005	2098.6859766577522	1.2409176773029605e-08
705.8964397049822	1	1	1	1	4	0	705.8964397049822	49.0	0	0.01845029938882991	0.9130247671114694	1.1399057565219204	7193.594928020311	579.0386264282525	922.5149694414954	752.8416297505372	826.3199898848503	2.027491310509743	2254.395225620285	1.3143598254991062e-08
723.4284862481575	1	1	1	1	4	0	723.4284862481575	50.0	0	0.019207012796230417	0.9008761604860284	1.1460872435624818	7790.879063211737	660.7814717055172	960.3506398115213	810.4757308638319	868.238836735376	2.039561346200262	2431.6078423808704	1.3694217099402087e-08
741.0759664193733	1	1	1	1	4	0	741.0759664193733	51.0	0	0.019942051742776263	0.9069716496172888	1.1522379571916177	8417.390817202671	746.4925788270981	997.1025871388133	876.5594057224796	910.7780202142394	2.0572103753893374	2620.154571688391	1.6696833465104693e-08
758.8378438397727	1	1	1	1	4	0	758.8378438397727	52.0	0	0.020747252740477992	0.8931970896570154	1.1311812738059657	9065.422115361558	835.8412304917856	1037.3626370238997	944.5756310611807	953.9072944719993	2.077705327939766	2817.779498576866	1.7168029300481012e-08
776.7130482321257	1	1	1	1	4	0	776.7130482321257	53.0	0	0.021572494924665103	0.8926131843026615	1.1437935269942392	9753.072637598947	928.4810259740648	1078.624746233255	1007.7495086544756	997.5949644933812	2.0914041561419423	3014.8552808617965	1.8556545497732907e-08
794.7004757379742	1	1	1	1	4	0	794.7004757379742	54.0	0	0.022365703308893568	0.9044938404177044	1.1403714181124327	10479.01535717872	1024.0498421545199	1118.2851654446783	1059.048258242922	1041.8078827201061	2.0899567567128563	3201.383265842121	1.9339735406170504e-08
812.7989892447298	1	1	1	1	4	0	812.7989892447298	55.0	0	0.023221913004676627	0.8868186019177748	1.1415677826713522	11225.87662135194	1122.1698136039506	1161.095650233831	1118.4605119973603	1086.5114473648448	2.098050754789451	3401.7259758351424	2.01823398651716e-08
831.0074187226242	1	1	1	1	4	0	831.0074187226242	56.0	0	0.02406073790707605	0.8921970722001193	1.1456605263697155	12001.754439353395	1222.4473320812006	1203.0368953538025	1185.9135452722826	1131.669602448165	2.110996385745466	3611.397772707285	2.3205855775392856e-08
849.3245615714155	1	1	1	1	4	0	849.3245615714155	57.0	0	0.02488711775258402	0.8873891543543507	1.1397763456513417	12809.989097716323	1324.473065780785	1244.3558876292007	1254.223101530684	1177.2448395882413	2.122395363426524	3823.05205494067	2.4027693898797764e-08
867.7491829767432	1	1	1	1	4	0	867.7491829767432	58.0	0	0.025723737935566145	0.8997624988168705	1.133946517650903	13657.42518994299	1427.8219986415347	1286.186896778307	1315.9445103417586	1223.1982015709198	2.1273178817449367	4029.9534057615997	2.564382876606097e-08
886.2800162760308	1	1	1	1	4	0	886.2800162760308	59.0	0	0.02651342872091281	0.8885838912047997	1.1408243070735244	14537.30398152865	1532.0534900017474	1325.6714360456406	1363.3739103596945	1269.4892877254624	2.1182103483703147	4221.098836407084	2.65927924675372e-08
