0.0
0.0
0.7285827694774977
2.1993864847666735
4.42587529936556
7.421310407022852
8.825142047449571
8.825142047449571
8.825142047449571
8.825142047449571
8.825142047449571
8.825142047449571
8.837864540089793
8.852423203708694
8.869657598690203
8.877860473768909
8.908280904467475
8.941348466182015
8.985765337593847
9.043855751110746
9.110141427228646
9.191024957552928
9.27356812479035
9.35500304713185
9.514957277702234
9.752649165105764
9.88521114741258
9.983211477159957
10.25316198515644
10.464944349779048
10.7291679268667
10.987289301643488
11.351766203123743
11.769738532445114
12.18978455377381
13.017647618231358
14.156863981382985
15.45504991272568
17.35374647349682
19.47549386715312
22.083193042552644
25.34860092982225
30.042228675680967
35.84282010317417
43.514228316576784
51.84661325135517
61.378299422458724
72.19997873790456
84.78730573898262
100.2348556709966
116.14134310628822
133.3770593270046
152.03245586518014
172.9930808002158
198.5560510302233
225.69908426736302
255.96337365203223
288.3151722029245
325.81725311822925
370.365426227924
