0.0
0.0
0.7285827694774977
2.1993864847666735
4.42587529936556
7.421310407022852
8.825142047449571
8.825142047449571
8.825142047449571
8.825142047449571
8.825142047449571
8.825890356190223
8.839955804379871
8.849996459505945
8.877974168050295
8.889726595667186
8.922394214039494
8.968370804077194
9.012801188556256
9.074675863035651
9.138506945737221
9.223903850438942
9.301245302632562
9.38368824770631
9.523288528248326
9.754995288470047
9.903651488727117
10.011757693876412
10.299986259391279
10.522698860976886
10.766481886119898
10.990586067981308
11.313221009221554
11.670280055800088
12.060472957679831
12.449250097306845
13.001186381802714
13.487884793200688
14.233504444628027
14.96111587688338
16.04418479749922
17.45578573121637
18.83332273809946
21.49325521302766
24.8759778574812
29.042540899158844
33.21062340276111
38.61797240214869
45.36393945570747
54.02358061949924
63.61359866998294
72.94914658451094
84.5699328672073
98.29262977100993
115.45175487031388
134.46671703319524
155.04450997974786
178.0258927104584
204.58146475503207
236.37126181451092
