0.0
0.0
0.7285827694774977
2.1993864847666735
4.42587529936556
7.421310407022852
8.825142047449571
8.825142047449571
8.825142047449571
8.825407054660777
8.825407054660777
8.825407054660777
8.837309782912511
8.848647225352746
8.879493889856882
8.893184752265674
8.924609291932693
8.970711068661286
9.017338784084851
9.078231751184246
9.152178441430054
9.241435069175184
9.338311536150364
9.432071924885172
9.591392371229297
9.795431331011685
9.959599501916513
10.057987326448117
10.30650810609948
10.522292427342826
10.798786868454538
11.024431932484383
11.35013543246346
11.74976134623708
12.144035936687342
12.542171714956634
13.111745258204449
13.577445076232824
14.278214889984152
15.753535867048248
17.618823629113052
19.795220935568395
23.34825004467351
27.880193058868066
33.49602931871901
40.02473471544944
47.37702598475829
56.341929805939124
66.60290931449964
79.43528498136209
92.97381494740436
107.63677086264612
123.65349528293615
142.13392315070885
163.66336228460466
186.84995585006268
211.71116755071898
239.88000917059082
272.2218607197892
311.63017774139814
