0.0
0.0
0.7285827694774977
2.1993864847666735
4.42587529936556
7.421310407022852
8.825142047449571
8.825142047449571
8.825142047449571
8.825142047449571
8.825142047449571
8.827010550780434
8.961612184976161
9.133133226713447
9.434767237215363
9.776696098932472
10.15714252704781
10.794445131081199
11.505943020887404
12.545138834309196
14.09672125613112
16.012136819917778
18.67127704286513
22.286660334711527
26.791242088595123
33.08702487979879
41.36564012523918
51.88517959788578
66.02767559326666
85.33023281497876
109.8535304624352
136.09021303944547
163.26211175191372
191.363915783754
220.38919592549874
250.3303772452132
281.1787125694471
312.92425682800194
345.55584231604246
379.0610549267282
413.4262114070896
448.6363376893204
484.675148349002
521.5250272410207
559.1670093630793
597.5807639957395
636.7445791668782
676.6353474872657
717.2285534027153
758.4982619068965
800.4171087574222
842.9562922362855
886.0855664940456
929.7732365154272
973.9861547421519
1018.689719386891
1063.847874470211
1109.4231116102874
1155.376473592966
1201.667559747509
