0.0
0.0
0.7285827694774977
2.1993864847666735
4.42587529936556
7.421310407022852
8.825142047449571
8.825142047449571
8.825142047449571
8.825142047449571
8.825142047449571
8.825264195086346
8.833095266653595
8.845991607215815
8.871691543511098
8.882378182508878
8.911541127807538
8.949303740041302
8.978252384113112
9.037206119040757
9.091953327819283
9.164778885384527
9.253271132649818
9.327288437978305
9.481322222854516
9.66515027768584
9.800561598602583
9.874384316432025
10.090040770652408
10.274144805209168
10.501909710743004
10.695473677973805
10.949592813873153
11.270813936767931
11.578026297888151
11.935732018105266
12.419391605831251
12.839704797478747
13.531319880375865
14.202703804489534
15.194176822778331
16.448185698880653
17.7488103301659
20.236488190306183
23.536192479996863
27.910954526754765
33.043225185360626
39.190191961086214
47.23806295792879
57.5086165964223
67.63855949316715
79.2428513392734
92.08016074351532
106.85619436515286
124.67182367644821
143.95423396292801
164.8853168064274
189.21085841697533
216.0660283340125
248.49139711448709
