0.0
0.0
0.7285827694774977
2.1993864847666735
4.42587529936556
7.421310407022852
8.825142047449571
8.825142047449571
8.825142047449571
8.826081172023583
8.826081172023583
8.826081172023583
8.837675133964911
8.846670485469424
8.881337407868806
8.894022631754122
9.100199907353966
9.324350482387173
9.609462205622744
10.105243612076263
10.77053822032794
11.723979479456967
12.89930931913147
14.45164533438564
16.48228198279935
19.19500943833733
22.908427282198247
27.641724022279547
34.07014885427412
42.80317931505356
54.04143078917686
68.75031742097157
88.97635142176452
110.89842343337635
135.72874419162574
164.7248143776299
195.57314970186383
227.3186939604186
259.95027944845924
293.45549205914494
327.82064853950635
363.0307748217371
399.0695854814187
435.91946437343734
473.561446495496
511.9752011281562
551.139016299295
591.0297846196822
631.622990535132
672.8926990393131
714.8115458898387
757.3507293687022
800.4800036264622
844.1676736478439
888.3805918745688
933.0841565193076
978.242311602628
1023.8175487427043
1069.770910725383
1116.0619968799258
