11.247441493196291	1	1	1	1	4	0	11.247441493196291	1.0	0	0.0			15.0	0.0	0.0	0.0	0.0		0.0	0.0
11.367595075476835	1	1	1	1	4	0	11.367595075476835	1.0	0	0.0			15.0	0.0	0.0	0.0	0.0		0.0	0.0
22.856168219862568	1	1	1	1	4	0	22.856168219862568	2.0	0	0.0			14.552750241652504	0.0	0.0	0.0	0.7285827694774977	0.0	0.0	0.0
34.4665080713728	1	1	1	1	4	0	34.4665080713728	3.0	0	0.0			13.791431040067982	0.0	0.0	0.0	2.1993864847666735	0.0	0.0	0.0
46.1993671861199	1	1	1	1	4	0	46.1993671861199	4.0	0	0.0			12.713098668736418	0.0	0.0	0.0	4.42587529936556	0.0	0.0	0.0
58.05546181511435	1	1	1	1	4	0	58.05546181511435	5.0	0	0.0			11.314922877436091	0.0	0.0	0.0	7.421310407022852	0.0	0.0	0.0
70.03547169202406	1	1	1	1	4	0	70.03547169202406	6.0	0	2.500826149469408e-05			10.075555122184273	0.0	1.2504130747347042	0.0	8.825142047449571	0.14168758621806754	1.2504130747347042	0.0
82.14003983175478	1	1	1	1	4	0	82.14003983175478	7.0	0	2.500826149469408e-05	0.5110188897075948	1.9428584334800119	10.075555122184273	0.0	1.2504130747347042	0.0	8.825142047449571	0.14168758621806754	1.2504130747347042	2.783477622569281e-13
94.36977233991071	1	1	1	1	4	0	94.36977233991071	8.0	0	2.500826149469408e-05	1.0842671471136662	1.1984163787631357	10.075555122184273	0.0	1.2504130747347042	0.0	8.825142047449571	0.14168758621806754	1.2504130747347042	3.8881806996189507e-13
106.72523823319248	1	1	1	1	4	0	106.72523823319248	9.0	0	2.500826149469408e-05	0.7326115976753071	1.299456968223672	10.075555122184273	0.0	1.2504130747347042	0.0	8.825142047449571	0.14168758621806754	1.2504130747347042	4.2630258294240667e-13
119.20696927078512	1	1	1	1	4	0	119.20696927078512	10.0	0	2.500826149469408e-05	0.7659909343409362	1.175662064180711	10.075555122184273	0.0	1.2504130747347042	0.0	8.825142047449571	0.14168758621806754	1.2504130747347042	3.859086270886547e-13
131.81545979678634	1	1	1	1	4	0	131.81545979678634	11.0	0	2.5196324313085614e-05	1.425597771072458	1.161516219374643	10.089787964104227	0.0	1.2598162156542814	0.0	8.829971748449946	0.1426749995973017	1.2598162156542814	6.280435364876621e-13
144.55116659372186	1	1	1	1	4	0	144.55116659372186	12.0	0	2.5675465990577387e-05	0.7991027144080738	1.005117503032989	10.126358222030426	0.0	1.2837732995288698	0.0	8.842584922501556	0.14518077132197807	1.2837732995288698	6.975083469992763e-13
157.41450874719058	1	1	1	1	4	0	157.41450874719058	13.0	0	2.6050458944718593e-05	0.8473613171168091	0.9109359714525876	10.155455676077453	0.0	1.3025229472359299	0.0	8.852932728841523	0.14712897828676666	1.3025229472359299	6.817392233500354e-13
170.4058675216809	1	1	1	1	4	0	170.4058675216809	14.0	0	2.667172908325149e-05	0.37788939022197615	1.1731232404112282	10.20153698309765	0.0	1.3335864541625748	0.0	8.867950528935076	0.15038271242168522	1.3335864541625748	7.377440826756084e-13
183.52558624759342	1	1	1	1	4	0	183.52558624759342	15.0	0	2.7321003226566124e-05	1.1045497864568354	1.3303950379695784	10.248723600672038	0.0	1.3660501613283065	0.0	8.882673439343733	0.15378817769858627	1.3660501613283065	8.998938218504497e-13
196.77397021950497	1	1	1	1	4	0	196.77397021950497	16.0	0	2.8687941364990118e-05	1.105932211846376	1.3707277820509427	10.34754813086285	0.0	1.4343970682495066	0.0	8.913151062613341	0.16093041149792206	1.4343970682495066	1.0715115359427834e-12
210.1512866057031	1	1	1	1	4	0	210.1512866057031	17.0	0	3.0270579326367518e-05	0.8183287929986246	1.0382580012924698	10.462703129425991	0.0	1.5135289663183764	0.0	8.949174163107614	0.1691249872594726	1.5135289663183764	1.1592565860274993e-12
223.65776436901845	1	1	1	1	4	0	223.65776436901845	18.0	0	3.1645663546888896e-05	0.6648764226780775	1.3627625651663795	10.564523419236457	0.0	1.5822831773444457	0.0	8.982240241892011	0.17615685338328854	1.5822831773444457	1.3320531320831788e-12
237.29359419897813	1	1	1	1	4	0	237.29359419897813	19.0	0	3.351635136126609e-05	0.6618512644774032	1.1814566047292998	10.707302639363864	0.0	1.6758175680633052	0.0	9.03148507130056	0.1855528249045738	1.6758175680633052	1.5108468116204943e-12
251.0589284553002	1	1	1	1	4	0	251.0589284553002	20.0	0	3.544479562391515e-05	0.6885643799429481	1.2775658649750246	10.861672757645048	0.0	1.7722397811957578	0.0	9.08943297644929	0.1949780350201854	1.7722397811957578	1.6206567834921666e-12
264.95388112274634	1	1	1	1	4	0	264.95388112274634	21.0	0	3.791147647059535e-05	0.6130673686451789	1.2937377063280675	11.059975067166967	0.0	1.895573823529768	0.0	9.164401243637199	0.20684098973141926	1.895573823529768	2.045547623553161e-12
278.9785277773454	1	1	1	1	4	0	278.9785277773454	22.0	0	4.087224514941073e-05	0.767529344665111	1.147170103300071	11.30395657442695	0.0	2.043612257470537	0.0	9.260344316956411	0.22068426264977248	2.043612257470537	2.339791726634796e-12
293.1329055639992	1	1	1	1	4	0	293.1329055639992	23.0	0	4.3191392911146375e-05	0.7201699583361029	1.3642189305906467	11.491699918602395	0.0	2.1595696455573195	0.0	9.332130273045076	0.23141229091014945	2.1595696455573195	2.306901534561849e-12
307.41701318547484	1	1	1	1	4	0	307.41701318547484	24.0	0	3.507904564942613e-05	0.3705631764902505	0.9653292443522852	11.204264438254528	0.0	1.753952282471307	0.0	9.450312155783221	0.1855972854185517	1.753952282471307	2.3978335895420817e-12
321.83081090278995	1	1	1	1	4	0	321.83081090278995	25.0	0	3.869446281195741e-05	0.9757073617654816	1.2056496147230904	11.601815780616489	0.0	1.9347231405978704	0.0	9.667092640018616	0.2001349539766224	1.9347231405978704	2.75471642534933e-12
336.3742205469876	1	1	1	1	4	0	336.3742205469876	26.0	0	4.1423161214800014e-05	0.8891621112064824	1.0891840095472278	11.894135741370231	0.0	2.071158060740001	0.0	9.822977680630231	0.21084829143245276	2.071158060740001	2.6616799661656e-12
351.0471255422998	1	1	1	1	4	0	351.0471255422998	27.0	0	4.3818097958922616e-05	1.1687630567746985	1.2086085445696415	12.122242857238858	0.0	2.1909048979461314	0.0	9.931337959292726	0.22060521018682155	2.1909048979461314	3.1204805871030874e-12
365.84937094069124	1	1	1	1	4	0	365.84937094069124	28.0	0	4.965504996746541e-05	0.644778281979384	1.122670186369596	12.645573308673079	0.0	2.4827524983732707	0.0	10.162820810299806	0.2442975768948964	2.4827524983732707	5.3355630169384986e-12
380.78076346777357	1	1	1	1	4	0	380.78076346777357	29.0	0	5.459996798765279e-05	0.6498196450916214	1.143280526247555	13.076250129704196	0.0	2.72999839938264	0.0	10.346251730321557	0.2638635199046904	2.72999839938264	4.931403627752848e-12
395.84107158007737	1	1	1	1	4	0	395.84107158007737	30.0	0	6.08248275343374e-05	0.650343461689812	1.4833185360623768	13.614488491653795	0.0	3.0412413767168704	0.0	10.573247114936924	0.2876355147720401	3.0412413767168704	5.9520109980722535e-12
411.03002553366304	1	1	1	1	4	0	411.03002553366304	31.0	0	6.62261247546565e-05	0.6708143879540447	1.0439719488383523	14.08693192686891	0.0	3.3113062377328264	0.0	10.775625689136083	0.30729595972058155	3.3113062377328264	6.333238563905608e-12
426.3473174640513	1	1	1	1	4	0	426.3473174640513	32.0	0	7.20897875977962e-05	0.4607549400102859	1.3742571586658512	14.61633708671368	0.0	3.604489379889811	0.0	11.011847706823866	0.32732829910607697	3.604489379889811	8.175925860439342e-12
441.79260147745117	1	1	1	1	4	0	441.79260147745117	33.0	0	8.165934965706127e-05	1.0042333579796996	1.1777810415281105	15.622462175210385	0.0	4.082967482853064	0.1566278993270649	11.382866793030255	0.3724540978355329	4.239595382180129	1.2309627582326731e-11
457.365493753255	1	1	1	1	4	0	457.365493753255	34.0	0	9.06504833050096e-05	0.984144214764707	1.4637462726591148	16.701690041469178	0.0	4.532524165250481	0.4265334450507903	11.742632431167904	0.422312257440562	4.959057610301271	1.4647169914910422e-11
473.0655726577729	1	1	1	1	4	0	473.0655726577729	35.0	0	9.868720695496538e-05	0.7772350069744819	1.2079517260272965	17.797897644221703	0.0	4.934360347748269	0.7718873128049915	12.091649983668445	0.4719163776871138	5.706247660553262	1.821563346596012e-11
488.8923788691719	1	1	1	1	4	0	488.8923788691719	36.0	0	0.00011143909258874996	0.7325365026809689	1.1805008509308672	19.60966422488892	0.0	5.571954629437499	1.3985331363964728	12.639176459054944	0.5514985717950147	6.970487765833973	2.8841760820288297e-11
504.8454155135833	1	1	1	1	4	0	504.8454155135833	37.0	0	0.00012180943995062713	0.8780471800807674	1.2237897608940869	21.25711511530787	0.10223974008612856	6.090471997531358	1.962557103112625	13.101846274577762	0.6146484191521712	8.15526884073011	3.5324760300099325e-11
520.9241483123367	1	1	1	1	4	0	520.9241483123367	38.0	0	0.00013506343322736858	0.7452353544779471	1.2231191226985625	23.633338994588485	0.3785568681094694	6.753171661368429	2.751327716729388	13.750282748381196	0.6912221044484902	9.883056246207287	5.2592265856367886e-11
537.1280057402779	1	1	1	1	4	0	537.1280057402779	39.0	0	0.00015024466448682893	0.7187096440226447	1.3032509608937413	26.665013711558647	0.8242515193777087	7.51223322434145	3.855344636594719	14.473184331244775	0.7854234148317859	12.191829380313875	6.818944410431082e-11
553.4563791951257	1	1	1	1	4	0	553.4563791951257	40.0	0	0.00017385991236465017	0.7153503811226258	1.2118426945949632	31.976357153400322	1.7676401759419926	8.69299561823251	5.853136324750652	15.66258503447517	0.9287184657555211	16.313772118925158	1.1426629554506079e-10
569.9086231778117	1	1	1	1	4	0	569.9086231778117	41.0	0	0.00019995451451360356	0.7179673994552198	1.1888281675762566	37.93639922094505	2.9928304256254137	9.997725725680176	8.002838639317575	16.943004430321885	1.062418677810366	20.993394790623167	1.9372440312595455e-10
586.4840554837581	1	1	1	1	4	0	586.4840554837581	42.0	0	0.00022981899750434986	0.6602395600616496	1.1196847529138434	44.745876658541185	4.612772998705272	11.490949875217495	10.237644599762868	18.40450918485554	1.180612547541344	26.34136747368564	1.8903738428344558e-10
603.1819574050269	1	1	1	1	4	0	603.1819574050269	43.0	0	0.0002797329871326541	0.8485943417185927	1.132324420185847	56.21533732258878	7.8302131294881825	13.986649356632705	13.416845254571873	20.981629581896012	1.3060708418401246	35.233707740692765	3.526657634188495e-10
620.0015739432909	1	1	1	1	4	0	620.0015739432909	44.0	0	0.00033499324166001406	0.6667455044723175	1.1997042311209225	70.13585535547588	12.255129182852464	16.749662083000704	16.937471693848938	24.19359239577377	1.3923989966340935	45.9422629597021	4.202809887812184e-10
636.9421140335545	1	1	1	1	4	0	636.9421140335545	45.0	0	0.0004052215767332664	0.6712305500947037	1.1809826671209491	89.29613150903756	18.30216983623919	20.261078836663327	22.49839373448721	28.23448910164783	1.514441165101691	61.061642407389726	5.590555221862147e-10
654.0027507785644	1	1	1	1	4	0	654.0027507785644	46.0	0	0.0004796262029577287	0.8762521534338524	1.1497477098125053	110.41009884288198	25.101775642620378	23.981310147886433	28.85708564331146	32.46992740906369	1.6273025536992274	77.94017143381828	7.615510448821707e-10
671.1826216938364	1	1	1	1	4	0	671.1826216938364	47.0	0	0.0006020066877034768	0.7549999977424521	1.183675636762776	144.08613271382225	36.343706519048325	30.100334385173845	38.57825483653605	39.06383697306405	1.7581117100469754	105.02229574075821	1.2825080494206067e-09
688.4808289632283	1	1	1	1	4	0	688.4808289632283	48.0	0	0.0007484923323464442	0.8092999376611223	1.148445950224364	183.97932304515942	50.63164422974029	37.4246166173222	48.90065934584429	47.022402852252604	1.835832937640512	136.95692019290678	1.5128280182071928e-09
705.8964397049822	1	1	1	1	4	0	705.8964397049822	49.0	0	0.0009193836362826381	0.8127465179129217	1.1794940038219253	231.62585298799226	69.36804149969817	45.969181814131886	59.283645802773435	57.00498387138873	1.846379394727495	174.6208691166035	1.6872065982645527e-09
723.4284862481575	1	1	1	1	4	0	723.4284862481575	50.0	0	0.0011063517925873206	0.8666262622063629	1.1634002407694382	285.7686834691644	89.5649997181218	55.31758962936605	73.52383438678117	67.36225973489532	1.9126648144406613	218.40642373426903	2.101582732345085e-09
741.0759664193733	1	1	1	1	4	0	741.0759664193733	51.0	0	0.0013093542686977509	0.8008173610173318	1.1968734733486224	349.5898084725714	113.23662563347328	65.46771343488754	91.77477155116361	79.1106978530469	1.9876260639002197	270.4791106195244	2.491368522086691e-09
758.8378438397727	1	1	1	1	4	0	758.8378438397727	52.0	0	0.001554015377383691	0.8792651125520329	1.1789280225720111	422.74320736472646	140.38530060813352	77.70076886918456	112.44156797528294	92.21556991212549	2.061933109838814	330.5276374526009	3.131165367050921e-09
776.7130482321257	1	1	1	1	4	0	776.7130482321257	53.0	0	0.0018325459005505704	0.7969660748172189	1.1866528389246835	504.004165196635	171.65249852430486	91.62729502752849	133.7636156283283	106.96075601647331	2.1072299696642363	397.0434091801617	3.414337656064927e-09
794.7004757379742	1	1	1	1	4	0	794.7004757379742	54.0	0	0.002153396963701364	0.8414032118396518	1.1961020595429728	597.3383577976962	210.309876440686	107.6698481850682	154.51384806538059	124.84478510656156	2.1000772761686552	472.4935726911348	3.731627768144244e-09
812.7989892447298	1	1	1	1	4	0	812.7989892447298	55.0	0	0.002527022499940506	0.8544862587880823	1.1801182069649605	704.2695759512169	253.1266386533993	126.35112499702534	180.43966422642825	144.3521480743639	2.1252942426974366	559.9174278768529	4.436800047805194e-09
831.0074187226242	1	1	1	1	4	0	831.0074187226242	56.0	0	0.0029208306684703838	0.8412970297581075	1.1692291319420898	823.9061251035837	300.2045279522114	146.04153342351924	212.10724517186512	165.5528185559879	2.163350535009241	658.3533065475957	5.1625513671933764e-09
849.3245615714155	1	1	1	1	4	0	849.3245615714155	57.0	0	0.003352913805184784	0.8366308583847288	1.190489358869783	958.4018272804716	353.5499710703294	167.6456902592393	247.82375918916438	189.38240676173854	2.1938122793586867	769.0194205187331	5.500075937434611e-09
867.7491829767432	1	1	1	1	4	0	867.7491829767432	58.0	0	0.003860397452462992	0.8746829293952222	1.182263760498436	1111.7804266679084	416.2401791926506	193.0198726231497	285.2632165387876	217.2571583133202	2.2014606693519174	894.523268354588	6.624550697458037e-09
886.2800162760308	1	1	1	1	4	0	886.2800162760308	59.0	0	0.00442186277749418	0.8441885723677971	1.1666446557940806	1280.5963398748438	490.3481329145076	221.093138874709	318.9852302576315	250.16983782799565	2.1588468610819165	1030.426502046848	7.306910724019271e-09
