11.247441493196291	1	1	1	1	4	0	11.247441493196291	1.0	0	0.0			15.0	0.0	0.0	0.0	0.0		0.0	0.0
11.367595075476835	1	1	1	1	4	0	11.367595075476835	1.0	0	0.0			15.0	0.0	0.0	0.0	0.0		0.0	0.0
22.856168219862568	1	1	1	1	4	0	22.856168219862568	2.0	0	0.0			14.552750241652504	0.0	0.0	0.0	0.7285827694774977	0.0	0.0	0.0
34.4665080713728	1	1	1	1	4	0	34.4665080713728	3.0	0	0.0			13.791431040067982	0.0	0.0	0.0	2.1993864847666735	0.0	0.0	0.0
46.1993671861199	1	1	1	1	4	0	46.1993671861199	4.0	0	0.0			12.713098668736418	0.0	0.0	0.0	4.42587529936556	0.0	0.0	0.0
58.05546181511435	1	1	1	1	4	0	58.05546181511435	5.0	0	0.0			11.314922877436091	0.0	0.0	0.0	7.421310407022852	0.0	0.0	0.0
70.03547169202406	1	1	1	1	4	0	70.03547169202406	6.0	0	2.500826149469408e-05			10.075555122184273	0.0	1.2504130747347042	0.0	8.825142047449571	0.14168758621806754	1.2504130747347042	0.0
82.14003983175478	1	1	1	1	4	0	82.14003983175478	7.0	0	2.500826149469408e-05	0.5915027485940182	1.8599875896966795	10.075555122184273	0.0	1.2504130747347042	0.0	8.825142047449571	0.14168758621806754	1.2504130747347042	2.783477622569281e-13
94.36977233991071	1	1	1	1	4	0	94.36977233991071	8.0	0	2.500826149469408e-05	0.6482866264644533	1.185173029891031	10.075555122184273	0.0	1.2504130747347042	0.0	8.825142047449571	0.14168758621806754	1.2504130747347042	3.697921452029349e-13
106.72523823319248	1	1	1	1	4	0	106.72523823319248	9.0	0	2.500826149469408e-05	0.5219598133671707	1.1653596335940757	10.075555122184273	0.0	1.2504130747347042	0.0	8.825142047449571	0.14168758621806754	1.2504130747347042	4.092812892890143e-13
119.20696927078512	1	1	1	1	4	0	119.20696927078512	10.0	0	2.500826149469408e-05	0.3188988798593985	1.1563632485763629	10.075555122184273	0.0	1.2504130747347042	0.0	8.825142047449571	0.14168758621806754	1.2504130747347042	3.566224219441204e-13
131.81545979678634	1	1	1	1	4	0	131.81545979678634	11.0	0	2.500826149469408e-05	0.6471818193268783	1.1034910654735626	10.075555122184273	0.0	1.2504130747347042	0.0	8.825142047449571	0.14168758621806754	1.2504130747347042	5.758848059692785e-13
144.55116659372186	1	1	1	1	4	0	144.55116659372186	12.0	0	2.5572471577517608e-05	0.9916974487565836	1.028138071970736	10.118618185204443	0.0	1.2786235788758809	0.0	8.839994606328563	0.1446407645950952	1.2786235788758809	7.139967593737089e-13
157.41450874719058	1	1	1	1	4	0	157.41450874719058	13.0	0	2.5766416359687494e-05	0.5120165709098223	1.257508185837206	10.13366726632591	0.0	1.2883208179843753	0.0	8.845346448341534	0.1456495599701389	1.2883208179843753	6.379023139842433e-13
170.4058675216809	1	1	1	1	4	0	170.4058675216809	14.0	0	2.676940032678728e-05	0.802095973349745	1.0293903414586705	10.208061333025148	0.0	1.3384700163393644	0.0	8.869591316685783	0.15090548916514204	1.3384700163393644	8.183076146003784e-13
183.52558624759342	1	1	1	1	4	0	183.52558624759342	15.0	0	2.7298588706429402e-05	0.8537855760789458	1.0549841538251543	10.246520603199537	0.0	1.3649294353214705	0.0	8.881591167878069	0.15368073237349547	1.3649294353214705	8.767099336645017e-13
196.77397021950497	1	1	1	1	4	0	196.77397021950497	16.0	0	2.794315404062196e-05	0.331342208128933	0.9526670757236462	10.293120273322359	0.0	1.397157702031098	0.0	8.895962571291259	0.1570552585888745	1.397157702031098	9.134586913762514e-13
210.1512866057031	1	1	1	1	4	0	210.1512866057031	17.0	0	2.961801653705931e-05	0.9724788879337454	1.1889646740490765	10.414985660781436	0.0	1.4809008268529655	0.0	8.93408483392847	0.16575853647919614	1.4809008268529655	1.158495783719314e-12
223.65776436901845	1	1	1	1	4	0	223.65776436901845	18.0	0	3.08467520194803e-05	0.5665436121799425	1.4269332920957438	10.505969326402347	0.0	1.5423376009740153	0.0	8.963631725428334	0.17206614999572772	1.5423376009740153	1.2768364278891888e-12
237.29359419897813	1	1	1	1	4	0	237.29359419897813	19.0	0	3.291439009867905e-05	0.8717135434687732	1.0178773079547228	10.663780667335264	0.0	1.645719504933953	0.0	9.018061162401313	0.18249149959144145	1.645719504933953	1.53099283509066e-12
251.0589284553002	1	1	1	1	4	0	251.0589284553002	20.0	0	3.490846110271764e-05	0.7755917126197737	1.4657642069118078	10.823404143479534	0.0	1.7454230551358825	0.0	9.077981088343652	0.1922699593830448	1.7454230551358825	1.6185216516109328e-12
264.95388112274634	1	1	1	1	4	0	264.95388112274634	21.0	0	3.732225828370069e-05	0.6077940896738543	1.1710323619933358	11.017455009991368	0.0	1.866112914185035	0.0	9.151342095806331	0.2039168566368199	1.866112914185035	2.011739050287181e-12
278.9785277773454	1	1	1	1	4	0	278.9785277773454	22.0	0	4.0269589367130515e-05	0.7922274595132958	1.4589804973920508	11.26032919508884	0.0	2.013479468356526	0.0	9.246849726732314	0.217747614361638	2.013479468356526	2.3139739344648138e-12
293.1329055639992	1	1	1	1	4	0	293.1329055639992	23.0	0	4.261766738050119e-05	0.7717630917490906	1.4229317726725397	11.450414547082591	0.0	2.13088336902506	0.0	9.319531178057533	0.22864705619979475	2.13088336902506	2.2945109894985817e-12
307.41701318547484	1	1	1	1	4	0	307.41701318547484	24.0	0	3.512259778969181e-05	0.681521157998963	1.0714105108974301	11.22511196391285	0.0	1.7561298894845907	0.0	9.46898207442826	0.18546131734974547	1.7561298894845907	2.6028079630613644e-12
321.83081090278995	1	1	1	1	4	0	321.83081090278995	25.0	0	3.808790707270664e-05	0.5898556130345476	1.2963067632274454	11.55117743104571	0.0	1.904395353635332	0.0	9.64678207741038	0.19741249862944507	1.904395353635332	2.5422466473876332e-12
336.3742205469876	1	1	1	1	4	0	336.3742205469876	26.0	0	4.082339240495107e-05	0.9341167822385013	1.2092919755025144	11.84422446186858	0.0	2.0411696202475538	0.0	9.803054841621027	0.20821770899223366	2.0411696202475538	2.639500541934079e-12
351.0471255422998	1	1	1	1	4	0	351.0471255422998	27.0	0	4.293721119290609e-05	0.9262626191343292	1.2381232688786974	12.045556337698972	0.0	2.1468605596453045	0.0	9.898695778053668	0.2168831740849229	2.1468605596453045	2.895522904297642e-12
365.84937094069124	1	1	1	1	4	0	365.84937094069124	28.0	0	4.907693207460029e-05	0.7388991332353161	1.1208796730340167	12.596032493061314	0.0	2.4538466037300144	0.0	10.1421858893313	0.2419445502681279	2.4538466037300144	5.319248461412581e-12
380.78076346777357	1	1	1	1	4	0	380.78076346777357	29.0	0	5.425103350157538e-05	0.7545030180442428	1.3094439387089971	13.046670005182852	0.0	2.7125516750787693	0.0	10.334118330104085	0.26248506049876524	2.7125516750787693	5.10402291385316e-12
395.84107158007737	1	1	1	1	4	0	395.84107158007737	30.0	0	6.0665139699075146e-05	0.7292057503734708	1.0749340868176391	13.601271757595365	0.0	3.0332569849537583	0.0	10.568014772641607	0.2870224020509727	3.0332569849537583	6.0881356417937825e-12
411.03002553366304	1	1	1	1	4	0	411.03002553366304	31.0	0	6.622631995802321e-05	0.7274862354814831	1.2882107033262429	14.087699924426124	0.0	3.3113159979011604	0.0	10.776383926524966	0.30727524376249205	3.3113159979011604	6.381301011733197e-12
426.3473174640513	1	1	1	1	4	0	426.3473174640513	32.0	0	7.268925106411874e-05	0.5752005150117406	1.290864089818374	14.671210464990597	0.0	3.634462553205937	0.0	11.036747911784657	0.3293055691998894	3.634462553205937	8.33092799910843e-12
441.79260147745117	1	1	1	1	4	0	441.79260147745117	33.0	0	8.118237876868491e-05	0.687817048934405	1.0399756965387597	15.564161345130112	0.0	4.059118938434247	0.139009574612118	11.366032832083748	0.3693574156495478	4.198128513046363	1.138049255892256e-11
457.365493753255	1	1	1	1	4	0	457.365493753255	34.0	0	8.971798239608291e-05	0.8561948228233504	1.0743126789348598	16.588710823618793	0.0	4.485899119804144	0.3952405289434393	11.707571174871207	0.4169216292465786	4.881139648747585	1.4126955741081323e-11
473.0655726577729	1	1	1	1	4	0	473.0655726577729	35.0	0	9.709906598039358e-05	0.7923304420465709	1.1456222801071	17.595489244041126	0.0	4.854953299019678	0.7124202498204621	12.028115695200984	0.4628633187375666	5.567373548840141	1.6195140263353765e-11
488.8923788691719	1	1	1	1	4	0	488.8923788691719	36.0	0	0.00010868592741417022	0.5834350163524284	1.0703029481137516	19.24173113511649	0.0	5.434296370708512	1.28181512478488	12.525619639623097	0.5361899601555747	6.716111495493393	2.6577192853674666e-11
504.8454155135833	1	1	1	1	4	0	504.8454155135833	37.0	0	0.00011757734167574355	0.6054357498900261	1.2781323964296452	20.654236216302237	0.08765915464347604	5.878867083787178	1.765402662070746	12.922307315800841	0.5915561020987978	7.7319289005014005	3.125831417348176e-11
520.9241483123367	1	1	1	1	4	0	520.9241483123367	38.0	0	0.00013184773001464537	0.7967097643620508	1.2344233883675422	23.21268308053989	0.3851659240563365	6.592386500732268	2.614660899312921	13.620469756438364	0.6759713552238563	9.592213324101523	5.150666816705633e-11
537.1280057402779	1	1	1	1	4	0	537.1280057402779	39.0	0	0.00014726565435368622	0.795412341680168	1.2410234605431558	26.291625137871467	0.8378094741166621	7.363282717684313	3.7358907290013	14.354642217069188	0.7732114307584428	11.936982920802276	6.728347950375983e-11
553.4563791951257	1	1	1	1	4	0	553.4563791951257	40.0	0	0.00016876886633793885	0.80066799176468	1.1524840233032845	31.12794718462648	1.6968259185171046	8.438443316896944	5.555009393054823	15.437668556157611	0.9064485779732724	15.690278628468873	1.1545235123539485e-10
569.9086231778117	1	1	1	1	4	0	569.9086231778117	41.0	0	0.0002002325945109353	0.6320594822547516	1.169143663075468	38.31430482450996	3.1741066509919227	10.011629725546765	8.147026274259037	16.981542173712235	1.0693172512868567	21.332762650797726	2.0096293004891654e-10
586.4840554837581	1	1	1	1	4	0	586.4840554837581	42.0	0	0.00025306391156714933	0.7125021321710769	1.1516064857131618	50.3605090599641	6.039841836086527	12.653195578357465	12.100476340412404	19.566995305107703	1.2650727172356533	30.793513754856402	3.4196226385127235e-10
603.1819574050269	1	1	1	1	4	0	603.1819574050269	43.0	0	0.0003187460251959875	0.7926304020868189	1.2131399195493744	65.4532400599777	10.27369029896779	15.937301259799373	16.28400525110542	22.95824325010511	1.4034743930486615	42.49499680987258	4.954754513341475e-10
620.0015739432909	1	1	1	1	4	0	620.0015739432909	44.0	0	0.00039865162284886393	0.8182755166771889	1.1799772901681893	85.58212514328406	16.672060426503506	19.932581142443198	21.37478454897616	27.602699025361186	1.4964973408385325	57.97942611792287	6.378186129955143e-10
636.9421140335545	1	1	1	1	4	0	636.9421140335545	45.0	0	0.0004855613713286658	0.7648472351783114	1.2197010909767545	109.29356269299493	24.155461274392056	24.2780685664333	28.256598497200198	32.60343435496937	1.6113231045436245	76.69012833802556	7.675042025123444e-10
654.0027507785644	1	1	1	1	4	0	654.0027507785644	46.0	0	0.0005887183114849629	0.7818887035053033	1.1811110808173533	138.5666385115428	33.58265101847096	29.43591557424816	37.072491190916296	38.475580727907406	1.7285874704660156	100.09105778363542	1.1495860702006838e-09
671.1826216938364	1	1	1	1	4	0	671.1826216938364	47.0	0	0.0007127725553675704	0.7212177355530662	1.1862568599755647	172.70324883388196	44.97833422362561	35.63862776837853	46.92661373689085	45.15967310498697	1.8282958185574578	127.54357572889498	1.2872953403358116e-09
688.4808289632283	1	1	1	1	4	0	688.4808289632283	48.0	0	0.0008702278223858701	0.870933915602662	1.1765202735947793	215.58385294456002	60.33622852692822	43.511391119293506	58.022014670173114	53.71421862816515	1.8902519366860413	161.86963431639484	1.6424823906444134e-09
705.8964397049822	1	1	1	1	4	0	705.8964397049822	49.0	0	0.0010535352065300038	0.8388086897531037	1.184734864340901	266.6921338587652	80.43391572769778	52.67676032650019	69.15937533853267	64.42208246603455	1.891216970970612	202.27005139273064	1.8154385136683122e-09
723.4284862481575	1	1	1	1	4	0	723.4284862481575	50.0	0	0.0012499496531333052	0.7723498826112007	1.1684707232786544	323.5704509833452	101.65129546736375	62.49748265666528	84.11902844489684	75.30264441441928	1.9470300444520297	248.2678065689259	2.1790879237673747e-09
741.0759664193733	1	1	1	1	4	0	741.0759664193733	51.0	0	0.0014691568037668449	0.8088540270606737	1.1763346129028696	392.4860978772945	127.21250913918385	73.45784018834226	103.82684683633222	87.98890171343629	2.0148528231669283	304.49719616385835	2.872227667630888e-09
758.8378438397727	1	1	1	1	4	0	758.8378438397727	52.0	0	0.0017354361945162607	0.8498296467709251	1.174594096312493	472.10333901902686	156.7600439751603	86.77180972581307	126.31976363097006	102.25172168708346	2.083990077046312	369.8516173319434	3.226637719206645e-09
776.7130482321257	1	1	1	1	4	0	776.7130482321257	53.0	0	0.002048058618634061	0.8818673619088794	1.1671139177343326	563.3105695038704	191.854320526201	102.40293093170307	150.25161192056157	118.80170612540468	2.126691199077289	444.50886337846566	3.481668742490799e-09
794.7004757379742	1	1	1	1	4	0	794.7004757379742	54.0	0	0.0023981913396460158	0.8383838263668176	1.1778059161613859	665.1626702821827	234.03966591397258	119.90956698230076	172.89556165059892	138.31787573531062	2.116900126439338	526.8447945468723	4.162691102017448e-09
812.7989892447298	1	1	1	1	4	0	812.7989892447298	55.0	0	0.002785208051652032	0.8157117324357341	1.1748450459979956	775.9264282339018	278.39103091195136	139.26040258260156	199.75058935485873	158.52440538449002	2.138541325010572	617.4020228494118	4.514556520660834e-09
831.0074187226242	1	1	1	1	4	0	831.0074187226242	56.0	0	0.0031932722279532587	0.8439824203578317	1.1638981330253892	899.8938666637065	327.1731579826918	159.66361139766292	232.5645489590809	180.49254832427087	2.173098911829153	719.4013183394355	5.424264724546318e-09
849.3245615714155	1	1	1	1	4	0	849.3245615714155	57.0	0	0.003655306983347461	0.8409700986200868	1.1727648997592923	1043.7126912755648	384.2164597646046	182.76534916737305	270.7568999566256	205.97398238696155	2.2018424068335496	837.7387088886032	6.335011673067405e-09
867.7491829767432	1	1	1	1	4	0	867.7491829767432	58.0	0	0.004184902680469489	0.8305495525353638	1.1702706904021405	1203.774294643169	449.6382022213914	209.24513402347444	309.82766730309413	235.06329109520917	2.2082257034184263	968.7110035479599	6.763255853876671e-09
886.2800162760308	1	1	1	1	4	0	886.2800162760308	59.0	0	0.00478092910668746	0.8601081223947793	1.1783761971583833	1382.9817023880094	528.3078846433855	239.0464553343729	345.6254457689317	270.00191664131887	2.165436113848057	1112.9797857466901	7.733181045873399e-09
