0.0
0.0
0.0
0.0
0.0
0.0
0.0
0.0
7.910913000000001e-14
9.277799999999999e-14
9.646605000000001e-14
1.7161466e-13
2.4065824e-13
2.4957475000000003e-13
3.3524018999999997e-13
3.28600195e-13
5.220731990000001e-13
6.232570900000001e-13
6.8843245e-13
8.67417801e-13
9.621011110000002e-13
1.136657874e-12
1.174043303e-12
1.212331577e-12
1.643346887e-12
1.766191566e-12
1.485900065e-12
1.734341225e-12
3.618778437e-12
3.1867104060000003e-12
3.996656272e-12
4.6032733669999994e-12
6.794854448000001e-12
9.689776382e-12
1.1291941375000001e-11
1.4294245566e-11
2.0593465108e-11
2.2174941176000003e-11
3.8836611658999995e-11
5.6421501114e-11
9.16934606e-11
1.08925977251e-10
1.44693305484e-10
2.96128958979e-10
3.8802797925999993e-10
1.0693085492504798e-08
1.284273030971085e-08
1.3544820388674659e-08
1.4484913391743082e-08
1.541912072160803e-08
1.6246171409747778e-08
1.9427370521702936e-08
1.9776837823789632e-08
2.0990597351900043e-08
2.2477293427512432e-08
2.3628225715344282e-08
2.6817993951157298e-08
2.7818358466625302e-08
2.951854969986409e-08
3.03517609398902e-08
