1.0
1.0
1.0
1.0
1.0
1.0
1.0
1.0
1.0
1.0
1.0
1.0
1.0
1.0
1.0
1.0
1.0
1.0
1.0
1.0
1.0
1.0
1.0
1.0
1.0
1.0
1.0
1.0
1.0
1.0
1.0
1.0
1.0
1.0
1.0
1.0
1.0
1.0
1.0
1.0
1.0
1.0
1.0
1.0
1.0
1.0
1.0
0.9970165053075045
0.8991210815879945
0.8333980897362196
0.8779544934037554
0.775004572601319
0.711256728299284
0.7083366606211523
0.658302390199289
0.6487467143003903
0.5521880768940304
0.5294537944516646
0.49795665981785187
0.47953354013346094
0.4392544706786278
0.3830941560123419
0.3727357700816797
0.3516859397499697
0.3831034667181922
0.35787528197323754
0.33607033408109643
0.31256283541512403
0.3030554164332591
0.329107957008363
0.32461983352546747
0.32165405621132215
0.31389991380201526
0.31700529287643764
0.34250009786234403
0.34228942918230315
0.35000193794376966
0.3544590263906988
0.3647660915710408
0.3874919563446442
0.4033740535544879
0.40069390128192245
0.40694691950403317
0.44884330671163514
0.49446334226568256
0.4651645847104912
0.48330980424381764
0.47155453810790354
0.5394928056734967
0.5689761468703476
0.5741682391119504
0.5635909255894069
0.6348199149043392
1.0
