0.0
0.0
0.0007285827694774976
0.0021993864847666736
0.00442587529936556
0.007421310407022852
0.008825142047449571
0.008943466298637097
0.009120454803542254
0.009349126790637463
0.009560893447780506
0.009754250483703354
0.010226691874383907
0.010973603216477551
0.011452901447301165
0.012204981208953112
0.013259011981914792
0.014931868377013909
0.017066977817795655
0.020099558906695146
0.024803504806091555
0.030778193696148516
0.03798276698644524
0.04850699254657626
0.06197680124923818
0.08069809514278938
0.10221617479722471
0.1246802551906171
0.14809018296196425
0.1724448332652632
0.19774207919892142
0.2239787617759317
0.2511506604884
0.2792524645202403
0.30827774466198504
0.3382189259816995
0.36906726130593337
0.40081280556448823
0.43344439105252885
0.4669496036632145
0.501314760143576
0.5365248864258066
0.5725636970854883
0.609413575977507
0.6470555580995657
0.6854693127322257
0.7246331279033648
0.7645238962237518
0.8051171021392016
0.8463868106433827
0.8883056574939084
0.9308448409727721
0.9739741152305321
1.0176617852519136
1.0618747034786384
1.1065782681233773
1.1517364232066976
1.1973116603467735
1.2432650223294521
1.289556108483995
1.3361430818874875
1.3829826784184924
1.430030217678048
1.477239615793562
1.5245634001185615
1.5719527258385764
1.6193573944907411
1.6667258744019187
1.7140053230473546
1.7611416113290164
1.8080793497698928
1.8547619166176201
1.9011314878478567
1.9471290690548928
1.992694529213964
2.03776663629683
2.082283094719115
2.1261805845949864
2.1693948027717274
2.2118605056138265
2.2535115535032237
2.294280957019467
2.334100924760591
2.3729029127627137
2.410617675473469
2.4471753182316562
2.482505351202739
2.516536744717132
2.5491979859556313
2.580417136923769
3.0
3.0
3.0
3.0
