0.0
0.0
0.0007285827694774976
0.0021993864847666736
0.00442587529936556
0.007421310407022852
0.008825142047449571
0.008967626615666944
0.009227522144108392
0.009300445990992414
0.009488864184172741
0.00974007833978285
0.009918294322487312
0.010206171066235822
0.010585255814679171
0.01116139758993932
0.011990736418442427
0.012929105215671132
0.014389757322766412
0.016118170065659305
0.01886765141040029
0.02178831064315696
0.026400744447654077
0.032544775517678086
0.040032157534186555
0.05059650360008021
0.06463011640402283
0.08354137770495895
0.10695130547630613
0.13130595577960508
0.15660320171326333
0.1828398842902736
0.21001178300274184
0.2381135870345821
3.0
3.0
3.0
3.0
3.0
3.0
3.0
3.0
3.0
3.0
3.0
3.0
3.0
3.0
3.0
3.0
3.0
3.0
3.0
3.0
3.0
3.0
3.0
3.0
3.0
3.0
3.0
3.0
3.0
3.0
3.0
3.0
3.0
3.0
3.0
3.0
3.0
3.0
3.0
3.0
3.0
3.0
3.0
3.0
3.0
3.0
3.0
3.0
3.0
3.0
3.0
3.0
3.0
3.0
3.0
3.0
3.0
3.0
3.0
3.0
