0.0
0.0
0.0007285827694774976
0.0021993864847666736
0.00442587529936556
0.007421310407022852
0.008825142047449571
0.00902771115137877
0.009076943682046685
0.009282633123907301
0.009509503035146114
0.009797847666848554
0.010199045091353607
0.010911060464221238
0.011766277252937071
0.012845975353021007
0.014046513217298051
0.01573353999736617
0.01817353633547568
0.021366640073774163
0.026049738318425303
3.0
3.0
3.0
3.0
3.0
3.0
3.0
3.0
3.0
3.0
3.0
3.0
3.0
3.0
3.0
3.0
3.0
3.0
3.0
3.0
3.0
3.0
3.0
3.0
3.0
3.0
3.0
3.0
3.0
3.0
3.0
3.0
3.0
3.0
3.0
3.0
3.0
3.0
3.0
3.0
3.0
3.0
3.0
3.0
3.0
3.0
3.0
3.0
3.0
3.0
3.0
3.0
3.0
3.0
3.0
3.0
3.0
3.0
3.0
3.0
3.0
3.0
3.0
3.0
3.0
3.0
3.0
3.0
3.0
3.0
3.0
3.0
3.0
