0.0
0.0
0.0007285827694774976
0.0021993864847666736
0.00442587529936556
0.007421310407022852
0.008825142047449571
0.0088300382828912
0.009018436018325932
0.00931104529929053
0.009700750223333863
0.010088343367979676
0.010530660458279526
0.011267731549912837
0.011943457236044421
0.012615299358041069
0.013859505175285992
0.015645890953311647
0.018008902028941922
0.021160136688632716
0.025877816666243197
0.03253371867872282
0.04048989052043615
0.05109533223906751
0.06492420081702652
0.0843015220617399
0.1058196017161752
0.12828368210956761
0.15169360988091476
0.17604826018421374
0.20134550611787203
0.22758218869488223
3.0
3.0
3.0
3.0
3.0
3.0
3.0
3.0
3.0
3.0
3.0
3.0
3.0
3.0
3.0
3.0
3.0
3.0
3.0
3.0
3.0
3.0
3.0
3.0
3.0
3.0
3.0
3.0
3.0
3.0
3.0
3.0
3.0
3.0
3.0
3.0
3.0
3.0
3.0
3.0
3.0
3.0
3.0
3.0
3.0
3.0
3.0
3.0
3.0
3.0
3.0
3.0
3.0
3.0
3.0
3.0
3.0
3.0
3.0
3.0
3.0
3.0
