0.0
0.0
0.0007285827694774976
0.0021993864847666736
0.00442587529936556
0.007421310407022852
0.008825142047449571
0.009073333435163424
0.00929928381770629
0.009648988283230053
0.009732193883704797
0.010092919101532958
0.010591510484550641
0.011416892340128946
0.012355263064946987
0.013352948868645553
0.014827689839543419
0.016890804271719864
0.019440961339472575
0.023262096592466055
0.02896888376924302
0.036776553189821884
0.04594498219362531
0.058329520542491894
0.07403236664285945
0.0946052326242533
0.11612331227868866
0.13858739267208106
0.16199732044342818
0.18635197074672719
0.21164921668038544
0.2378858992573957
0.26505779796986395
0.2931596020017042
0.322184882143449
0.35212606346316344
0.38297439878739736
0.4147199430459522
0.44735152853399285
0.48085674114467847
0.5152218976250399
0.5504320239072706
0.5864708345669521
0.6233207134589709
0.6609626955810295
0.6993764502136898
0.7385402653848286
0.7784310337052158
0.8190242396206654
0.8602939481248468
0.9022127949753723
0.9447519784542356
0.9878812527119957
1.0315689227333775
1.0757818409601025
1.1204854056048414
1.1656435606881614
1.2112187978282374
1.2571721598109165
1.3034632459654591
1.3500502193689514
1.3968898158999563
1.443937355159512
1.4911467532750262
1.5384705376000256
1.5858598633200407
1.6332645319722052
1.6806330118833828
1.7279124605288187
1.7750487488104807
1.8219864872513571
1.868669054099084
1.9150386253293215
1.9610362065363567
2.0066016666954285
2.051673773778294
2.0961902322005788
2.14008772207645
2.1833019402531915
2.2257676430952897
2.267418690984688
2.30818809450093
2.3480080622420547
3.0
3.0
3.0
3.0
3.0
3.0
3.0
3.0
3.0
3.0
3.0
