0.0
0.0
0.0007285827694774976
0.0021993864847666736
0.00442587529936556
0.007421310407022852
0.008825142047449571
0.00906562617427464
0.009139238877377784
0.009430226669731902
0.009600244352279005
0.009992092441207565
0.010271828878188335
0.010990047289778225
0.011883756267694553
0.013011643477791109
0.014565567237689396
0.016749763074832016
0.01967597019221477
0.023198129725693267
0.029175861528626692
0.036468666187491505
0.04619514235663048
0.05921009067125479
0.07526634928855867
0.09583921526995257
0.11735729492438787
0.13982137531778027
0.16323130308912745
0.1875859533924264
0.21288319932608463
0.23911988190309486
0.26629178061556313
0.29439358464740345
0.32341886478914816
0.3533600461088626
0.38420838143309666
0.41595392569165135
0.448585511179692
0.48209072379037765
0.5164558802707392
3.0
3.0
3.0
3.0
3.0
3.0
3.0
3.0
3.0
3.0
3.0
3.0
3.0
3.0
3.0
3.0
3.0
3.0
3.0
3.0
3.0
3.0
3.0
3.0
3.0
3.0
3.0
3.0
3.0
3.0
3.0
3.0
3.0
3.0
3.0
3.0
3.0
3.0
3.0
3.0
3.0
3.0
3.0
3.0
3.0
3.0
3.0
3.0
3.0
3.0
3.0
3.0
3.0
