0.0
0.0
0.0007285827694774976
0.0021993864847666736
0.00442587529936556
0.007421310407022852
0.008825142047449571
0.009080315889361019
0.009366866762120181
0.009665359506840216
0.009845764378215684
0.010210328417157718
0.010588273693802202
0.011442864412390695
0.012198984984178455
0.013272552204983265
0.014809195433976779
0.016813877720405605
0.01971041981883968
0.024055236757562822
0.029675264204605336
0.03778021480303679
0.04868417015865232
0.06206178304498701
0.07946847374514729
0.1000413397265412
0.12155941938097652
0.14402349977436893
0.16743342754571605
0.19178807784901505
0.21708532378267328
0.24332200635968357
0.27049390507215176
0.29859570910399214
0.32762098924573685
0.35756217056545125
0.38841050588968523
0.4201560501482401
0.4527876356362806
0.4862928482469664
0.5206580047273278
0.5558681310095586
0.5919069416692401
0.6287568205612588
0.6663988026833173
0.7048125573159777
0.7439763724871166
0.7838671408075037
3.0
3.0
3.0
3.0
3.0
3.0
3.0
3.0
3.0
3.0
3.0
3.0
3.0
3.0
3.0
3.0
3.0
3.0
3.0
3.0
3.0
3.0
3.0
3.0
3.0
3.0
3.0
3.0
3.0
3.0
3.0
3.0
3.0
3.0
3.0
3.0
3.0
3.0
3.0
3.0
3.0
3.0
3.0
3.0
3.0
3.0
