0.0
0.0
0.0007285827694774976
0.0021993864847666736
0.00442587529936556
0.007421310407022852
0.008825142047449571
0.009084247628787187
0.009318330793618252
0.009695772481461713
0.010194733462279648
0.010605668912098267
0.011497552638460525
0.012246234135818901
0.013355501647041355
0.014740027392463795
0.01629385129762593
0.01865511337760981
0.022011391437320362
0.02688896579826704
0.03444683318184455
0.043350095843996364
0.05622137160876228
0.07124156143420488
0.09087090974267992
0.11144377572407381
0.13296185537850913
0.15542593577190159
0.17883586354324868
0.2031905138465477
0.2284877597802059
0.2547244423572162
0.28189634106968436
0.3099981451015247
0.3390234252432694
0.3689646065629839
0.3998129418872178
0.4315584861457727
0.46419007163381326
0.4976952842444989
0.5320604407248605
0.5672705670070911
0.6033093776667727
0.6401592565587912
0.6778012386808501
0.7162149933135102
0.7553788084846492
0.7952695768050363
0.835862782720486
0.8771324912246672
0.9190513380751927
0.9615905215540564
1.0047197958118164
1.0484074658331979
1.0926203840599231
1.137323948704662
1.1824821037879822
1.2280573409280582
1.2740107029107366
1.3203017890652797
1.366888762468772
1.4137283589997771
1.4607758982593324
1.5079852963748468
1.5553090806998462
1.602698406419861
1.6501030750720258
1.6974715549832036
1.7447510036286396
1.7918872919103013
1.8388250303511775
1.8855075971989044
1.9318771684291416
1.9778747496361773
2.0234402097952486
2.0685123168781145
2.1130287753003993
2.1569262651762706
2.200140483353012
2.2426061861951108
2.284257234084508
2.325026637600751
2.3648466053418753
2.403648593343998
2.441363356054753
3.0
3.0
3.0
3.0
3.0
3.0
3.0
3.0
3.0
