0.0
0.0
0.0007285827694774976
0.0021993864847666736
0.00442587529936556
0.007421310407022852
0.008825142047449571
0.00902597471047396
0.009243334100296596
0.009613195910589251
0.010009612795518276
0.010575243943039958
0.011023270687122852
0.01198023319195131
0.01302896634918965
0.014271132328201144
0.015900767753443696
0.018052478353423263
0.0215255214821876
0.025829437621529346
0.03204539181591956
0.039665814941449926
0.051631766838972006
0.06505359218037107
0.08323804884688678
0.1038109148282807
0.125328994482716
0.1477930748761084
0.17120300264745555
0.19555765295075445
0.2208548988844128
0.24709158146142304
0.27426348017389124
0.30236528420573155
0.3313905643474763
0.3613317456671908
0.3921800809914247
0.42392562524997945
0.4565572107380201
0.4900624233487058
0.5244275798290671
0.5596377061112979
0.5956765167709793
0.6325263956629983
0.6701683777850568
0.708582132417717
0.7477459475888558
0.7876367159092432
0.8282299218246927
0.8694996303288741
0.9114184771793996
0.9539576606582632
0.9970869349160232
1.0407746049374047
1.0849875231641297
1.1296910878088686
1.1748492428921886
1.220424480032265
1.2663778420149436
1.3126689281694863
1.3592559015729788
1.4060954981039837
1.4531430373635392
1.5003524354790536
1.5476762198040528
1.5950655455240677
1.6424702141762324
1.6898386940874102
1.7371181427328461
1.784254431014508
1.8311921694553839
1.877874736303111
1.9242443075333484
1.9702418887403839
2.0158073488994557
2.060879455982321
2.1053959144046064
2.149293404280477
2.1925076224572186
2.2349733252993174
2.2766243731887146
2.317393776704957
2.357213744446082
2.3960157324482045
3.0
3.0
3.0
3.0
3.0
3.0
3.0
3.0
3.0
3.0
