1	4	0.0	0.25	0.0	0.0	0.00375	0.0		0.0	
2	4	0.0	0.25	0.0	0.0	0.00375	0.0		0.0	
3	4	0.0	0.25	0.0	0.0	0.003638187560413125	0.0		0.0	
4	4	0.0	0.25	0.0	0.0	0.0034478577600169954	0.0		0.0	
5	4	0.0	0.25	0.0	0.0	0.003178274667184105	0.0		0.0	
6	4	0.0	0.25	0.0	0.0	0.002828730719359023	0.0		0.0	
7	4	6.2520653736735186e-06	0.25	0.0	0.0	0.0025188887805460683	0.0	0.0	2.500826149469408e-05	
8	4	7.641957022506903e-06	0.25	5.2467345086641335e-06	7.288742115963122	0.0026377463482485136	0.0	0.0	3.0567828090027614e-05	1.407800093979588
9	4	7.900310731980105e-06	0.25	1.2628941644100802e-06	2.0067914692382836	0.0026582224811302424	0.0	0.0	3.160124292792042e-05	1.2220555695711608
10	4	1.0719650383522903e-05	0.25	1.285869274185819e-05	12.603852227574825	0.0028744478048440603	0.0	0.0	4.2878601534091606e-05	1.2276405394906769
11	4	1.4664291465492636e-05	0.25	1.7271288252858345e-05	17.139691329819133	0.0031731522661521856	0.0	0.0	5.8657165861970545e-05	1.1502490681109718
12	4	1.597252855625605e-05	0.25	3.958925768310088e-06	6.437928948242027	0.003272161373140522	0.0	0.0	6.38901142250242e-05	1.8852358018071533
13	4	2.148599724571671e-05	0.25	1.9413118992457457e-05	23.881339780487586	0.003692974217260225	0.0	0.0	8.594398898286685e-05	1.1373056746888637
14	4	2.9077787080862006e-05	0.25	2.869740845237721e-05	33.12819352638296	0.004282056634471854	0.0	0.0	0.000116311148323448	1.3617095433771975
15	4	3.7870711658507e-05	0.25	2.5068446972566392e-05	36.74339408928481	0.004934251922699839	0.0	0.0	0.000151482846634028	1.318833841612454
16	4	4.944989547452237e-05	0.25	3.21588300529697e-05	47.208643811612255	0.0057757801495294326	0.0	0.0	0.0001977995818980895	1.2914482513418992
17	4	6.752622065569434e-05	0.25	5.271479749717873e-05	72.66954048221756	0.007082631054768805	0.0	0.0	0.00027010488262277734	1.159326811707356
18	4	8.650646121411063e-05	0.25	4.976263473703307e-05	77.12803303854948	0.008463660467414915	0.0	0.0	0.00034602584485644253	1.1493152369886641
19	4	0.00011820286166493433	0.25	9.624856402818343e-05	129.85854148569157	0.010810670659000021	0.0	0.0	0.0004728114466597373	1.1913297703066468
20	4	0.00015566057090276661	0.25	0.00010466731570482272	158.35396243783688	0.013669609746341784	0.0	0.0	0.0006226422836110662	1.1702386975798669
21	4	0.0002026219981276788	0.25	0.00013703474832354776	208.03366457452128	0.017428827067668202	0.0	0.0	0.0008104879925107153	1.2098346641607227
22	4	0.00026097220352201965	0.25	0.00016709369219098709	259.71979749743656	0.02211973813804401	0.0	0.0	0.0010438888140880786	1.1680625852750242
23	4	0.00033835178997767537	0.25	0.0002366271868019473	352.5066033523448	0.028496186345459737	0.0	0.0	0.0013534071599107015	1.1062078775173074
24	4	0.00044423314524705704	0.25	0.00030575527989915334	473.4314778176537	0.037067662493760416	0.0	0.0	0.0017769325809882282	1.1008119120452893
25	4	0.0005761629457146357	0.25	0.00037253157568959013	590.15023265155	0.04774259115042751	0.0	0.0	0.0023046517828585428	1.1838563494364231
26	4	0.0007361660161139522	0.25	0.0004886169804490099	778.6794638098703	0.06224184488773096	0.0	0.0	0.002944664064455809	1.1722000956676617
27	4	0.0008905208445312967	0.25	0.0006642451836961353	1032.4245449395673	0.08333075881692588	0.0	0.0	0.0035620833781251867	1.159001066076656
28	4	0.0010568568049481016	0.25	0.000838749490111589	1294.2060021276438	0.11078437791438966	0.0	0.0	0.004227427219792406	1.222205120129259
29	4	0.0012245362584896234	0.25	0.0009325388052115356	1500.2573319282892	0.14330177592581014	0.0	0.0	0.004898145033958495	1.162938678358451
30	4	0.0013886740019325855	0.25	0.0010172377333071084	1670.0939365318916	0.17998589625283634	0.0	0.0	0.005554696007730343	1.1927995125030544
31	4	0.0015621046237949956	0.25	0.0012384238846177356	2004.8348887201187	0.2248789035824464	0.0	0.0	0.0062484184951799825	1.1539599062085917
32	4	0.0017371628299741508	0.25	0.001423299230117372	2297.1331507242953	0.2769507710197114	0.0	0.0	0.006948651319896603	1.1334741550435354
33	4	0.0019057826462146067	0.25	0.0015024515788968132	2490.8738763951274	0.33370767302199233	0.0	0.0	0.007623130584858427	1.1365877588698443
34	4	0.0020869875812556085	0.25	0.0016944151721929278	2807.1608118723107	0.396665249472512	0.0	0.0	0.008347950325022434	1.1560630765745836
35	4	0.002268334926067706	0.25	0.0018823912711900602	3084.6958028183813	0.4652207821246035	0.0	0.0	0.009073339704270824	1.1474373591820963
36	4	0.002440696601215397	0.25	0.0019728677984125033	3323.3754655221355	0.5387150903765635	0.0	0.0	0.009762786404861588	1.1836931951597969
37	4	0.002620310949439191	0.25	0.0021572063035920877	3610.6256761480126	0.6182719906732749	0.0	0.0	0.010481243797756765	1.1744374045820074
38	4	0.002798198240822707	0.25	0.0023040150364417684	3929.4465289870227	0.7043573040413676	0.001753764825904922	0.009965615938399223	0.011192792963290827	1.1363807768730685
39	4	0.0029649450356671807	0.25	0.0024967883595607273	4268.254618024123	0.7979134902557334	0.0052300752854383785	0.02645210886398624	0.011859780142668726	1.1829863674812606
40	4	0.0031408508550407285	0.25	0.0027450207258956465	4615.938641550742	0.8975658046561942	0.010394365419869394	0.04630614494730912	0.012563403420162914	1.1377044949547812
41	4	0.003311428711275325	0.25	0.0027911546203100213	4861.165136951009	1.0014095216941499	0.017208658264277952	0.0676855510075182	0.0132457148451013	1.1621635081561787
42	4	0.003490821931951593	0.25	0.003015847101678094	5209.20449617514	1.1123909534465448	0.02563150462833667	0.08949069230874604	0.013963287727806374	1.158399561232183
43	4	0.003674926780843483	0.25	0.003230369377134855	5675.661266068933	1.2342602808658063	0.03561792504361113	0.11152075267860484	0.014699707123373932	1.1271805412887943
44	4	0.003853355044704647	0.25	0.0032804082290080142	5868.62073262505	1.36054728840615	0.04711935502121583	0.13417765239988388	0.015413420178818587	1.1563307511109455
45	4	0.004015258033119696	0.25	0.0033665576895249103	6134.800693709513	1.4928187483884503	0.0600835937612076	0.15706255751328987	0.016061032132478784	1.1425011454102558
46	4	0.004182159975196227	0.25	0.0036403111686798342	6608.615405421518	1.634375233561169	0.07445475645235305	0.17791807514047794	0.01672863990078491	1.1524030493176725
47	4	0.004354159235829443	0.25	0.003748153593417592	6947.387282706876	1.7822005871036182	0.0901732302978728	0.19710193215642371	0.01741663694331777	1.1368850419169318
48	4	0.004539248654957282	0.25	0.003923240152479806	7273.581591323374	1.9363989958853456	0.10717563439944396	0.2150158053127508	0.018156994619829128	1.1399912861337782
49	4	0.004726038650382175	0.25	0.004229455692740107	6981.334094122264	2.0815193065104087	0.12539478362813558	0.23256750326375966	0.0189041546015287	1.1405879318407155
50	4	0.004902662168033236	0.25	0.0042206372048053395	6735.976949331742	2.2195509517758643	0.14475965660706314	0.2504045359143829	0.019610648672132944	1.1377295772680391
51	4	0.005091840519883365	0.25	0.004545715888730336	7472.771818967284	2.3734226347603413	0.16519536792637932	0.2654140243385665	0.02036736207953346	1.1710998255924732
52	4	0.005275600256519825	0.25	0.0044941757862963115	8570.369846199761	2.5536118122648506	0.18662314470677446	0.27873212356546323	0.0211024010260793	1.156415924252333
53	4	0.005476900505945257	0.25	0.004730946258773891	9138.712376449686	2.746151051987044	0.2089603076229464	0.29064681593335673	0.021907602023781027	1.1482796167788476
54	4	0.0056832110519920345	0.25	0.004909359065085662	9546.999623772645	2.9477376804088253	0.2321202564935162	0.30215407633677405	0.022732844207968138	1.1457957191403203
55	4	0.0058815131480491525	0.25	0.004963385355681014	9985.175292472404	3.1601543404288455	0.25601246053863	0.3141834732767686	0.02352605259219661	1.1519003751636507
56	4	0.006095565571994916	0.25	0.0052772250821042435	10407.766559842592	3.380285477147286	0.2805424534009877	0.324350586413383	0.024382262287979663	1.1482268799405992
57	4	0.006305271797594771	0.25	0.005353994941082322	10638.286045061708	3.6034742800207744	0.3056118330203001	0.3331449980905221	0.025221087190379084	1.1351693852101985
58	4	0.006511866758971764	0.25	0.005611375259795996	11129.688008501846	3.8373732474059303	0.33111826644519626	0.3412649681384569	0.02604746703588705	1.1337485447453075
59	4	0.006721021804717295	0.25	0.005811003483668315	11823.98212302816	4.087969383748144	0.3569554996603837	0.3492740149264122	0.02688408721886918	1.1420918278485501
60	4	0.006918444501053961	0.25	0.0061195664946291865	12281.207718082429	4.3500356034980925	0.3830133725004369	0.35803034607796713	0.027673778004215843	1.1309026300574008
61	4	0.007128759130600034	0.25	0.00613689553811629	12482.525094005194	4.613255570429834	0.4091778387149298	0.3647836787229101	0.028515036522400138	1.1344584275361191
62	4	0.007329961427263244	0.25	0.006369239728991444	12991.850237581408	4.88691943049049	0.4353309912427789	0.3704810444766909	0.029319845709052977	1.1495952848443634
63	4	0.0075410137399251845	0.25	0.006511661368788707	13428.58512918656	5.169508391811512	0.4613510927466124	0.3754882176850156	0.030164054959700738	1.15097124474231
64	4	0.007752000536645309	0.25	0.00698640351948992	14070.517579540152	5.467500908982347	0.4871126114507473	0.3805766695444672	0.031008002146581237	1.1492540799610678
65	4	0.007828676765240456	0.25	0.006850042302464025	14192.864261979663	5.761966317392969	0.5124862623189482	0.38798375812729297	0.03131470706096183	1.124802098478666
66	4	0.007992382270808169	0.25	0.006932187082451459	14539.05196559933	6.068116858904211	0.5373390536005784	0.3923599275660885	0.031969529083232674	1.142275865722475
67	4	0.008118013581425937	0.25	0.007224762060519944	14845.777083168165	6.379956844404407	0.5615343387660311	0.3961986883242181	0.03247205432570375	1.152254304516356
68	4	0.008230686416716822	0.25	0.007034003818258387	14953.50783265536	6.6926198734110525	0.5849318738444796	0.399739665611552	0.03292274566686729	1.1303653714064341
69	4	0.008321953488683422	0.25	0.007261029448419285	15270.83757976655	7.012820588664037	0.6073878801690021	0.4036659378747184	0.03328781395473369	1.1415813890590316
70	4	0.007865909115350872	0.25	0.007019882240450957	14948.769979089158	7.2979120569416756	0.6287551125260508	0.4149481472217963	0.03146363646140349	1.1488674379106822
71	4	0.007888100019925388	0.25	0.0070022552774257184	14936.519053364675	7.607719746927537	0.6488829326980451	0.4192602343885544	0.03155240007970155	1.135280432075783
72	4	0.007888100019925388	0.25	0.0070324881857254575	15178.044879941104	7.923066461380214	0.6676173883795984	0.42371627132286216	0.03155240007970155	1.1522084493076992
73	4	0.007888100019925388	0.25	0.007087612347979101	15150.55994773123	8.236903103884204	0.6848012974395454	0.4283091968739661	0.03155240007970155	1.1585270500910023
74	4	0.007888100019925388	0.25	0.007141050708115325	15391.926290369182	8.556936414343065	0.7002743374925426	0.4333414636334775	0.03155240007970155	1.1544710883721492
75	4	0.006957072699622951	0.25	0.006325251842747349	13810.718960140613	8.78734839333913	0.7138731407355723	0.4509522670598466	0.027828290798491803	1.1432525003155467
76	4	0.006957072699622951	0.25	0.006217780435570965	13756.661074046067	9.061737958678329	0.7254313939962224	0.4549319863107922	0.027828290798491803	1.1471545690675813
77	4	0.006957072699622951	0.25	0.006298496241234996	13912.714364362957	9.33878531060967	0.7347799439311332	0.4581089071360021	0.027828290798491803	1.1388500873167766
78	4	0.006957072699622951	0.25	0.006218217300605576	13894.284579315268	9.613939577483137	0.7417469073045357	0.4604525133646603	0.027828290798491803	1.1419334716539842
79	4	0.006957072699622951	0.25	0.006263213400986635	13958.820685978964	9.88949026881632	0.7461577862683522	0.4619258310025288	0.027828290798491803	1.1324429527930249
80	4	0.00596366699565956	0.25	0.00536128720754414	12304.520653718891	10.070458788724157	0.7478355885569123	0.4771407606941965	0.02385466798263824	1.1458370788775294
81	4	0.00596366699565956	0.25	0.0052737740577012155	12213.125901157922	10.297861849897748	0.7478355885569123	0.4771407606941965	0.02385466798263824	1.1650078957990748
82	4	0.00596366699565956	0.25	0.005302106538236236	12233.188279257904	10.523842512574014	0.7478355885569123	0.4771407606941965	0.02385466798263824	1.153061860805838
83	4	0.00596366699565956	0.25	0.005316643678448414	12287.566340955551	10.749326981645002	0.7478355885569123	0.4771407606941965	0.02385466798263824	1.1589734406831531
84	4	0.004968501455778879	0.25	0.00447119704831256	10716.210521381094	10.88163966098638	0.7478355885569123	0.4927853256182618	0.01987400582311552	1.1777027510254712
85	4	0.004968501455778879	0.25	0.00437008907022039	10711.007967445661	11.06249891299258	0.7478355885569123	0.4927853256182618	0.01987400582311552	1.161064372479074
86	4	0.004968501455778879	0.25	0.004393159512242698	10543.360970679296	11.237427522271883	0.7478355885569123	0.4927853256182618	0.01987400582311552	1.1694778406890238
87	4	0.004968501455778879	0.25	0.004336917809354233	10569.261777771557	11.411597240399797	0.7478355885569123	0.4927853256182618	0.01987400582311552	1.152150500081674
88	4	0.004968501455778879	0.25	0.004584251854513514	10819.217619653768	11.590938904967096	0.7478355885569123	0.4927853256182618	0.01987400582311552	1.1612489944087765
89	4	0.003977808827587821	0.25	0.0036035529427792313	8960.37873321726	11.670194165538046	0.7478355885569123	0.509412963834412	0.01591123531035129	1.1691182659662769
90	4	0.003977808827587821	0.25	0.0035797070887277904	9087.76747924786	11.801789097072925	0.7478355885569123	0.509412963834412	0.01591123531035129	1.1546466499987842
91	4	0.003977808827587821	0.25	0.0036428256152384	9027.40454524546	11.930767987114164	0.7478355885569123	0.509412963834412	0.01591123531035129	1.1677197158861523
92	4	0.003977808827587821	0.25	0.003579495744933821	8992.282071948031	12.057828659237614	0.7478355885569123	0.509412963834412	0.01591123531035129	1.151667764326434
93	4	0.0029822864551100076	0.25	0.002574360036772987	7365.825216597629	12.09119928884274	0.7478355885569123	0.5272916579206232	0.01192914582044003	1.170841832529257
94	4	0.0029822864551100076	0.25	0.002693104934512464	7378.6941627934375	12.174571185891475	0.7478355885569123	0.5272916579206232	0.01192914582044003	1.1553391079309925
