1	4	0.0	0.25	0.0	0.0	0.00375	0.0		0.0	
2	4	0.0	0.25	0.0	0.0	0.00375	0.0		0.0	
3	4	0.0	0.25	0.0	0.0	0.003638187560413125	0.0		0.0	
4	4	0.0	0.25	0.0	0.0	0.0034478577600169954	0.0		0.0	
5	4	0.0	0.25	0.0	0.0	0.003178274667184105	0.0		0.0	
6	4	0.0	0.25	0.0	0.0	0.002828730719359023	0.0		0.0	
7	4	6.2520653736735186e-06	0.25	0.0	0.0	0.0025188887805460683	0.0	0.0	2.500826149469408e-05	
8	4	6.650050981976798e-06	0.25	1.7321894238008751e-06	2.6997662970262057	0.00255292280141612	0.0	0.0	2.660020392790719e-05	0.8209608705736546
9	4	8.865892500689882e-06	0.25	1.0138109799214526e-05	10.371159633901144	0.002728541976672154	0.0	0.0	3.546357000275953e-05	1.476993426039423
10	4	1.1174090619078376e-05	0.25	7.428492285391349e-06	10.507019559413573	0.002905566013159232	0.0	0.0	4.46963624763135e-05	1.7530029878414373
11	4	1.5154116396900708e-05	0.25	1.59717358470931e-05	17.295257680952997	0.0032069499493026	0.0	0.0	6.061646558760283e-05	0.9964229370272218
12	4	2.0624967102577648e-05	0.25	2.13969061880577e-05	23.492765465908054	0.0036209911400469303	0.0	0.0	8.249986841031059e-05	1.2741929152044082
13	4	2.7583096914467242e-05	0.25	2.259593292810557e-05	29.965492321204806	0.004152067049028249	0.0	0.0	0.00011033238765786897	1.127077779444961
14	4	3.3812626776460114e-05	0.25	1.797917460654364e-05	27.56604712674105	0.0046354453549194785	0.0	0.0	0.00013525050710584043	0.9462459992198404
15	4	4.571818834697827e-05	0.25	3.637748349141641e-05	49.35411871551855	0.005518513450344874	0.0	0.0	0.00018287275338791308	1.3192213863824525
16	4	6.0811879825248495e-05	0.25	4.275697188757765e-05	61.22607728150435	0.006615461873294483	0.0	0.0	0.00024324751930099398	1.2450137588295576
17	4	7.987853563765895e-05	0.25	5.25928237520603e-05	76.82915824356058	0.00799390999029835	0.0	0.0	0.0003195141425506358	1.1587837305042568
18	4	0.000102544407398202	0.25	5.964122315286031e-05	91.94678893680063	0.009643111193425079	0.0	0.0	0.000410177629592808	1.0762025161134985
19	4	0.0001380924419019043	0.25	0.00010491268015150966	145.68994807078252	0.01227532173103646	0.0	0.0	0.0005523697676076172	1.2269584816842405
20	4	0.00018130029198808572	0.25	0.0001210080943023826	182.59648547171682	0.015573137160887238	0.0	0.0	0.000725201167952343	1.3014879329524958
21	4	0.0002377232458467016	0.25	0.0001647928722346923	249.65723377908336	0.02008974063739298	0.0	0.0	0.0009508929833868064	1.1765085637602428
22	4	0.00030909077882419934	0.25	0.00020563568035172916	317.2423042531223	0.02582714547165297	0.0	0.0	0.0012363631152967974	1.1817678993026068
23	4	0.00039910712229296167	0.25	0.00026289699722389177	410.1063866581452	0.033244922927448045	0.0	0.0	0.0015964284891718467	1.2077582490614285
24	4	0.0005208776948725907	0.25	0.0003506988597551959	544.6385775471279	0.04310268830810173	0.0	0.0	0.0020835107794903627	1.1791586610883915
25	4	0.0006762452893106994	0.25	0.0004386800783685397	694.8049840976945	0.0556740556588193	0.0	0.0	0.0027049811572427977	1.2497422240060083
26	4	0.0008362483597100162	0.25	0.0006097850874176676	958.1552241178183	0.0748411631422389	0.0	0.0	0.0033449934388400646	1.131721779776114
27	4	0.0009906031881273603	0.25	0.0007398565377013935	1173.29167918648	0.0995364207540672	0.0	0.0	0.003962412752509442	1.1389364036088905
28	4	0.0011569391485441655	0.25	0.000910810190328471	1423.456307619488	0.13025717246091434	0.0	0.0	0.004627756594176663	1.1452318994789576
29	4	0.0013246186020856878	0.25	0.001016510770682853	1637.099986367272	0.16621278245453192	0.0	0.0	0.005298474408342751	1.1546220275601424
30	4	0.00148875634552865	0.25	0.001232445448861081	1928.6809137183511	0.20951895144238525	0.0	0.0	0.0059550253821146	1.1810935194789884
31	4	0.0016621869673910596	0.25	0.0013329656543988005	2152.090678918447	0.2580345976712664	0.0	0.0	0.006648747869564238	1.1632240782418488
32	4	0.0018372451735702143	0.25	0.0015130158581066146	2446.2133419187367	0.31374467539041245	0.0	0.0	0.007348980694280857	1.1697444250266198
33	4	0.0020058649898106705	0.25	0.0017312457919990867	2769.8155320644273	0.3775361656129606	0.0	0.0	0.008023459959242682	1.1621721626631103
34	4	0.002187069924851672	0.25	0.0017583276913197535	2894.9968172913227	0.44241868318925603	0.0	0.0	0.008748279699406688	1.145576373274836
35	4	0.002368417269663769	0.25	0.0020352466650002637	3325.856685733673	0.5169305292121581	0.0	0.0	0.009473669078655078	1.1533369946149334
36	4	0.0025407789448114605	0.25	0.002182029581397916	3570.15508973275	0.5964759124972356	0.0	0.0	0.010163115779245842	1.1707688159827752
37	4	0.002720393293035255	0.25	0.002294955134699937	3794.178076190265	0.6803598500703768	0.0	0.0	0.01088157317214102	1.1437991787967146
38	4	0.0028982805844187704	0.25	0.002478816823070999	4155.9097746613015	0.7718663611691706	0.001753764825904922	0.009690074218526657	0.01159312233767508	1.154967100980695
39	4	0.003065027379263245	0.25	0.002628745544833034	4444.212544107717	0.8694613108655495	0.0052300752854383785	0.025799150868790827	0.01226010951705298	1.1594115673609378
40	4	0.003240933198636792	0.25	0.00274562667445493	4702.00910290396	0.970742471483015	0.010394365419869394	0.045296354249550544	0.012963732794547168	1.1606945068814492
41	4	0.003411511054871389	0.25	0.0030158583145473	5072.569150025344	1.0795099328887705	0.017208658264277952	0.0663790567474263	0.013646044219485554	1.178729705959153
42	4	0.003590904275547657	0.25	0.0031294900102802844	5382.743931365944	1.1943709432660616	0.02563150462833667	0.08795400029449224	0.014363617102190628	1.1547435830596566
43	4	0.003775009124439547	0.25	0.003090514031250127	5578.018725810633	1.3129241018588869	0.03561792504361113	0.10980039617234057	0.015100036497758188	1.1469878126532993
44	4	0.00395343738830071	0.25	0.0033824898519446093	6056.79120913181	1.4434719646129306	0.04711935502121583	0.13229251249167648	0.01581374955320284	1.1608567881991767
45	4	0.0041153403767157605	0.25	0.0036894485580269147	6545.023747681596	1.585829452472557	0.0600835937612076	0.1550345353967921	0.016461361506863042	1.1540382979465955
46	4	0.004282242318792292	0.25	0.0038338890383358064	6803.2680227059045	1.7316888383205296	0.07445475645235305	0.17581568786646404	0.017128969275169166	1.151687559458494
47	4	0.004454241579425507	0.25	0.003939870107210018	7130.42303031683	1.8834716113715333	0.0901732302978728	0.19496934369800695	0.017816966317702028	1.1500279594991962
48	4	0.0046393309985533464	0.25	0.004097890263848132	7520.083400717884	2.0432677077137207	0.10717563439944396	0.21287866064143587	0.018557323994213386	1.1506088810014452
49	4	0.00482612099397824	0.25	0.004199699602963407	6991.0483957499255	2.1876827157811083	0.12539478362813558	0.23042888169201886	0.01930448397591296	1.1282108618346145
50	4	0.0050027445116293005	0.25	0.004340473031099549	6820.010096576187	2.326977869649264	0.14475965660706314	0.248255611244151	0.0200109780465172	1.1470173220036002
51	4	0.005191922863479429	0.25	0.004599132302382781	7517.124204474465	2.4810538794645827	0.16519536792637932	0.2632971279877908	0.020767691453917717	1.1445399481514489
52	4	0.00537568260011589	0.25	0.004692749223586752	6921.593167835931	2.6167367787978786	0.18662314470677446	0.27666435371805176	0.02150273040046356	1.1492186806752258
53	4	0.005576982849541321	0.25	0.004884765129110263	6755.975841403621	2.7457893528768484	0.2089603076229464	0.28863780429045777	0.022307931398165285	1.1379848181903096
54	4	0.005783293395588099	0.25	0.005073825486412077	6964.191648424778	2.879177609193585	0.2321202564935162	0.3001986045434432	0.023133173582352395	1.1548884436710187
55	4	0.005981595491645216	0.25	0.005350745656124232	6863.6014496326225	3.009783030960515	0.25601246053863	0.31226580215295424	0.023926381966580864	1.1377350964167845
56	4	0.00619564791559098	0.25	0.005473388375163224	6948.728284034656	3.139928144753186	0.2805424534009877	0.32248483890858154	0.02478259166236392	1.1495300316379828
57	4	0.006405354141190835	0.25	0.005561659037550511	6056.030184409267	3.2442811153618334	0.3056118330203001	0.33133756893466193	0.02562141656476334	1.1495823072534836
58	4	0.006611949102567828	0.25	0.0056342452403119634	6066.500182651331	3.3477142834995117	0.33111826644519626	0.3395139378917449	0.026447796410271316	1.1395085331908033
59	4	0.0068211041483133604	0.25	0.005956769015123839	6000.909700678959	3.4489533001323287	0.3569554996603837	0.3475721517467383	0.027284416593253442	1.1436865680797963
60	4	0.007018526844650025	0.25	0.0062586744772103065	6038.141400834426	3.551916255461569	0.3830133725004369	0.3563633812254302	0.0280741073786001	1.144607384904142
61	4	0.0072288414741961	0.25	0.006342687861326946	5739.449190576288	3.644261634219695	0.4091778387149298	0.3631635370134229	0.0289153658967844	1.1442402406633574
62	4	0.007430043770859308	0.25	0.0063676833053795045	5112.365900330349	3.718580776296792	0.4353309912427789	0.3689099790171972	0.02972017508343723	1.149168470952585
63	4	0.00764109608352125	0.25	0.006597250848124089	5191.376167637022	3.7941730456668794	0.4613510927466124	0.37396513547201227	0.030564384334084996	1.132924716314242
64	4	0.007852082880241373	0.25	0.006886585768863515	5074.625698675377	3.866998059946902	0.4871126114507473	0.3790945344814266	0.0314083315209655	1.147975161995198
65	4	0.00790745105406259	0.25	0.007027820034111308	5643.326457069989	3.9490434959837	0.5124862623189482	0.38683028817983217	0.03162980421625036	1.1408577959707225
66	4	0.0080711565596303	0.25	0.007122249659674381	5390.10789666335	4.029923325803301	0.5373390536005784	0.3912347316762375	0.0322846262385212	1.1434478481303456
67	4	0.008196787870248069	0.25	0.007258811423138848	5158.681081516732	4.104309596081797	0.5615343387660311	0.3951006967559282	0.032787151480992274	1.1399661872841873
68	4	0.008309460705538953	0.25	0.007441329149682938	4927.436859258968	4.1727050201998415	0.5849318738444796	0.3986665752892031	0.03323784282215581	1.1549343794682054
69	4	0.008400727777505553	0.25	0.00743641944043483	4842.322583001115	4.2402096021271385	0.6073878801690021	0.402612043128448	0.03360291111002221	1.129761089175727
70	4	0.007889175023835175	0.25	0.007162960357330632	5064.397078612396	4.286472399456729	0.6287551125260508	0.414629828001979	0.0315567000953407	1.1468762820833127
71	4	0.007911365928409691	0.25	0.00722776036267823	5083.491192038373	4.363203992653772	0.6488829326980451	0.4189453401565862	0.031645463713638765	1.1367444333768897
72	4	0.007911365928409691	0.25	0.0072008024564909874	5044.295148780868	4.4401595534938965	0.6676173883795984	0.42340366904431215	0.031645463713638765	1.1352196159409782
73	4	0.007911365928409691	0.25	0.0071780435328499545	4960.505656145983	4.516263784545262	0.6848012974395454	0.4279977927393844	0.031645463713638765	1.1432752701422857
74	4	0.007911365928409691	0.25	0.007196409302517466	5037.078320644491	4.5963527333896215	0.7002743374925426	0.4330297399649985	0.031645463713638765	1.1365164492844373
75	4	0.006957072699622951	0.25	0.0062905955401110865	4895.401066930119	4.625828785801937	0.7138731407355723	0.4509522670598466	0.027828290798491803	1.145771306841354
76	4	0.006957072699622951	0.25	0.006333119183419997	4848.536016250766	4.702444077332822	0.7254313939962224	0.4549319863107922	0.027828290798491803	1.1400702907974367
77	4	0.006957072699622951	0.25	0.0063108755274697325	4961.407179212179	4.7823568566651815	0.7347799439311332	0.4581089071360021	0.027828290798491803	1.1360606118894316
78	4	0.006957072699622951	0.25	0.006264634856418361	5072.1580215782815	4.865561905740548	0.7417469073045357	0.4604525133646603	0.027828290798491803	1.1352804318925227
79	4	0.006957072699622951	0.25	0.0060500423823331775	13771.861098706384	5.178911141257895	0.7461577862683522	0.4619258310025288	0.027828290798491803	1.145357356828164
80	4	0.00596366699565956	0.25	0.005326075997292196	12325.79015790191	5.4028365158412095	0.7478355885569123	0.4771407606941965	0.02385466798263824	1.1394363849878149
81	4	0.00596366699565956	0.25	0.0053412196796721895	12356.413966787617	5.67603184213177	0.7478355885569123	0.4771407606941965	0.02385466798263824	1.1476365788660652
82	4	0.00596366699565956	0.25	0.0053197798168889525	12237.051100182258	5.943710976527258	0.7478355885569123	0.4771407606941965	0.02385466798263824	1.1526499313275218
83	4	0.00596366699565956	0.25	0.005328313957458085	12123.172288156791	6.2060756400644586	0.7478355885569123	0.4771407606941965	0.02385466798263824	1.155398757188482
84	4	0.004968501455778879	0.25	0.004349845816873518	10528.797018033534	6.374328740510667	0.7478355885569123	0.4927853256182618	0.01987400582311552	1.1638055327637429
85	4	0.004968501455778879	0.25	0.004463394628156729	10526.049384914444	6.5908697744708284	0.7478355885569123	0.4927853256182618	0.01987400582311552	1.1536246807164974
86	4	0.004968501455778879	0.25	0.004453432082870963	10608.02884601198	6.807750665912862	0.7478355885569123	0.4927853256182618	0.01987400582311552	1.1705114757802753
87	4	0.004968501455778879	0.25	0.004553244471156825	10727.991431445012	7.025978890982912	0.7478355885569123	0.4927853256182618	0.01987400582311552	1.130719487369416
88	4	0.004968501455778879	0.25	0.004450010704125162	10602.709462229705	7.239074006290019	0.7478355885569123	0.4927853256182618	0.01987400582311552	1.1404715586777747
89	4	0.003977808827587821	0.25	0.0036171485857202923	9026.444364968182	7.35924058002108	0.7478355885569123	0.509412963834412	0.01591123531035129	1.141351481208597
90	4	0.003977808827587821	0.25	0.003469528976574577	8880.219070218527	7.5241535705367815	0.7478355885569123	0.509412963834412	0.01591123531035129	1.1645206367978278
91	4	0.003977808827587821	0.25	0.0036893708602831797	8926.887090672444	7.688976916411392	0.7478355885569123	0.509412963834412	0.01591123531035129	1.1491553121515612
92	4	0.003977808827587821	0.25	0.003509777595477656	9017.528817075709	7.854880373723002	0.7478355885569123	0.509412963834412	0.01591123531035129	1.1450050460122705
93	4	0.0029822864551100076	0.25	0.002657753879232475	7395.387289226814	7.926858153987613	0.7478355885569123	0.5272916579206232	0.01192914582044003	1.1779264057456018
94	4	0.0029822864551100076	0.25	0.00272953660193212	7428.443739274532	8.049022808566606	0.7478355885569123	0.5272916579206232	0.01192914582044003	1.1758082571163644
