1	4	0.0	0.25	0.0	0.0	0.00375	0.0		0.0	
2	4	0.0	0.25	0.0	0.0	0.00375	0.0		0.0	
3	4	0.0	0.25	0.0	0.0	0.003638187560413125	0.0		0.0	
4	4	0.0	0.25	0.0	0.0	0.0034478577600169954	0.0		0.0	
5	4	0.0	0.25	0.0	0.0	0.003178274667184105	0.0		0.0	
6	4	0.0	0.25	0.0	0.0	0.002828730719359023	0.0		0.0	
7	4	6.2520653736735186e-06	0.25	0.0	0.0	0.0025188887805460683	0.0	0.0	2.500826149469408e-05	
8	4	6.713470434169764e-06	0.25	1.928251911679425e-06	2.993171438916675	0.002558346160739852	0.0	0.0	2.6853881736679057e-05	2.389624476901677
9	4	7.707362880060232e-06	0.25	3.3904122612341132e-06	5.13355827105127	0.002637118297720957	0.0	0.0	3.082945152024093e-05	1.2530929363305754
10	4	9.623677838202288e-06	0.25	6.2070350175666035e-06	8.849879852538447	0.002784087401615605	0.0	0.0	3.849471135280915e-05	1.227610893730249
11	4	1.261325993718313e-05	0.25	9.635377439313368e-06	13.196308962961211	0.0030104708651185947	0.0	0.0	5.045303974873252e-05	1.0561052448436987
12	4	1.551722303413411e-05	0.25	8.642959062314274e-06	12.915988811596735	0.0032302466190596646	0.0	0.0	6.206889213653644e-05	1.3631011076946362
13	4	1.9426435544134728e-05	0.25	1.1619490076968465e-05	17.24279747257247	0.003528615382402113	0.0	0.0	7.770574217653891e-05	1.339365260688172
14	4	2.4565802800774882e-05	0.25	1.5387674744789183e-05	22.777170588534563	0.00392740288208557	0.0	0.0	9.826321120309953e-05	1.3156922495518275
15	4	3.1437765847757706e-05	0.25	1.9351951225020018e-05	28.91415104025173	0.004437115194586653	0.0	0.0	0.00012575106339103082	1.310587309575666
16	4	3.962497222013333e-05	0.25	2.204507284947749e-05	33.702668058649444	0.005032128225790446	0.0	0.0	0.0001584998888805333	1.0163822416564101
17	4	5.126212294063472e-05	0.25	3.155473512157787e-05	47.23087884728995	0.005873450828757042	0.0	0.0	0.00020504849176253889	1.2423376513792077
18	4	6.405373984514835e-05	0.25	3.3395486365416604e-05	52.35493321610428	0.006804187145088987	0.0	0.0	0.0002562149593805934	1.19731478325486
19	4	8.484996070478866e-05	0.25	5.874703310586542e-05	85.62748197804655	0.008344076268453534	0.0	0.0	0.00033939984281915463	1.2009144200040116
20	4	0.00011419837787048476	0.25	8.675212200610684e-05	124.028603007836	0.01058407809167972	0.0	0.0	0.00045679351148193904	1.1614614608005889
21	4	0.00014976255154002172	0.25	0.0001053697930033322	157.62422879843652	0.013430956169658195	0.0	0.0	0.0005990502061600869	1.2358868563269343
22	4	0.0001949548264049057	0.25	0.00013052262971851667	201.1300963436709	0.01706407007262503	0.0	0.0	0.0007798193056196228	1.2239676564065547
23	4	0.00024951456004998967	0.25	0.00015849392247084198	249.04982513469315	0.02156005320892219	0.0	0.0	0.000998058240199959	1.2315346123897242
24	4	0.0003249835709774654	0.25	0.00021727201297483712	337.8732071348595	0.02766954080902815	0.0	0.0	0.0012999342839098615	1.1137044624090076
25	4	0.00042222940064859344	0.25	0.00027480713078068816	435.11962979936584	0.03553806096306871	0.0	0.0	0.0016889176025943738	1.3156465102785422
26	4	0.00054689842350769	0.25	0.00035403971382853453	566.1463637750785	0.04577893379629268	0.0	0.0	0.00218759369403076	1.221589124863827
27	4	0.0007012532519250344	0.25	0.000499913049894168	782.6753309494318	0.060421136180686986	0.0	0.0	0.0028050130077001377	1.1512967982674351
28	4	0.0008675892123418394	0.25	0.0006032010712434291	971.346060182856	0.07955550225488286	0.0	0.0	0.0034703568493673577	1.1631568155403529
29	4	0.0010352686658833617	0.25	0.0008245377842131722	1287.7603751305558	0.10674276550603798	0.0	0.0	0.004141074663533447	1.1216710945784711
30	4	0.0011994064093263238	0.25	0.0009266587186162117	1480.0973869769255	0.13873886803929367	0.0	0.0	0.004797625637305295	1.155176671961519
31	4	0.0013728370311887337	0.25	0.0010763537251416329	1741.6357974605453	0.1770530634190253	0.0	0.0	0.005491348124754935	1.1800158203627853
32	4	0.0015478952373678887	0.25	0.0012485526122426641	2032.417349090029	0.22256527795980666	0.0	0.0	0.006191580949471555	1.1599831358852224
33	4	0.0017165150536083446	0.25	0.001351487100144065	2224.622385067016	0.2727810125196166	0.0	0.0	0.006866060214433378	1.1583443740521722
34	4	0.0018977199886493464	0.25	0.001617892676050517	2605.063976218129	0.3309503598723733	0.0	0.0	0.007590879954597385	1.1598832530135306
35	4	0.0020790673334614433	0.25	0.0017524957653721664	2852.3456712885177	0.3939618889576885	0.0	0.0	0.008316269333845773	1.1639798001831307
36	4	0.0022514290086091343	0.25	0.0018789978197756773	3096.6742560502366	0.4621112551108358	0.0	0.0	0.009005716034436537	1.1506242577661
37	4	0.002431043356832929	0.25	0.0019544648279388203	3293.7821310951613	0.5339910192742732	0.0	0.0	0.009724173427331714	1.190479194354648
38	4	0.0026089306482164447	0.25	0.0022151192281842508	3704.266877772644	0.6148887675149901	0.001753764825904922	0.010531970891684256	0.010435722592865777	1.1487984315284578
39	4	0.002775677443060919	0.25	0.002401536295068845	4005.3398587161028	0.7023076434238056	0.0052300752854383785	0.02778182646574265	0.011102709772243676	1.1602793682075028
40	4	0.002951583262434466	0.25	0.002574263952755541	4362.283689830497	0.7961223977906288	0.010394365419869394	0.048344275331136013	0.011806333049737864	1.16764358369649
41	4	0.0031221611186690625	0.25	0.0025767187778248588	4530.224983938148	0.8921402998099173	0.017208658264277952	0.070302316827476	0.01248864447467625	1.1608657153731288
42	4	0.003301554339345331	0.25	0.0028062824189854503	4918.777736142214	0.9964361455338404	0.02563150462833667	0.0925485673164115	0.013206217357381323	1.1579908406988677
43	4	0.0034856591882372204	0.25	0.0028631446921431763	5197.4253308459	1.1067207681188171	0.03561792504361113	0.11492602399960387	0.013942636752948882	1.1573232105169386
44	4	0.0036640874520983842	0.25	0.0030242441297077807	5513.942009470001	1.2247899849102517	0.04711935502121583	0.13789361444862738	0.014656349808393537	1.157578635683283
45	4	0.0038259904405134335	0.25	0.003308634820036706	6020.055847938404	1.3552533082265832	0.0600835937612076	0.16104651182294674	0.015303961762053734	1.1572951529218132
46	4	0.0039928923825899645	0.25	0.003511399910310439	6369.952791479444	1.491745757377004	0.07445475645235305	0.1820345717584796	0.015971569530359858	1.1676945895383941
47	4	0.004164891643223181	0.25	0.0034633825495553354	6506.734175287621	1.6292188902505975	0.0901732302978728	0.201265139832628	0.016659566572892723	1.1362053030109969
48	4	0.00434998106235102	0.25	0.003706309377662688	6886.805125458503	1.7745809149463747	0.10717563439944396	0.21917697585154336	0.01739992424940408	1.1418297324252351
49	4	0.0045367710577759145	0.25	0.003913041632159327	6681.217609463966	1.9132327124060016	0.12539478362813558	0.236722350758892	0.018147084231103654	1.1559850466821755
50	4	0.004713394575426974	0.25	0.004138727954808092	6503.8280501104355	2.0466488131855587	0.14475965660706314	0.2545718017555141	0.018853578301707898	1.1498793689305813
51	4	0.004902572927277102	0.25	0.0042459068937941566	7129.5741143514415	2.1930141368292624	0.16519536792637932	0.2695118179159183	0.01961029170910841	1.1411515361757487
52	4	0.005086332663913564	0.25	0.0044239647220776475	6620.870188342421	2.323348502849771	0.18662314470677446	0.28272822916128115	0.020345330655654255	1.150620019573393
53	4	0.005287632913338995	0.25	0.004556917376367545	6331.993203783632	2.4438458858832797	0.2089603076229464	0.2945235685347805	0.02115053165335598	1.1639980556507878
54	4	0.005493943459385773	0.25	0.004825483945367399	6745.799879707971	2.5741847803582227	0.2321202564935162	0.3059226175127239	0.02197577383754309	1.1318726959579544
55	4	0.00569224555544289	0.25	0.004914619149362776	6479.284744729565	2.6973868706750013	0.25601246053863	0.3178751621281226	0.02276898222177156	1.1392042467089498
56	4	0.005906297979388654	0.25	0.005179421247991396	10173.839354402371	2.915505832834372	0.2805424534009877	0.32793860683832743	0.023625191917554616	1.1440320464250515
57	4	0.006116004204988509	0.25	0.00547246894959913	10549.486574394843	3.1405328136842474	0.3056118330203001	0.3366175290106926	0.02446401681995404	1.1514663455260508
58	4	0.006322599166365502	0.25	0.0054743608051010155	10858.959340855834	3.3714493930685716	0.33111826644519626	0.3446262363550024	0.025290396665462008	1.1412271259590183
59	4	0.006531754212111034	0.25	0.005842542521024051	11407.430749879719	3.615239388540463	0.3569554996603837	0.3525384266078221	0.02612701684844413	1.1476850754080885
60	4	0.006729176908447699	0.25	0.0058597061691936635	11781.205740986192	3.8683571260400784	0.3830133725004369	0.3612257878680367	0.0269167076337908	1.1545915158021902
61	4	0.006939491537993774	0.25	0.0062034966019354635	12284.882580986241	4.130693251070163	0.4091778387149298	0.3678874126659517	0.02775796615197509	1.142224967187864
62	4	0.007140693834656982	0.25	0.006314324749240464	12811.320964446291	4.40393311601865	0.4353309912427789	0.3734889935364621	0.028562775338627926	1.1379823812095495
63	4	0.007351746147318924	0.25	0.006324782640857823	12958.228524631655	4.67844871767004	0.4613510927466124	0.3784027258684314	0.029406984589275695	1.1388952080794037
64	4	0.0075627329440390465	0.25	0.006689675491929468	13565.89804462728	4.9675357884692435	0.4871126114507473	0.3834114808970446	0.030250931776156186	1.1507329485523592
65	4	0.007668978530330237	0.25	0.006614124463272786	13772.881804191831	5.2568892940689365	0.5124862623189482	0.3903434119382898	0.03067591412132095	1.1468142618180452
66	4	0.007832684035897949	0.25	0.006805042987877022	14248.122730073374	5.559903251396797	0.5373390536005784	0.394661001504151	0.0313307361435918	1.1463469691108623
67	4	0.00795831534651572	0.25	0.0068483993752574525	14500.365993378686	5.8671962341275785	0.5615343387660311	0.3984434670874131	0.03183326138606287	1.1553394579165468
68	4	0.008070988181806602	0.25	0.007043341022183404	14897.683538597648	6.18300001231783	0.5849318738444796	0.4019329537631515	0.032283952727226416	1.1449472772835343
69	4	0.008162255253773202	0.25	0.007205998635745478	15115.922841162537	6.503696627733074	0.6073878801690021	0.4058195080250071	0.03264902101509281	1.137011294260936
70	4	0.0078095226583762565	0.25	0.007043983363050115	14821.047180832044	6.7951631523450935	0.6287551125260508	0.4157216462096622	0.031238090633505026	1.1600778481309535
71	4	0.007831713562950772	0.25	0.007290554413035452	15151.815853029331	7.115180709764268	0.6488829326980451	0.42002536865856505	0.031326854251803087	1.1386620723156955
72	4	0.007831713562950772	0.25	0.007221292185688334	15246.02489790324	7.436755355905725	0.6676173883795984	0.4244758018797576	0.031326854251803087	1.1420778324025065
73	4	0.007831713562950772	0.25	0.00698316334516711	15177.89337445988	7.7556905648251835	0.6848012974395454	0.4290657884890359	0.031326854251803087	1.1505155173376251
74	4	0.007831713562950772	0.25	0.00716003071740117	15246.670573086656	8.076219165665009	0.7002743374925426	0.4340988115629186	0.031326854251803087	1.1513616105142197
75	4	0.006957072699622951	0.25	0.006274469468199252	13708.111799813654	8.311067478072314	0.7138731407355723	0.4509522670598466	0.027828290798491803	1.137307071302572
76	4	0.006957072699622951	0.25	0.006292795514572579	13793.155892087372	8.590707253814111	0.7254313939962224	0.4549319863107922	0.027828290798491803	1.1322926754789604
77	4	0.006957072699622951	0.25	0.006306620986842416	13954.396597972793	8.873094543149932	0.7347799439311332	0.4581089071360021	0.027828290798491803	1.1436534154274265
78	4	0.006957072699622951	0.25	0.006418156654384068	14044.853606091736	9.156415952651596	0.7417469073045357	0.4604525133646603	0.027828290798491803	1.155962964272338
79	4	0.006957072699622951	0.25	0.00631011225530808	14022.551513171291	9.437767232831105	0.7461577862683522	0.4619258310025288	0.027828290798491803	1.158504857870944
80	4	0.00596366699565956	0.25	0.005397919399822561	12277.051560122063	9.622075911177287	0.7478355885569123	0.4771407606941965	0.02385466798263824	1.1525051520289902
81	4	0.00596366699565956	0.25	0.005457971601300484	12261.739979323378	9.854798121596842	0.7478355885569123	0.4771407606941965	0.02385466798263824	1.1617878960951122
82	4	0.00596366699565956	0.25	0.005326115927483864	12298.090988305326	10.086480178762919	0.7478355885569123	0.4771407606941965	0.02385466798263824	1.1451809282299872
83	4	0.00596366699565956	0.25	0.0053680421203028995	12256.598391876392	10.31508316917482	0.7478355885569123	0.4771407606941965	0.02385466798263824	1.1603942819960953
84	4	0.004968501455778879	0.25	0.004401842339296746	10441.392193408365	10.444047190059985	0.7478355885569123	0.4927853256182618	0.01987400582311552	1.144623209591713
85	4	0.004968501455778879	0.25	0.00450237418024074	10607.604281105887	10.62611429656303	0.7478355885569123	0.4927853256182618	0.01987400582311552	1.1591326859214504
86	4	0.004968501455778879	0.25	0.004485410205690607	10653.094062326185	10.807867979408226	0.7478355885569123	0.4927853256182618	0.01987400582311552	1.155639826326542
87	4	0.004968501455778879	0.25	0.004468854408915399	10702.38935626562	10.989419100259633	0.7478355885569123	0.4927853256182618	0.01987400582311552	1.158409150937847
88	4	0.004968501455778879	0.25	0.004513966330516814	10684.224839603336	11.168995748738176	0.7478355885569123	0.4927853256182618	0.01987400582311552	1.1477063443440765
89	4	0.003977808827587821	0.25	0.0036804924524533843	8881.419290786675	11.249963494678369	0.7478355885569123	0.509412963834412	0.01591123531035129	1.1486842888809985
90	4	0.003977808827587821	0.25	0.003658888823609757	9216.316395163089	11.388734964924641	0.7478355885569123	0.509412963834412	0.01591123531035129	1.1541856432667947
91	4	0.003977808827587821	0.25	0.0035998831565119327	8912.902123554819	11.518407791208055	0.7478355885569123	0.509412963834412	0.01591123531035129	1.16427422918138
92	4	0.003977808827587821	0.25	0.003681484190019753	8952.185330854601	11.64812091054934	0.7478355885569123	0.509412963834412	0.01591123531035129	1.1689043118365474
93	4	0.0029822864551100076	0.25	0.00275964306801375	7304.118323494003	11.683549477673374	0.7478355885569123	0.5272916579206232	0.01192914582044003	1.1620359112662753
94	4	0.0029822864551100076	0.25	0.002745671382795064	7432.848240033343	11.772020215586233	0.7478355885569123	0.5272916579206232	0.01192914582044003	1.1689654092049628
