1	4	0.0	0.25	0.0	0.0	0.00375	0.0		0.0	
2	4	0.0	0.25	0.0	0.0	0.00375	0.0		0.0	
3	4	0.0	0.25	0.0	0.0	0.003638187560413125	0.0		0.0	
4	4	0.0	0.25	0.0	0.0	0.0034478577600169954	0.0		0.0	
5	4	0.0	0.25	0.0	0.0	0.003178274667184105	0.0		0.0	
6	4	0.0	0.25	0.0	0.0	0.002828730719359023	0.0		0.0	
7	4	6.2520653736735186e-06	0.25	0.0	0.0	0.0025188887805460683	0.0	0.0	2.500826149469408e-05	
8	4	7.693521576217836e-06	0.25	5.464259232643293e-06	7.527301496010122	0.0026421559275411786	0.0	0.0	3.0774086304871345e-05	1.5645231867773373
9	4	9.890782146021268e-06	0.25	7.650168687177797e-06	10.321902069032204	0.002816302447422074	0.0	0.0	3.956312858408507e-05	0.7877281029963279
10	4	1.3262877921241099e-05	0.25	1.320242698792288e-05	14.951195581002152	0.0030749206313616753	0.0	0.0	5.3051511684964396e-05	1.1194911369494729
11	4	1.5575006407685498e-05	0.25	6.829764284271253e-06	10.520113779412636	0.003250004518505516	0.0	0.0	6.230002563074199e-05	1.6040716925134535
12	4	1.9425226736550838e-05	0.25	1.1424520243420406e-05	16.871965065896937	0.003541394266709983	0.0	0.0	7.770090694620335e-05	1.5115390217493947
13	4	2.327532334142487e-05	0.25	1.1031522825011932e-05	17.104746443779405	0.0038352510370458174	0.0	0.0	9.310129336569948e-05	1.227295893117806
14	4	2.7998783149830297e-05	0.25	1.3556153450070205e-05	21.135747316897238	0.00420176633606742	0.0	0.0	0.00011199513259932119	0.8659720917943979
15	4	3.7798506116075786e-05	0.25	2.982635396568512e-05	40.756073237135475	0.004928638617080056	0.0	0.0	0.00015119402446430314	1.1798067874685283
16	4	4.757087510381363e-05	0.25	2.621534025939064e-05	40.10271796038084	0.005638854853115723	0.0	0.0	0.00019028350041525453	1.0727351072485618
17	4	6.108530626716624e-05	0.25	3.573661413067995e-05	54.7801778984844	0.00661589783185226	0.0	0.0	0.00024434122506866496	1.6250871900446864
18	4	8.277358809933437e-05	0.25	6.539103646387357e-05	87.62892199716669	0.008193968195491617	0.0	0.0	0.00033109435239733737	1.147348323743753
19	4	0.0001124210906805958	0.25	8.549088269373127e-05	121.55886119840612	0.0103892644980236	0.0	0.0	0.0004496843627223832	1.2911405367816209
20	4	0.00015232305420655602	0.25	0.00012216957376049632	168.3030815472995	0.013434759951622645	0.0	0.0	0.0006092922168262241	1.1889592937151687
21	4	0.00020154745091563396	0.25	0.00014624444307537185	217.75380331551983	0.017375125815172154	0.0	0.0	0.0008061898036625357	1.1385333163385722
22	4	0.0002646198549277745	0.25	0.00019241645032576832	280.2395063238509	0.022445665605327896	0.0	0.0	0.001058479419711098	1.0792263037215806
23	4	0.000338431092697996	0.25	0.00021316911585732656	336.7095624089593	0.028528064805494014	0.0	0.0	0.001353724370791984	1.158460757684756
24	4	0.0004408097126407264	0.25	0.0002954385255335945	458.1017272213884	0.036815981943524985	0.0	0.0	0.0017632388505629056	1.1411915243734558
25	4	0.0005740357833726938	0.25	0.00039183349610325333	595.7388131347739	0.047595796627026565	0.0	0.0	0.002296143133490776	1.1153525452016473
26	4	0.0007340388537720108	0.25	0.0005365962817260307	814.6858495155533	0.06304715613598487	0.0	0.0	0.002936155415088043	1.1963602646012328
27	4	0.0008883936821893549	0.25	0.0006676113539327367	1044.8552385312366	0.08445706715892712	0.0	0.0	0.00355357472875742	1.2083528464838376
28	4	0.00105472964260616	0.25	0.0007677154493770285	1232.5227760712742	0.1102717422140684	0.0	0.0	0.00421891857042464	1.1569684283790018
29	4	0.0012224090961476825	0.25	0.0009539138157727976	1507.7504880698236	0.14299161822786516	0.0	0.0	0.004889636384590729	1.1955164202735349
30	4	0.0013865468395906446	0.25	0.0010631252565569645	1728.4681538896527	0.1812199595577219	0.0	0.0	0.0055461873583625785	1.1540173937723484
31	4	0.0015599774614530545	0.25	0.001261233770991505	2035.9429388799874	0.22692329949010945	0.0	0.0	0.006239909845812217	1.1413829601015688
32	4	0.001735035667632209	0.25	0.0013079371600556355	2172.3737226803096	0.2756823699072761	0.0	0.0	0.006940142670528836	1.1553491593491263
33	4	0.0019036554838726648	0.25	0.001546359993568582	2543.2851623670613	0.3338346599369438	0.0	0.0	0.007614621935490659	1.1741945670202651
34	4	0.0020848604189136664	0.25	0.0017578093498596536	2880.740341400846	0.3987340345619593	0.0	0.0	0.008339441675654665	1.178685802006376
35	4	0.002266207763725764	0.25	0.0019027651523792518	3146.102479042788	0.4688924528406275	0.0	0.0	0.009064831054903057	1.1445185863066079
36	4	0.002438569438873455	0.25	0.0020664334245171804	3423.9969006784504	0.5450107256728809	0.0	0.0	0.00975427775549382	1.2130134383610187
37	4	0.002618183787097249	0.25	0.002204397410582089	3688.743059975962	0.6265737328892864	0.0	0.0	0.010472735148388996	1.1380482663966562
38	4	0.0027960710784807647	0.25	0.0024318368189058873	4075.7595823654688	0.7164478730649463	0.001753764825904922	0.009971642507367828	0.011184284313923059	1.1345900833365496
39	4	0.0029628178733252394	0.25	0.002438787678215809	4173.32715378857	0.8073885895374957	0.0052300752854383785	0.02646634581477722	0.011851271493300956	1.1360769779298552
40	4	0.0031387236926987863	0.25	0.002635442691088286	4562.763802532786	0.9055514932453124	0.010394365419869394	0.04632809601952432	0.012554894770795143	1.130088946669342
41	4	0.003309301548933383	0.25	0.002787589159262921	4851.759854482053	1.0090749831970909	0.017208658264277952	0.06771387779237281	0.013237206195733531	1.1694965542324371
42	4	0.0034886947696096517	0.25	0.0029849588608417397	5205.576317255296	1.1198916201034017	0.02563150462833667	0.08952393633194798	0.013954779078438605	1.163542753427918
43	4	0.003672799618501541	0.25	0.0033040383778937662	5733.794587109245	1.2432285099981422	0.03561792504361113	0.1115579026135062	0.014691198474006163	1.1762336201640828
44	4	0.0038512278823627038	0.25	0.003506919524842877	6077.577199020461	1.374952507927932	0.04711935502121583	0.13421830265116655	0.015404911529450815	1.1650883165593404
45	4	0.004013130870777754	0.25	0.0036352990347334963	6436.380251490927	1.5150578307373122	0.0600835937612076	0.15710623733244009	0.016052523483111016	1.1660445049318997
46	4	0.004180032812854286	0.25	0.0037279536280752533	6699.753545309992	1.6588207578907859	0.07445475645235305	0.17796330536334434	0.016720131251417143	1.15421024454844
47	4	0.0043520320734875	0.25	0.0038450677852100526	6929.27793981478	1.8059479064058601	0.0901732302978728	0.19714776488909094	0.01740812829395	1.1519852996140147
48	4	0.004537121492615341	0.25	0.003952066792468823	7282.469088674989	1.9601672725689339	0.10717563439944396	0.2150616942526789	0.018148485970461363	1.1492065957459645
49	4	0.004723911488040235	0.25	0.004076001540314327	6936.780474807983	2.1038971858322317	0.12539478362813558	0.2326133887045967	0.01889564595216094	1.1409834562892829
50	4	0.0049005350056912965	0.25	0.0042483054731083545	6690.403755180631	2.2405240244190363	0.14475965660706314	0.2504506132530329	0.019602140022765186	1.1606945812488167
51	4	0.0050897133575414245	0.25	0.004359956343848944	7340.242419634429	2.3907073784309416	0.16519536792637932	0.2654593866032425	0.02035885343016569	1.1371950578330463
52	4	0.005273473094177885	0.25	0.004654579347302008	6833.84828360381	2.5248864048605064	0.18662314470677446	0.27877640770168355	0.02109389237671154	1.1407159884098623
53	4	0.0054747733436033156	0.25	0.004783052040159382	6543.311681399481	2.6491500224958435	0.2089603076229464	0.2906898192778045	0.021899093374413262	1.1486468823060685
54	4	0.005681083889650094	0.25	0.004964876714722428	6831.522182629149	2.77990476287221	0.2321202564935162	0.3021959146960533	0.022724335558600376	1.1384558006419812
55	4	0.005879385985707211	0.25	0.005085015284378931	6614.2326454816675	2.9048188076136223	0.25601246053863	0.3142244873497087	0.023517543942828845	1.1434744062328326
56	4	0.006093438409652975	0.25	0.005072750819791168	6708.548533843896	3.0295664129328785	0.2805424534009877	0.3243904755679218	0.0243737536386119	1.1448404723407943
57	4	0.006303144635252831	0.25	0.005447182408818732	6028.452353239665	3.134184418918044	0.3056118330203001	0.3331836274425848	0.02521257854101132	1.1430489322901738
58	4	0.006509739596629822	0.25	0.00561069652633356	6085.984905070929	3.2391229709039284	0.33111826644519626	0.3413023807932969	0.02603895838651929	1.139624296350186
59	4	0.006718894642375355	0.25	0.005954943814505031	6028.551252653246	3.3420692121715385	0.3569554996603837	0.3493103674290541	0.02687557856950142	1.1354719015772947
60	4	0.00691631733871202	0.25	0.0060397296855141365	5962.0431455254065	3.443984673762736	0.3830133725004369	0.35806594522232826	0.02766526935484808	1.1649309439909623
61	4	0.007126631968258096	0.25	0.0059928210980865395	5549.5821580035245	3.532287807894035	0.4091778387149298	0.3648182703121166	0.028506527873032383	1.131117756720498
62	4	0.007327834264921303	0.25	0.0064585550082279855	5126.902694369279	3.607998572991455	0.4353309912427789	0.3705145813330595	0.02931133705968521	1.1451343580905304
63	4	0.007538886577583245	0.25	0.006615230389487125	5113.222411532596	3.682522354107596	0.4613510927466124	0.3755207241175851	0.03015554631033298	1.140202757692652
64	4	0.007749873374303369	0.25	0.006807684714025203	4983.771854983843	3.7539531380151336	0.4871126114507473	0.3806082968124871	0.030999493497213475	1.1667747419446404
65	4	0.007827988343741793	0.25	0.006858037472369939	5567.041710439488	3.8361389431106536	0.5124862623189482	0.3879938688129612	0.03131195337496717	1.151823292728256
66	4	0.007991693849309504	0.25	0.006992923012552645	5314.967714654456	3.9160507622599847	0.5373390536005784	0.3923697893669752	0.031966775397238016	1.1503162578007826
67	4	0.008117325159927273	0.25	0.00730908064599437	5188.433981077931	3.9922475406761855	0.5615343387660311	0.3962083107534077	0.03246930063970909	1.1547671312170673
68	4	0.008229997995218155	0.25	0.007455466826826061	4894.855329431084	4.060791175416246	0.5849318738444796	0.3997490689885297	0.03291999198087262	1.1530814559956053
69	4	0.008321265067184756	0.25	0.00748225050401337	4805.533799440084	4.128331537327882	0.6073878801690021	0.4036751723548391	0.033285060268739015	1.1465168711503306
70	4	0.007864790803697803	0.25	0.006999764228520534	5058.613135533557	4.178202430948895	0.6287551125260508	0.4149634600359365	0.03145916321479121	1.1409877005217155
71	4	0.007886981708272319	0.25	0.007191931062143561	15141.416458615306	4.521498028451738	0.6488829326980451	0.4192753821877647	0.031547926833089275	1.1427686496752696
72	4	0.007886981708272319	0.25	0.007018663153351772	15154.827180249444	4.864007651792642	0.6676173883795984	0.4237313086591216	0.031547926833089275	1.1393532574409315
73	4	0.007886981708272319	0.25	0.007150054030977447	15304.71866846764	5.209446538762684	0.6848012974395454	0.4283241764067772	0.031547926833089275	1.151245159228992
74	4	0.007886981708272319	0.25	0.0071706677299502265	15325.099424961023	5.554962328099671	0.7002743374925426	0.4333564584156975	0.031547926833089275	1.1395092992156692
75	4	0.006957072699622951	0.25	0.006328257433370316	13924.938849980885	5.8154640798657	0.7138731407355723	0.4509522670598466	0.027828290798491803	1.1458408177201094
76	4	0.006957072699622951	0.25	0.006321073272794576	13917.138602842995	6.120838173651568	0.7254313939962224	0.4549319863107922	0.027828290798491803	1.1554257057991135
77	4	0.006957072699622951	0.25	0.006323711341120335	13791.839399084864	6.421161799315017	0.7347799439311332	0.4581089071360021	0.027828290798491803	1.1468932877526974
78	4	0.006957072699622951	0.25	0.006352187905973541	13913.679259545539	6.723086813716298	0.7417469073045357	0.4604525133646603	0.027828290798491803	1.1451509076002082
79	4	0.006957072699622951	0.25	0.006184338051669708	13861.428785817518	7.0220834494077184	0.7461577862683522	0.4619258310025288	0.027828290798491803	1.1529749843407422
80	4	0.00596366699565956	0.25	0.0053084186245467326	12316.060742495225	7.229163358274458	0.7478355885569123	0.4771407606941965	0.02385466798263824	1.1391108245722974
81	4	0.00596366699565956	0.25	0.0055080382345449866	12367.354459795977	7.486210637641497	0.7478355885569123	0.4771407606941965	0.02385466798263824	1.1473486949733758
82	4	0.00596366699565956	0.25	0.005354135139217355	12398.791899246744	7.741869090417492	0.7478355885569123	0.4771407606941965	0.02385466798263824	1.1350064646216904
83	4	0.00596366699565956	0.25	0.005472015671030376	12222.499339494008	7.990673161047296	0.7478355885569123	0.4771407606941965	0.02385466798263824	1.1400895190811062
84	4	0.004968501455778879	0.25	0.004472212063717057	10624.959330107167	8.145404145817276	0.7478355885569123	0.4927853256182618	0.01987400582311552	1.1493010180312244
85	4	0.004968501455778879	0.25	0.004402969347784057	10620.93373031564	8.348511017154339	0.7478355885569123	0.4927853256182618	0.01987400582311552	1.1470708809070826
86	4	0.004968501455778879	0.25	0.0044823427119572426	10415.733808310946	8.544495394646688	0.7478355885569123	0.4927853256182618	0.01987400582311552	1.1446316609708491
87	4	0.004968501455778879	0.25	0.0044687950326597475	10592.233568981772	8.743508095041928	0.7478355885569123	0.4927853256182618	0.01987400582311552	1.1421721261770938
88	4	0.004968501455778879	0.25	0.004525420506968687	10683.733884538671	8.943284978407995	0.7478355885569123	0.4927853256182618	0.01987400582311552	1.1472810127742603
89	4	0.003977808827587821	0.25	0.0036329698634967092	8930.849323550961	9.045589370726331	0.7478355885569123	0.509412963834412	0.01591123531035129	1.1625119510860389
90	4	0.003977808827587821	0.25	0.003485834830729654	8876.616594114124	9.195230095141673	0.7478355885569123	0.509412963834412	0.01591123531035129	1.1564282044334318
91	4	0.003977808827587821	0.25	0.0035905699369175046	8888.391160336794	9.3439972287584	0.7478355885569123	0.509412963834412	0.01591123531035129	1.153868947842988
92	4	0.003977808827587821	0.25	0.0036116993264127656	8800.656579367605	9.489278774949966	0.7478355885569123	0.509412963834412	0.01591123531035129	1.1754904502332133
93	4	0.0029822864551100076	0.25	0.002647557044085131	7364.614383989767	9.545734380267843	0.7478355885569123	0.5272916579206232	0.01192914582044003	1.1885432510901677
94	4	0.0029822864551100076	0.25	0.0027535641741702433	7374.051356594618	9.65189286355327	0.7478355885569123	0.5272916579206232	0.01192914582044003	1.1653604470644463
