1	4	0.0	0.25	0.0	0.0	0.00375	0.0		0.0	
2	4	0.0	0.25	0.0	0.0	0.00375	0.0		0.0	
3	4	0.0	0.25	0.0	0.0	0.003638187560413125	0.0		0.0	
4	4	0.0	0.25	0.0	0.0	0.0034478577600169954	0.0		0.0	
5	4	0.0	0.25	0.0	0.0	0.003178274667184105	0.0		0.0	
6	4	0.0	0.25	0.0	0.0	0.002828730719359023	0.0		0.0	
7	4	6.2520653736735186e-06	0.25	0.0	0.0	0.0025188887805460683	0.0	0.0	2.500826149469408e-05	
8	4	7.183158781658981e-06	0.25	3.483858324929204e-06	5.166147891315882	0.002598511892081289	0.0	0.0	2.8732635126635924e-05	2.7064171811817475
9	4	9.240676843400293e-06	0.25	7.21220122041024e-06	9.70784155348206	0.0027615829520040505	0.0	0.0	3.696270737360117e-05	1.2012405912701587
10	4	1.1944922748570246e-05	0.25	8.859584800463679e-06	12.161540229098868	0.0029689813213091337	0.0	0.0	4.7779690994280984e-05	1.874846778211616
11	4	1.5627783348705812e-05	0.25	1.1688575357568986e-05	16.099476736758252	0.003247862686882473	0.0	0.0	6.251113339482325e-05	1.1450055910570698
12	4	2.058940911169266e-05	0.25	1.5470346548143923e-05	21.421749979230064	0.0036233650629211977	0.0	0.0	8.235763644677064e-05	1.13790601955987
13	4	2.530710205519921e-05	0.25	1.3669332063896182e-05	20.715142835980252	0.0039834407062336215	0.0	0.0	0.00010122840822079683	1.201887029082354
14	4	3.318459412241178e-05	0.25	2.427685136334845e-05	34.42654070553678	0.004594692093493632	0.0	0.0	0.00013273837648964713	1.2940117989107218
15	4	4.424189128753897e-05	0.25	3.224253238140152e-05	45.93634360055333	0.00541484209568597	0.0	0.0	0.00017696756515015588	1.4312334380942657
16	4	5.479684118848139e-05	0.25	2.784614688806341e-05	43.345373640651204	0.006181933145931673	0.0	0.0	0.00021918736475392555	1.2807446330449583
17	4	7.479982400688909e-05	0.25	6.161962440677773e-05	80.34360409747548	0.00762807421397086	0.0	0.0	0.0002991992960275564	1.144800611060778
18	4	9.844521653755022e-05	0.25	6.358123600870122e-05	95.67789793256851	0.009348546747388024	0.0	0.0	0.00039378086615020087	1.2244731520826186
19	4	0.00012986538221180282	0.25	8.550619614481967e-05	129.0535589526377	0.011675102697271829	0.0	0.0	0.0005194615288472113	1.2129173457360929
20	4	0.00016883220650905172	0.25	0.00010731629812437928	164.87998466260512	0.01464922416277954	0.0	0.0	0.0006753288260362069	1.178764330016289
21	4	0.0002208523972124773	0.25	0.00015154910796291647	230.2754033328264	0.018813390660838657	0.0	0.0	0.0008834095888499092	1.313215609758578
22	4	0.0002851500378081266	0.25	0.00018398731998454799	286.0585699798725	0.02398243011889733	0.0	0.0	0.0011406001512325064	1.2167140580277254
23	4	0.0003716526607121831	0.25	0.00025599386572800343	393.81306071421676	0.031110660186002004	0.0	0.0	0.0014866106428487323	1.247899220968319
24	4	0.00048126697930209666	0.25	0.00031151475062786925	490.67149787777765	0.0399843331279026	0.0	0.0	0.0019250679172083866	1.1635335979978352
25	4	0.00062826372133005	0.25	0.0004171901312817119	657.0991433703168	0.05187838381508243	0.0	0.0	0.0025130548853202	1.1329916779309828
26	4	0.0007882667917293668	0.25	0.0005362553791314173	851.4723720698703	0.06826258495391754	0.0	0.0	0.003153067166917467	1.228970677635428
27	4	0.0009426216201467114	0.25	0.0006984592069542237	1108.3953101239267	0.09130339624797497	0.0	0.0	0.0037704864805868455	1.2081585831337156
28	4	0.0011089575805635164	0.25	0.0008057720709398182	1298.2699249767786	0.1187925735553136	0.0	0.0	0.0044358303222540646	1.1469472793037767
29	4	0.0012766370341050384	0.25	0.0010209696169731289	1600.4501850444767	0.1538835902853518	0.0	0.0	0.005106548136420154	1.1420395620059025
30	4	0.0014407747775480005	0.25	0.0011477031677613221	1832.1502660704266	0.19475173372093668	0.0	0.0	0.005763099110192002	1.150367857888575
31	4	0.0016142053994104106	0.25	0.001309686100106597	2063.8849925544046	0.24107112555518195	0.0	0.0	0.0064568215976416425	1.1958190334204175
32	4	0.0017892636055895652	0.25	0.0014753326263922415	2375.186932730111	0.2950583511623379	0.0	0.0	0.007157054422358261	1.1534313327935428
33	4	0.001957883421830021	0.25	0.0017085976560428436	2679.0327714485643	0.35662080872611623	0.0	0.0	0.007831533687320084	1.1939308995940017
34	4	0.0021390883568710227	0.25	0.0018580149449323165	2944.730727787139	0.4230048381549457	0.0	0.0	0.00855635342748409	1.1764353990857008
35	4	0.00232043570168312	0.25	0.0020048732677974707	3243.0050815399654	0.4955036293228175	0.0	0.0	0.00928174280673248	1.1656561965561747
36	4	0.002492797376830811	0.25	0.0020852486255400677	3460.1116148498604	0.5723360467091414	0.0	0.0	0.009971189507323244	1.1716746689382525
37	4	0.002672411725054605	0.25	0.0022258883115584397	3691.65437736589	0.653730002283219	0.0	0.0	0.01068964690021842	1.1706828247924754
38	4	0.002850299016438121	0.25	0.002399998440504961	4045.234257340448	0.7425536843017229	0.001753764825904922	0.009820247733575463	0.011401196065752484	1.1996993641882223
39	4	0.003017045811282596	0.25	0.00252893087029745	4327.699386696111	0.8373358016552979	0.0052300752854383785	0.026108121742754845	0.012068183245130384	1.1852840856464366
40	4	0.0031929516306561426	0.25	0.0027411773813675344	4651.056922596626	0.93756064858246	0.010394365419869394	0.04577491519836202	0.01277180652262457	1.16675761883422
41	4	0.003363529486890739	0.25	0.002791105002983686	4899.459949954414	1.0420556248572477	0.017208658264277952	0.06699906468109232	0.013454117947562957	1.1539772387795768
42	4	0.003542922707567008	0.25	0.0030720638107399343	5321.201744406179	1.1556286410179633	0.02563150462833667	0.0886840822457352	0.014171690830268032	1.1578531151414009
43	4	0.0037270275564588967	0.25	0.003174518409596916	5686.704241684383	1.2774004300631836	0.03561792504361113	0.11061849823960536	0.014908110225835587	1.1586602361045502
44	4	0.003905455820320061	0.25	0.0033681572741740056	6017.766419803974	1.4072375172763978	0.04711935502121583	0.13318963301111827	0.01562182328128024	1.1600365931944523
45	4	0.004067358808735111	0.25	0.003471591988688825	6322.893230337955	1.5440555367210764	0.0600835937612076	0.15600023542751146	0.016269435234940444	1.1383359240670612
46	4	0.004234260750811643	0.25	0.003711723397837821	6747.311400690395	1.6888132972498708	0.07445475645235305	0.17681738070778413	0.016937043003246572	1.1775763685771101
47	4	0.0044062600114448585	0.25	0.0040180042181172685	7141.993063567844	1.8412874684685363	0.0901732302978728	0.1959859624316874	0.017625040045779434	1.1441221766780236
48	4	0.004591349430572698	0.25	0.004034509393484352	7425.282697872659	1.9989599147375203	0.10717563439944396	0.21389792556609874	0.01836539772229079	1.1432749858612243
49	4	0.00477813942599759	0.25	0.004259864583910259	6991.43551192477	2.143783915131407	0.12539478362813558	0.23144925164897875	0.01911255770399036	1.1396622750775445
50	4	0.004954762943648652	0.25	0.004402764879596794	8223.763600280523	2.320541673224227	0.14475965660706314	0.24928122903783756	0.019819051774594608	1.1484469262600676
51	4	0.005143941295498782	0.25	0.004538048416938154	8532.418519401836	2.5014854704873435	0.16519536792637932	0.26430778233303	0.020575765181995127	1.1424136199851769
52	4	0.0053277010321352404	0.25	0.004676741445509755	8787.663889037909	2.686259948965494	0.18662314470677446	0.2776518437167431	0.021310804128540962	1.1396329636726636
53	4	0.005529001281560673	0.25	0.0049999808218439065	9345.859862208117	2.883075291966319	0.2089603076229464	0.2895974891556485	0.02211600512624269	1.146625318669439
54	4	0.00573531182760745	0.25	0.005112114235892783	9729.592267216916	3.088251143571076	0.2321202564935162	0.30113293029309196	0.0229412473104298	1.1695673459381988
55	4	0.005933613923664568	0.25	0.005161291698707248	10004.778677642751	3.2999208294114437	0.25601246053863	0.313182243960649	0.02373445569465827	1.1354146966472802
56	4	0.006147666347610332	0.25	0.0054482538384286565	10472.098593145956	3.5204928194004497	0.2805424534009877	0.32337663134410616	0.02459066539044133	1.140337317175112
57	4	0.006357372573210187	0.25	0.005577735696114828	10852.399103733731	3.748073625620953	0.3056118330203001	0.3322016345460185	0.025429490292840747	1.1583691184848048
58	4	0.00656396753458718	0.25	0.005633956923728636	11224.63663892268	3.9831784124306	0.33111826644519626	0.3403511705432517	0.02625587013834872	1.145626401663032
59	4	0.006773122580332711	0.25	0.005913879901994015	11745.748530644008	4.230396466047096	0.3569554996603837	0.34838598608930266	0.027092490321330844	1.1509503390128497
60	4	0.006970545276669377	0.25	0.006098245097887028	12234.894402934375	4.4899578926565535	0.3830133725004369	0.3571606176624527	0.027882181106677503	1.1442299649096002
61	4	0.007180859906215451	0.25	0.006275481527027893	12533.00440459726	4.753251515661362	0.4091778387149298	0.3639384671222763	0.028723439624861805	1.1465436741937525
62	4	0.007382062202878659	0.25	0.006588012107744925	13080.88393485855	5.028006436025238	0.4353309912427789	0.3696615145107103	0.029528248811514637	1.148404639973046
63	4	0.007593114515540601	0.25	0.006409460453515311	13325.419736510668	5.306601428937444	0.4613510927466124	0.3746937880318915	0.030372458062162405	1.1468721562680562
64	4	0.007804101312260725	0.25	0.007036928372733831	14008.166099597393	5.60171365559478	0.4871126114507473	0.3798036577444741	0.0312164052490429	1.1538718693348058
65	4	0.007868912960919372	0.25	0.007077752127118863	14301.622342155057	5.897249786154175	0.5124862623189482	0.3873937325705532	0.03147565184367749	1.1411290808234966
66	4	0.008032618466487083	0.25	0.0071480807463489395	14660.080575674363	6.205378657924207	0.5373390536005784	0.3917843944886631	0.032130473865948334	1.1372349998932456
67	4	0.008158249777104852	0.25	0.007170295080012085	14888.013397102537	6.517098579338976	0.5615343387660311	0.3956370966814776	0.032632999108419415	1.1432852668244529
68	4	0.008270922612395735	0.25	0.007451007615616271	15213.558674749731	6.835394235267555	0.5849318738444796	0.3991908336009837	0.03308369044958294	1.1452509660501222
69	4	0.008362189684362337	0.25	0.007355202637804056	15436.007099738164	7.1586714476082	0.6073878801690021	0.40312694289070794	0.03344875873744935	1.1634502455888758
70	4	0.007878218655075483	0.25	0.006939090100767558	14794.449004313157	7.436978925697692	0.6287551125260508	0.4147796698494323	0.03151287462030193	1.1313603262156002
71	4	0.007900409559649999	0.25	0.0072044061689509045	15030.71994363011	7.748022482573098	0.6488829326980451	0.4190935710263729	0.031601638238599995	1.143253283282324
72	4	0.007900409559649999	0.25	0.0071290928301031625	15027.683899504938	8.058136040355567	0.6676173883795984	0.42355082205493866	0.031601638238599995	1.1493372332721914
73	4	0.007900409559649999	0.25	0.007344555646181266	15495.98692212456	8.379878401334608	0.6848012974395454	0.4281443825724682	0.031601638238599995	1.136664066764145
74	4	0.007900409559649999	0.25	0.007066810530284559	15233.089883915507	8.694430699967599	0.7002743374925426	0.43317648081379423	0.031601638238599995	1.1453000176615833
75	4	0.006957072699622951	0.25	0.006186777743948078	13736.996516927744	8.921043038571334	0.7138731407355723	0.4509522670598466	0.027828290798491803	1.1272080649165248
76	4	0.006957072699622951	0.25	0.006123922901760401	13681.940653558653	9.19225628468005	0.7254313939962224	0.4549319863107922	0.027828290798491803	1.1455586522894423
77	4	0.006957072699622951	0.25	0.006270635233853017	13953.205877645096	9.469198190577108	0.7347799439311332	0.4581089071360021	0.027828290798491803	1.1468288336778327
78	4	0.006957072699622951	0.25	0.006176263661402393	13905.429425566359	9.743473032340972	0.7417469073045357	0.4604525133646603	0.027828290798491803	1.1457911779794288
79	4	0.006957072699622951	0.25	0.0063086219377644975	13860.997262585204	10.0152747972623	0.7461577862683522	0.4619258310025288	0.027828290798491803	1.1376331404228526
80	4	0.00596366699565956	0.25	0.005479705322761982	12338.565415450796	10.196010242392417	0.7478355885569123	0.4771407606941965	0.02385466798263824	1.1509859863610084
81	4	0.00596366699565956	0.25	0.0055295069874029745	12404.848935124788	10.427345978917923	0.7478355885569123	0.4771407606941965	0.02385466798263824	1.1772249118238505
82	4	0.00596366699565956	0.25	0.005264374517165802	12318.648091259282	10.654417936228716	0.7478355885569123	0.4771407606941965	0.02385466798263824	1.1479081833102065
83	4	0.00596366699565956	0.25	0.005355625628164754	12315.306560721036	10.879459734729934	0.7478355885569123	0.4771407606941965	0.02385466798263824	1.1556498481746846
84	4	0.004968501455778879	0.25	0.004455750867067743	10752.469179852049	11.011558665429131	0.7478355885569123	0.4927853256182618	0.01987400582311552	1.1440129551883138
85	4	0.004968501455778879	0.25	0.0044986327492956965	10813.120332586921	11.193945025509265	0.7478355885569123	0.4927853256182618	0.01987400582311552	1.1641728700598009
86	4	0.004968501455778879	0.25	0.004436979450589677	10536.899756793431	11.367520004962053	0.7478355885569123	0.4927853256182618	0.01987400582311552	1.1595147109859998
87	4	0.004968501455778879	0.25	0.00459409535652904	10769.865804599884	11.545816040678186	0.7478355885569123	0.4927853256182618	0.01987400582311552	1.1651872494426312
88	4	0.004968501455778879	0.25	0.004562406869276684	10660.562938510726	11.71976030053271	0.7478355885569123	0.4927853256182618	0.01987400582311552	1.1626011738038962
89	4	0.003977808827587821	0.25	0.0036482231946991725	9000.688262434498	11.798920581972087	0.7478355885569123	0.509412963834412	0.01591123531035129	1.1563700018906051
90	4	0.003977808827587821	0.25	0.0035148709036196065	8949.594097870742	11.92570836945041	0.7478355885569123	0.509412963834412	0.01591123531035129	1.166375457445166
91	4	0.003977808827587821	0.25	0.003616841161487239	9028.512441290308	12.053601241143213	0.7478355885569123	0.509412963834412	0.01591123531035129	1.1543584062770251
92	4	0.003977808827587821	0.25	0.0036006216536751405	8988.88418441067	12.179466689362085	0.7478355885569123	0.509412963834412	0.01591123531035129	1.1614841919468166
93	4	0.0029822864551100076	0.25	0.002704501107120064	7375.194277145323	12.21198997610892	0.7478355885569123	0.5272916579206232	0.01192914582044003	1.184594782923921
94	4	0.0029822864551100076	0.25	0.002567201275105323	7220.145802934086	12.290088128981814	0.7478355885569123	0.5272916579206232	0.01192914582044003	1.1508235018406057
