1	4	0.0	0.25	0.0	0.0	0.00375	0.0		0.0	
2	4	0.0	0.25	0.0	0.0	0.00375	0.0		0.0	
3	4	0.0	0.25	0.0	0.0	0.003638187560413125	0.0		0.0	
4	4	0.0	0.25	0.0	0.0	0.0034478577600169954	0.0		0.0	
5	4	0.0	0.25	0.0	0.0	0.003178274667184105	0.0		0.0	
6	4	0.0	0.25	0.0	0.0	0.002828730719359023	0.0		0.0	
7	4	6.2520653736735186e-06	0.25	0.0	0.0	0.0025188887805460683	0.0	0.0	2.500826149469408e-05	
8	4	6.788474290450228e-06	0.25	2.1637854317078135e-06	3.340170921462536	0.002564760168575126	0.0	0.0	2.715389716180091e-05	2.0762767818919965
9	4	8.487238832620427e-06	0.25	5.853349041996535e-06	8.158081433027956	0.0026993977883374783	0.0	0.0	3.394895533048171e-05	2.4405659159098185
10	4	1.0158454982313828e-05	0.25	5.271072275207094e-06	7.854156445826919	0.002827569380846905	0.0	0.0	4.063381992925531e-05	1.549266977440097
11	4	1.3316225991045136e-05	0.25	1.014211643210215e-05	13.900147543207801	0.0030666888009657322	0.0	0.0	5.3264903964180545e-05	1.017458286063539
12	4	1.7974880173221932e-05	0.25	1.71152155102476e-05	20.119519752078585	0.0034192618885210183	0.0	0.0	7.189952069288773e-05	1.2762015639384088
13	4	2.440787674882385e-05	0.25	2.4482246696253686e-05	27.72836895095264	0.003910257255986534	0.0	0.0	9.76315069952954e-05	1.3890679691034349
14	4	3.1952784112884474e-05	0.25	2.322947677218007e-05	33.00544292487582	0.0044957018433858095	0.0	0.0	0.0001278111364515379	1.2379782871944751
15	4	4.3224341354045824e-05	0.25	3.4704424163426223e-05	46.762379774231405	0.005331744101995327	0.0	0.0	0.0001728973654161833	1.321204896722176
16	4	5.8331411488113014e-05	0.25	4.652857417569477e-05	61.21502241705731	0.006429664831514127	0.0	0.0	0.0002333256459524521	1.1715318259201215
17	4	7.855439332808684e-05	0.25	5.678198836548579e-05	81.28850939591149	0.007891711008451494	0.0	0.0	0.0003142175733123473	1.3478041758950914
18	4	0.0001051360243558982	0.25	8.137113873945653e-05	107.32599840262924	0.009825828448772129	0.0	0.0	0.0004205440974235928	1.2445090327883612
19	4	0.00013654953239223652	0.25	8.538102474995847e-05	129.18956155869594	0.012151891423308112	0.0	0.0	0.0005461981295689461	1.213862317868171
20	4	0.00018256677147289755	0.25	0.0001308381161184671	194.1548683751637	0.01566413192536147	0.0	0.0	0.0007302670858915902	1.2539194093058794
21	4	0.0002388377700472375	0.25	0.00016418231665968133	249.03017888277287	0.020168571526736644	0.0	0.0	0.00095535108018895	1.2493551277347374
22	4	0.00031098630404447966	0.25	0.00020851172934818616	320.66593927422963	0.02596876288085092	0.0	0.0	0.0012439452161779187	1.134901367921753
23	4	0.00040821621224400686	0.25	0.0003029362865284223	442.3135929459458	0.033980972589433014	0.0	0.0	0.0016328648489760274	1.1618857198679875
24	4	0.0005327957408286647	0.25	0.0003571001234828761	557.1915792597487	0.04406613305147262	0.0	0.0	0.0021311829633146586	1.272913572304447
25	4	0.0006859136625568121	0.25	0.00042805210285488845	685.2855216910275	0.05645547105328964	0.0	0.0	0.0027436546502272482	1.1363769106904906
26	4	0.0008459167329561287	0.25	0.0006138094091216334	965.8810927795846	0.0758195550860416	0.0	0.0	0.0033836669318245147	1.1779935311087295
27	4	0.001000271561373473	0.25	0.0007231496087270415	1158.9931813998069	0.1001284410378208	0.0	0.0	0.004001086245493892	1.1220684451695582
28	4	0.001166607521790278	0.25	0.0008293262888598972	1347.6047838682584	0.1288409292259392	0.0	0.0	0.004666430087161112	1.1834029401187096
29	4	0.0013342869753318002	0.25	0.0010656586328990382	1698.527226125174	0.16643133310171873	0.0	0.0	0.005337147901327201	1.21170425908017
30	4	0.0014984247187747619	0.25	0.0011735176317413502	1895.358612866702	0.20885562645745875	0.0	0.0	0.0059936988750990475	1.1510238418081102
31	4	0.0016718553406371722	0.25	0.001391463928806797	2218.7938295219215	0.2591386060060396	0.0	0.0	0.006687421362548689	1.1293057434824652
32	4	0.001846913546816327	0.25	0.0015010884125004815	2439.2592466022243	0.3146551178092448	0.0	0.0	0.007387654187265308	1.1910645035510254
33	4	0.002015533363056783	0.25	0.0016207387896101009	2677.3132864455265	0.3759957997522108	0.0	0.0	0.008062133452227132	1.163456756373538
34	4	0.0021967382980977845	0.25	0.0019094676112960353	3087.036012099634	0.4459631675993611	0.0	0.0	0.008786953192391138	1.166043918736113
35	4	0.002378085642909882	0.25	0.0019377709969608478	3231.709632670613	0.5179570661793892	0.0	0.0	0.009512342571639527	1.1504262306666837
36	4	0.002550447318057573	0.25	0.0021447015590387013	3547.9612178682128	0.5969071592513066	0.0	0.0	0.010201789272230291	1.1462779191981358
37	4	0.0027300616662813675	0.25	0.002314102355556607	3849.236572314425	0.6822410902523155	0.0	0.0	0.01092024666512547	1.1302256220681062
38	4	0.0029079489576648828	0.25	0.002421992042170386	4112.441198071106	0.7725828389560313	0.001753764825904922	0.009664260664923985	0.011631795830659531	1.1314179920162108
39	4	0.003074695752509357	0.25	0.002631149015996065	4428.906447400015	0.8697671675626648	0.0052300752854383785	0.02573777581331434	0.01229878301003743	1.1595837536210551
40	4	0.003250601571882905	0.25	0.002804393109786959	4764.140251033195	0.9726862105673568	0.010394365419869394	0.045201132097518214	0.01300240628753162	1.1496148415642629
41	4	0.0034211794281175005	0.25	0.0028572804501948482	4969.610781115725	1.0787174596319258	0.017208658264277952	0.06625551052142363	0.013684717712470002	1.161004229531064
42	4	0.003600572648793769	0.25	0.0030636626578261373	5330.627999223339	1.1922094289643708	0.02563150462833667	0.0878083401703524	0.014402290595175078	1.1431269633335392
43	4	0.0037846774976856594	0.25	0.0033610563445210326	5801.321940012655	1.3166785858601302	0.03561792504361113	0.109637009779067	0.015138709990742637	1.1459933146574943
44	4	0.003963105761546823	0.25	0.003369612212661532	6064.681546474099	1.4474010105060229	0.04711935502121583	0.1321132020589737	0.01585242304618729	1.156075575651818
45	4	0.004125008749961872	0.25	0.0035845830898146897	6425.055147970206	1.5865552461086323	0.0600835937612076	0.1548413905941054	0.01650003499984749	1.1341928876262588
46	4	0.0042919106920384035	0.25	0.0036274186747902327	6594.133032023804	1.7268856812499291	0.07445475645235305	0.17561521724608745	0.017167642768153614	1.1725824084948415
47	4	0.004463909952671621	0.25	0.0038024526682862133	7057.551215463356	1.876787429571547	0.0901732302978728	0.19476576855749825	0.017855639810686483	1.1483932063709776
48	4	0.004648999371799459	0.25	0.004010576370020512	7408.944321021941	2.033708945011484	0.10717563439944396	0.2126744516782718	0.01859599748719784	1.145150454597864
49	4	0.004835789367224353	0.25	0.004053360313105858	6956.965407176271	2.177309986546916	0.12539478362813558	0.23022436341054006	0.01934315746889741	1.1424857246396392
50	4	0.005012412884875413	0.25	0.004348802028732647	6864.3179269852535	2.3178684875479614	0.14475965660706314	0.2480499681559505	0.02004965153950165	1.1576204613433203
51	4	0.00520159123672554	0.25	0.004508174368048679	7520.6653203054	2.472119988506824	0.16519536792637932	0.2630944141964849	0.02080636494690216	1.1561494947254278
52	4	0.005385350973362003	0.25	0.00455768304101275	6803.439351795279	2.6047633231923704	0.18662314470677446	0.2764662223700539	0.02154140389344801	1.1437435069207464
53	4	0.005586651222787433	0.25	0.004832701488933075	6639.866577554313	2.7308576771505844	0.2089603076229464	0.28844519548626396	0.022346604891149733	1.1380059746872058
54	4	0.005792961768834212	0.25	0.005014896652900443	6991.859737096724	2.8651109220983284	0.2321202564935162	0.3000110376123874	0.023171847075336847	1.163501384940626
55	4	0.005991263864891328	0.25	0.005325431967746665	6885.585357765128	2.996423451127264	0.25601246053863	0.31208178633485273	0.023965055459565312	1.1504193398335638
56	4	0.006205316288837093	0.25	0.005302462640002706	6908.76112337505	3.1256334282940568	0.2805424534009877	0.3223057361981263	0.024821265155348368	1.1434858730951656
57	4	0.006415022514436947	0.25	0.005463588837897211	6159.830541709511	3.2328560035857064	0.3056118330203001	0.3311640019773475	0.025660090057747796	1.1456237565107612
58	4	0.006621617475813941	0.25	0.005663635722592398	6120.2671456082735	3.33781176815321	0.33111826644519626	0.33934573236076304	0.026486469903255764	1.1595212998795603
59	4	0.0068307725215594715	0.25	0.005792501658642764	6008.422590196791	3.439338292784752	0.3569554996603837	0.3474086227016704	0.02732309008623789	1.1445240298275887
60	4	0.007028195217896137	0.25	0.006126282862768582	6054.899445142294	3.542830296098113	0.3830133725004369	0.3562031672772924	0.028112780871584548	1.1736484233721
61	4	0.0072385098474422125	0.25	0.0064156270688299905	5723.761520724095	3.6348431998803936	0.4091778387149298	0.3630077865002812	0.02895403938976885	1.1542249485900642
62	4	0.0074397121441054205	0.25	0.00644403328383979	5154.766683772918	3.7103667429541294	0.4353309912427789	0.3687589130082063	0.029758848576421682	1.1460539307733095
63	4	0.007650764456767363	0.25	0.006610558164947755	5168.172557259124	3.7854202240886607	0.4613510927466124	0.3738186535793818	0.03060305782706945	1.1466568915059652
64	4	0.007861751253487486	0.25	0.006816448793480805	5058.538656944759	3.857899219338949	0.4871126114507473	0.3789519652772444	0.031447005013949945	1.146647145031722
65	4	0.007917425018620758	0.25	0.006961363794997379	5593.806834903249	3.9387342093638873	0.5124862623189482	0.3866847311812629	0.03166970007448303	1.1451317578525646
66	4	0.008081130524188471	0.25	0.007235469915334716	5424.888494011899	4.0206252392166535	0.5373390536005784	0.3910927257204605	0.032324522096753884	1.1435360378813808
67	4	0.008206761834806238	0.25	0.007264734081847853	5157.205431892386	4.095056226270448	0.5615343387660311	0.3949621090408336	0.03282704733922495	1.1562858751154612
68	4	0.008319434670097122	0.25	0.0074533950064149986	15211.048141659712	4.435083970239871	0.5849318738444796	0.39853111730770735	0.03327773868038849	1.1430551442923895
69	4	0.008410701742063724	0.25	0.007449558599877493	15523.779589564268	4.782281695332114	0.6073878801690021	0.4024789971698304	0.03364280696825489	1.1669363446392051
70	4	0.007891593141204264	0.25	0.007047030744635478	14954.193328407842	5.084438011235503	0.6287551125260508	0.4145967718490325	0.031566372564817057	1.1202166768335906
71	4	0.00791378404577878	0.25	0.007027363099721478	15042.854162489242	5.416974852524263	0.6488829326980451	0.4189126390945436	0.03165513618311512	1.1528058482524428
72	4	0.00791378404577878	0.25	0.006965588344090025	15085.888538415633	5.749604790672248	0.6676173883795984	0.4233712055192721	0.03165513618311512	1.1545173612837634
73	4	0.00791378404577878	0.25	0.007031860701848154	15181.425546398339	6.0838176252110125	0.6848012974395454	0.4279654532581897	0.03165513618311512	1.1483372478952882
74	4	0.00791378404577878	0.25	0.0070792758557765	15395.556899719319	6.423324574848433	0.7002743374925426	0.4329973670244821	0.03165513618311512	1.140513384994258
75	4	0.006957072699622951	0.25	0.006249171139673696	13774.707091894714	6.670703929714378	0.7138731407355723	0.4509522670598466	0.027828290798491803	1.1593655622925902
76	4	0.006957072699622951	0.25	0.0064154764321953175	13896.835630594409	6.967844744566411	0.7254313939962224	0.4549319863107922	0.027828290798491803	1.1644262120290134
77	4	0.006957072699622951	0.25	0.006290907528111014	13961.775313447173	7.265032638846278	0.7347799439311332	0.4581089071360021	0.027828290798491803	1.1474195074639577
78	4	0.006957072699622951	0.25	0.006324987411372118	13899.24997126225	7.558981795905368	0.7417469073045357	0.4604525133646603	0.027828290798491803	1.140642120178459
79	4	0.006957072699622951	0.25	0.006163065369368368	13827.830167694487	7.849568171646931	0.7461577862683522	0.4619258310025288	0.027828290798491803	1.1401446428590465
80	4	0.00596366699565956	0.25	0.005427217090237275	12382.822471609212	8.050963628232504	0.7478355885569123	0.4771407606941965	0.02385466798263824	1.1429112160767072
81	4	0.00596366699565956	0.25	0.00537141016142634	12197.97301691483	8.296142018789197	0.7478355885569123	0.4771407606941965	0.02385466798263824	1.1514891132815137
82	4	0.00596366699565956	0.25	0.005420555093012612	12362.583880106975	8.54355498018146	0.7478355885569123	0.4771407606941965	0.02385466798263824	1.1514675785180222
83	4	0.00596366699565956	0.25	0.005191910263546413	12219.940035199186	8.785076296814179	0.7478355885569123	0.4771407606941965	0.02385466798263824	1.13829140021093
84	4	0.004968501455778879	0.25	0.004582186993093346	10763.426483812478	8.936314017022996	0.7478355885569123	0.4927853256182618	0.01987400582311552	1.1589168665936915
85	4	0.004968501455778879	0.25	0.004584101316045007	10801.20970889959	9.137063067009699	0.7478355885569123	0.4927853256182618	0.01987400582311552	1.1496546698278671
86	4	0.004968501455778879	0.25	0.0046036711575399535	10733.356622885449	9.334337624095003	0.7478355885569123	0.4927853256182618	0.01987400582311552	1.159552766042913
87	4	0.004968501455778879	0.25	0.00443226716393293	10610.91416100966	9.526735024138297	0.7478355885569123	0.4927853256182618	0.01987400582311552	1.1399544474840824
88	4	0.004968501455778879	0.25	0.004551051105064998	10766.336843852087	9.721644078886127	0.7478355885569123	0.4927853256182618	0.01987400582311552	1.1423095498551863
89	4	0.003977808827587821	0.25	0.003633036847560857	8984.414149380054	9.818357672091002	0.7478355885569123	0.509412963834412	0.01591123531035129	1.1420507369320625
90	4	0.003977808827587821	0.25	0.0036551618361174345	9064.307363696384	9.96599964425565	0.7478355885569123	0.509412963834412	0.01591123531035129	1.1648748359354741
91	4	0.003977808827587821	0.25	0.003610247512451004	9079.603447441616	10.112879003583641	0.7478355885569123	0.509412963834412	0.01591123531035129	1.1673907808961559
92	4	0.003977808827587821	0.25	0.0035414748653821854	8974.153776915358	10.255821980800228	0.7478355885569123	0.509412963834412	0.01591123531035129	1.155165580487324
93	4	0.0029822864551100076	0.25	0.002722046288790736	7392.319577223403	10.306110280597977	0.7478355885569123	0.5272916579206232	0.01192914582044003	1.1542314368807345
94	4	0.0029822864551100076	0.25	0.002807095498091639	7469.012276230856	10.407932918824347	0.7478355885569123	0.5272916579206232	0.01192914582044003	1.168017459048737
