1	4	0.0	0.25	0.0	0.0	0.00375	0.0		0.0	
2	4	0.0	0.25	0.0	0.0	0.00375	0.0		0.0	
3	4	0.0	0.25	0.0	0.0	0.003638187560413125	0.0		0.0	
4	4	0.0	0.25	0.0	0.0	0.0034478577600169954	0.0		0.0	
5	4	0.0	0.25	0.0	0.0	0.003178274667184105	0.0		0.0	
6	4	0.0	0.25	0.0	0.0	0.002828730719359023	0.0		0.0	
7	4	6.2520653736735186e-06	0.25	0.0	0.0	0.0025188887805460683	0.0	0.0	2.500826149469408e-05	
8	4	8.294709403656006e-06	0.25	1.1945526900324464e-05	10.308650020995989	0.0026935669299467217	0.0	0.0	3.3178837614624016e-05	1.0808919746242522
9	4	1.0302132686235973e-05	0.25	6.755102869920348e-06	9.525443882900056	0.002852667668108359	0.0	0.0	4.1208530744943894e-05	1.6828020363462597
10	4	1.2436805066101096e-05	0.25	6.6313948825385025e-06	9.82934226085974	0.0030163833900174603	0.0	0.0	4.974722026440438e-05	1.3079885948593153
11	4	1.605237326317575e-05	0.25	1.1300524507273607e-05	15.839956457598607	0.003290169097813894	0.0	0.0	6.4209493052703e-05	1.113609336617132
12	4	2.1572080515951344e-05	0.25	1.9032957750443406e-05	23.721166397616223	0.0037079078164244843	0.0	0.0	8.628832206380538e-05	1.2329990244716549
13	4	2.595931894146403e-05	0.25	1.2537326727732435e-05	19.379452749701397	0.004042761677697041	0.0	0.0	0.00010383727576585612	1.33300862386601
14	4	3.4090301757931265e-05	0.25	2.5087386536926655e-05	35.510885866860484	0.004673682595667771	0.0	0.0	0.00013636120703172506	1.1534246054987438
15	4	4.580697005594499e-05	0.25	3.4469044167251363e-05	48.6091669980402	0.00554273995994024	0.0	0.0	0.00018322788022378	1.242750623083864
16	4	5.84891759250177e-05	0.25	3.434553095515498e-05	51.752884529972455	0.0064644313664215325	0.0	0.0	0.0002339567037000708	1.1526019720364886
17	4	7.981973270996264e-05	0.25	6.167077216396204e-05	85.63235806782538	0.008006551081810375	0.0	0.0	0.00031927893083985055	1.3625550973798468
18	4	0.0001055300082815122	0.25	7.408013731985321e-05	103.93512538141184	0.009877267454570064	0.0	0.0	0.0004221200331260488	1.2857904736058046
19	4	0.00014062044656373013	0.25	0.000100057218361001	143.93665321375798	0.012475594554940015	0.0	0.0	0.0005624817862549205	1.1994541947630566
20	4	0.00018838414072246216	0.25	0.00013713118075745978	201.4766109705499	0.01612113228174573	0.0	0.0	0.0007535365628898487	1.1931342937401261
21	4	0.00025172771490069006	0.25	0.0001950592700372467	279.81495793725145	0.021191724793874475	0.0	0.0	0.0010069108596027602	1.1561034472848415
22	4	0.00031961941254478337	0.25	0.00019071718067045917	302.50062615938	0.02664969900172828	0.0	0.0	0.0012784776501791335	1.216668296221294
23	4	0.00042154011638586826	0.25	0.0003081605373119108	463.4578082880043	0.03504845271797452	0.0	0.0	0.001686160465543473	1.2834405901408554
24	4	0.0005548033698191686	0.25	0.0003906003919093277	595.5867412115102	0.045836591907753084	0.0	0.0	0.0022192134792766746	1.1894162445827483
25	4	0.0007135464721738694	0.25	0.0004934930595999929	772.3968170460782	0.060315190562278985	0.0	0.0	0.002854185888695477	1.210874222005471
26	4	0.0008735495425731861	0.25	0.000665576133444652	1031.9903227152506	0.08139021744513125	0.0	0.0	0.0034941981702927443	1.1768240271961594
27	4	0.0010279043709905305	0.25	0.0007535956433950985	1203.8701681354644	0.1068339891474204	0.0	0.0	0.004111617483962122	1.2347223801596532
28	4	0.0011942403314073354	0.25	0.000935920087673664	1485.674777784906	0.13913200366191542	0.0	0.0	0.004776961325629343	1.2198023496297212
29	4	0.0013619197849488575	0.25	0.0010535177125818177	1694.2017444618125	0.1765155691989684	0.0	0.0	0.005447679139795431	1.1942629141834
30	4	0.0015260575283918198	0.25	0.001252146585131568	1980.897733824718	0.22110785045785053	0.0	0.0	0.006104230113567279	1.1334653849174146
31	4	0.0016994881502542301	0.25	0.0013732177004843384	2216.932659414698	0.27123141393257644	0.0	0.0	0.006797952601016921	1.1517790545493882
32	4	0.0018745463564333845	0.25	0.001543404296417463	2484.600700792594	0.3278363769037938	0.0	0.0	0.007498185425733538	1.1900541454412863
33	4	0.0020431661726738404	0.25	0.001741636943875344	2783.012109861317	0.39184951064602624	0.0	0.0	0.008172664690695362	1.175949670584494
34	4	0.002224371107714842	0.25	0.001953406536929025	3104.7817754847674	0.4621427897230801	0.0	0.0	0.008897484430859368	1.1605195402994484
35	4	0.0024057184525269394	0.25	0.002002303402702345	3281.3037288678456	0.5353006534081788	0.0	0.0	0.009622873810107756	1.1915296785556635
36	4	0.002578080127674631	0.25	0.002097265211687692	3511.5689626955696	0.6131336803049482	0.0	0.0	0.010312320510698523	1.1955390079008101
37	4	0.002757694475898425	0.25	0.002228102431756848	3756.720975287737	0.6958786057613877	0.0	0.0	0.0110307779035937	1.1615482504794534
38	4	0.002935581767281941	0.25	0.0025532606646025088	4220.790797667755	0.788958696352471	0.001753764825904922	0.009591236444991451	0.011742327069127765	1.1549590683287634
39	4	0.0031023285621264154	0.25	0.0026903686660125197	4519.508850102324	0.8883880892882937	0.0052300752854383785	0.02556396120574499	0.012409314248505662	1.1631587946907511
40	4	0.003278234381499962	0.25	0.002816724900562033	4815.865352466582	0.9925053970259051	0.010394365419869394	0.044931175366614035	0.013112937525999848	1.1703781317153967
41	4	0.0034488122377345585	0.25	0.002928412901743291	5034.093152271527	1.1000609949050872	0.017208658264277952	0.06590492986825543	0.013795248950938234	1.1509572478935564
42	4	0.0036282054584108273	0.25	0.0030628915711705253	5382.397653714522	1.2147279019165682	0.02563150462833667	0.08739468189027179	0.01451282183364331	1.1232772860526548
43	4	0.0038123103073027173	0.25	0.0031910869246536177	5676.439218898212	1.3356967394220096	0.03561792504361113	0.1091727108200634	0.01524924122921087	1.1496595016850468
44	4	0.003990738571163882	0.25	0.003459541064791087	6144.009106902072	1.4683427242465068	0.04711935502121583	0.13160339128229095	0.015962954284655526	1.161741672869556
45	4	0.0041526415595789295	0.25	0.003574209437841704	6447.171262315873	1.6078924825408636	0.0600835937612076	0.1542920146221023	0.016610566238315718	1.1449623958291557
46	4	0.0043195435016554614	0.25	0.003775456397689589	6727.696964290515	1.7515577717497048	0.07445475645235305	0.1750447720965059	0.01727817400662185	1.1374135402069792
47	4	0.004491542762288678	0.25	0.003964786690508234	7179.136340504507	1.9044480480686607	0.0901732302978728	0.1941862750409626	0.01796617104915471	1.1490597014693682
48	4	0.0046766321814165155	0.25	0.004077365001836985	7504.558332410535	2.0636454015268506	0.10717563439944396	0.21209296392919072	0.018706528725666062	1.1311434197875383
49	4	0.0048634221768414105	0.25	0.0042192456807715745	7846.02569582279	2.230453540935644	0.12539478362813558	0.2296418339873468	0.019453688707365642	1.1424404336085439
50	4	0.00504004569449247	0.25	0.00439650197465847	8319.900495875694	2.408969863261312	0.14475965660706314	0.2474641013572898	0.02016018277796988	1.1479486025392849
51	4	0.005229224046342599	0.25	0.004572972801030833	8600.152030823909	2.590906377916706	0.16519536792637932	0.26251676276840513	0.0209168961853704	1.1485504182927608
52	4	0.00541298378297906	0.25	0.004745134723400264	8979.780092735795	2.779949088702838	0.18662314470677446	0.2759015120754674	0.02165193513191624	1.1255541233545765
53	4	0.00561428403240449	0.25	0.004681478399209653	9227.415034449947	2.9727935753242454	0.2089603076229464	0.2878961221240395	0.02245713612961796	1.159096307614571
54	4	0.005820594578451269	0.25	0.005009084800782121	9705.44688599715	3.1765243794422915	0.2321202564935162	0.29947624964617897	0.023282378313805075	1.1522323301099275
55	4	0.006018896674508386	0.25	0.005295737770127669	10240.603216439189	3.393626788931277	0.25601246053863	0.3115570514302817	0.024075586698033544	1.141622084127711
56	4	0.00623294909845415	0.25	0.005428152073101232	10621.229942390648	3.6172933876927607	0.2805424534009877	0.32179494464062325	0.0249317963938166	1.1407325533974917
57	4	0.006442655324054004	0.25	0.005565890995022085	10957.245701737162	3.8467715680655115	0.3056118330203001	0.3306689379093777	0.025770621296216017	1.1462524440028212
58	4	0.006649250285430998	0.25	0.005763941078123057	11349.853017894155	4.084294537096278	0.33111826644519626	0.3388659081254423	0.026597001141723992	1.148734795609438
59	4	0.0068584053311765295	0.25	0.00602479433281233	11850.480465809129	4.3333680970707515	0.3569554996603837	0.3469420937929682	0.027433621324706118	1.1519745943989341
60	4	0.007055828027513195	0.25	0.0060693910169125394	12220.174947615797	4.591614097063856	0.3830133725004369	0.3557460591041744	0.02822331211005278	1.1525905596613026
61	4	0.0072661426570592704	0.25	0.006340419181400225	12717.422667352419	4.858862562875311	0.4091778387149298	0.3625633775265853	0.029064570628237082	1.1371389042881193
62	4	0.0074673449537224785	0.25	0.006370295271244048	13081.727198303799	5.132689251028794	0.4353309912427789	0.3683278383090357	0.029869379814889914	1.1458321252434591
63	4	0.007678397266384421	0.25	0.006700854018946711	13547.501570933164	5.4162063915257335	0.4613510927466124	0.3734006312198864	0.030713589065537682	1.1468370125213183
64	4	0.007889384063104543	0.25	0.006782003621243388	13958.575468955725	5.709022683327047	0.4871126114507473	0.37854508423993344	0.031557536252418174	1.1663911808557241
65	4	0.007940121682866506	0.25	0.006873215202222736	14091.839333158892	5.997349801056467	0.5124862623189482	0.38635391088542265	0.031760486731466024	1.1459727493938816
66	4	0.008103827188434217	0.25	0.0071032406795603405	14588.496117029517	6.3026875134774025	0.5373390536005784	0.3907699621267108	0.03241530875373687	1.1405839428139286
67	4	0.008229458499051986	0.25	0.007215200028204666	14880.936218195897	6.613344775205983	0.5615343387660311	0.3946471021387479	0.032917833996207936	1.135068699438917
68	4	0.008342131334342869	0.25	0.007153101269754374	15083.985288675603	6.927352700539086	0.5849318738444796	0.3982232131459204	0.033368525337371474	1.160360681666612
69	4	0.008433398406309469	0.25	0.0075019466628186956	15622.048181817214	7.254714887505666	0.6073878801690021	0.40217656645220573	0.033733593625237875	1.1479547957072729
70	4	0.007898420302581387	0.25	0.007163128902855155	14983.178180665449	7.534591203544775	0.6287551125260508	0.4145034716152276	0.03159368121032555	1.1483283307564591
71	4	0.007920611207155903	0.25	0.0069477507687511824	14982.056681605689	7.8434712478225395	0.6488829326980451	0.4188203405078533	0.03168244482862361	1.1366716754376556
72	4	0.007920611207155903	0.25	0.0072807933277385575	15350.486197992055	8.161249684211617	0.6676173883795984	0.4232795768951968	0.03168244482862361	1.1602015690676368
73	4	0.007920611207155903	0.25	0.00710897337645802	15336.381931959517	8.477849493025655	0.6848012974395454	0.4278741743607971	0.03168244482862361	1.1398430164276392
74	4	0.007920611207155903	0.25	0.007163534599114525	15280.528125752693	8.792772706047378	0.7002743374925426	0.432905993407708	0.03168244482862361	1.1536597265886361
75	4	0.006957072699622951	0.25	0.0061470777486468285	13689.50580110234	9.016235844379011	0.7138731407355723	0.4509522670598466	0.027828290798491803	1.135598493698054
76	4	0.006957072699622951	0.25	0.006269957853845737	13861.271576302983	9.291327767581445	0.7254313939962224	0.4549319863107922	0.027828290798491803	1.1540082758048376
77	4	0.006957072699622951	0.25	0.006230959530017755	13805.846320545632	9.56348685366762	0.7347799439311332	0.4581089071360021	0.027828290798491803	1.1548511122661385
78	4	0.006957072699622951	0.25	0.0062446193297559256	13851.44829036125	9.835487671607448	0.7417469073045357	0.4604525133646603	0.027828290798491803	1.1486156432714851
79	4	0.006957072699622951	0.25	0.006199351560166712	13778.908446455684	10.104293667496659	0.7461577862683522	0.4619258310025288	0.027828290798491803	1.1541815981755907
80	4	0.00596366699565956	0.25	0.0054117457696524025	12221.866862544985	10.281146400806634	0.7478355885569123	0.4771407606941965	0.02385466798263824	1.1418182727936261
81	4	0.00596366699565956	0.25	0.0054575131929297934	12408.730444230645	10.511818407035863	0.7478355885569123	0.4771407606941965	0.02385466798263824	1.1530960952444935
82	4	0.00596366699565956	0.25	0.005446401825520177	12374.761888853423	10.739611853432862	0.7478355885569123	0.4771407606941965	0.02385466798263824	1.1495668863387172
83	4	0.00596366699565956	0.25	0.005312935804122424	12325.692476860471	10.964161157180824	0.7478355885569123	0.4771407606941965	0.02385466798263824	1.1507658647024577
84	4	0.004968501455778879	0.25	0.0044436933052384026	10622.468057476342	11.092064965440514	0.7478355885569123	0.4927853256182618	0.01987400582311552	1.1521505323054144
85	4	0.004968501455778879	0.25	0.004546824174858733	10667.14888668374	11.269872246820023	0.7478355885569123	0.4927853256182618	0.01987400582311552	1.1555829109469953
86	4	0.004968501455778879	0.25	0.004522132726300003	10843.085976402494	11.450849034596008	0.7478355885569123	0.4927853256182618	0.01987400582311552	1.1462991062047811
87	4	0.004968501455778879	0.25	0.004416071580108908	10511.503507135241	11.621572794218585	0.7478355885569123	0.4927853256182618	0.01987400582311552	1.1600772374827732
88	4	0.004968501455778879	0.25	0.004521086129121717	10689.961606267283	11.795611544512026	0.7478355885569123	0.4927853256182618	0.01987400582311552	1.167483029153374
89	4	0.003977808827587821	0.25	0.003683203819223945	9039.60695632446	11.875116851786444	0.7478355885569123	0.509412963834412	0.01591123531035129	1.1545923176099655
90	4	0.003977808827587821	0.25	0.003667056973386128	8974.263928569313	12.001870304385864	0.7478355885569123	0.509412963834412	0.01591123531035129	1.17797572065442
91	4	0.003977808827587821	0.25	0.003584485381168501	8901.582305148391	12.125726001489287	0.7478355885569123	0.509412963834412	0.01591123531035129	1.1635319790781695
92	4	0.003977808827587821	0.25	0.0036378448550435857	8967.11503509019	12.250367490708088	0.7478355885569123	0.509412963834412	0.01591123531035129	1.166719111112695
93	4	0.0029822864551100076	0.25	0.002699373687189909	7266.796573726743	12.279390320486335	0.7478355885569123	0.5272916579206232	0.01192914582044003	1.1605860389130926
94	4	0.0029822864551100076	0.25	0.002662092359434748	7371.9552852500965	12.360890551449874	0.7478355885569123	0.5272916579206232	0.01192914582044003	1.156429290620686
