1	4	0.0	0.25	0.0	0.0	0.00375	0.0		0.0	
2	4	0.0	0.25	0.0	0.0	0.00375	0.0		0.0	
3	4	0.0	0.25	0.0	0.0	0.003638187560413125	0.0		0.0	
4	4	0.0	0.25	0.0	0.0	0.0034478577600169954	0.0		0.0	
5	4	0.0	0.25	0.0	0.0	0.003178274667184105	0.0		0.0	
6	4	0.0	0.25	0.0	0.0	0.002828730719359023	0.0		0.0	
7	4	6.2520653736735186e-06	0.25	0.0	0.0	0.0025188887805460683	0.0	0.0	2.500826149469408e-05	
8	4	7.149956584636363e-06	0.25	3.366773861166097e-06	5.012540520207487	0.0025956725827122468	0.0	0.0	2.8599826338545453e-05	1.1948454003669755
9	4	9.1473478008029e-06	0.25	6.969580166835099e-06	9.44906309094666	0.002753978217426837	0.0	0.0	3.65893912032116e-05	1.620553961976527
10	4	1.1608341166291381e-05	0.25	7.942179638627832e-06	11.149658502861493	0.0029427206723556397	0.0	0.0	4.6433364665165524e-05	1.1343295648783172
11	4	1.43935507500203e-05	0.25	8.471680265023576e-06	12.413124482549035	0.003153628207680132	0.0	0.0	5.75742030000812e-05	1.3789617537046728
12	4	1.7558937264175932e-05	0.25	9.304343315112888e-06	14.035147875493234	0.00339318883033194	0.0	0.0	7.023574905670373e-05	0.9076766775032828
13	4	2.161904162179093e-05	0.25	1.1859054468689105e-05	17.921392357757266	0.0037030743413201048	0.0	0.0	8.647616648716373e-05	1.1515791431690623
14	4	2.8869503171228242e-05	0.25	2.4055833736039625e-05	31.698776809891246	0.004265671503279179	0.0	0.0	0.00011547801268491294	1.0489717136710537
15	4	3.649265714277232e-05	0.25	2.114535249328314e-05	32.043795802606176	0.004831101703183054	0.0	0.0	0.00014597062857108926	1.1217723271252134
16	4	4.729646307994254e-05	0.25	2.975272845530716e-05	44.12486560095517	0.0056162786031941775	0.0	0.0	0.00018918585231977013	1.2910073229324186
17	4	6.0102323927168287e-05	0.25	3.357020702235352e-05	52.00108970310399	0.006542094590284167	0.0	0.0	0.0002404092957086732	1.3353703098367165
18	4	7.614834587221919e-05	0.25	4.1804273047452305e-05	65.39350749778916	0.0077096260656560126	0.0	0.0	0.00030459338348887675	1.1796493357797346
19	4	0.00010379495682169307	0.25	8.636541633020625e-05	113.37833152802128	0.009756763177072627	0.0	0.0	0.0004151798272867724	1.1710697199721232
20	4	0.00013446870650475306	0.25	8.606844827861772e-05	129.98261800950763	0.012097920276868412	0.0	0.0	0.0005378748260190121	1.2737824958726864
21	4	0.00017074498673017298	0.25	0.00010229416874612866	161.22409540301325	0.015001801803372518	0.0	0.0	0.0006829799469206919	1.2668224908324321
22	4	0.0002220254925596195	0.25	0.00014775319091282286	228.14471529992585	0.01912436299855816	0.0	0.0	0.000888101970238478	1.2094620599246209
23	4	0.00028311404744125015	0.25	0.00017958593852980903	278.85830792557357	0.02415835224702513	0.0	0.0	0.0011324561897650006	1.13341762429071
24	4	0.0003683483360936242	0.25	0.0002443751655549632	381.5269007276775	0.031058374166299408	0.0	0.0	0.0014733933443744972	1.1499049090887143
25	4	0.00047712342894089754	0.25	0.00030655262617563405	486.74345033348567	0.039859769693705936	0.0	0.0	0.0019084937157635906	1.1033743156958913
26	4	0.0006175358388299728	0.25	0.00039857390864683697	637.5835481980567	0.05139387496623811	0.0	0.0	0.002470143355319892	1.210435494589824
27	4	0.0007718906672473173	0.25	0.0005495426637282501	871.7930295570736	0.06833878482953631	0.0	0.0	0.0030875626689892692	1.2080717219880868
28	4	0.0009382266276641225	0.25	0.0006588499800940384	1063.2919289486038	0.08982981467652087	0.0	0.0	0.00375290651065649	1.2064288247817052
29	4	0.0011059060812056447	0.25	0.0007948038828255697	1292.8439429663933	0.11705884580815434	0.0	0.0	0.004423624324822579	1.128093403092667
30	4	0.0012700438246486063	0.25	0.0009725542139888924	1577.4244520248276	0.15153212209834593	0.0	0.0	0.005080175298594425	1.1404697365639729
31	4	0.0014434744465110169	0.25	0.0011038815271478578	1806.5115179192728	0.1914442864659792	0.0	0.0	0.0057738977860440676	1.131952618516508
32	4	0.0016185326526901714	0.25	0.0012782250281692812	2094.4787742211815	0.2384657739913512	0.0	0.0	0.006474130610760686	1.1538738475008796
33	4	0.0017871524689306274	0.25	0.0014549700676071374	2382.7544552687496	0.29271403953262426	0.0	0.0	0.0071486098757225095	1.1406136722512883
34	4	0.0019683574039716287	0.25	0.0016745229318377828	2677.4633748411748	0.35261576816230394	0.0	0.0	0.007873429615886515	1.1679203405692673
35	4	0.002149704748783726	0.25	0.0018569317170843394	2998.4168135612176	0.4192894631558628	0.0	0.0	0.008598818995134904	1.1965647910187858
36	4	0.002322066423931417	0.25	0.0019447590140629684	3202.8711493328624	0.4900151163052476	0.0	0.0	0.00928826569572567	1.1790591483048598
37	4	0.002501680772155212	0.25	0.002105979690679639	3471.4461032911145	0.5663351405677415	0.0	0.0	0.010006723088620849	1.1643618333753585
38	4	0.0026795680635387275	0.25	0.0022374235446806483	3744.1544121332495	0.6479950619491434	0.001753764825904922	0.010313226141210509	0.01071827225415491	1.1330363320686665
39	4	0.002846314858383202	0.25	0.002534506139740353	4144.635443384342	0.738794220416801	0.0052300752854383785	0.027270208118761168	0.011385259433532809	1.1683639081380448
40	4	0.0030222206777567487	0.25	0.002613446488464573	4431.117561752873	0.8340982228126695	0.010394365419869394	0.0475629699007919	0.012088882711026995	1.1552751296397294
41	4	0.003192798533991345	0.25	0.002702638383602721	4717.920046328775	0.9347306182242464	0.017208658264277952	0.06930237315205974	0.01277119413596538	1.1405368657069
42	4	0.003372191754667614	0.25	0.0029911314658311256	5054.082479759394	1.042216008142396	0.02563150462833667	0.09138318958411673	0.013488767018670456	1.1463576430793874
43	4	0.003556296603559504	0.25	0.00312794706948516	5410.207801001877	1.1577073458708342	0.03561792504361113	0.11363107788535022	0.014225186414238013	1.1720361339602847
44	4	0.003734724867420667	0.25	0.0031756067923396783	5706.438540128487	1.2804007468510683	0.04711935502121583	0.13648293616980084	0.014938899469682668	1.1454863913815438
45	4	0.003896627855835717	0.25	0.003454730151356199	6193.794057708279	1.4149513044771158	0.0600835937612076	0.15953622464248482	0.015586511423342869	1.1445308187201142
46	4	0.004063529797912249	0.25	0.0034744890485327424	6313.441970191515	1.5494142469143533	0.07445475645235305	0.18047614627225728	0.016254119191648996	1.1430485534113817
47	4	0.0042355290585454645	0.25	0.003620559399079117	6688.726325325954	1.6911740480960231	0.0901732302978728	0.19969096073291429	0.016942116234181858	1.1568739842437503
48	4	0.004420618477673304	0.25	0.003744199661324825	7045.0046752066355	1.8401558936818403	0.10717563439944396	0.21760526349521106	0.017682473910693216	1.1439712534296005
49	4	0.004607408473098197	0.25	0.003984397899360706	7455.768878291657	1.998670317137512	0.12539478362813558	0.2351544527619834	0.01842963389239279	1.1381668026036929
50	4	0.004784031990749257	0.25	0.004299107733517258	7949.324500695351	2.1694872587486307	0.14475965660706314	0.2530003944983489	0.019136127962997032	1.1576818160551652
51	4	0.004973210342599386	0.25	0.004317467085444439	8245.905906997328	2.3442248936988737	0.16519536792637932	0.267967746879474	0.019892841370397544	1.1272295452155612
52	4	0.0051569700792358465	0.25	0.004454399028011909	8595.250071259938	2.525333838095876	0.18662314470677446	0.2812234939853828	0.020627880316943386	1.1620338495994844
53	4	0.005358270328661278	0.25	0.004511601205549665	8840.87900457069	2.710262991567753	0.2089603076229464	0.2930646718829644	0.021433081314645108	1.1507015643750464
54	4	0.005564580874708056	0.25	0.004740228819037807	9300.955151826334	2.9056755622070933	0.2321202564935162	0.30450519912994145	0.022258323498832226	1.1556511920656614
55	4	0.005762882970765173	0.25	0.0048551005773836255	9632.301169461884	3.109152787198713	0.25601246053863	0.3164872673631947	0.02305153188306069	1.1439683835386525
56	4	0.0059769353947109385	0.25	0.005014238776510732	10010.59178860645	3.3192551408869635	0.2805424534009877	0.32659025886192783	0.02390774157884375	1.1510935955330468
57	4	0.006186641620310793	0.25	0.005366061411977661	10617.041480225616	3.5424322328077333	0.3056118330203001	0.3353130956984807	0.024746566481243168	1.1321258401956142
58	4	0.006393236581687786	0.25	0.005586846658839963	11079.594767646442	3.77555781649978	0.33111826644519626	0.3433640461097441	0.025572946326751143	1.1442569245536771
59	4	0.006602391627433317	0.25	0.00553705643207337	11349.138128092804	4.014171561189885	0.3569554996603837	0.3513129884626515	0.02640956650973327	1.1558928830138244
60	4	0.006799814323769982	0.25	0.005909666729679468	11919.7551118609	4.2673574438229736	0.3830133725004369	0.36002655327787825	0.027199257295079927	1.1636603132263683
61	4	0.007010128953316056	0.25	0.0060431413505932785	12255.068774700612	4.525315302624231	0.4091778387149298	0.36672289614473663	0.028040515813264225	1.1492529705208123
62	4	0.007211331249979265	0.25	0.00612343497029334	12557.850832483413	4.788310436804123	0.4353309912427789	0.3723606876602197	0.02884532499991706	1.1637092169867531
63	4	0.0074223835626412065	0.25	0.006489528417243632	13209.9153791545	5.066012685648974	0.4613510927466124	0.3773097124558055	0.029689534250564826	1.1488344078799204
64	4	0.007633370359361329	0.25	0.006524282023120247	13536.869700210591	5.350845158273696	0.4871126114507473	0.3823485623012611	0.030533481437445317	1.154400072805856
65	4	0.007725501491310366	0.25	0.006656279054585608	13883.609143722286	5.6389670229556845	0.5124862623189482	0.3895049708769641	0.030902005965241463	1.1410740498148475
66	4	0.007889206996878078	0.25	0.006919301465924748	14476.57312393404	5.944574741823849	0.5373390536005784	0.39384348903301203	0.03155682798751231	1.1688802267540823
67	4	0.008014838307495845	0.25	0.007007657809640291	14499.121887752268	6.248372829287617	0.5615343387660311	0.3976460565323836	0.03205935322998338	1.1614983885409471
68	4	0.008127511142786729	0.25	0.007128586850484031	14789.303792527351	6.557884142546698	0.5849318738444796	0.4011539235874215	0.032510044571146916	1.1564428789835342
69	4	0.008218778214753331	0.25	0.007157317693221608	15112.761161546608	6.875123313477944	0.6073878801690021	0.4050546596652324	0.032875112859013324	1.1403687433526757
70	4	0.00783022413012386	0.25	0.006985434595985645	14833.404472813987	7.1617822301087095	0.6287551125260508	0.4154373324642907	0.03132089652049544	1.16915054242719
71	4	0.007852415034698376	0.25	0.006972478844012303	14974.241527927425	7.47381118819937	0.6488829326980451	0.41974413646450864	0.0314096601387935	1.15468009572937
72	4	0.007852415034698376	0.25	0.006902814265015418	14884.097753832062	7.7826011118685665	0.6676173883795984	0.4241966350956793	0.0314096601387935	1.1528138702487774
73	4	0.007852415034698376	0.25	0.007165416719281638	15257.859915154932	8.100535305457951	0.6848012974395454	0.4287877064975121	0.0314096601387935	1.149791095659354
74	4	0.007852415034698376	0.25	0.006930041524494182	15187.609848427745	8.416400746136741	0.7002743374925426	0.4338204548896202	0.0314096601387935	1.1390524143736718
75	4	0.006957072699622951	0.25	0.0064003048330103065	14005.960730271196	8.655017349590084	0.7138731407355723	0.4509522670598466	0.027828290798491803	1.1341011339593887
76	4	0.006957072699622951	0.25	0.006218417511690342	13697.124229387728	8.929025764402972	0.7254313939962224	0.4549319863107922	0.027828290798491803	1.159286384821126
77	4	0.006957072699622951	0.25	0.006275048789461758	13895.622570806057	9.20681620018213	0.7347799439311332	0.4581089071360021	0.027828290798491803	1.1681383972916923
78	4	0.006957072699622951	0.25	0.0060578250291343436	13677.518815861487	9.477434272299684	0.7417469073045357	0.4604525133646603	0.027828290798491803	1.1418847860770371
79	4	0.006957072699622951	0.25	0.006241591330183187	13831.406068975206	9.75084900100292	0.7461577862683522	0.4619258310025288	0.027828290798491803	1.1512998536284675
80	4	0.00596366699565956	0.25	0.005424762688215546	12241.80046966075	9.931409103140831	0.7478355885569123	0.4771407606941965	0.02385466798263824	1.148702202674226
81	4	0.00596366699565956	0.25	0.005535531565448199	12419.88394984288	10.165523264518251	0.7478355885569123	0.4771407606941965	0.02385466798263824	1.1422225894617364
82	4	0.00596366699565956	0.25	0.005355099634469428	12370.084633902248	10.396309859603672	0.7478355885569123	0.4771407606941965	0.02385466798263824	1.1551944648075174
83	4	0.00596366699565956	0.25	0.005437220564589161	12368.547020269008	10.62508049836934	0.7478355885569123	0.4771407606941965	0.02385466798263824	1.1499130047734605
84	4	0.004968501455778879	0.25	0.00448156538129266	10767.865972380658	10.759875409899296	0.7478355885569123	0.4927853256182618	0.01987400582311552	1.1594939378821585
85	4	0.004968501455778879	0.25	0.004574750749167878	10775.115849727512	10.943523372904814	0.7478355885569123	0.4927853256182618	0.01987400582311552	1.1323805312923616
86	4	0.004968501455778879	0.25	0.004469092622975264	10665.189683906801	11.122739771046392	0.7478355885569123	0.4927853256182618	0.01987400582311552	1.1367274454874996
87	4	0.004968501455778879	0.25	0.004618459011339219	10704.892891819929	11.3015231541329	0.7478355885569123	0.4927853256182618	0.01987400582311552	1.157562064211803
88	4	0.004968501455778879	0.25	0.0045088703136508005	10635.78339437745	11.47701172132395	0.7478355885569123	0.4927853256182618	0.01987400582311552	1.1476819257839823
89	4	0.003977808827587821	0.25	0.0036505620982784396	8871.64934974902	11.554949338447829	0.7478355885569123	0.509412963834412	0.01591123531035129	1.1544487199305271
90	4	0.003977808827587821	0.25	0.003666732194720258	8993.126415551893	11.68508238149856	0.7478355885569123	0.509412963834412	0.01591123531035129	1.1651401198043327
91	4	0.003977808827587821	0.25	0.003495622865797561	8716.545713652766	11.806903093672936	0.7478355885569123	0.509412963834412	0.01591123531035129	1.147714099844631
92	4	0.003977808827587821	0.25	0.003630545838669529	8834.128043706709	11.930902334567609	0.7478355885569123	0.509412963834412	0.01591123531035129	1.1328330312273396
93	4	0.0029822864551100076	0.25	0.002769012403477764	7431.926138969135	11.967160762050915	0.7478355885569123	0.5272916579206232	0.01192914582044003	1.1602538280938062
94	4	0.0029822864551100076	0.25	0.0026454023179546065	7144.566839371629	12.045466639738505	0.7478355885569123	0.5272916579206232	0.01192914582044003	1.162879834613867
