1	4	0.0	0.25	0.0	0.0	0.00375	0.0		0.0	
2	4	0.0	0.25	0.0	0.0	0.00375	0.0		0.0	
3	4	0.0	0.25	0.0	0.0	0.003638187560413125	0.0		0.0	
4	4	0.0	0.25	0.0	0.0	0.0034478577600169954	0.0		0.0	
5	4	0.0	0.25	0.0	0.0	0.003178274667184105	0.0		0.0	
6	4	0.0	0.25	0.0	0.0	0.002828730719359023	0.0		0.0	
7	4	6.2520653736735186e-06	0.25	0.0	0.0	0.0025188887805460683	0.0	0.0	2.500826149469408e-05	
8	4	7.685136424007006e-06	0.25	5.4285867289780504e-06	7.488508244269228	0.0026414388653173498	0.0	0.0	3.0740545696028025e-05	2.0985481378644084
9	4	8.144146215113571e-06	0.25	1.812768860315335e-06	2.868419297009863	0.00267781823643564	0.0	0.0	3.2576584860454285e-05	0.8709002786697264
10	4	1.060142020995908e-05	0.25	8.186004556985292e-06	11.108268568432159	0.002866275439418709	0.0	0.0	4.240568083983632e-05	1.067019092878533
11	4	1.336627442227798e-05	0.25	8.558684421945591e-06	12.303679795412867	0.003075641582224742	0.0	0.0	5.346509768911192e-05	1.143060075257467
12	4	1.5794577123781675e-05	0.25	7.093152502649292e-06	10.990667184366355	0.003259418730625991	0.0	0.0	6.317830849512671e-05	1.240366590378693
13	4	2.101146834730655e-05	0.25	1.6515284229824193e-05	22.65237607125369	0.0036575954423993134	0.0	0.0	8.40458733892262e-05	1.0659696438326471
14	4	2.5589223358563363e-05	0.25	1.3282842806869255e-05	20.463543720788195	0.004012804825955992	0.0	0.0	0.00010235689343425344	1.2179349520268845
15	4	3.486752724644498e-05	0.25	3.1006720516932746e-05	38.59933731997994	0.004701002026442442	0.0	0.0	0.00013947010898577995	1.2015266489874643
16	4	4.4811122148173495e-05	0.25	2.725679342861146e-05	40.69835618521167	0.005423662269074544	0.0	0.0	0.00017924448859269398	1.1520893101918186
17	4	5.9236469451433714e-05	0.25	3.958050826344121e-05	58.269651443075546	0.006466561087983472	0.0	0.0	0.00023694587780573485	1.104694363197924
18	4	7.631125426355701e-05	0.25	4.5080434310503714e-05	69.4173978762304	0.0077089468189529935	0.0	0.0	0.00030524501705422803	1.1359214980062604
19	4	9.949023254703584e-05	0.25	6.874044986493862e-05	95.48103445348127	0.009425270991038627	0.0	0.0	0.00039796093018814335	1.3108299545231483
20	4	0.000135033888264178	0.25	0.00011046512646961509	149.9783171972945	0.012138120994533314	0.0	0.0	0.000540135553056712	1.2732125663347276
21	4	0.00017726975445438034	0.25	0.00012369692471657132	187.04682072855468	0.015519061675978503	0.0	0.0	0.0007090790178175214	1.1748770719969948
22	4	0.00023353472352221044	0.25	0.0001673196953689739	249.99967955879535	0.020042335664320527	0.0	0.0	0.0009341388940888416	1.1887654509111896
23	4	0.0003075675291771497	0.25	0.00022176850335504093	336.87820781087805	0.026142993118453136	0.0	0.0	0.0012302701167085988	1.1510251270265472
24	4	0.00040089292780174615	0.25	0.00026837292024073893	417.63923784128286	0.03369801946191272	0.0	0.0	0.0016035717112069846	1.1648141219178043
25	4	0.0005261456679175166	0.25	0.00036079587793502873	559.7732389197347	0.043832682442142834	0.0	0.0	0.0021045826716700666	1.1705437979781876
26	4	0.0006861487383168334	0.25	0.0004693354692755508	738.7934187948567	0.057313894453154414	0.0	0.0	0.0027445949532673326	1.1849403012688509
27	4	0.0008405035667341776	0.25	0.0006259205501226352	980.445569135896	0.07707460310118874	0.0	0.0	0.0033620142669367106	1.1739505157297383
28	4	0.0010068395271509828	0.25	0.0008087315421416724	1254.2469074507387	0.1035293677460558	0.0	0.0	0.004027358108603931	1.195216995583804
29	4	0.0011745189806925051	0.25	0.000943302725014912	1485.5651599735015	0.1357240993563532	0.0	0.0	0.0046980759227700205	1.1583221085901425
30	4	0.001338656724135467	0.25	0.0010946473365247014	1733.2898684966024	0.17414517055196468	0.0	0.0	0.005354626896541868	1.2158241887074148
31	4	0.0015120873459978773	0.25	0.0012221067751577359	1975.0565603007751	0.21830441787264135	0.0	0.0	0.006048349383991509	1.1709364861796732
32	4	0.0016871455521770315	0.25	0.0013202173894343733	2171.283847467796	0.2671122789795035	0.0	0.0	0.0067485822087081275	1.1454813508081632
33	4	0.0018557653684174878	0.25	0.0015709963629588035	2537.4213995295017	0.32518686130603264	0.0	0.0	0.00742306147366995	1.1637057607054888
34	4	0.002036970303458489	0.25	0.0016432539117500176	2725.626203138686	0.38606812218377584	0.0	0.0	0.008147881213833957	1.1645976557776707
35	4	0.002218317648270587	0.25	0.0018485030543554024	3021.654719248972	0.4530543661287321	0.0	0.0	0.008873270593082348	1.162453118864461
36	4	0.002390679323418278	0.25	0.0021252618049128237	3403.9391135330998	0.5287855358140325	0.0	0.0	0.009562717293673112	1.1719555480098942
37	4	0.002570293671642072	0.25	0.002266260804038093	3673.1234337804435	0.6100821178898487	0.0	0.0	0.010281174686568287	1.1327282416257192
38	4	0.002748180963025588	0.25	0.0022257343933490795	3798.606232895389	0.6927861712543966	0.001753764825904922	0.01010927829915662	0.010992723852102352	1.1551021685875262
39	4	0.0029149277578700626	0.25	0.0025110963088506885	4235.572846972253	0.7855835028174494	0.0052300752854383785	0.026790977185295297	0.01165971103148025	1.1594330050096364
40	4	0.003090833577243609	0.25	0.002748706643253965	4600.347574916505	0.8849350893993111	0.010394365419869394	0.04682786199961338	0.012363334308974438	1.1539718673072594
41	4	0.0032614114334782057	0.25	0.002905977999172589	4889.249100122436	0.9896340680060836	0.017208658264277952	0.06835795154845807	0.013045645733912823	1.1501930122720847
42	4	0.0034408046541544745	0.25	0.0029735699562396497	5142.340070255032	1.0989558568108246	0.02563150462833667	0.09027897216470104	0.013763218616617898	1.1531606693202867
43	4	0.003624909503046364	0.25	0.0030422244187593693	5421.931669713722	1.2142461163784521	0.03561792504361113	0.1124008827383877	0.014499638012185456	1.1381384532340448
44	4	0.0038033377669075283	0.25	0.0033298094939400377	5876.509951751543	1.3409215741194362	0.04711935502121583	0.13514005100813015	0.01521335106763011	1.1387876500638228
45	4	0.003965240755322577	0.25	0.0034647716159359977	6220.942660365685	1.4756443303018396	0.0600835937612076	0.1580960991425913	0.01586096302129031	1.1595402924224334
46	4	0.004132142697399108	0.25	0.003527216072590283	6480.243738073029	1.6139656029893334	0.07445475645235305	0.17898772323925732	0.016528570789596433	1.1616206288659443
47	4	0.0043041419580323245	0.25	0.0037153051954280335	6835.420780438157	1.7590180557480213	0.0901732302978728	0.19818529700833384	0.017216567832129298	1.1538015867820255
48	4	0.004489231377160163	0.25	0.003883134489753093	7188.291010521903	1.9111729242353053	0.10717563439944396	0.2161000297827572	0.017956925508640652	1.1184795863159025
49	4	0.004676021372585056	0.25	0.004068921059248457	6841.610030336408	2.052830715876889	0.12539478362813558	0.2336512498046996	0.018704085490340226	1.141463299788065
50	4	0.004852644890236118	0.25	0.004112849567647476	6661.048828274538	2.1891420064934097	0.14475965660706314	0.25149248787777045	0.019410579560944472	1.1315271347068427
51	4	0.005041823242086246	0.25	0.004342415801392047	7288.42229402226	2.33841943642973	0.16519536792637932	0.2664847752662785	0.020167292968344984	1.155310603050094
52	4	0.005225582978722707	0.25	0.004650052309264363	6886.537298014814	2.474460360451844	0.18662314470677446	0.2797771416470283	0.020902331914890833	1.16055832388783
53	4	0.005426883228148139	0.25	0.0046386665327552866	6532.443444778481	2.598890825830644	0.2089603076229464	0.2916613595490744	0.021707532912592555	1.1401262693845344
54	4	0.0056331937741949155	0.25	0.0048829789147282615	6818.156706427933	2.7297449702124283	0.2321202564935162	0.3031409238281533	0.022532775096779662	1.1412070362683375
55	4	0.005831495870252034	0.25	0.0050880646313170175	6672.997109643666	2.85666218752844	0.25601246053863	0.3151507050883862	0.02332598348100813	1.1305563212329095
56	4	0.006045548294197797	0.25	0.005345592674986692	6782.472386724548	2.9837952356876296	0.2805424534009877	0.32529112879961897	0.024182193176791187	1.1486948473643073
57	4	0.006255254519797652	0.25	0.0054344127487907035	6019.012176905381	3.088575904971719	0.3056118330203001	0.33405569122439155	0.025021018079190608	1.1383005203815806
58	4	0.006461849481174646	0.25	0.005645787727670899	5989.6785700189075	3.1913818684997364	0.33111826644519626	0.3421468515490526	0.025847397924698583	1.1398950928755789
59	4	0.006671004526920175	0.25	0.005520317197260489	5805.81177167728	3.2888761209543342	0.3569554996603837	0.3501308013426225	0.0266840181076807	1.1298762542349476
60	4	0.0068684272232568426	0.25	0.005966793316191205	5856.593494815257	3.3884858168898337	0.3830133725004369	0.3588692886840639	0.02747370889302737	1.135672943613311
61	4	0.007078741852802917	0.25	0.006165772762720725	5595.774659138016	3.478508199917945	0.4091778387149298	0.3655987922544748	0.02831496741121167	1.1346066735083296
62	4	0.0072799441494661235	0.25	0.006236030034754525	5066.935024593708	3.5531194751990567	0.4353309912427789	0.37127122761214204	0.029119776597864494	1.1404433086417225
63	4	0.007490996462128067	0.25	0.006495932350492745	5053.027544103946	3.626547662526009	0.4613510927466124	0.37625405408473706	0.02996398584851227	1.1637990455935598
64	4	0.00770198325884819	0.25	0.006738063781589429	4904.766978028532	3.6963960158769	0.4871126114507473	0.3813217349581211	0.03080793303539276	1.133197852991008
65	4	0.007792682196829947	0.25	0.0067369831888604145	5513.416106510243	3.7783129958014734	0.5124862623189482	0.38851310940989137	0.031170728787319787	1.1349502610312667
66	4	0.007956387702397658	0.25	0.0069692498279627976	5310.081449940064	3.8586162217705406	0.5373390536005784	0.39287622380503423	0.03182555080959063	1.1382588309647992
67	4	0.008082019013015427	0.25	0.0071096137008352205	5115.312689637687	3.9333990702293735	0.5615343387660311	0.39670243077490425	0.032328076052061706	1.1293405001933805
68	4	0.00819469184830631	0.25	0.007179152393143381	4870.701765497378	4.001834542194223	0.5849318738444796	0.4002319212007726	0.03277876739322524	1.135578014434356
69	4	0.00828595892027291	0.25	0.007287361694954661	4770.625479883756	4.0689837247186516	0.6073878801690021	0.40414933584989576	0.03314383568109164	1.1337955311168784
70	4	0.007856446293103142	0.25	0.006850691315566924	4992.840433247756	4.1190000364924515	0.6287551125260508	0.4150777554120505	0.03142578517241257	1.1389761376854262
71	4	0.007878637197677658	0.25	0.007012938093777038	5050.540205657069	4.196368777209788	0.6488829326980451	0.4193884451468788	0.03151454879071063	1.1334616163532245
72	4	0.007878637197677658	0.25	0.0069410936031851405	5006.363591864429	4.2738242342969714	0.6676173883795984	0.4238435465157385	0.03151454879071063	1.1504060493688015
73	4	0.007878637197677658	0.25	0.007069265823675602	4909.728992765635	4.3500846746478885	0.6848012974395454	0.428435982333782	0.03151454879071063	1.1387960574271632
74	4	0.007878637197677658	0.25	0.007134655824571558	4982.216213465918	4.430220546679168	0.7002743374925426	0.4334683778115823	0.03151454879071063	1.1192708846051944
75	4	0.006957072699622951	0.25	0.00621416595616495	4830.095848655337	4.4611037757147125	0.7138731407355723	0.4509522670598466	0.027828290798491803	1.149066306208431
76	4	0.006957072699622951	0.25	0.0061596235056583706	4843.7206634391705	4.539074438130041	0.7254313939962224	0.4549319863107922	0.027828290798491803	1.148481798511468
77	4	0.006957072699622951	0.25	0.006296042505747928	13887.467093657931	4.856159082316083	0.7347799439311332	0.4581089071360021	0.027828290798491803	1.1373845141065924
78	4	0.006957072699622951	0.25	0.006164770958638547	13869.389278074405	5.170999599919625	0.7417469073045357	0.4604525133646603	0.027828290798491803	1.1430685354253771
79	4	0.006957072699622951	0.25	0.006287942377672151	13801.757833758891	5.482389349375158	0.7461577862683522	0.4619258310025288	0.027828290798491803	1.1507428234418238
80	4	0.00596366699565956	0.25	0.0053513211786153725	12291.374557954943	5.70267464175322	0.7478355885569123	0.4771407606941965	0.02385466798263824	1.1465946088092651
81	4	0.00596366699565956	0.25	0.005486209889560443	12191.984662292518	5.968829504696072	0.7478355885569123	0.4771407606941965	0.02385466798263824	1.154426858648211
82	4	0.00596366699565956	0.25	0.005297896346127296	12289.988472550653	6.235271324383239	0.7478355885569123	0.4771407606941965	0.02385466798263824	1.1382315899891504
83	4	0.00596366699565956	0.25	0.005483170641941221	12542.597909548953	6.506087297748222	0.7478355885569123	0.4771407606941965	0.02385466798263824	1.1645464163954244
84	4	0.004968501455778879	0.25	0.0045698689773568425	10709.179625858498	6.6764034764175015	0.7478355885569123	0.4927853256182618	0.01987400582311552	1.1538751221457673
85	4	0.004968501455778879	0.25	0.004583560217522722	10689.437679827875	6.894540269069985	0.7478355885569123	0.4927853256182618	0.01987400582311552	1.146895573460926
86	4	0.004968501455778879	0.25	0.004594620334574132	10599.404172919554	7.108460382942949	0.7478355885569123	0.4927853256182618	0.01987400582311552	1.1461110889456854
87	4	0.004968501455778879	0.25	0.004639317909439162	10827.111834594149	7.326599593925282	0.7478355885569123	0.4927853256182618	0.01987400582311552	1.1453718715840011
88	4	0.004968501455778879	0.25	0.0045481014684213604	10645.127036900263	7.538109201382658	0.7478355885569123	0.4927853256182618	0.01987400582311552	1.1426228701040364
89	4	0.003977808827587821	0.25	0.0035711010409323523	9002.8543748137	7.654961541077868	0.7478355885569123	0.509412963834412	0.01591123531035129	1.1407348176119068
90	4	0.003977808827587821	0.25	0.003620285923920265	8947.504746100538	7.818989788501398	0.7478355885569123	0.509412963834412	0.01591123531035129	1.131777086159301
91	4	0.003977808827587821	0.25	0.0036297707048991695	8938.56489028871	7.9814679723909965	0.7478355885569123	0.509412963834412	0.01591123531035129	1.1523641440581625
92	4	0.003977808827587821	0.25	0.0036053896641796736	8916.761768494189	8.142078155513946	0.7478355885569123	0.509412963834412	0.01591123531035129	1.1522616884142318
93	4	0.0029822864551100076	0.25	0.0029015296773486515	7476.962976816973	8.213625243348941	0.7478355885569123	0.5272916579206232	0.01192914582044003	1.1746099803676748
94	4	0.0029822864551100076	0.25	0.0026949328913259568	7371.376575619245	8.331702078600204	0.7478355885569123	0.5272916579206232	0.01192914582044003	1.157259940001198
