11.247441493196291	1	1	1	1	4	0	11.247441493196291	1.0	0	0.0			15.0	0.0	0.0	0.0	0.0		0.0	0.0
11.367595075476835	1	1	1	1	4	0	11.367595075476835	1.0	0	0.0			15.0	0.0	0.0	0.0	0.0		0.0	0.0
22.856168219862568	1	1	1	1	4	0	22.856168219862568	2.0	0	0.0			14.552750241652504	0.0	0.0	0.0	0.7285827694774977	0.0	0.0	0.0
34.4665080713728	1	1	1	1	4	0	34.4665080713728	3.0	0	0.0			13.791431040067982	0.0	0.0	0.0	2.1993864847666735	0.0	0.0	0.0
46.1993671861199	1	1	1	1	4	0	46.1993671861199	4.0	0	0.0			12.713098668736418	0.0	0.0	0.0	4.42587529936556	0.0	0.0	0.0
58.05546181511435	1	1	1	1	4	0	58.05546181511435	5.0	0	0.0			11.314922877436091	0.0	0.0	0.0	7.421310407022852	0.0	0.0	0.0
70.03547169202406	1	1	1	1	4	0	70.03547169202406	6.0	0	2.500826149469408e-05			10.075555122184273	0.0	1.2504130747347042	0.0	8.825142047449571	0.14168758621806754	1.2504130747347042	0.0
82.14003983175478	1	1	1	1	4	0	82.14003983175478	7.0	0	3.0617139501443724e-05	0.8474546317200918	1.3798779347133536	10.555202293229273	0.0	1.5308569750721863	0.0	9.024345318157087	0.16963634713668202	1.5308569750721863	1.9600613485373585e-12
94.36977233991071	1	1	1	1	4	0	94.36977233991071	8.0	0	3.273309952924073e-05	0.2622508702942995	0.8593014305812146	10.72290524121459	0.0	1.636654976462037	0.0	9.086250264752556	0.1801243558974994	1.636654976462037	1.0354486638807381e-12
106.72523823319248	1	1	1	1	4	0	106.72523823319248	9.0	0	3.9796244505725294e-05	0.6861777416756659	0.7641908287080527	11.26460329740384	0.0	1.9898122252862651	0.0	9.274791072117571	0.21453984351929573	1.9898122252862651	2.2249223394138418e-12
119.20696927078512	1	1	1	1	4	0	119.20696927078512	10.0	0	5.310942010883439e-05	1.175425146324248	1.3489366814148165	12.272731759332604	0.0	2.6554710054417203	0.0	9.617260753890886	0.2761151094262873	2.6554710054417203	3.747717275426248e-12
131.81545979678634	1	1	1	1	4	0	131.81545979678634	11.0	0	6.157052727568482e-05	0.4651785730688022	1.0928883781671652	12.913079499537421	0.0	3.0785263637842415	0.0	9.834553135753179	0.3130316468159967	3.0785263637842415	3.0359540368754327e-12
144.55116659372186	1	1	1	1	4	0	144.55116659372186	12.0	0	8.04177939587192e-05	0.9460916409460068	1.6333882081272988	14.351588058030035	0.0	4.020889697935962	0.0	10.330698360094077	0.3892176073466679	4.020889697935962	5.628330815348546e-12
157.41450874719058	1	1	1	1	4	0	157.41450874719058	13.0	0	0.00010819933547280993	1.2409419562373494	1.1200549111142004	16.507287568206557	0.0	5.409966773640496	0.0	11.097320794566057	0.4875020623256702	5.409966773640496	8.122956849500394e-12
170.4058675216809	1	1	1	1	4	0	170.4058675216809	14.0	0	0.000133006588178365	0.6243022518552942	1.070956899924511	18.347309415951923	0.0	6.6503294089182505	0.0	11.696980007033666	0.5685509768264334	6.6503294089182505	7.590932978500594e-12
183.52558624759342	1	1	1	1	4	0	183.52558624759342	15.0	0	0.00016508809408514593	0.6399388098783793	1.0787918199497004	20.67886345367397	0.0	8.254404704257299	0.0	12.42445874941667	0.6643673475631156	8.254404704257299	1.0472419825402873e-11
196.77397021950497	1	1	1	1	4	0	196.77397021950497	16.0	0	0.00020326843839271028	0.5944515775671761	1.0543464637922704	23.439159975262452	0.0	10.163421919635518	0.0	13.275738055626938	0.7655636076163569	10.163421919635518	1.8750430834439225e-11
210.1512866057031	1	1	1	1	4	0	210.1512866057031	17.0	0	0.0002628584771306316	0.8103122730273918	1.1572168466880284	27.775016306719685	0.0	13.14292385653158	0.0	14.632092450188102	0.8982258621775332	13.14292385653158	2.047697367866844e-11
223.65776436901845	1	1	1	1	4	0	223.65776436901845	18.0	0	0.00035743475693006264	1.0968835051838992	1.1704726440401578	34.778066792400324	0.0	17.871737846503137	0.0	16.906328945897194	1.0571034021457522	17.871737846503137	4.8073574369873575e-11
237.29359419897813	1	1	1	1	4	0	237.29359419897813	19.0	0	0.0004642283971646952	0.8451994644974811	1.1899341807298478	42.92903273662672	0.0	23.211419858234766	0.0	19.71761287839196	1.1771921885976158	23.211419858234766	5.357178594025932e-11
251.0589284553002	1	1	1	1	4	0	251.0589284553002	20.0	0	0.0006018734858935432	0.8582985874048121	1.2647117246107638	53.94739040422558	0.0	30.09367429467717	0.0	23.85371610954841	1.2615927076716975	30.09367429467717	7.72175818315862e-11
264.95388112274634	1	1	1	1	4	0	264.95388112274634	21.0	0	0.0007776178726899133	0.8383493120210844	1.1053435264752105	68.07589747644667	0.0	38.880893634495656	0.0	29.195003841951014	1.3317653200177615	38.880893634495656	1.0304515998511949e-10
278.9785277773454	1	1	1	1	4	0	278.9785277773454	22.0	0	0.0010247470905778838	1.0152669815680904	1.2024926230661095	88.44052761445934	0.0	51.23735452889421	0.0	37.20317308556515	1.377230764995535	51.23735452889421	1.5425851378794587e-10
293.1329055639992	1	1	1	1	4	0	293.1329055639992	23.0	0	0.0013142101371672796	0.8006461835917317	1.1765904786740686	111.87360129719616	0.0	65.710506858364	0.0	46.16309443883217	1.4234424199060765	65.710506858364	2.2014819205879639e-10
307.41701318547484	1	1	1	1	4	0	307.41701318547484	24.0	0	0.001677998658530327	0.765996056385785	1.1251747562189658	141.30907757246942	0.0	83.89993292651636	0.0	57.40914464595304	1.4614384771613338	83.89993292651636	2.952553059918698e-10
321.83081090278995	1	1	1	1	4	0	321.83081090278995	25.0	0	0.002196501165559614	0.8893329139079268	1.1535920575309673	183.9011996282917	0.0	109.82505827798073	0.0	74.07614135031102	1.4825969100983634	109.82505827798073	4.3250333941530547e-10
336.3742205469876	1	1	1	1	4	0	336.3742205469876	26.0	0	0.002813920479228992	0.8369501511762891	1.1582318333054422	237.81099536911088	0.0	140.69602396144958	0.0	95.59422100474634	1.4718047020275826	140.69602396144958	5.324647893619815e-10
351.0471255422998	1	1	1	1	4	0	351.0471255422998	27.0	0	0.003479264320896212	0.8198476253578597	1.219048371789677	310.73357252212537	0.0	173.9632160448106	0.0	118.05830139813877	1.4735364983622676	173.9632160448106	6.593784697431848e-10
365.84937094069124	1	1	1	1	4	0	365.84937094069124	28.0	0	0.004149982135062301	0.8607022186372112	1.174316342040969	411.5830679033371	0.0	207.49910675311506	0.0	141.4682291694859	1.4667541113031175	207.49910675311506	1.1037639928114239e-09
380.78076346777357	1	1	1	1	4	0	380.78076346777357	29.0	0	0.004806533108834149	0.8858291993997637	1.2068611257426474	540.3992945341813	0.0	240.32665544170743	0.0	165.82287947278488	1.4492973237818505	240.32665544170743	1.3563796706322838e-09
395.84107158007737	1	1	1	1	4	0	395.84107158007737	30.0	0	0.005500255596283789	0.9120842351062246	1.145408847372258	695.695626242907	0.0	275.01277981418946	0.0	191.12012540644315	1.4389524872345971	275.01277981418946	1.6484942588428294e-09
411.03002553366304	1	1	1	1	4	0	411.03002553366304	31.0	0	0.006200488421000408	0.8908538032457933	1.1893315478721835	874.9468193463882	0.0	310.02442105002035	0.0	217.3568079834534	1.426338672923562	310.02442105002035	1.924761853970804e-09
426.3473174640513	1	1	1	1	4	0	426.3473174640513	32.0	0	0.006874967685962232	0.8473534505578301	1.155875104761508	1072.0142064158479	0.0	343.74838429811155	0.0	244.52870669592164	1.4057588122999904	343.74838429811155	2.0327651051099123e-09
441.79260147745117	1	1	1	1	4	0	441.79260147745117	33.0	0	0.007599787426126238	0.8683521354971135	1.1687198235958345	1292.0415150409497	0.0	379.98937130631185	11.86334260539778	272.63051072776193	1.4373032309028624	391.85271391170966	2.320652449342148e-09
457.365493753255	1	1	1	1	4	0	457.365493753255	34.0	0	0.008325176805374626	0.9286495187962976	1.1797352441928652	1543.8486147062313	0.0	416.2588402687313	33.638863238761594	301.6557908695067	1.4914273722731688	449.8977035074929	3.133248372132632e-09
473.0655726577729	1	1	1	1	4	0	473.0655726577729	35.0	0	0.009014623505965392	0.9514911130896316	1.1824620095069889	1824.8907208789715	0.0	450.73117529826965	63.26574790347243	331.5969721892212	1.5500651884976708	513.996923201742	3.6563113176697084e-09
488.8923788691719	1	1	1	1	4	0	488.8923788691719	36.0	0	0.009733080898860571	0.9171352267905412	1.1288447582630927	2124.7825438323666	0.0	486.6540449430285	98.57176754760937	362.44530751345513	1.6146596475632742	585.2258124906377	3.989181125696225e-09
504.8454155135833	1	1	1	1	4	0	504.8454155135833	37.0	0	0.010444630064394632	0.8930145568731741	1.1374249378637975	2441.9948919555013	7.015059303619688	522.2315032197316	137.2716074713363	394.19085177200986	1.6730553429294397	666.5181699946877	4.324419162966203e-09
520.9241483123367	1	1	1	1	4	0	520.9241483123367	38.0	0	0.011111617243772529	0.9352307062044892	1.1516570712541356	2800.0786369374	20.920301141753512	555.5808621886265	176.96529644246598	426.8224372600505	1.7162784677713028	753.4664597728461	5.051739381724602e-09
537.1280057402779	1	1	1	1	4	0	537.1280057402779	39.0	0	0.011815240521266715	0.8939387029900785	1.1552297848120048	3163.834046100824	41.57746167947757	590.7620260633357	228.13453234226182	460.32764987073614	1.7789428000589371	860.4740200850753	5.2361892460783694e-09
553.4563791951257	1	1	1	1	4	0	553.4563791951257	40.0	0	0.012497551946205105	0.8931803731940907	1.1252954810666644	3554.450530983125	68.8346330571118	624.8775973102553	285.8563949510358	494.69280635109766	1.841009168859668	979.5686253184027	6.733256891781014e-09
569.9086231778117	1	1	1	1	4	0	569.9086231778117	41.0	0	0.013215124828910178	0.8897327938126479	1.206207856105157	3963.288148938575	102.52601851334668	660.7562414455089	344.97084620866616	529.9029326333283	1.897945879741145	1108.2531061675218	7.177084591695708e-09
586.4840554837581	1	1	1	1	4	0	586.4840554837581	42.0	0	0.013951544224477736	0.9204637948469122	1.148873382355632	4421.2173235705795	142.47170017444452	697.5772112238867	400.0782610971759	565.9417432930097	1.9395202515619423	1240.1271724955072	8.12902136351785e-09
603.1819574050269	1	1	1	1	4	0	603.1819574050269	43.0	0	0.01466525727992239	0.9298536812759344	1.1431906106405934	4913.557270393734	188.47742008486333	733.2628639961193	445.5372001664082	602.7916221850286	1.95556809480788	1367.2774842473912	8.813847666384807e-09
620.0015739432909	1	1	1	1	4	0	620.0015739432909	44.0	0	0.015312869233582587	0.8913621379219329	1.1340193716603293	5429.083099663063	240.3343750448304	765.6434616791295	486.7965064426599	640.4336043070872	1.9556125095541448	1492.7743431666195	9.199407682010836e-09
636.9421140335545	1	1	1	1	4	0	636.9421140335545	45.0	0	0.015980477001888715	0.9150894237808818	1.117237749350642	5978.958655392785	297.8190258094122	799.0238500944357	539.6599945120054	678.8473589397474	1.971995363872748	1636.5028704158533	1.033495438302221e-08
654.0027507785644	1	1	1	1	4	0	654.0027507785644	46.0	0	0.01666847404442158	0.9401359216238468	1.1547488480145638	6554.272404365267	360.69292119149117	833.423702221079	598.4568926302895	718.0111741108863	1.994231631038984	1792.5735160428594	1.1754415559378734e-08
671.1826216938364	1	1	1	1	4	0	671.1826216938364	47.0	0	0.017408831720932938	0.8946347493152889	1.1549711622392638	7151.157130587071	428.702537597776	870.4415860466469	657.2664508030814	757.9019424312735	2.0157067178756582	1956.410574447504	1.2739346472320233e-08
688.4808289632283	1	1	1	1	4	0	688.4808289632283	48.0	0	0.01815599170263251	0.9132396590447622	1.1531967395902467	7782.0163673400575	501.57913451254234	907.7995851316257	709.916576233926	798.4951483467232	2.0259561560455537	2119.2952958780934	1.4044167115725938e-08
705.8964397049822	1	1	1	1	4	0	705.8964397049822	49.0	0	0.018862485773236758	0.9034265574845096	1.146462652318892	8448.19322280093	579.0386264282525	943.1242886618376	752.8416297505372	839.7648568509044	2.019572389314077	2275.004544840628	1.4725381920256082e-08
723.4284862481575	1	1	1	1	4	0	723.4284862481575	50.0	0	0.019619199180637262	0.9435509140960684	1.1593159816694094	9143.50570147552	660.7814717055172	980.9599590318634	810.4757308638319	881.6837037014301	2.0318348659218732	2452.217161601213	1.5702268838714382e-08
741.0759664193733	1	1	1	1	4	0	741.0759664193733	51.0	0	0.020354238127183108	0.904629935144124	1.1578835314821314	9850.507762744626	746.4925788270981	1017.7119063591556	876.5594057224796	924.2228871802936	2.049582777441118	2640.7638909087336	1.8721038821155758e-08
758.8378438397727	1	1	1	1	4	0	758.8378438397727	52.0	0	0.02115943912488484	0.8928140505465175	1.1531038155587618	10594.2871865445	835.8412304917856	1057.971956244242	944.5756310611807	967.3521614380536	2.070132953782272	2838.388817797208	1.9158359957316687e-08
776.7130482321257	1	1	1	1	4	0	776.7130482321257	53.0	0	0.021984681309071948	0.9010907900789912	1.1606332970673785	11378.744633278724	928.4810259740648	1099.2340654535974	1007.7495086544756	1011.0398314594353	2.083976821236256	3035.4646000821376	2.06866075981792e-08
794.7004757379742	1	1	1	1	4	0	794.7004757379742	54.0	0	0.022777889693300416	0.9173419431686916	1.1193648215389658	12211.939492093268	1024.0498421545199	1138.8944846650204	1059.048258242922	1055.25274968616	2.0828590530198823	3221.9925850624627	2.153054796459472e-08
812.7989892447298	1	1	1	1	4	0	812.7989892447298	55.0	0	0.023634099389083472	0.9110934883084236	1.1595581177866094	13066.230982214849	1122.1698136039506	1181.7049694541738	1118.4605119973603	1099.956314330899	2.091142576740168	3422.3352950554845	2.2451880353218294e-08
831.0074187226242	1	1	1	1	4	0	831.0074187226242	56.0	0	0.02447292429148289	0.9003922687900922	1.145406349825074	13943.425050675276	1222.4473320812006	1223.6462145741448	1185.9135452722826	1145.1144694142192	2.1042086395773447	3632.007091927628	2.5247370994995865e-08
849.3245615714155	1	1	1	1	4	0	849.3245615714155	57.0	0	0.02529930413699086	0.908556415213554	1.1357989502305506	14860.516793727164	1324.473065780785	1264.9652068495434	1254.223101530684	1190.6897065542953	2.115738713884105	3843.661374161013	2.6538921955242222e-08
867.7491829767432	1	1	1	1	4	0	867.7491829767432	58.0	0	0.02613592431997299	0.9013789693384556	1.1517956150930044	15820.73411209306	1427.8219986415347	1306.7962159986494	1315.9445103417586	1236.643068536974	2.1208550737629364	4050.5627249819427	2.7967120162589854e-08
886.2800162760308	1	1	1	1	4	0	886.2800162760308	59.0	0	0.026925615105319645	0.8977748519619132	1.1472706280547171	16825.36929961474	1532.0534900017474	1346.2807552659829	1363.3739103596945	1282.9341546915168	2.1120761776563794	4241.708155627425	2.9916880524695126e-08
904.9157633338257	1	1	1	1	4	0	904.9157633338257	60.0	0	0.02776687362350395	0.9020372779295928	1.13145103605943	17864.58688974458	1636.7113548597192	1388.3436811751974	1424.336668700407	1329.521128095009	2.1155589711505565	4449.391704735324	3.147593380404232e-08
923.6550949264639	1	1	1	1	4	0	923.6550949264639	61.0	0	0.028571682810156783	0.9023270564967087	1.1398538989090472	18932.947252964488	1741.3239649711154	1428.584140507839	1492.8539497298148	1376.3607246260142	2.122581702577621	4662.762055208769	3.41462271643579e-08
942.4966511359496	1	1	1	1	4	0	942.4966511359496	62.0	0	0.02941589206080455	0.9047163368335132	1.1531504355948232	20021.806051961332	1845.4043709864493	1470.7946030402275	1561.0727140306158	1423.4082638855696	2.130005420085562	4877.271688057293	3.521067540846707e-08
961.4390417529248	1	1	1	1	4	0	961.4390417529248	63.0	0	0.03025983924768505	0.9107340716342108	1.1371640106843692	21167.904427719463	1948.450445802989	1512.9919623842527	1620.8811638310374	1470.6176620010838	2.13099108435227	5082.323572018278	3.797937045863781e-08
980.4808466886225	1	1	1	1	4	0	980.4808466886225	64.0	0	0.03067915575835988	0.8903872630334124	1.1259593788814541	22324.83301836222	2049.9450492757933	1533.9577879179944	1667.9043002172698	1517.9414463260835	2.1093449262386392	5251.807137411058	3.653573030825382e-08
999.6206163956656	1	1	1	1	4	0	999.6206163956656	65.0	0	0.031333977780630726	0.8921528204796948	1.1403933586805437	23524.069101262867	2149.356214402313	1566.6988890315365	1730.189074725012	1565.3307720460982	2.1061925202218257	5446.244178158861	3.769223581283005e-08
1018.856872297602	1	1	1	1	4	0	1018.856872297602	66.0	0	0.0318365030231018	0.8849976966226341	1.1463975919462122	24725.166495209633	2246.137355064124	1591.82515115509	1799.479492613658	1612.735440698263	2.1028276294966406	5637.441998832874	3.7757049643056155e-08
1038.1881072270378	1	1	1	1	4	0	1038.1881072270378	67.0	0	0.03228719436426534	0.8817799056610529	1.137055511278923	25953.206886295626	2339.7274953779183	1614.359718213267	1867.2633860767405	1660.1039206094406	2.0972320232891617	5821.350599667925	3.9148246733006265e-08
1057.612785872243	1	1	1	1	4	0	1057.612785872243	68.0	0	0.03265226265213174	0.9147966472764196	1.13536767834393	27239.0512991223	2429.5515206760087	1632.6131326065865	1924.775965904468	1707.3833692548765	2.0835327100928387	5986.940619187063	4.084182974368195e-08
1077.1293452320983	1	1	1	1	4	0	1077.1293452320983	69.0	0	0.031240153941470002	0.8760587698372764	1.1551407619604486	28412.036416897223	2515.020450104203	1562.0076970735001	1972.8452744361555	1754.5196575365385	2.0147126629933703	6049.873421613857	3.9211244186323384e-08
1096.7361950792456	1	1	1	1	4	0	1096.7361950792456	70.0	0	0.03132891755976806	0.925621113728562	1.1442688152825258	29670.927266122464	2595.5317307921805	1566.445877988403	2017.5897615573083	1801.4573959774145	1.9895200672237523	6179.567370337893	3.792610383759972e-08
1116.4317184313063	1	1	1	1	4	0	1116.4317184313063	71.0	0	0.03132891755976806	0.9007005232051107	1.1285188764847327	30922.368442024315	2670.4695535183937	1566.445877988403	2054.4051406138838	1848.1399628251413	1.959186582961665	6291.320572120681	3.8156401333395536e-08
1136.2142720300294	1	1	1	1	4	0	1136.2142720300294	72.0	0	0.03132891755976806	0.9131320617952471	1.1464770767330212	32193.309544125117	2739.205189758182	1566.445877988403	2078.5667561620735	1894.509534055379	1.9239874852189198	6384.217823908659	3.900514848291047e-08
1156.0821868282233	1	1	1	1	4	0	1156.0821868282233	73.0	0	0.03132891755976806	0.900457652548195	1.1510464539606398	33455.845624670335	2801.0973499701704	1566.445877988403	2085.2321755533185	1940.5071152624146	1.8818163689381295	6452.7754035118905	3.886560503700854e-08
1176.03376848433	1	1	1	1	4	0	1176.03376848433	74.0	0	0.027828290798491803	0.8094494421216728	1.1468769374121166	34394.779508676475	2855.4925629422887	1391.4145399245901	2085.2321755533185	1986.072575421486	1.7505134296213176	6332.139278420198	3.544312011698991e-08
1196.0672978644968	1	1	1	1	4	0	1196.0672978644968	75.0	0	0.027828290798491803	0.928775133637253	1.1420596912949221	35515.341080411235	2901.725575984889	1391.4145399245901	2085.2321755533185	2031.1446825043522	1.7116686691128709	6378.372291462798	3.311996372012555e-08
1216.1810315519913	1	1	1	1	4	0	1216.1810315519913	76.0	0	0.027828290798491803	0.9139092085427896	1.1436859861020905	36624.47939262613	2939.119775724533	1391.4145399245901	2085.2321755533185	2075.6611409266366	1.6749587140826996	6415.766491202441	3.301871592271735e-08
1236.373202363814	1	1	1	1	4	0	1236.373202363814	77.0	0	0.027828290798491803	0.9008659043782082	1.1439118551511815	37722.71501120076	2966.9876292181425	1391.4145399245901	2085.2321755533185	2119.558630802508	1.6402691885723302	6443.634344696052	3.2984929561198464e-08
1256.6420198743526	1	1	1	1	4	0	1256.6420198743526	78.0	0	0.027828290798491803	0.8983686273371069	1.1514040556842433	38828.54271255463	2984.631145073409	1391.4145399245901	2085.2321755533185	2162.772848979249	1.6074950807334023	6461.277860551319	3.335449374489702e-08
1276.985670945924	1	1	1	1	4	0	1276.985670945924	79.0	0	0.02385466798263824	0.7757747567906056	1.1541011496287277	39557.04795201928	2991.342354227649	1192.7333991319122	2085.2321755533185	2205.2385518213478	1.4864448891381377	6269.30792891288	2.987426986971386e-08
1297.4023202660453	1	1	1	1	4	0	1297.4023202660453	80.0	0	0.02385466798263824	0.9131679077247108	1.1429026624244558	40481.69205665095	2991.342354227649	1192.7333991319122	2085.2321755533185	2246.8895997107447	1.4588903589687814	6269.30792891288	2.7173527443760694e-08
1317.890110891278	1	1	1	1	4	0	1317.890110891278	81.0	0	0.02385466798263824	0.8997907740349628	1.1305508363506078	41399.49577016129	2991.342354227649	1192.7333991319122	2085.2321755533185	2287.659003226988	1.432890815484873	6269.30792891288	2.7260907409033155e-08
1338.447164797479	1	1	1	1	4	0	1338.447164797479	82.0	0	0.02385466798263824	0.8993220274729571	1.1470887339322586	42307.3098198393	2991.342354227649	1192.7333991319122	2085.2321755533185	2327.4789709681118	1.4083760221136452	6269.30792891288	2.7221658157345814e-08
1359.0715834363004	1	1	1	1	4	0	1359.0715834363004	83.0	0	0.01987400582311552	0.762214794863351	1.1303622859336098	42835.98101855434	2991.342354227649	993.7002911557761	2085.2321755533185	2366.280958970235	1.3011694384968524	6070.274820936745	2.4095015989132296e-08
1379.7614482977701	1	1	1	1	4	0	1379.7614482977701	84.0	0	0.01987400582311552	0.9101278412273636	1.1531876197596105	43560.57343432123	2991.342354227649	993.7002911557761	2085.2321755533185	2403.99572168099	1.2807562172182885	6070.274820936745	2.176335879747452e-08
1400.5148214787878	1	1	1	1	4	0	1400.5148214787878	85.0	0	0.01987400582311552	0.9086489762187442	1.1485676739487034	44276.158435276906	2991.342354227649	993.7002911557761	2085.2321755533185	2440.5533644391776	1.2615714581666653	6070.274820936745	2.171647113987797e-08
1421.3297462573673	1	1	1	1	4	0	1421.3297462573673	86.0	0	0.01987400582311552	0.9024929056216734	1.150596976981468	45000.148554979074	2991.342354227649	993.7002911557761	2085.2321755533185	2475.883397410261	1.2435692528693454	6070.274820936745	2.2119619500844788e-08
1442.2042476724564	1	1	1	1	4	0	1442.2042476724564	87.0	0	0.01987400582311552	0.9020217479284048	1.1420893768885172	45694.19778245845	2991.342354227649	993.7002911557761	2085.2321755533185	2509.914790924653	1.2267079654822923	6070.274820936745	2.149262025977037e-08
1463.1363331091584	1	1	1	1	4	0	1463.1363331091584	88.0	0	0.01591123531035129	0.718270641173155	1.147398771142743	46016.183099919384	2991.342354227649	795.5617655175643	2085.2321755533185	2542.5760321631533	1.1330217482699951	5872.136295298532	1.8909686196691775e-08
1484.1239928891891	1	1	1	1	4	0	1484.1239928891891	89.0	0	0.01591123531035129	0.8883336258121964	1.158498710395662	46532.190192071335	2991.342354227649	795.5617655175643	2085.2321755533185	2573.79518313129	1.1192786279000246	5872.136295298532	1.6810780258216793e-08
1505.1652008663875	1	1	1	1	4	0	1505.1652008663875	90.0	0	0.01591123531035129	0.9231208243462864	1.151202646810347	47039.39411434428	2991.342354227649	795.5617655175643	2085.2321755533185	2603.499939861909	1.1065081650140856	5872.136295298532	1.660134876622359e-08
1526.2579150271054	1	1	1	1	4	0	1526.2579150271054	91.0	0	0.01591123531035129	0.9073149152632892	1.1491771962265016	47544.90398038196	2991.342354227649	795.5617655175643	2085.2321755533185	2631.617692782876	1.0946855802692637	5872.136295298532	1.6710156383769726e-08
1547.4000780953006	1	1	1	1	4	0	1547.4000780953006	92.0	0	0.01192914582044003	0.6837117742789444	1.1556816722267194	47677.884189580494	2991.342354227649	596.4572910220015	2085.2321755533185	2658.075588184484	1.008883825010772	5673.0318208029685	1.4321422832461658e-08
1568.5896181421526	1	1	1	1	4	0	1568.5896181421526	93.0	0	0.01192914582044003	0.9365990845616844	1.1535362898932646	48020.436547266036	2991.342354227649	596.4572910220015	2085.2321755533185	2682.8005907188963	0.999585834240748	5673.0318208029685	1.278409351346564e-08
