11.247441493196291	1	1	1	1	4	0	11.247441493196291	1.0	0	0.0			15.0	0.0	0.0	0.0	0.0		0.0	0.0
11.367595075476835	1	1	1	1	4	0	11.367595075476835	1.0	0	0.0			15.0	0.0	0.0	0.0	0.0		0.0	0.0
22.856168219862568	1	1	1	1	4	0	22.856168219862568	2.0	0	0.0			14.552750241652504	0.0	0.0	0.0	0.7285827694774977	0.0	0.0	0.0
34.4665080713728	1	1	1	1	4	0	34.4665080713728	3.0	0	0.0			13.791431040067982	0.0	0.0	0.0	2.1993864847666735	0.0	0.0	0.0
46.1993671861199	1	1	1	1	4	0	46.1993671861199	4.0	0	0.0			12.713098668736418	0.0	0.0	0.0	4.42587529936556	0.0	0.0	0.0
58.05546181511435	1	1	1	1	4	0	58.05546181511435	5.0	0	0.0			11.314922877436091	0.0	0.0	0.0	7.421310407022852	0.0	0.0	0.0
70.03547169202406	1	1	1	1	4	0	70.03547169202406	6.0	0	2.500826149469408e-05			10.075555122184273	0.0	1.2504130747347042	0.0	8.825142047449571	0.14168758621806754	1.2504130747347042	0.0
82.14003983175478	1	1	1	1	4	0	82.14003983175478	7.0	0	3.273010811666658e-05	1.5762273928292077	1.2310467568327959	10.735894299291607	0.0	1.6365054058333293	0.0	9.09938889345828	0.1798478364860132	1.6365054058333293	2.5315622080892523e-12
94.36977233991071	1	1	1	1	4	0	94.36977233991071	8.0	0	3.273010811666658e-05	0.06106144980929596	2.976128207479928	10.735894299291607	0.0	1.6365054058333293	0.0	9.09938889345828	0.1798478364860132	1.6365054058333293	5.129949294605992e-13
106.72523823319248	1	1	1	1	4	0	106.72523823319248	9.0	0	4.144157445387152e-05	0.8657483956155941	1.6127069026887026	11.404008064071029	0.0	2.072078722693576	0.0	9.331929341377457	0.2220418358191001	2.072078722693576	2.6208914050605566e-12
119.20696927078512	1	1	1	1	4	0	119.20696927078512	10.0	0	5.5638880874482106e-05	1.2660343764059432	1.08930065110139	12.479086551130047	0.0	2.7819440437241054	0.0	9.697142507405944	0.2868828669476051	2.7819440437241054	3.974998491452114e-12
131.81545979678634	1	1	1	1	4	0	131.81545979678634	11.0	0	6.60149965643173e-05	0.5437076102840501	0.9530476915368422	13.264364659900654	0.0	3.3007498282158654	0.0	9.963614831684787	0.3312803519581385	3.3007498282158654	3.5275995535887253e-12
144.55116659372186	1	1	1	1	4	0	144.55116659372186	12.0	0	8.455453641048598e-05	0.848734443247961	1.6173389315640678	14.679386115676794	0.0	4.2277268205243	0.0	10.451659295152496	0.4045029311742997	4.2277268205243	5.63051113153225e-12
157.41450874719058	1	1	1	1	4	0	157.41450874719058	13.0	0	0.00011016117631014356	0.9315489656313491	1.364111698786538	16.66632485559376	0.0	5.508058815507178	0.0	11.158266040086582	0.4936303540101325	5.508058815507178	7.674210901306831e-12
170.4058675216809	1	1	1	1	4	0	170.4058675216809	14.0	0	0.000139881041888525	0.7521878643419438	1.0037516364542207	18.870728649329113	0.0	6.994052094426251	0.0	11.876676554902867	0.5888896664057931	6.994052094426251	8.736954138206068e-12
183.52558624759342	1	1	1	1	4	0	183.52558624759342	15.0	0	0.00018890403418708702	1.0717304209350156	1.261850801041771	22.433521367571508	0.0	9.445201709354349	0.0	12.988319658217154	0.7272073646092297	9.445201709354349	1.4558064530394445e-11
196.77397021950497	1	1	1	1	4	0	196.77397021950497	16.0	0	0.00023641464090190322	0.6513549106527546	1.1006403949041124	25.86836106930472	0.0	11.82073204509516	0.0	14.047629024209556	0.8414752428842915	11.82073204509516	2.6167782297071853e-11
210.1512866057031	1	1	1	1	4	0	210.1512866057031	17.0	0	0.00032207221950906936	1.0968893123752024	1.125675274615081	32.100928834105126	0.0	16.103610975453467	0.0	15.99731785865167	1.0066444336319986	16.103610975453467	4.0607138567250005e-11
223.65776436901845	1	1	1	1	4	0	223.65776436901845	18.0	0	0.0004244643250201508	0.8661431043100565	1.1002645000095026	39.68271451810449	0.0	21.223216251007546	0.0	18.459498267096947	1.1497179362039742	21.223216251007546	5.572293854251482e-11
237.29359419897813	1	1	1	1	4	0	237.29359419897813	19.0	0	0.0005598266708685581	0.8968626309077365	0.9729039506542908	50.01417122954223	0.0	27.991333543427906	0.0	22.022837686114322	1.2710139330081336	27.991333543427906	7.118572777633343e-11
251.0589284553002	1	1	1	1	4	0	251.0589284553002	20.0	0	0.0007290040984853305	0.8767353418225667	1.4465601515502633	63.5566624581104	0.0	36.45020492426652	0.0	27.10645753384388	1.344705588281186	36.45020492426652	9.547822394420645e-11
264.95388112274634	1	1	1	1	4	0	264.95388112274634	21.0	0	0.0009391489709758324	0.8213043840575874	1.1151267517600707	80.45070596809286	0.0	46.95744854879164	0.0	33.49325741930123	1.4019970634964685	46.95744854879164	1.243476105238345e-10
278.9785277773454	1	1	1	1	4	0	278.9785277773454	22.0	0	0.001206271961046688	0.8254581332749771	1.2188166022465086	102.462918609898	0.0	60.31359805233439	0.0	42.1493205575636	1.4309506595714572	60.31359805233439	2.1412161319469963e-10
293.1329055639992	1	1	1	1	4	0	293.1329055639992	23.0	0	0.0015720978085050706	0.8670601479480401	1.1017911198064332	132.0778353999569	0.0	78.60489042525352	0.0	53.472944974703395	1.4699936661883752	78.60489042525352	3.034877830155857e-10
307.41701318547484	1	1	1	1	4	0	307.41701318547484	24.0	0	0.0020587492168072747	0.8822785144893991	1.1630103152156228	171.4546027859521	0.0	102.93746084036373	0.0	68.51714194558836	1.502360692775388	102.93746084036373	3.905586643084868e-10
321.83081090278995	1	1	1	1	4	0	321.83081090278995	25.0	0	0.002685464699424312	0.8720320583004234	1.1523611955601538	222.93582412629692	0.0	134.27323497121554	0.0	88.66258915508133	1.5144294369337201	134.27323497121554	5.337887392055062e-10
336.3742205469876	1	1	1	1	4	0	336.3742205469876	26.0	0	0.003302884013093689	0.8582793212813477	1.1246835438839746	295.92375368246934	0.0	165.14420065468443	0.0	110.18066880951666	1.4988491396815735	165.14420065468443	6.869533316234237e-10
351.0471255422998	1	1	1	1	4	0	351.0471255422998	27.0	0	0.003968227854760909	0.818785418382605	1.2004502825062568	385.71441223178033	0.0	198.41139273804544	0.0	132.64474920290905	1.4958103802098641	198.41139273804544	8.324167527698697e-10
365.84937094069124	1	1	1	1	4	0	365.84937094069124	28.0	0	0.0046389456689269965	0.9044505379071024	1.187645632731363	508.9442802138784	0.0	231.9472834463499	0.0	156.05467697425618	1.48632061495096	231.9472834463499	1.282649794259065e-09
380.78076346777357	1	1	1	1	4	0	380.78076346777357	29.0	0	0.005295496642698846	0.8956198492011894	1.196517980877925	656.2349522912227	0.0	264.7748321349423	0.0	180.4093272775552	1.4676338309692432	264.7748321349423	1.5025106538692116e-09
395.84107158007737	1	1	1	1	4	0	395.84107158007737	30.0	0	0.005989219130148485	0.9480692855300988	1.143895759948872	832.6647215969007	0.0	299.4609565074243	0.0	205.70657321121345	1.4557675616906354	299.4609565074243	1.7807338912727136e-09
411.03002553366304	1	1	1	1	4	0	411.03002553366304	31.0	0	0.0066894519548651036	0.8926582090994047	1.180289442679386	1027.4849736721	0.0	334.47259774325533	0.0	231.9432557882237	1.442044937269684	334.47259774325533	1.9931441048245194e-09
426.3473174640513	1	1	1	1	4	0	426.3473174640513	32.0	0	0.007363931219826928	0.8549186981468913	1.2075101455784616	1242.7232530893145	0.0	368.19656099134636	0.0	259.1151545006919	1.4209765604055522	368.19656099134636	2.2261634796771434e-09
441.79260147745117	1	1	1	1	4	0	441.79260147745117	33.0	0	0.008088750959990934	0.9484556544598493	1.1874767377452504	1493.5872289075353	0.0	404.43754799954684	11.86334260539778	287.2169585325322	1.4494300501333086	416.3008906049446	2.61190843502399e-09
457.365493753255	1	1	1	1	4	0	457.365493753255	34.0	0	0.008814140339239324	0.9121776117204872	1.1613210818694089	1762.7955672546975	0.0	440.7070169619663	33.638863238761594	316.2422386742769	1.4999447328391018	474.34588020072783	3.2864169173449474e-09
473.0655726577729	1	1	1	1	4	0	473.0655726577729	35.0	0	0.009503587039830091	0.9114943172366982	1.185736174950885	2054.0856339945685	0.0	475.1793519915045	63.26574790347243	346.1834199939915	1.5553751820474897	538.4450998949769	3.7629932512191756e-09
488.8923788691719	1	1	1	1	4	0	488.8923788691719	36.0	0	0.010222044432725268	0.8838234666278625	1.16206202245075	2365.287701235392	0.0	511.10222163626327	98.57176754760937	377.0317553182254	1.6170361795368955	609.6739891838728	3.916657036430191e-09
504.8454155135833	1	1	1	1	4	0	504.8454155135833	37.0	0	0.010933593598259331	0.9128306186499412	1.1493634623316862	2707.191728660706	7.015059303619688	546.6796799129664	137.2716074713363	408.7772995767802	1.6731635736436898	690.9663466879224	4.6614009145973025e-09
520.9241483123367	1	1	1	1	4	0	520.9241483123367	38.0	0	0.01160058077763723	0.909522781974014	1.1602309698364024	3072.5971594090165	20.920301141753512	580.0290388818613	176.96529644246598	441.40888506482077	1.7149503803331074	777.9146364660808	4.975072631591753e-09
537.1280057402779	1	1	1	1	4	0	537.1280057402779	39.0	0	0.012304204055131414	0.94433121754704	1.1618090187622558	3466.5118024938465	41.57746167947757	615.2102027565708	228.13453234226182	474.9140976755065	1.7757837453691736	884.92219677831	5.4949331597729e-09
553.4563791951257	1	1	1	1	4	0	553.4563791951257	40.0	0	0.012986515480069802	0.9181687658503211	1.125351248423612	3878.6802778722717	68.8346330571118	649.3257740034901	285.8563949510358	509.2792541558678	1.8362856160410328	1004.0168020116375	7.137441056006628e-09
569.9086231778117	1	1	1	1	4	0	569.9086231778117	41.0	0	0.013704088362774878	0.8989670529667205	1.1537343498887418	4305.669005921977	102.52601851334668	685.2044181387438	344.97084620866616	544.4893804380986	1.89200249143248	1132.7012828607565	7.610032083287422e-09
586.4840554837581	1	1	1	1	4	0	586.4840554837581	42.0	0	0.014440507758342434	0.8989787450289151	1.1501404912349782	4768.900463580813	142.47170017444452	722.0253879171216	400.0782610971759	580.5281910977801	1.932901220339355	1264.5753491887422	8.350447146380186e-09
603.1819574050269	1	1	1	1	4	0	603.1819574050269	43.0	0	0.015154220813787088	0.9111273041097668	1.160618306418978	5276.515159450514	188.47742008486333	757.7110406893543	445.5372001664082	617.3780699897989	1.9489649849008148	1391.7256609406259	9.114894845952608e-09
620.0015739432909	1	1	1	1	4	0	620.0015739432909	44.0	0	0.015801832767447285	0.9061258589057202	1.1647552957721667	5819.5398110740125	240.3343750448304	790.0916383723642	486.7965064426599	655.0200521118576	1.9493878709486752	1517.2225198598544	9.822400709990301e-09
636.9421140335545	1	1	1	1	4	0	636.9421140335545	45.0	0	0.016469440535753412	0.9117096807160029	1.1607055132341644	6379.459240499273	297.8190258094122	823.4720267876706	539.6599945120054	693.4338067445178	1.9657709330602275	1660.9510471090882	1.031376306628146e-08
654.0027507785644	1	1	1	1	4	0	654.0027507785644	46.0	0	0.017157437578286274	0.8988745008435327	1.1379836165047612	6959.338516868415	360.69292119149117	857.8718789143138	598.4568926302895	732.5976219156564	1.987897213939181	1817.0216927360943	1.2183261164942303e-08
671.1826216938364	1	1	1	1	4	0	671.1826216938364	47.0	0	0.017897795254797632	0.8844713106978068	1.15739171044773	7564.304785975813	428.702537597776	894.8897627398817	657.2664508030814	772.4883902360438	2.009293904169462	1980.8587511407388	1.3419348010012792e-08
688.4808289632283	1	1	1	1	4	0	688.4808289632283	48.0	0	0.0186449552364972	0.9054556889764128	1.1557118595705105	8202.359088386493	501.57913451254234	932.2477618248604	709.916576233926	813.0815961514935	2.0196796309638994	2143.7434725713283	1.3971986076790012e-08
705.8964397049822	1	1	1	1	4	0	705.8964397049822	49.0	0	0.019351449307101448	0.9036469809783184	1.1655518099735171	8884.005153716509	579.0386264282525	967.5724653550724	752.8416297505372	854.3513046556748	2.0137080446069904	2299.452721533862	1.525113697430951e-08
723.4284862481575	1	1	1	1	4	0	723.4284862481575	50.0	0	0.020108162714501963	0.8881524695650209	1.1527506204412117	9573.57258198454	660.7814717055172	1005.4081357250983	810.4757308638319	896.2701515062004	2.0260452314933173	2476.665338294448	1.5512937458690325e-08
741.0759664193733	1	1	1	1	4	0	741.0759664193733	51.0	0	0.020843201661047802	0.8802565632730315	1.1423821547624815	10285.319873477465	746.4925788270981	1042.1600830523905	876.5594057224796	938.8093349850636	2.0437797295713898	2665.212067601969	1.706427223272586e-08
758.8378438397727	1	1	1	1	4	0	758.8378438397727	52.0	0	0.02164840265874953	0.8759365294092819	1.1381048454116631	11033.71932740616	835.8412304917856	1082.4201329374766	944.5756310611807	981.9386092428238	2.064279523097356	2862.836994490443	1.9675261912910537e-08
776.7130482321257	1	1	1	1	4	0	776.7130482321257	53.0	0	0.02247364484293664	0.900806717755536	1.1275870568785682	11833.367585698124	928.4810259740648	1123.6822421468319	1007.7495086544756	1025.6262792642056	2.0781758364561584	3059.912776775372	2.0968972913620194e-08
794.7004757379742	1	1	1	1	4	0	794.7004757379742	54.0	0	0.02326685322716511	0.8904952561293876	1.1663320312208345	12667.733931247649	1024.0498421545199	1163.3426613582556	1059.048258242922	1069.8391974909302	2.0773130436922678	3246.440761755698	2.1688049579487315e-08
812.7989892447298	1	1	1	1	4	0	812.7989892447298	55.0	0	0.02412306292294817	0.9058241196522512	1.1432455268973978	13535.262058326687	1122.1698136039506	1206.1531461474085	1118.4605119973603	1114.5427621356694	2.0857106044907425	3446.7834717487194	2.2797184716204928e-08
831.0074187226242	1	1	1	1	4	0	831.0074187226242	56.0	0	0.024961887825347587	0.8672539037482743	1.1453011156945383	14415.365101415402	1222.4473320812006	1248.0943912673793	1185.9135452722826	1159.7009172189896	2.0988238436307456	3656.4552686208613	2.5352184879227717e-08
849.3245615714155	1	1	1	1	4	0	849.3245615714155	57.0	0	0.02578826767085556	0.8829225945396273	1.1362689889529918	15332.13076734474	1324.473065780785	1289.413383542778	1254.223101530684	1205.2761543590655	2.1104179949748536	3868.1095508542467	2.649640151905029e-08
867.7491829767432	1	1	1	1	4	0	867.7491829767432	58.0	0	0.026624887853837684	0.8836684732929395	1.1504308425887564	16302.066869133554	1427.8219986415347	1331.244392691884	1315.9445103417586	1251.2295163417446	2.1156701216362803	4075.010901675177	2.8691147548088808e-08
886.2800162760308	1	1	1	1	4	0	886.2800162760308	59.0	0	0.027414578639184343	0.8885346712959302	1.1621084008496914	17318.554192070358	1532.0534900017474	1370.7289319592173	1363.3739103596945	1297.5206024962872	2.1071748973070625	4266.156332320659	3.032789510033105e-08
904.9157633338257	1	1	1	1	4	0	904.9157633338257	60.0	0	0.028255837157368645	0.90088602952165	1.1534653052938446	18370.132780508182	1636.7113548597192	1412.7918578684325	1424.336668700407	1344.1075758997795	2.110789774151518	4473.839881428559	3.155831294067715e-08
923.6550949264639	1	1	1	1	4	0	923.6550949264639	61.0	0	0.02906064634402148	0.8692303620082013	1.1637265761093538	19424.04561021012	1741.3239649711154	1453.032317201074	1492.8539497298148	1390.9471724307846	2.117899461115213	4687.210231902004	3.345725647895602e-08
942.4966511359496	1	1	1	1	4	0	942.4966511359496	62.0	0	0.029904855594669245	0.8703507274496564	1.1579345602093003	20525.852174248736	1845.4043709864493	1495.2427797334622	1561.0727140306158	1437.99471169034	2.1254010664416336	4901.7198647505265	3.6848003899194564e-08
961.4390417529248	1	1	1	1	4	0	961.4390417529248	63.0	0	0.030748802781549737	0.8851571834096924	1.1274197898700362	21671.928236059008	1948.450445802989	1537.440139077487	1620.8811638310374	1485.2041098058542	2.126523406484096	5106.771748711513	3.8359260070501785e-08
980.4808466886225	1	1	1	1	4	0	980.4808466886225	64.0	0	0.03110061413902941	0.868905631097029	1.1304103477348522	22825.980856048187	2049.9450492757933	1555.0307069514706	1667.9043002172698	1532.5278941308536	2.1030188223729342	5272.880056444535	3.692902707202402e-08
999.6206163956656	1	1	1	1	4	0	999.6206163956656	65.0	0	0.031755436161300256	0.8739355221541532	1.1345927526299724	24034.934684203625	2149.356214402313	1587.7718080650131	1730.189074725012	1579.9172198508686	2.1000852709885733	5467.317097192338	3.7946993086648185e-08
1018.856872297602	1	1	1	1	4	0	1018.856872297602	66.0	0	0.03225796140377133	0.8724123112889447	1.1505908101174471	25258.948394702427	2246.137355064124	1612.8980701885666	1799.479492613658	1627.321888503033	2.0969284484591166	5658.514917866349	3.9734190664372864e-08
1038.1881072270378	1	1	1	1	4	0	1038.1881072270378	67.0	0	0.03270865274493486	0.8958821215225975	1.1489022030579277	26527.651053571488	2339.7274953779183	1635.4326372467435	1867.2633860767405	1674.6903684142112	2.0915484374823503	5842.423518701403	4.1275055860616085e-08
1057.612785872243	1	1	1	1	4	0	1057.612785872243	68.0	0	0.03307372103280126	0.8842596578022829	1.146039452880887	27791.660138686744	2429.5515206760087	1653.6860516400634	1924.775965904468	1721.9698170596466	2.078121220298124	6008.01353822054	4.113601071346837e-08
1077.1293452320983	1	1	1	1	4	0	1077.1293452320983	69.0	0	0.031397590116266284	0.8489624854812136	1.1526412584848742	28924.663555311225	2515.020450104203	1569.8795058133137	1972.8452744361555	1769.1061053413086	2.00255076253099	6057.745230353672	3.85076469200861e-08
1096.7361950792456	1	1	1	1	4	0	1096.7361950792456	70.0	0	0.031486353734564335	0.8941568219505335	1.146219926275112	30161.865274685162	2595.5317307921805	1574.3176867282173	2017.5897615573083	1816.0438437821851	1.9778748517463312	6187.439179077706	3.7493282606211866e-08
1116.4317184313063	1	1	1	1	4	0	1116.4317184313063	71.0	0	0.031486353734564335	0.87170912658088	1.1385627876244682	31400.05325841778	2670.4695535183937	1574.3176867282173	2054.4051406138838	1862.7264106299122	1.9480707454590656	6299.192380860495	3.794767566897573e-08
1136.2142720300294	1	1	1	1	4	0	1136.2142720300294	72.0	0	0.031486353734564335	0.891353043936122	1.1486292358417982	32658.275455763243	2739.205189758182	1574.3176867282173	2078.5667561620735	1909.0959818601493	1.9134105763142728	6392.089632648473	3.879833726454254e-08
1156.0821868282233	1	1	1	1	4	0	1156.0821868282233	73.0	0	0.031486353734564335	0.9016124162010956	1.1506759084345648	33916.04935971234	2801.0973499701704	1574.3176867282173	2085.2321755533185	1955.0935630671847	1.8718029312829256	6460.647212251706	3.865554143870715e-08
1176.03376848433	1	1	1	1	4	0	1176.03376848433	74.0	0	0.027828290798491803	0.8046653146927656	1.1426954859968292	34849.38351818041	2855.4925629422887	1391.4145399245901	2085.2321755533185	2000.6590232262565	1.7377507486865398	6332.139278420198	3.581222987160699e-08
1196.0672978644968	1	1	1	1	4	0	1196.0672978644968	75.0	0	0.027828290798491803	0.8891738291435964	1.13982697712236	35959.568160757015	2901.725575984889	1391.4145399245901	2085.2321755533185	2045.731130309122	1.699464149500705	6378.372291462798	3.3152481670022704e-08
1216.1810315519913	1	1	1	1	4	0	1216.1810315519913	76.0	0	0.027828290798491803	0.9028198291857116	1.1444360667273683	37065.635884569245	2939.119775724533	1391.4145399245901	2085.2321755533185	2090.2475887314067	1.6632702911466681	6415.766491202441	3.3100360879968607e-08
1236.373202363814	1	1	1	1	4	0	1236.373202363814	77.0	0	0.027828290798491803	0.9154664413729056	1.1582561507284914	38178.677275316804	2966.9876292181425	1391.4145399245901	2085.2321755533185	2134.1450786072783	1.6290582820858333	6443.634344696052	3.345379755492882e-08
1256.6420198743526	1	1	1	1	4	0	1256.6420198743526	78.0	0	0.027828290798491803	0.9010530077011502	1.1595282234929858	39280.11579794456	2984.631145073409	1391.4145399245901	2085.2321755533185	2177.3592967840195	1.5967262365071988	6461.277860551319	3.3302920281615696e-08
1276.985670945924	1	1	1	1	4	0	1276.985670945924	79.0	0	0.02385466798263824	0.7557007894608513	1.151876415266767	40007.131171405286	2991.342354227649	1192.7333991319122	2085.2321755533185	2219.8249996261184	1.4766774746826137	6269.30792891288	3.015511923887763e-08
1297.4023202660453	1	1	1	1	4	0	1297.4023202660453	80.0	0	0.02385466798263824	0.8813688122802097	1.1597780010493388	40923.20297755626	2991.342354227649	1192.7333991319122	2085.2321755533185	2261.4760475155163	1.449480563053693	6269.30792891288	2.7284412341353213e-08
1317.890110891278	1	1	1	1	4	0	1317.890110891278	81.0	0	0.02385466798263824	0.9008484124951912	1.1486702279378675	41836.5780865735	2991.342354227649	1192.7333991319122	2085.2321755533185	2302.2454510317584	1.4238123798729627	6269.30792891288	2.7292416890223694e-08
1338.447164797479	1	1	1	1	4	0	1338.447164797479	82.0	0	0.02385466798263824	0.9122727545119336	1.1435376899257021	42749.46863569408	2991.342354227649	1192.7333991319122	2085.2321755533185	2342.065418772883	1.3996046175357089	6269.30792891288	2.7420061177147372e-08
1359.0715834363004	1	1	1	1	4	0	1359.0715834363004	83.0	0	0.01987400582311552	0.7478366958160241	1.1443115907411294	43272.08409381362	2991.342354227649	993.7002911557761	2085.2321755533185	2380.8674067750053	1.2931977891535125	6070.274820936745	2.4162378664432635e-08
1379.7614482977701	1	1	1	1	4	0	1379.7614482977701	84.0	0	0.01987400582311552	0.9035356869259508	1.1413968696033705	43998.573568890475	2991.342354227649	993.7002911557761	2085.2321755533185	2418.5821694857605	1.2730319877301244	6070.274820936745	2.1942644526716267e-08
1400.5148214787878	1	1	1	1	4	0	1400.5148214787878	85.0	0	0.01987400582311552	0.9123066902699749	1.1424114877382092	44714.90663110279	2991.342354227649	993.7002911557761	2085.2321755533185	2455.139812243948	1.254076224642788	6070.274820936745	2.183620440020807e-08
1421.3297462573673	1	1	1	1	4	0	1421.3297462573673	86.0	0	0.01987400582311552	0.8952121226019358	1.1628190211388958	45428.94781598019	2991.342354227649	993.7002911557761	2085.2321755533185	2490.469845215031	1.2362857846380606	6070.274820936745	2.1978375495264373e-08
1442.2042476724564	1	1	1	1	4	0	1442.2042476724564	87.0	0	0.01987400582311552	0.8940793784459543	1.1590642409660006	46133.00593620438	2991.342354227649	993.7002911557761	2085.2321755533185	2524.501238729424	1.2196201053395856	6070.274820936745	2.19321942735876e-08
1463.1363331091584	1	1	1	1	4	0	1463.1363331091584	88.0	0	0.01591123531035129	0.7171973058944892	1.1491219094983471	46454.25724018648	2991.342354227649	795.5617655175643	2085.2321755533185	2557.1624799679234	1.1265588180798816	5872.136295298532	1.89438371185429e-08
1484.1239928891891	1	1	1	1	4	0	1484.1239928891891	89.0	0	0.01591123531035129	0.9012477060845948	1.1457807625022456	46982.36455529586	2991.342354227649	795.5617655175643	2085.2321755533185	2588.3816309360604	1.1129710961629231	5872.136295298532	1.71342762468582e-08
1505.1652008663875	1	1	1	1	4	0	1505.1652008663875	90.0	0	0.01591123531035129	0.9058461661519132	1.1632046444069126	47495.047851126124	2991.342354227649	795.5617655175643	2085.2321755533185	2618.0863876666795	1.1003433479665796	5872.136295298532	1.6877557435686446e-08
1526.2579150271054	1	1	1	1	4	0	1526.2579150271054	91.0	0	0.01591123531035129	0.909194303273803	1.156597549768559	47995.8200436239	2991.342354227649	795.5617655175643	2085.2321755533185	2646.2041405876457	1.088651437311689	5872.136295298532	1.6697040277125824e-08
1547.4000780953006	1	1	1	1	4	0	1547.4000780953006	92.0	0	0.01192914582044003	0.6669654699126801	1.1529818157606402	48120.87290497169	2991.342354227649	596.4572910220015	2085.2321755533185	2672.6620359892545	1.0033776925269655	5673.0318208029685	1.4281030927209953e-08
1568.5896181421526	1	1	1	1	4	0	1568.5896181421526	93.0	0	0.01192914582044003	0.8642879058634048	1.1526390415507095	48453.18113667816	2991.342354227649	596.4572910220015	2085.2321755533185	2697.387038523667	0.9941804525178788	5673.0318208029685	1.2783600979163518e-08
