11.247441493196291	1	1	1	1	4	0	11.247441493196291	1.0	0	0.0			15.0	0.0	0.0	0.0	0.0		0.0	0.0
11.367595075476835	1	1	1	1	4	0	11.367595075476835	1.0	0	0.0			15.0	0.0	0.0	0.0	0.0		0.0	0.0
22.856168219862568	1	1	1	1	4	0	22.856168219862568	2.0	0	0.0			14.552750241652504	0.0	0.0	0.0	0.7285827694774977	0.0	0.0	0.0
34.4665080713728	1	1	1	1	4	0	34.4665080713728	3.0	0	0.0			13.791431040067982	0.0	0.0	0.0	2.1993864847666735	0.0	0.0	0.0
46.1993671861199	1	1	1	1	4	0	46.1993671861199	4.0	0	0.0			12.713098668736418	0.0	0.0	0.0	4.42587529936556	0.0	0.0	0.0
58.05546181511435	1	1	1	1	4	0	58.05546181511435	5.0	0	0.0			11.314922877436091	0.0	0.0	0.0	7.421310407022852	0.0	0.0	0.0
70.03547169202406	1	1	1	1	4	0	70.03547169202406	6.0	0	2.500826149469408e-05			10.075555122184273	0.0	1.2504130747347042	0.0	8.825142047449571	0.14168758621806754	1.2504130747347042	0.0
82.14003983175478	1	1	1	1	4	0	82.14003983175478	7.0	0	3.066301757713006e-05	0.8551700129307146	1.4805879073268322	10.559125589330463	0.0	1.5331508788565031	0.0	9.02597471047396	0.16985986866076608	1.5331508788565031	1.972468152072684e-12
94.36977233991071	1	1	1	1	4	0	94.36977233991071	8.0	0	3.809253340462176e-05	0.8213894923614061	0.7935570540878277	11.147960770527686	0.0	1.9046266702310883	0.0	9.243334100296597	0.2060540763283644	1.9046266702310883	2.359428052779044e-12
106.72523823319248	1	1	1	1	4	0	106.72523823319248	9.0	0	5.1948353923648274e-05	1.6796904099645869	1.2389274696740014	12.210613606771664	0.0	2.5974176961824136	0.0	9.613195910589251	0.2701929431523675	2.5974176961824136	3.916400882840441e-12
119.20696927078512	1	1	1	1	4	0	119.20696927078512	10.0	0	6.735867455048525e-05	0.9288401397822816	1.1123300190774958	13.377546523042538	0.0	3.3679337275242633	0.0	10.009612795518276	0.3364699310878667	3.3679337275242633	4.3787955007031234e-12
131.81545979678634	1	1	1	1	4	0	131.81545979678634	11.0	0	8.938367936230839e-05	1.024674176129265	1.2432498675142107	15.044427911155376	0.0	4.469183968115419	0.0	10.575243943039958	0.42260812064357056	4.469183968115419	6.456741143279932e-12
144.55116659372186	1	1	1	1	4	0	144.55116659372186	12.0	0	0.00010640305012835656	0.5406741005564667	1.3021015261113793	16.343423193540676	0.0	5.320152506417827	0.0	11.023270687122851	0.4826292175363811	5.320152506417827	5.664370088161775e-12
157.41450874719058	1	1	1	1	4	0	157.41450874719058	13.0	0	0.0001410823033824456	1.0165801267483512	1.0822977233484443	19.03434836107359	0.0	7.05411516912228	0.0	11.98023319195131	0.5888128432976958	7.05411516912228	1.0201129271108596e-11
170.4058675216809	1	1	1	1	4	0	170.4058675216809	14.0	0	0.00018446725922302887	0.8765359147647599	0.9980626114858044	22.252329310341093	0.0	9.22336296115144	0.0	13.02896634918965	0.7079121024612285	9.22336296115144	1.2351091800007016e-11
183.52558624759342	1	1	1	1	4	0	183.52558624759342	15.0	0	0.0002392462553244417	0.8160725093224767	1.0563252173762936	26.233445094423228	0.0	11.962312766222082	0.0	14.271132328201144	0.8382174932666969	11.962312766222082	1.6933228007544025e-11
196.77397021950497	1	1	1	1	4	0	196.77397021950497	16.0	0	0.0003123362989536667	0.8181264055742814	1.1887872247118516	31.517582701127033	0.0	15.616814947683332	0.0	15.900767753443697	0.9821421952597938	15.616814947683332	3.832107160225104e-11
210.1512866057031	1	1	1	1	4	0	210.1512866057031	17.0	0	0.00040686949656022796	0.8150082764052614	1.2900865978036522	38.395953181434656	0.0	20.3434748280114	0.0	18.052478353423265	1.1269075874091103	20.3434748280114	4.15082550306333e-11
223.65776436901845	1	1	1	1	4	0	223.65776436901845	18.0	0	0.0005512992862154558	1.0302447453149772	1.2615227102742397	49.090485792960386	0.0	27.56496431077279	0.0	21.5255214821876	1.2805712666976656	27.56496431077279	7.420072453624358e-11
237.29359419897813	1	1	1	1	4	0	237.29359419897813	19.0	0	0.0007147942880799635	0.8132003858897315	1.1103855617879197	61.56915202552751	0.0	35.739714403998164	0.0	25.829437621529344	1.3836814772230428	35.739714403998164	9.075262458097692e-11
251.0589284553002	1	1	1	1	4	0	251.0589284553002	20.0	0	0.0009216545908345619	0.8329344736703549	1.2273125692446067	78.12812135764766	0.0	46.082729541728106	0.0	32.04539181591956	1.4380454389961632	46.082729541728106	1.1566244133714673e-10
264.95388112274634	1	1	1	1	4	0	264.95388112274634	21.0	0	0.0011723893679934012	0.7640241294505163	1.0968256244441226	98.28528334111999	0.0	58.61946839967007	0.0	39.66581494144992	1.4778334564964148	58.61946839967007	1.4969980295399005e-10
278.9785277773454	1	1	1	1	4	0	278.9785277773454	22.0	0	0.0015416543327764305	0.9806576437262056	1.1702251879209586	128.71448347779355	0.0	77.08271663882155	0.0	51.631766838972005	1.4929319943519537	77.08271663882155	2.9025409366680933e-10
293.1329055639992	1	1	1	1	4	0	293.1329055639992	23.0	0	0.0019752655555686388	0.7890176393964538	1.2238022401861008	163.816869958803	0.0	98.76327777843196	0.0	65.05359218037107	1.5181833080730671	98.76327777843196	3.5589233497739275e-10
307.41701318547484	1	1	1	1	4	0	307.41701318547484	24.0	0	0.00256349844450892	0.8409041106570417	1.1286475298956036	211.4129710723328	0.0	128.17492222544598	0.0	83.23804884688678	1.5398597636667204	128.17492222544598	4.711064724775876e-10
321.83081090278995	1	1	1	1	4	0	321.83081090278995	25.0	0	0.003203510726106187	0.8279511747496846	1.14845926985283	276.8828867837629	0.0	160.17553630530938	0.0	103.8109148282807	1.5429546745663931	160.17553630530938	6.368673543850153e-10
336.3742205469876	1	1	1	1	4	0	336.3742205469876	26.0	0	0.003820930039775564	0.8480981312990297	1.1685035077807189	366.4900755636042	0.0	191.04650198877826	0.0	125.32899448271601	1.5243599677577024	191.04650198877826	8.081554211048192e-10
351.0471255422998	1	1	1	1	4	0	351.0471255422998	27.0	0	0.004486273881442785	0.894225480910339	1.2042322310455478	483.0184275997548	0.0	224.31369407213924	0.0	147.7930748761084	1.5177551063212966	224.31369407213924	9.81685909076035e-10
365.84937094069124	1	1	1	1	4	0	365.84937094069124	28.0	0	0.005156991695608872	0.8972809341656318	1.1860225731899177	621.7582213348377	0.0	257.8495847804437	0.0	171.20300264745555	1.5061043369164058	257.8495847804437	1.496333448541256e-09
380.78076346777357	1	1	1	1	4	0	380.78076346777357	29.0	0	0.0058135426693807215	0.8671432583622151	1.1963620684843717	783.1544970238212	0.0	290.67713346903616	0.0	195.55765295075446	1.4864012176615489	290.67713346903616	1.5647258000967335e-09
395.84107158007737	1	1	1	1	4	0	395.84107158007737	30.0	0	0.006507265156830361	0.8309928433326096	1.1289877583940904	961.1193706335388	0.0	325.36325784151813	0.0	220.8548988844128	1.4731991886301834	325.36325784151813	1.8432556860237115e-09
411.03002553366304	1	1	1	1	4	0	411.03002553366304	31.0	0	0.007207497981546981	0.8839339412117153	1.135131320214836	1175.27057683152	0.0	360.374899077349	0.0	247.09158146142303	1.4584669252829736	360.374899077349	2.2285564746918447e-09
426.3473174640513	1	1	1	1	4	0	426.3473174640513	32.0	0	0.007881977246508805	0.8918270923708834	1.1590486626673049	1417.8176378060366	0.0	394.0988623254402	0.0	274.26348017389125	1.4369352495475145	394.0988623254402	2.4645106827044963e-09
441.79260147745117	1	1	1	1	4	0	441.79260147745117	33.0	0	0.008606796986672811	0.8666808445780866	1.1682712969970206	1673.1663170317795	0.0	430.33984933364053	11.86334260539778	302.36528420573154	1.4624800366901909	442.20319193903833	2.686399601014219e-09
457.365493753255	1	1	1	1	4	0	457.365493753255	34.0	0	0.0093321863659212	0.9092594834584004	1.1478781154159403	1954.775316514487	0.0	466.60931829605994	33.638863238761594	331.3905643474763	1.5095426223731925	500.24818153482164	3.2669558430243338e-09
473.0655726577729	1	1	1	1	4	0	473.0655726577729	35.0	0	0.010021633066511965	0.9210358943634188	1.1631818876937323	2268.884995437663	0.0	501.0816533255983	63.26574790347243	361.3317456671908	1.5618539140174803	564.3474012290708	3.924169250611759e-09
488.8923788691719	1	1	1	1	4	0	488.8923788691719	36.0	0	0.010740090459407143	0.8907244314537254	1.1359477857478693	2599.040976824871	0.0	537.0045229703571	98.57176754760937	392.1800809914247	1.6206235893246803	635.5762905179665	4.240035540653816e-09
504.8454155135833	1	1	1	1	4	0	504.8454155135833	37.0	0	0.011451639624941204	0.8550930138063004	1.1682328689901245	2943.876507682604	7.015059303619688	572.5819812470603	137.2716074713363	423.9256252499795	1.6744767158149776	716.8686480220163	4.654450292734015e-09
520.9241483123367	1	1	1	1	4	0	520.9241483123367	38.0	0	0.012118626804319105	0.9068419481863892	1.1778626005659631	3334.1723202997728	20.920301141753512	605.9313402159553	176.96529644246598	456.5572107380201	1.714783204043315	803.8169378001745	5.4016405552257885e-09
537.1280057402779	1	1	1	1	4	0	537.1280057402779	39.0	0	0.01282225008181329	0.9243447995247902	1.1595096428631206	3744.7864068908784	41.57746167947757	641.1125040906645	228.13453234226182	490.0624233487058	1.7737475778966432	910.8244981124037	5.812457053500156e-09
553.4563791951257	1	1	1	1	4	0	553.4563791951257	40.0	0	0.013504561506751677	0.8912974593534392	1.1609671510713162	4166.480205950893	68.8346330571118	675.2280753375837	285.8563949510358	524.4275798290671	1.832635252710921	1029.9191033457314	6.362631580904533e-09
569.9086231778117	1	1	1	1	4	0	569.9086231778117	41.0	0	0.01422213438945675	0.8967521434809527	1.1650823988758632	4620.990572558461	102.52601851334668	711.1067194728374	344.97084620866616	559.6377061112979	1.8870736445186493	1158.60358419485	8.117277042102237e-09
586.4840554837581	1	1	1	1	4	0	586.4840554837581	42.0	0	0.014958553785024309	0.8937458835093103	1.1418981971824482	5106.465407448985	142.47170017444452	747.9276892512154	400.0782610971759	595.6765167709793	1.9272304984783657	1290.4776505228358	8.785869034862354e-09
603.1819574050269	1	1	1	1	4	0	603.1819574050269	43.0	0	0.015672266840468966	0.8775866419423313	1.1460904650833343	5617.778602745002	188.47742008486333	783.6133420234481	445.5372001664082	632.5263956629983	1.943239919500105	1417.6279622747195	9.262211342113416e-09
620.0015739432909	1	1	1	1	4	0	620.0015739432909	44.0	0	0.016319878794129158	0.9291916224927688	1.1421162172115542	6177.762687037728	240.3343750448304	815.9939397064579	486.7965064426599	670.1683777850568	1.9439748119046016	1543.1248211939483	1.0114871106711578e-08
636.9421140335545	1	1	1	1	4	0	636.9421140335545	45.0	0	0.016987486562435292	0.8902790648959736	1.1421064878388545	6749.338499579677	297.8190258094122	849.3743281217645	539.6599945120054	708.5821324177169	1.9603010844971729	1686.853348443182	1.0644143927492905e-08
654.0027507785644	1	1	1	1	4	0	654.0027507785644	46.0	0	0.01767548360496815	0.915142575670081	1.1515938083088464	7352.402486412413	360.69292119149117	883.7741802484076	598.4568926302895	747.7459475888559	1.9822656045923417	1842.923994070188	1.2310690122049605e-08
671.1826216938364	1	1	1	1	4	0	671.1826216938364	47.0	0	0.01841584128147951	0.8873776605665367	1.136482817123834	7972.897834903081	428.702537597776	920.7920640739753	657.2664508030814	787.6367159092432	2.0035359995316573	2006.7610524748327	1.3485565345305878e-08
688.4808289632283	1	1	1	1	4	0	688.4808289632283	48.0	0	0.01916300126317908	0.928831868577339	1.1677298394674704	8564.50924662485	501.57913451254234	958.150063158954	709.916576233926	828.2299218246927	2.0140139778069392	2169.645773905422	1.3523313422924995e-08
705.8964397049822	1	1	1	1	4	0	705.8964397049822	49.0	0	0.019869495333783325	0.9138168598734574	1.1343200106373297	9133.187507550612	579.0386264282525	993.4747666891664	752.8416297505372	869.4996303288741	2.0084153408773595	2325.355022867956	1.3457817541054552e-08
723.4284862481575	1	1	1	1	4	0	723.4284862481575	50.0	0	0.02062620874118384	0.9161246545154664	1.1529182339452442	9752.906458277244	660.7814717055172	1031.3104370591918	810.4757308638319	911.4184771793996	2.020790903452898	2502.5676396285407	1.434038921005615e-08
741.0759664193733	1	1	1	1	4	0	741.0759664193733	51.0	0	0.021361247687729682	0.887245400415736	1.138232558538348	10291.177351403738	746.4925788270981	1068.0623843864842	876.5594057224796	953.9576606582632	2.038478090072791	2691.114368936061	1.4346493711210537e-08
758.8378438397727	1	1	1	1	4	0	758.8378438397727	52.0	0	0.022166448685431408	0.8935483482868346	1.1470891337218412	10799.976630948022	835.8412304917856	1108.3224342715705	944.5756310611807	997.0869349160232	2.058895762690593	2888.739295824537	1.496115746600837e-08
776.7130482321257	1	1	1	1	4	0	776.7130482321257	53.0	0	0.022991690869618518	0.931532363515728	1.1483918605554049	11339.178710703498	928.4810259740648	1149.584543480926	1007.7495086544756	1040.7746049374048	2.072815806516676	3085.8150781094664	1.5478514123722982e-08
794.7004757379742	1	1	1	1	4	0	794.7004757379742	54.0	0	0.023784899253846987	0.906009298725756	1.1364319587710638	11854.81692947382	1024.0498421545199	1189.2449626923492	1059.048258242922	1084.9875231641297	2.0721834794732144	3272.3430630897915	1.565627427240742e-08
812.7989892447298	1	1	1	1	4	0	812.7989892447298	55.0	0	0.024641108949630043	0.8989077231102608	1.1374873577292206	12373.28165956451	1122.1698136039506	1232.0554474815021	1118.4605119973603	1129.6910878088686	2.0806714196868517	3472.6857730828133	1.6018286544578314e-08
831.0074187226242	1	1	1	1	4	0	831.0074187226242	56.0	0	0.025479933852029464	0.8870823487685642	1.1577027515734135	12796.907881118997	1222.4473320812006	1273.9966926014733	1185.9135452722826	1174.8492428921886	2.093809271918211	3682.357569954956	1.637899533700917e-08
849.3245615714155	1	1	1	1	4	0	849.3245615714155	57.0	0	0.02630631369753744	0.8814591676830762	1.1553995907457606	13207.325297741916	1324.473065780785	1315.3156848768715	1254.223101530684	1220.424480032265	2.1054467756494226	3894.011852188341	1.572834231393794e-08
867.7491829767432	1	1	1	1	4	0	867.7491829767432	58.0	0	0.02714293388051956	0.8835281963282315	1.143327513538237	13612.455825404548	1427.8219986415347	1357.146694025978	1315.9445103417586	1266.3778420149436	2.1108164685782564	4100.9132030092715	1.6181088239178374e-08
886.2800162760308	1	1	1	1	4	0	886.2800162760308	59.0	0	0.027932624665866226	0.9024176835269004	1.154611204771259	14022.768175785039	1532.0534900017474	1396.6312332933112	1363.3739103596945	1312.6689281694864	2.1025904433510334	4292.058633654753	1.6306629982586352e-08
904.9157633338257	1	1	1	1	4	0	904.9157633338257	60.0	0	0.028773883184050518	0.8706778514766759	1.144563966787124	14379.016593487544	1636.7113548597192	1438.6941592025262	1424.336668700407	1359.255901572979	2.106322160963019	4499.742182762653	1.5399595617534858e-08
923.6550949264639	1	1	1	1	4	0	923.6550949264639	61.0	0	0.029578692370703357	0.8826141023398874	1.1716986790195092	14675.325710362175	1741.3239649711154	1478.9346185351676	1492.8539497298148	1406.0954981039838	2.113504077263757	4713.112533236097	1.520540302643744e-08
942.4966511359496	1	1	1	1	4	0	942.4966511359496	62.0	0	0.03042290162135112	0.8894121929226724	1.1369086944487916	14974.348152281422	1845.4043709864493	1521.1450810675562	1561.0727140306158	1453.1430373635392	2.121069788621972	4927.622166084621	1.5798475900419183e-08
961.4390417529248	1	1	1	1	4	0	961.4390417529248	63.0	0	0.03126684880823162	0.8943741851785626	1.1375915696347243	15263.05607408614	1948.450445802989	1563.3424404115808	1620.8811638310374	1500.3524354790536	2.1223170829365268	5132.674050045607	1.5786358894121717e-08
980.4808466886225	1	1	1	1	4	0	980.4808466886225	64.0	0	0.031503462496845734	0.8705856069825749	1.1289157205281322	15584.060873176932	2049.9450492757933	1575.173124842287	1667.9043002172698	1547.6762198040528	2.095449541422917	5293.02247433535	1.6267589601633462e-08
999.6206163956656	1	1	1	1	4	0	999.6206163956656	65.0	0	0.03215828451911658	0.9031570196297428	1.1567849891384756	15904.78093453056	2149.356214402313	1607.9142259558291	1730.189074725012	1595.0655455240676	2.092768732951402	5487.459515083155	1.559115208931692e-08
1018.856872297602	1	1	1	1	4	0	1018.856872297602	66.0	0	0.03266080976158766	0.8828791229153742	1.1461400940973143	16202.188169111267	2246.137355064124	1633.0404880793826	1799.479492613658	1642.4702141762325	2.089852194010467	5678.657335757165	1.556856109709819e-08
1038.1881072270378	1	1	1	1	4	0	1038.1881072270378	67.0	0	0.033111501102751184	0.8947442258602859	1.132768776314495	16473.915513138432	2339.7274953779183	1655.5750551375595	1867.2633860767405	1689.8386940874102	2.084718768448365	5862.565936592218	1.4845817842769783e-08
1057.612785872243	1	1	1	1	4	0	1057.612785872243	68.0	0	0.033476569390617585	0.8988620350303408	1.1320268405877587	16742.329623962192	2429.5515206760087	1673.8284695308796	1924.775965904468	1737.118142732846	2.071594525962407	6028.155956111355	1.478696526091717e-08
1077.1293452320983	1	1	1	1	4	0	1077.1293452320983	69.0	0	0.031517222788849886	0.8136044082416277	1.158384594477632	16922.126479283852	2515.020450104203	1575.8611394424945	1972.8452744361555	1784.254431014508	1.9889015558509184	6063.726863982853	1.4622486957319585e-08
1096.7361950792456	1	1	1	1	4	0	1096.7361950792456	70.0	0	0.031605986407147964	0.9032894467637804	1.1413710310293923	17227.509796014987	2595.5317307921805	1580.2993203573978	2017.5897615573083	1831.192169455384	1.964779634780088	6193.420812706887	1.4490759256991204e-08
1116.4317184313063	1	1	1	1	4	0	1116.4317184313063	71.0	0	0.031605986407147964	0.8921051015732949	1.1256687835299737	17534.18598515242	2670.4695535183937	1580.2993203573978	2054.4051406138838	1877.874736303111	1.935541487781429	6305.174014489677	1.4369393994634515e-08
1136.2142720300294	1	1	1	1	4	0	1136.2142720300294	72.0	0	0.031605986407147964	0.9077192001637072	1.1406827701078408	17842.662062756408	2739.205189758182	1580.2993203573978	2078.5667561620735	1924.2443075333483	1.901456100036331	6398.071266277652	1.44162709863048e-08
1156.0821868282233	1	1	1	1	4	0	1156.0821868282233	73.0	0	0.031605986407147964	0.8919766134055291	1.1534359195168795	18164.79254561841	2801.0973499701704	1580.2993203573978	2085.2321755533185	1970.241888740384	1.8604474490460488	6466.628845880888	1.4610345228229258e-08
1176.03376848433	1	1	1	1	4	0	1176.03376848433	74.0	0	0.027828290798491803	0.780234064758604	1.1376297576260803	18281.32234772329	2855.4925629422887	1391.4145399245901	2085.2321755533185	2015.8073488994555	1.724691954008407	6332.139278420198	1.4086245059622535e-08
1196.0672978644968	1	1	1	1	4	0	1196.0672978644968	75.0	0	0.027828290798491803	0.9115855616507204	1.147890871811154	18591.823043278786	2901.725575984889	1391.4145399245901	2085.2321755533185	2060.8794559823214	1.6869723774410468	6378.372291462798	1.3018104953707848e-08
1216.1810315519913	1	1	1	1	4	0	1216.1810315519913	76.0	0	0.027828290798491803	0.8766646022458409	1.145611871274803	18914.16468194445	2939.119775724533	1391.4145399245901	2085.2321755533185	2105.395914404606	1.6513030597673046	6415.766491202441	1.3310989663549204e-08
1236.373202363814	1	1	1	1	4	0	1236.373202363814	77.0	0	0.027828290798491803	0.8973358429186704	1.1355755090803203	19248.25330391493	2966.9876292181425	1391.4145399245901	2085.2321755533185	2149.2934042804773	1.6175765991529627	6443.634344696052	1.3528505631271114e-08
1256.6420198743526	1	1	1	1	4	0	1256.6420198743526	78.0	0	0.027828290798491803	0.8800378145760391	1.1504780827118606	19597.34957613053	2984.631145073409	1391.4145399245901	2085.2321755533185	2192.5076224572185	1.5856942433712091	6461.277860551319	1.3829659326609984e-08
1276.985670945924	1	1	1	1	4	0	1276.985670945924	79.0	0	0.02385466798263824	0.765327138040632	1.137529772107614	19715.19064183098	2991.342354227649	1192.7333991319122	2085.2321755533185	2234.9733252993174	1.4666687685170612	6269.30792891288	1.3105618103095425e-08
1297.4023202660453	1	1	1	1	4	0	1297.4023202660453	80.0	0	0.02385466798263824	0.9017032757526752	1.1497763737791382	20052.72359423965	2991.342354227649	1192.7333991319122	2085.2321755533185	2276.624373188715	1.4398359313416311	6269.30792891288	1.2275714512375555e-08
1317.890110891278	1	1	1	1	4	0	1317.890110891278	81.0	0	0.02385466798263824	0.8951859712066376	1.1522298272518878	20393.56152034853	2991.342354227649	1192.7333991319122	2085.2321755533185	2317.393776704957	1.4145052116891783	6269.30792891288	1.2490399458488776e-08
1338.447164797479	1	1	1	1	4	0	1338.447164797479	82.0	0	0.02385466798263824	0.9128937904480602	1.1603101577921675	20737.61250658604	2991.342354227649	1192.7333991319122	2085.2321755533185	2357.213744446082	1.390610241607731	6269.30792891288	1.2555514485068059e-08
1359.0715834363004	1	1	1	1	4	0	1359.0715834363004	83.0	0	0.01987400582311552	0.7580133811754001	1.1306985496832505	20853.43508361656	2991.342354227649	993.7002911557761	2085.2321755533185	2396.0157324482047	1.2850218072496118	6070.274820936745	1.2117543237641108e-08
1379.7614482977701	1	1	1	1	4	0	1379.7614482977701	84.0	0	0.01987400582311552	0.8856112036786304	1.1455262144235083	21760.61342562691	2991.342354227649	993.7002911557761	2085.2321755533185	2433.7304951589595	1.2651082249384369	6070.274820936745	2.1476603078608082e-08
1400.5148214787878	1	1	1	1	4	0	1400.5148214787878	85.0	0	0.01987400582311552	0.9166500390906458	1.1324611536401314	22666.03083463861	2991.342354227649	993.7002911557761	2085.2321755533185	2470.2881379171467	1.2463859658513896	6070.274820936745	2.1500288789612944e-08
1421.3297462573673	1	1	1	1	4	0	1421.3297462573673	86.0	0	0.01987400582311552	0.9111984032819169	1.1481001938643616	23562.593393515654	2991.342354227649	993.7002911557761	2085.2321755533185	2505.61817088823	1.2288115174458631	6070.274820936745	2.151619291830308e-08
1442.2042476724564	1	1	1	1	4	0	1442.2042476724564	87.0	0	0.01987400582311552	0.9057379256912048	1.142710524830992	24455.32862282076	2991.342354227649	993.7002911557761	2085.2321755533185	2539.649564402623	1.212345399879342	6070.274820936745	2.163951543384469e-08
1463.1363331091584	1	1	1	1	4	0	1463.1363331091584	88.0	0	0.01591123531035129	0.7364625183021695	1.155884095295583	24980.021590603843	2991.342354227649	795.5617655175643	2085.2321755533185	2572.3108056411224	1.1199245187452664	5872.136295298532	1.9129924369448927e-08
1484.1239928891891	1	1	1	1	4	0	1484.1239928891891	89.0	0	0.01591123531035129	0.9091341278499676	1.1605730004863988	25691.795791622808	2991.342354227649	795.5617655175643	2085.2321755533185	2603.5299566092594	1.106495407804995	5872.136295298532	1.688441709716877e-08
1505.1652008663875	1	1	1	1	4	0	1505.1652008663875	90.0	0	0.01591123531035129	0.9043802950516462	1.1632713683963627	26378.14389910043	2991.342354227649	795.5617655175643	2085.2321755533185	2633.2347133398785	1.0940133541749535	5872.136295298532	1.6461476211052864e-08
1526.2579150271054	1	1	1	1	4	0	1526.2579150271054	91.0	0	0.01591123531035129	0.9333847919493948	1.1549491549270017	27080.014949430675	2991.342354227649	795.5617655175643	2085.2321755533185	2661.352466260845	1.0824548711950015	5872.136295298532	1.6908236855294117e-08
1547.4000780953006	1	1	1	1	4	0	1547.4000780953006	92.0	0	0.01192914582044003	0.6893168255936982	1.1568344488972755	27401.692510535897	2991.342354227649	596.4572910220015	2085.2321755533185	2687.810361662453	0.9977227206299824	5673.0318208029685	1.4419543487706416e-08
1568.5896181421526	1	1	1	1	4	0	1568.5896181421526	93.0	0	0.01192914582044003	0.9263715483730028	1.169398920401733	27922.55293239256	2991.342354227649	596.4572910220015	2085.2321755533185	2712.5353641968663	0.9886283887654757	5673.0318208029685	1.269761760832295e-08
