11.247441493196291	1	1	1	1	4	0	11.247441493196291	1.0	0	0.0			15.0	0.0	0.0	0.0	0.0		0.0	0.0
11.367595075476835	1	1	1	1	4	0	11.367595075476835	1.0	0	0.0			15.0	0.0	0.0	0.0	0.0		0.0	0.0
22.856168219862568	1	1	1	1	4	0	22.856168219862568	2.0	0	0.0			14.552750241652504	0.0	0.0	0.0	0.7285827694774977	0.0	0.0	0.0
34.4665080713728	1	1	1	1	4	0	34.4665080713728	3.0	0	0.0			13.791431040067982	0.0	0.0	0.0	2.1993864847666735	0.0	0.0	0.0
46.1993671861199	1	1	1	1	4	0	46.1993671861199	4.0	0	0.0			12.713098668736418	0.0	0.0	0.0	4.42587529936556	0.0	0.0	0.0
58.05546181511435	1	1	1	1	4	0	58.05546181511435	5.0	0	0.0			11.314922877436091	0.0	0.0	0.0	7.421310407022852	0.0	0.0	0.0
70.03547169202406	1	1	1	1	4	0	70.03547169202406	6.0	0	2.500826149469408e-05			10.075555122184273	0.0	1.2504130747347042	0.0	8.825142047449571	0.14168758621806754	1.2504130747347042	0.0
82.14003983175478	1	1	1	1	4	0	82.14003983175478	7.0	0	2.759578051225369e-05	0.4028604837492107	1.57298292397588	10.296828641648254	0.0	1.379789025612685	0.0	8.917039616035568	0.154736222448917	1.379789025612685	1.1434798554226912e-12
94.36977233991071	1	1	1	1	4	0	94.36977233991071	8.0	0	3.240058789975172e-05	0.5874280633455959	1.272345859589168	10.677639409715537	0.0	1.6200293949875864	0.0	9.057610014727947	0.17885837349514602	1.6200293949875864	1.6700536660843085e-12
106.72523823319248	1	1	1	1	4	0	106.72523823319248	9.0	0	4.289850859059637e-05	1.1665859720945362	1.2348166272398544	11.482762800385311	0.0	2.1449254295298195	0.0	9.337837370855489	0.2297025900477116	2.1449254295298195	3.045555420450948e-12
119.20696927078512	1	1	1	1	4	0	119.20696927078512	10.0	0	5.733390646618125e-05	1.1836275269829897	1.0931152706439553	12.575870552546606	0.0	2.8666953233090635	0.0	9.70917522923754	0.2952563174137073	2.8666953233090635	4.046827479772877e-12
131.81545979678634	1	1	1	1	4	0	131.81545979678634	11.0	0	7.674332715077147e-05	1.1373328362691546	2.1184459021963344	14.044801087164624	0.0	3.837166357538575	0.0	10.207634729626047	0.3759114093690878	3.837166357538575	5.674455619824339e-12
144.55116659372186	1	1	1	1	4	0	144.55116659372186	12.0	0	0.0001032503092764166	1.1961470398067742	1.9101312855625658	16.067933740233887	0.0	5.162515463820832	0.0	10.905418276413057	0.4733899546968001	5.162515463820832	7.685514260253692e-12
157.41450874719058	1	1	1	1	4	0	157.41450874719058	13.0	0	0.00013947927561686548	1.2862666703052854	1.2304061858525293	18.879108381306114	0.0	6.973963780843276	0.0	11.90514460046284	0.5857941263957557	6.973963780843276	1.0516963403843774e-11
170.4058675216809	1	1	1	1	4	0	170.4058675216809	14.0	0	0.0001864652236344708	0.9844468579237532	1.1462174569917576	22.364184778744587	0.0	9.323261181723543	0.0	13.040923597021045	0.7149233804155762	9.323261181723543	1.3139755664593966e-11
183.52558624759342	1	1	1	1	4	0	183.52558624759342	15.0	0	0.00024196626197570077	0.8189795102118018	1.2470962956124612	26.397775671212944	0.0	12.098313098785043	0.0	14.299462572427904	0.8460676782435798	12.098313098785043	1.71862179077543e-11
196.77397021950497	1	1	1	1	4	0	196.77397021950497	16.0	0	0.00031727498037778046	0.8402335937291119	1.0943487507394292	31.842315190710224	0.0	15.863749018889024	0.0	15.978566171821198	0.9928143018780584	15.863749018889024	3.4213906773708856e-11
210.1512866057031	1	1	1	1	4	0	210.1512866057031	17.0	0	0.00041610686926236366	0.8528324477572378	1.208466916924125	39.033464588258774	0.0	20.805343463118184	0.0	18.22812112514059	1.1413871632893111	20.805343463118184	5.4177143149931927e-11
223.65776436901845	1	1	1	1	4	0	223.65776436901845	18.0	0	0.0005321671198069701	0.7348856427460733	1.1269198329546537	47.627329727258605	0.0	26.60835599034851	0.0	21.01897373691009	1.2659207972472633	26.60835599034851	6.378118839986836e-11
237.29359419897813	1	1	1	1	4	0	237.29359419897813	19.0	0	0.0006909765895014497	0.8214942071360426	1.38852112687289	59.74837529005021	0.0	34.54882947507249	0.0	25.199545814977714	1.371010006638211	34.54882947507249	8.500792740911354e-11
251.0589284553002	1	1	1	1	4	0	251.0589284553002	20.0	0	0.0009009587249117821	0.8832084313454355	1.194446902108327	76.5572443396025	0.0	45.04793624558911	0.0	31.50930809401341	1.4296707535176871	45.04793624558911	1.1761995113158278e-10
264.95388112274634	1	1	1	1	4	0	264.95388112274634	21.0	0	0.0011812789589848698	0.9227668425731872	1.1730758514916702	99.09285120468678	0.0	59.063947949243506	0.0	40.028903255443275	1.4755325064073992	59.063947949243506	1.6239104241152751e-10
278.9785277773454	1	1	1	1	4	0	278.9785277773454	22.0	0	0.001526233183351407	0.8531150313508299	1.083821249772764	127.51872999718996	0.0	76.31165916757034	0.0	51.20707082961961	1.4902562855329258	76.31165916757034	2.820827162011589e-10
293.1329055639992	1	1	1	1	4	0	293.1329055639992	23.0	0	0.0019817289176998517	0.8618603812802209	1.1534842438633777	164.39274632128416	0.0	99.0864458849926	0.0	65.30630043629156	1.5172570674349355	99.0864458849926	3.232767851762513e-10
307.41701318547484	1	1	1	1	4	0	307.41701318547484	24.0	0	0.002544606628547145	0.7917065230066997	1.2133366051369978	209.93726609185387	0.0	127.23033142735727	0.0	82.7069346644966	1.5383272508341812	127.23033142735727	4.4941350714004094e-10
321.83081090278995	1	1	1	1	4	0	321.83081090278995	25.0	0	0.0031846189101444127	0.9235840728846612	1.1900139498956537	280.586509894242	0.0	159.2309455072207	0.0	103.27980064589049	1.5417433468250648	159.2309455072207	6.490598023226853e-10
336.3742205469876	1	1	1	1	4	0	336.3742205469876	26.0	0	0.003802038223813789	0.8174328251527024	1.1613173589623496	365.51600859358877	0.0	190.10191119068955	0.0	124.7978803003258	1.52327836605245	190.10191119068955	7.440945108246742e-10
351.0471255422998	1	1	1	1	4	0	351.0471255422998	27.0	0	0.00446738206548101	0.8624445475437241	1.1360768079666503	477.3874261281482	0.0	223.36910327405053	0.0	147.26196069371818	1.5168146765248036	223.36910327405053	9.381853408044482e-10
365.84937094069124	1	1	1	1	4	0	365.84937094069124	28.0	0	0.0051380998796470975	0.8877278741712816	1.139491312860487	616.6974969097374	0.0	256.9049939823549	0.0	170.6718884650654	1.5052566435681092	256.9049939823549	1.5537832661084195e-09
380.78076346777357	1	1	1	1	4	0	380.78076346777357	29.0	0	0.005794650853418947	0.8676900366200934	1.1018384818858666	777.9259836775038	0.0	289.7325426709474	0.0	195.02653876836436	1.4856057257677462	289.7325426709474	1.6374903160261653e-09
395.84107158007737	1	1	1	1	4	0	395.84107158007737	30.0	0	0.006488373340868586	0.8970867938288668	1.2121285218513167	967.7893229346524	0.0	324.41866704342937	0.0	220.32378470202255	1.4724632090093688	324.41866704342937	1.922749205024936e-09
411.03002553366304	1	1	1	1	4	0	411.03002553366304	31.0	0	0.0071886061655852046	0.9039690703104579	1.2066802820860796	1182.8518836025673	0.0	359.4303082792603	0.0	246.56046727903285	1.4577775271349258	359.4303082792603	2.186896470577284e-09
426.3473174640513	1	1	1	1	4	0	426.3473174640513	32.0	0	0.00786308543054703	0.9523779482361596	1.1732762055642427	1432.3688692907147	0.0	393.1542715273515	0.0	273.73236599150107	1.4362725069185216	393.1542715273515	2.498950671268388e-09
441.79260147745117	1	1	1	1	4	0	441.79260147745117	33.0	0	0.008587905170711034	0.9073267633782528	1.1525410311101438	1697.1102356720835	0.0	429.39525853555176	11.86334260539778	301.83417002334136	1.4619239468706484	441.2586011409496	2.765557652644164e-09
457.365493753255	1	1	1	1	4	0	457.365493753255	34.0	0	0.009313294549959423	0.8799200405712281	1.187828594934321	1977.0369513708533	0.0	465.66472749797134	33.638863238761594	330.8594501650861	1.5091108641074016	499.3035907367329	3.908952802176814e-09
473.0655726577729	1	1	1	1	4	0	473.0655726577729	35.0	0	0.01000274125055019	0.8816004613437799	1.1756017036951376	2282.796883973081	0.0	500.1370625275096	63.26574790347243	360.80063148480065	1.5615349898707602	563.402810430982	3.8550493283918905e-09
488.8923788691719	1	1	1	1	4	0	488.8923788691719	36.0	0	0.01072119864344537	0.906364542941168	1.148417634329474	2618.538274913822	0.0	536.0599321722684	98.57176754760937	391.6489668090345	1.6204094827328377	634.6316997198778	4.4105646658430986e-09
504.8454155135833	1	1	1	1	4	0	504.8454155135833	37.0	0	0.01143274780897943	0.9019357864165024	1.1747529078065257	2978.8594072125024	7.015059303619688	571.6373904489716	137.2716074713363	423.39451106758935	1.6743462170371404	715.9240572239274	4.9419375801554065e-09
520.9241483123367	1	1	1	1	4	0	520.9241483123367	38.0	0	0.01209973498835733	0.8900827232751147	1.1470920100255193	3359.335705919508	20.920301141753512	604.9867494178665	176.96529644246598	456.02609655562986	1.714708986539202	802.8723470020859	5.252842054982733e-09
537.1280057402779	1	1	1	1	4	0	537.1280057402779	39.0	0	0.012803358265851515	0.9070377000747352	1.177250853447378	3764.330594828951	41.57746167947757	640.1679132925758	228.13453234226182	489.5313091663156	1.773742413153469	909.8799073143152	5.7713132783849465e-09
553.4563791951257	1	1	1	1	4	0	553.4563791951257	40.0	0	0.013485669690789905	0.8763858955795798	1.1632890108180194	4185.52861209705	68.8346330571118	674.283484539495	285.8563949510358	523.896465646677	1.8326901257204935	1028.9745125476425	6.77237441459809e-09
569.9086231778117	1	1	1	1	4	0	569.9086231778117	41.0	0	0.014203242573494975	0.8987755716631987	1.1768144168347547	4637.748594781396	102.52601851334668	710.1621286747487	344.97084620866616	559.1065919289077	1.8871767747241637	1157.6589933967614	7.678055833306967e-09
586.4840554837581	1	1	1	1	4	0	586.4840554837581	42.0	0	0.014939661969062537	0.9090359553118502	1.1498060130746106	5125.507019271167	142.47170017444452	746.9830984531267	400.0782610971759	595.1454025885893	1.9273632200822708	1289.533059724747	8.686540463904198e-09
603.1819574050269	1	1	1	1	4	0	603.1819574050269	43.0	0	0.015653375024507192	0.904638049262575	1.1368091912006502	5647.819644123128	188.47742008486333	782.6687512253592	445.5372001664082	631.995281480608	1.943378356424412	1416.6833714766308	9.276801009519896e-09
620.0015739432909	1	1	1	1	4	0	620.0015739432909	44.0	0	0.016300986978167384	0.8996753096069217	1.1345054372409291	6201.3540811583325	240.3343750448304	815.0493489083693	486.7965064426599	669.6372636026666	1.944106049814288	1542.1802303958593	9.976431913837851e-09
636.9421140335545	1	1	1	1	4	0	636.9421140335545	45.0	0	0.016968594746473508	0.9040316138034176	1.140215143101967	6770.037783825634	297.8190258094122	848.4297373236757	539.6599945120054	708.0510182353269	1.9604374488369671	1685.9087576450934	1.0228721588828283e-08
654.0027507785644	1	1	1	1	4	0	654.0027507785644	46.0	0	0.017656591789006373	0.9154529031209236	1.1381520376787475	7374.1523626706985	360.69292119149117	882.8295894503187	598.4568926302895	747.2148334064658	1.9824104338608957	1841.9794032720997	1.2485093803102266e-08
671.1826216938364	1	1	1	1	4	0	671.1826216938364	47.0	0	0.01839694946551773	0.8641758428031494	1.170321533985126	7984.7526404790015	428.702537597776	919.8474732758867	657.2664508030814	787.1056017268529	2.003687841401324	2005.816461676744	1.3258780563843905e-08
688.4808289632283	1	1	1	1	4	0	688.4808289632283	48.0	0	0.019144109447217304	0.90612086916923	1.148344156767495	8644.673143591139	501.57913451254234	957.2054723608653	709.916576233926	827.6988076423027	2.0141650962909843	2168.701183107333	1.439370307296285e-08
705.8964397049822	1	1	1	1	4	0	705.8964397049822	49.0	0	0.01985060351782155	0.9147211774961709	1.1624998914403717	9342.941198575412	579.0386264282525	992.5301758910775	752.8416297505372	868.9685161464838	2.008555860437404	2324.4104320698675	1.5755650249926954e-08
723.4284862481575	1	1	1	1	4	0	723.4284862481575	50.0	0	0.020607316925222063	0.9238754742168152	1.1517710588795094	10070.56932509855	660.7814717055172	1030.3658462611031	810.4757308638319	910.8873629970096	2.020932172193258	2501.6230488304527	1.6622478269707644e-08
741.0759664193733	1	1	1	1	4	0	741.0759664193733	51.0	0	0.021342355871767908	0.9004167305540661	1.1469304218059415	10819.63688074904	746.4925788270981	1067.1177935883954	876.5594057224796	953.4265464758728	2.0386229085976693	2690.169778137973	1.936046298237656e-08
758.8378438397727	1	1	1	1	4	0	758.8378438397727	52.0	0	0.022147556869469637	0.8985472877272164	1.1428072235626647	11599.637398015728	835.8412304917856	1107.3778434734818	944.5756310611807	996.5558207336328	2.0590451953048445	2887.7947050264484	1.981700912003681e-08
776.7130482321257	1	1	1	1	4	0	776.7130482321257	53.0	0	0.02297279905365674	0.8700556188962171	1.1339882323301265	12394.084211092795	928.4810259740648	1148.6399526828372	1007.7495086544756	1040.2434907550146	2.072966070445866	3084.870487311377	2.0415325387984195e-08
794.7004757379742	1	1	1	1	4	0	794.7004757379742	54.0	0	0.023766007437885213	0.8892163165496698	1.145854791394497	13247.774411275324	1024.0498421545199	1188.3003718942605	1059.048258242922	1084.4564089817397	2.072327307510084	3271.398472291703	2.199152893220612e-08
812.7989892447298	1	1	1	1	4	0	812.7989892447298	55.0	0	0.024622217133668262	0.8934559030252638	1.1518088745638273	14135.218948863216	1122.1698136039506	1231.1108566834134	1118.4605119973603	1129.1599736264784	2.0808135459626227	3471.741182284725	2.3130681610606618e-08
831.0074187226242	1	1	1	1	4	0	831.0074187226242	56.0	0	0.025461042036067687	0.8826966898619081	1.1403497433601468	15042.958854882148	1222.4473320812006	1273.0521018033846	1185.9135452722826	1174.3181287097987	2.0939518746741026	3681.4129791568685	2.580081657239595e-08
849.3245615714155	1	1	1	1	4	0	849.3245615714155	57.0	0	0.026287421881575655	0.8606877589239821	1.1558743720013724	15977.558447939893	1324.473065780785	1314.371094078783	1254.223101530684	1219.8933658498747	2.105589117471739	3893.0672613902534	2.7620536380423623e-08
867.7491829767432	1	1	1	1	4	0	867.7491829767432	58.0	0	0.027124042064557784	0.8726096771286382	1.1413003383434426	16961.68931685025	1427.8219986415347	1356.2021032278892	1315.9445103417586	1265.8467278325536	2.110955896015177	4099.9686122111825	2.9442418027152942e-08
886.2800162760308	1	1	1	1	4	0	886.2800162760308	59.0	0	0.02791373284990445	0.8834480729614264	1.1451852340666484	17985.009008580433	1532.0534900017474	1395.6866424952225	1363.3739103596945	1312.1378139870965	2.102721622259451	4291.114042856665	3.088374844932302e-08
904.9157633338257	1	1	1	1	4	0	904.9157633338257	60.0	0	0.02875499136808875	0.8860558759136126	1.1440428790853678	19035.69336968741	1636.7113548597192	1437.7495684044375	1424.336668700407	1358.7247873905885	2.106450300801121	4498.797591964564	3.191991225265393e-08
923.6550949264639	1	1	1	1	4	0	923.6550949264639	61.0	0	0.029559800554741576	0.8921123083055378	1.1585828268933582	20129.011349659122	1741.3239649711154	1477.990027737079	1492.8539497298148	1405.5643839215936	2.1136306607158706	4712.167942438009	3.531141197990498e-08
942.4966511359496	1	1	1	1	4	0	942.4966511359496	62.0	0	0.03040400980538935	0.8865267620560546	1.1557220315786023	21257.96366273029	1845.4043709864493	1520.200490269467	1561.0727140306158	1452.611923181149	2.121195038487806	4926.677575286532	3.7513676308748284e-08
961.4390417529248	1	1	1	1	4	0	961.4390417529248	63.0	0	0.031247956992269843	0.8975132177595498	1.15739036317486	22425.291692153754	1948.450445802989	1562.397849613492	1620.8811638310374	1499.8213212966632	2.1224388320419667	5131.729459247517	3.8844544106921043e-08
980.4808466886225	1	1	1	1	4	0	980.4808466886225	64.0	0	0.03148871464485145	0.8691518566697763	1.1421653746816098	23590.344014663893	2049.9450492757933	1574.4357322425726	1667.9043002172698	1547.1451056216627	2.0956922661478665	5292.285081735636	3.7271502866334695e-08
999.6206163956656	1	1	1	1	4	0	999.6206163956656	65.0	0	0.032143536667122295	0.8691596878517126	1.145241802676885	24818.38235432417	2149.356214402313	1607.176833356115	1730.189074725012	1594.5344313416776	2.0930033509988184	5486.72212248344	3.8847187840087516e-08
1018.856872297602	1	1	1	1	4	0	1018.856872297602	66.0	0	0.03264606190959337	0.8762432143163634	1.1498445784943787	26061.07811980044	2246.137355064124	1632.3030954796686	1799.479492613658	1641.9390999938425	2.0900790949592447	5677.919943157452	4.106649369309969e-08
1038.1881072270378	1	1	1	1	4	0	1038.1881072270378	67.0	0	0.0330967532507569	0.8638167408097543	1.1465377018094152	27296.965266085048	2339.7274953779183	1654.837662537845	1867.2633860767405	1689.3075799050198	2.084937693118392	5861.828543992504	3.943499956201634e-08
1057.612785872243	1	1	1	1	4	0	1057.612785872243	68.0	0	0.0334618215386233	0.8837910273847609	1.1479828867186108	28597.90935434877	2429.5515206760087	1673.0910769311652	1924.775965904468	1736.587028550456	2.0718034764078617	6027.418563511641	4.269097284894472e-08
1077.1293452320983	1	1	1	1	4	0	1077.1293452320983	69.0	0	0.03151129512201832	0.8388436795615362	1.1583028428972528	29714.88573971609	2515.020450104203	1575.5647561009155	1972.8452744361555	1783.7233168321177	1.989327603139161	6063.430480641275	3.916997402540738e-08
1096.7361950792456	1	1	1	1	4	0	1096.7361950792456	70.0	0	0.03160005874031638	0.901152591432388	1.1538501792221274	30958.719264767446	2595.5317307921805	1580.002937015819	2017.5897615573083	1830.6610552729942	1.9651877600229184	6193.124429365308	3.775098497582551e-08
1116.4317184313063	1	1	1	1	4	0	1116.4317184313063	71.0	0	0.03160005874031638	0.8894169363132831	1.133436014307904	32214.855489358346	2670.4695535183937	1580.002937015819	2054.4051406138838	1877.3436221207207	1.9359311927797929	6304.877631148097	3.8732780740365337e-08
1136.2142720300294	1	1	1	1	4	0	1136.2142720300294	72.0	0	0.03160005874031638	0.8948531568228885	1.1589830526256322	33483.635902592345	2739.205189758182	1580.002937015819	2078.5667561620735	1923.7131933509586	1.9018270009392355	6397.774882936075	3.9275782704475566e-08
1156.0821868282233	1	1	1	1	4	0	1156.0821868282233	73.0	0	0.03160005874031638	0.8721648173056602	1.1481142454493845	34732.13847965558	2801.0973499701704	1580.002937015819	2085.2321755533185	1969.7107745579935	1.8607986309013425	6466.332462539308	3.8837952663850205e-08
1176.03376848433	1	1	1	1	4	0	1176.03376848433	74.0	0	0.027828290798491803	0.7884024650389271	1.1515224027643087	35646.651369789484	2855.4925629422887	1391.4145399245901	2085.2321755533185	2015.276234717065	1.7251464864150556	6332.139278420198	3.5811103093810936e-08
1196.0672978644968	1	1	1	1	4	0	1196.0672978644968	75.0	0	0.027828290798491803	0.8864898824294754	1.158574791830418	36741.946945751384	2901.725575984889	1391.4145399245901	2085.2321755533185	2060.348341799931	1.6874072432046572	6378.372291462798	3.289498949894515e-08
1216.1810315519913	1	1	1	1	4	0	1216.1810315519913	76.0	0	0.027828290798491803	0.9071657173941806	1.1380771477561922	37844.352762987204	2939.119775724533	1391.4145399245901	2085.2321755533185	2104.8648002222158	1.6517197280846114	6415.766491202441	3.3200277246363416e-08
1236.373202363814	1	1	1	1	4	0	1236.373202363814	77.0	0	0.027828290798491803	0.8880141027137409	1.1497958509900283	38921.689341473786	2966.9876292181425	1391.4145399245901	2085.2321755533185	2148.762290098087	1.6179764190292103	6443.634344696052	3.275512308615794e-08
1256.6420198743526	1	1	1	1	4	0	1256.6420198743526	78.0	0	0.027828290798491803	0.9010263511703944	1.1618668413710411	40021.54020550505	2984.631145073409	1391.4145399245901	2085.2321755533185	2191.9765082748277	1.5860784558380905	6461.277860551319	3.353077893941114e-08
1276.985670945924	1	1	1	1	4	0	1276.985670945924	79.0	0	0.02385466798263824	0.7614827704404159	1.1545118808502302	40730.83912535054	2991.342354227649	1192.7333991319122	2085.2321755533185	2234.442211116927	1.4670173873266918	6269.30792891288	2.9711275757523216e-08
1297.4023202660453	1	1	1	1	4	0	1297.4023202660453	80.0	0	0.02385466798263824	0.8910446492122092	1.1618676118050624	41641.314028464665	2991.342354227649	1192.7333991319122	2085.2321755533185	2276.0932590063244	1.4401719093515062	6269.30792891288	2.7260741461367936e-08
1317.890110891278	1	1	1	1	4	0	1317.890110891278	81.0	0	0.02385466798263824	0.8899030328947531	1.1549551490785197	42538.442140131716	2991.342354227649	1192.7333991319122	2085.2321755533185	2316.862662522567	1.4148294707793465	6269.30792891288	2.7061554056837398e-08
1338.447164797479	1	1	1	1	4	0	1338.447164797479	82.0	0	0.02385466798263824	0.9017974909731375	1.1769766400036614	43450.73767824154	2991.342354227649	1192.7333991319122	2085.2321755533185	2356.6826302636914	1.390923636721698	6269.30792891288	2.7634704380394225e-08
1359.0715834363004	1	1	1	1	4	0	1359.0715834363004	83.0	0	0.01987400582311552	0.7453229753035507	1.1493397019810263	43972.42542047512	2991.342354227649	993.7002911557761	2085.2321755533185	2395.4846182658143	1.2853067154896007	6070.274820936745	2.4295407436202583e-08
1379.7614482977701	1	1	1	1	4	0	1379.7614482977701	84.0	0	0.01987400582311552	0.8853114680423514	1.1610235011736283	44679.96824322488	2991.342354227649	993.7002911557761	2085.2321755533185	2433.199380976569	1.2653843703812546	6070.274820936745	2.17212826693112e-08
1400.5148214787878	1	1	1	1	4	0	1400.5148214787878	85.0	0	0.01987400582311552	0.8947828144477595	1.152723051253737	45402.1177587286	2991.342354227649	993.7002911557761	2085.2321755533185	2469.7570237347572	1.2466539975876432	6070.274820936745	2.2222147979023232e-08
1421.3297462573673	1	1	1	1	4	0	1421.3297462573673	86.0	0	0.01987400582311552	0.8972742725978354	1.1565693904511622	46090.13694594769	2991.342354227649	993.7002911557761	2085.2321755533185	2505.08705670584	1.2290720430122914	6070.274820936745	2.1466163320006616e-08
1442.2042476724564	1	1	1	1	4	0	1442.2042476724564	87.0	0	0.01987400582311552	0.9107088224405192	1.148044460404802	46793.08274681818	2991.342354227649	993.7002911557761	2085.2321755533185	2539.1184502202327	1.2125989894020268	6070.274820936745	2.1982514602621226e-08
1463.1363331091584	1	1	1	1	4	0	1463.1363331091584	88.0	0	0.01591123531035129	0.7591101551208921	1.1617460836420586	47107.900458035634	2991.342354227649	795.5617655175643	2085.2321755533185	2571.779691458732	1.1201558013069446	5872.136295298532	1.8792418749461926e-08
1484.1239928891891	1	1	1	1	4	0	1484.1239928891891	89.0	0	0.01591123531035129	0.8910388469371324	1.1672351233726337	47614.95817829648	2991.342354227649	795.5617655175643	2085.2321755533185	2602.998842426869	1.1067211764047558	5872.136295298532	1.6788380119977605e-08
1505.1652008663875	1	1	1	1	4	0	1505.1652008663875	90.0	0	0.01591123531035129	0.8888286536515418	1.1586895428290622	48113.744318940364	2991.342354227649	795.5617655175643	2085.2321755533185	2632.703599157488	1.0942340573366436	5872.136295298532	1.67225864219372e-08
1526.2579150271054	1	1	1	1	4	0	1526.2579150271054	91.0	0	0.01591123531035129	0.9437189542042465	1.1605254768927191	48627.249522688	2991.342354227649	795.5617655175643	2085.2321755533185	2660.8213520784548	1.082670934980509	5872.136295298532	1.7062793170848973e-08
1547.4000780953006	1	1	1	1	4	0	1547.4000780953006	92.0	0	0.01192914582044003	0.6676426892831072	1.1656477304122763	48755.285754967685	2991.342354227649	596.4572910220015	2085.2321755533185	2687.279247480063	0.9979199106642956	5673.0318208029685	1.447833356499792e-08
1568.5896181421526	1	1	1	1	4	0	1568.5896181421526	93.0	0	0.01192914582044003	0.9049092907371624	1.1583164872990404	49075.965513340714	2991.342354227649	596.4572910220015	2085.2321755533185	2712.0042500144755	0.9888220000248916	5673.0318208029685	1.2586113265901604e-08
