11.247441493196291	1	1	1	1	4	0	11.247441493196291	1.0	0	0.0			15.0	0.0	0.0	0.0	0.0		0.0	0.0
11.367595075476835	1	1	1	1	4	0	11.367595075476835	1.0	0	0.0			15.0	0.0	0.0	0.0	0.0		0.0	0.0
22.856168219862568	1	1	1	1	4	0	22.856168219862568	2.0	0	0.0			14.552750241652504	0.0	0.0	0.0	0.7285827694774977	0.0	0.0	0.0
34.4665080713728	1	1	1	1	4	0	34.4665080713728	3.0	0	0.0			13.791431040067982	0.0	0.0	0.0	2.1993864847666735	0.0	0.0	0.0
46.1993671861199	1	1	1	1	4	0	46.1993671861199	4.0	0	0.0			12.713098668736418	0.0	0.0	0.0	4.42587529936556	0.0	0.0	0.0
58.05546181511435	1	1	1	1	4	0	58.05546181511435	5.0	0	0.0			11.314922877436091	0.0	0.0	0.0	7.421310407022852	0.0	0.0	0.0
70.03547169202406	1	1	1	1	4	0	70.03547169202406	6.0	0	2.500826149469408e-05			10.075555122184273	0.0	1.2504130747347042	0.0	8.825142047449571	0.14168758621806754	1.2504130747347042	0.0
82.14003983175478	1	1	1	1	4	0	82.14003983175478	7.0	0	2.6689613067064967e-05	0.2880624904869805	2.3571126104760083	10.219337091456788	0.0	1.3344806533532485	0.0	8.884856438103538	0.1501972105739608	1.3344806533532485	8.990515959637212e-13
94.36977233991071	1	1	1	1	4	0	94.36977233991071	8.0	0	3.108341473442685e-05	0.55876439916961	0.8128157691947124	10.567573108583513	0.0	1.554170736721343	0.0	9.013402371862169	0.17242886455098436	1.554170736721343	1.55726485770142e-12
106.72523823319248	1	1	1	1	4	0	106.72523823319248	9.0	0	3.1876881179023525e-05	0.1380693889654029	1.13942994100448	10.628426911262123	0.0	1.5938440589511764	0.0	9.034582852310947	0.17641589932882054	1.5938440589511764	7.050713469690482e-13
119.20696927078512	1	1	1	1	4	0	119.20696927078512	10.0	0	3.836226456893991e-05	0.631304185590563	0.799987630895259	11.119526839394066	0.0	1.918113228446996	0.0	9.20141361094707	0.2084585379538842	1.918113228446996	2.0477333822090613e-12
131.81545979678634	1	1	1	1	4	0	131.81545979678634	11.0	0	4.083624614652103e-05	0.2219320231052274	0.8042979405709397	11.30676102533124	0.0	2.0418123073260523	0.0	9.264948718005185	0.22038031396310526	2.0418123073260523	1.3858048014041203e-12
144.55116659372186	1	1	1	1	4	0	144.55116659372186	12.0	0	4.6226026130772135e-05	0.3975460369694436	2.4303301681842018	11.718133388556542	0.0	2.3113013065386068	0.0	9.406832082017935	0.24570453542557455	2.3113013065386068	2.112803963294557e-12
157.41450874719058	1	1	1	1	4	0	157.41450874719058	13.0	0	5.058064732376581e-05	0.2913632780678435	0.8166055331469766	12.05602877740599	0.0	2.5290323661882907	0.0	9.526996411217699	0.26545956952502314	2.5290323661882907	1.971347147055082e-12
170.4058675216809	1	1	1	1	4	0	170.4058675216809	14.0	0	6.231616359193319e-05	0.6551119020822949	1.1215174095178608	12.926484147224656	0.0	3.11580817959666	0.0	9.810675967627995	0.3175936286019232	3.11580817959666	3.6634968623362745e-12
183.52558624759342	1	1	1	1	4	0	183.52558624759342	15.0	0	6.944646702873914e-05	0.31032884429313323	1.0730186575218048	13.444685749623703	0.0	3.4723233514369567	0.0	9.972362398186746	0.3481946616850108	3.4723233514369567	3.1877887245373764e-12
196.77397021950497	1	1	1	1	4	0	196.77397021950497	16.0	0	8.858566359628951e-05	0.7571303776607313	1.2124097972487398	14.828378292724755	0.0	4.429283179814476	0.0	10.39909511291028	0.4259296728919813	4.429283179814476	6.180964172891893e-12
210.1512866057031	1	1	1	1	4	0	210.1512866057031	17.0	0	0.00011167891511754854	0.6900177307369281	1.0584743359869964	16.5086762576708	0.0	5.5839457558774255	0.0	10.924730501793377	0.5111289248701174	5.5839457558774255	1.21916817908183e-11
223.65776436901845	1	1	1	1	4	0	223.65776436901845	18.0	0	0.00015016599606306318	0.9782955998634668	1.006625646843209	19.35851314573096	0.0	7.50829980315316	0.0	11.850213342577796	0.6336003906508461	7.50829980315316	1.99689097088563e-11
237.29359419897813	1	1	1	1	4	0	237.29359419897813	19.0	0	0.00020004620827321787	1.0210861460926195	1.4559220900435503	23.165592950506703	0.0	10.002310413660895	0.0	13.163282536845806	0.7598644476150288	10.002310413660895	2.8072139222183084e-11
251.0589284553002	1	1	1	1	4	0	251.0589284553002	20.0	0	0.0002674111116112061	1.106787788656591	1.1568261309157435	28.558089014666052	0.0	13.370555580560305	0.0	15.187533434105744	0.8803638614901639	13.370555580560305	3.7478468805501615e-11
264.95388112274634	1	1	1	1	4	0	264.95388112274634	21.0	0	0.0003611332700653143	1.225721913286099	1.0412179452529036	36.092635082854024	0.0	18.05666350326572	0.0	18.035971579588303	1.0011472586096128	18.05666350326572	5.3954126464917415e-11
278.9785277773454	1	1	1	1	4	0	278.9785277773454	22.0	0	0.0004430867879214805	0.6381240424021645	0.9685968059383409	42.84599712524278	0.0	22.154339396074032	0.0	20.691657729168753	1.0706894385191454	22.154339396074032	7.501726282675173e-11
293.1329055639992	1	1	1	1	4	0	293.1329055639992	23.0	0	0.0005789732399777321	0.9217156706318204	1.1202635898309603	53.846493668888556	0.0	28.94866199888661	0.0	24.897831670001956	1.1626981169514967	28.94866199888661	9.340766903547724e-11
307.41701318547484	1	1	1	1	4	0	307.41701318547484	24.0	0	0.0007516991659424518	0.9233377886496916	1.1312481009371174	67.82238789669242	0.0	37.584958297122604	0.0	30.237429599569822	1.2429944871258936	37.584958297122604	1.2807987274429372e-10
321.83081090278995	1	1	1	1	4	0	321.83081090278995	25.0	0	0.0009631014001764793	0.7969168007738167	1.226313794171756	85.18791581854803	0.0	48.155070008823955	0.0	37.03284580972408	1.3003340401179593	48.155070008823955	1.71121162363787e-10
336.3742205469876	1	1	1	1	4	0	336.3742205469876	26.0	0	0.0012388381229558082	0.8378943409169678	1.1453911145424334	108.58463074338579	0.0	61.941906147790434	0.0	46.64272459559538	1.3280078872930978	61.941906147790434	2.4085784384643325e-10
351.0471255422998	1	1	1	1	4	0	351.0471255422998	27.0	0	0.0016303930492819582	0.9269179610099691	1.1683299112920802	141.38249092048838	0.0	81.51965246409792	0.0	59.862838456390456	1.3617739246274505	81.51965246409792	3.3489456870391537e-10
365.84937094069124	1	1	1	1	4	0	365.84937094069124	28.0	0	0.002085792163434413	0.8001378646105981	1.180660914051288	180.0471495035659	0.0	104.2896081717207	0.0	75.75754133184523	1.3766234534314512	104.2896081717207	4.523558349852689e-10
380.78076346777357	1	1	1	1	4	0	380.78076346777357	29.0	0	0.0027199455102957537	0.9443608354731924	1.154782139584157	235.27863086635227	0.0	135.9972755147877	0.0	99.2813553515646	1.3698168707831255	135.9972755147877	6.86790328093532e-10
395.84107158007737	1	1	1	1	4	0	395.84107158007737	30.0	0	0.003413667997745394	0.8829370695331212	1.1809328198793163	310.3140229225312	0.0	170.6833998872697	0.0	124.57860128522283	1.3700860189984785	170.6833998872697	8.724510373875329e-10
411.03002553366304	1	1	1	1	4	0	411.03002553366304	31.0	0	0.0041139008224620145	0.8932109551992328	1.1758764393097978	411.84033706580146	0.0	205.6950411231007	0.0	150.81528386223312	1.3638872391143009	205.6950411231007	1.1004745849253032e-09
426.3473174640513	1	1	1	1	4	0	426.3473174640513	32.0	0	0.0047883800874238365	0.8453981007744709	1.156486269116769	534.9022654818889	0.0	239.41900437119182	0.0	177.9871825747014	1.3451474477422412	239.41900437119182	1.282565844764762e-09
441.79260147745117	1	1	1	1	4	0	441.79260147745117	33.0	0	0.005513199827587844	0.8046079190971899	1.1791443069039158	670.0780730557466	0.0	275.65999137939207	11.86334260539778	206.0889866065416	1.3951416750557375	287.52333398478993	1.5991396115367984e-09
457.365493753255	1	1	1	1	4	0	457.365493753255	34.0	0	0.006238589206836233	0.8476594225542817	1.1644762931742545	834.485523483332	0.0	311.92946034181165	33.638863238761594	235.1142667482864	1.469788832298038	345.5683235805733	2.130555573164648e-09
473.0655726577729	1	1	1	1	4	0	473.0655726577729	35.0	0	0.006928035907426998	0.8564110232149246	1.2160977999798273	1026.4503816276483	0.0	346.40179537134986	63.26574790347243	265.05544806800077	1.5455918611026658	409.6675432748224	2.830826896745989e-09
488.8923788691719	1	1	1	1	4	0	488.8923788691719	36.0	0	0.007646493300322175	0.9121541738919176	1.1651421966702653	1252.761347242481	0.0	382.3246650161088	98.57176754760937	295.90378339223474	1.6251783841718128	480.8964325637182	3.0429643162941786e-09
504.8454155135833	1	1	1	1	4	0	504.8454155135833	37.0	0	0.008358042465856237	0.9151466616859464	1.1524829790119206	1506.5992320331773	7.015059303619688	417.9021232928119	137.2716074713363	327.64932765078964	1.6944143751024432	562.188790067768	3.5978764162354557e-09
520.9241483123367	1	1	1	1	4	0	520.9241483123367	38.0	0	0.009025029645234136	0.9114547790889764	1.1707192455335935	1783.3140740893843	20.920301141753512	451.2514822617068	176.96529644246598	360.28091313883016	1.7436859844476318	649.1370798459263	3.901937718923324e-09
537.1280057402779	1	1	1	1	4	0	537.1280057402779	39.0	0	0.009728652922728322	0.8735908022819535	1.1699199009373946	2067.116896204588	41.57746167947757	486.43264613641617	228.13453234226182	393.7861257495159	1.8146073001393868	756.1446401581555	3.930578073444321e-09
553.4563791951257	1	1	1	1	4	0	553.4563791951257	40.0	0	0.010410964347666708	0.8765000502389224	1.1522979707382195	2380.357948778678	68.8346330571118	520.5482173833353	285.8563949510358	428.15128222987727	1.8834571932950728	875.239245391483	5.186161002353947e-09
569.9086231778117	1	1	1	1	4	0	569.9086231778117	41.0	0	0.011128537230371785	0.8728900976608893	1.119832014664765	2723.268990891196	102.52601851334668	556.4268615185891	344.97084620866616	463.361408512108	1.9453448024981583	1003.9237262406019	6.529532652297029e-09
586.4840554837581	1	1	1	1	4	0	586.4840554837581	42.0	0	0.011864956625939341	0.8849594267151749	1.141296639084338	3101.689531134818	142.47170017444452	593.2478312969672	400.0782610971759	499.4002191717896	1.9890381586966164	1135.7977925685875	6.8969685707757904e-09
603.1819574050269	1	1	1	1	4	0	603.1819574050269	43.0	0	0.012578669681383992	0.912125143141036	1.1709564169393474	3522.0089158027204	188.47742008486333	628.9334840691997	445.5372001664082	536.2500980638083	2.0036745692263858	1262.9481043204714	7.777718730102414e-09
620.0015739432909	1	1	1	1	4	0	620.0015739432909	44.0	0	0.013226281635044192	0.8888712243420834	1.1495842377732566	3968.343162568891	240.3343750448304	661.3140817522097	486.7965064426599	573.8920801858668	2.0005687965288352	1388.4449632397	8.383155242562747e-09
636.9421140335545	1	1	1	1	4	0	636.9421140335545	45.0	0	0.01389388940335032	0.9136116823262848	1.1732562211340942	4437.05277097924	297.8190258094122	694.6944701675162	539.6599945120054	612.3058348185273	2.0159116482131108	1532.1734904889338	8.738495674648002e-09
654.0027507785644	1	1	1	1	4	0	654.0027507785644	46.0	0	0.014581886445883182	0.9166405249748986	1.1462757339850085	4941.334814389265	360.69292119149117	729.0943222941593	598.4568926302895	651.469649989666	2.0377790660631807	1688.24413611594	1.1050826040866727e-08
671.1826216938364	1	1	1	1	4	0	671.1826216938364	47.0	0	0.015322244122394541	0.9058668233236964	1.157027821599102	5461.438520139765	428.702537597776	766.1122061197274	657.2664508030814	691.3604183100532	2.0588084293313837	1852.0811945205844	1.1649710089538649e-08
688.4808289632283	1	1	1	1	4	0	688.4808289632283	48.0	0	0.016069404104094114	0.8893836070181627	1.1459997678382572	6015.236415832571	501.57913451254234	803.4702052047058	709.916576233926	731.953624225503	2.067599273164309	2014.965915951174	1.2464491074302754e-08
705.8964397049822	1	1	1	1	4	0	705.8964397049822	49.0	0	0.016775898174698357	0.8959997891821982	1.1437013580046864	6607.941768001627	579.0386264282525	838.7949087349181	752.8416297505372	773.2233327296841	2.0584434937659664	2170.6751649137077	1.2875363278081326e-08
723.4284862481575	1	1	1	1	4	0	723.4284862481575	50.0	0	0.017532611582098873	0.902864442659044	1.1536514753990754	7223.029122283691	660.7814717055172	876.6305791049436	810.4757308638319	815.1421795802098	2.0697080242340284	2347.887781674293	1.396337390090983e-08
741.0759664193733	1	1	1	1	4	0	741.0759664193733	51.0	0	0.018267650528644715	0.8853523855210537	1.1630348871012768	7859.644210479565	746.4925788270981	913.382526432236	876.5594057224796	857.6813630590732	2.0869544439797187	2536.434510981813	1.5773383614267633e-08
758.8378438397727	1	1	1	1	4	0	758.8378438397727	52.0	0	0.01907285152634644	0.9030271504267644	1.1532911257650675	8530.278393849916	835.8412304917856	953.6425763173222	944.5756310611807	900.8106373168332	2.107233339331517	2734.0594378702885	1.7399807337859782e-08
776.7130482321257	1	1	1	1	4	0	776.7130482321257	53.0	0	0.01989809371053355	0.9186246429431904	1.1287443567091202	9253.92048875256	928.4810259740648	994.9046855266777	1007.7495086544756	944.4983073382148	2.1203364565311222	2931.135220155218	1.9143787175561803e-08
794.7004757379742	1	1	1	1	4	0	794.7004757379742	54.0	0	0.020691302094762016	0.8898086069519253	1.156985405536248	9996.002615701222	1024.0498421545199	1034.5651047381011	1059.048258242922	988.7112255649396	2.1175175408620985	3117.663205135543	1.889257769368184e-08
812.7989892447298	1	1	1	1	4	0	812.7989892447298	55.0	0	0.021547511790545083	0.9010576942652052	1.1527380720105862	10779.294496031234	1122.1698136039506	1077.375589527254	1118.4605119973603	1033.4147902096786	2.1248351797626994	3318.005915128565	2.0715244272264373e-08
831.0074187226242	1	1	1	1	4	0	831.0074187226242	56.0	0	0.022386336692944497	0.8841099394462191	1.153314643778115	11584.808230026629	1222.4473320812006	1119.3168346472248	1185.9135452722826	1078.5729452929988	2.1372966844567767	3527.6777120007073	2.3358866536118785e-08
849.3245615714155	1	1	1	1	4	0	849.3245615714155	57.0	0	0.023212716538452468	0.9125657253165528	1.151945717077505	12450.090174047793	1324.473065780785	1160.6358269226234	1254.223101530684	1124.148182433075	2.148167800464396	3739.331994234092	2.607654306484274e-08
867.7491829767432	1	1	1	1	4	0	867.7491829767432	58.0	0	0.024049336721434597	0.9083612614472576	1.1644802833159626	13340.990292131499	1427.8219986415347	1202.4668360717294	1315.9445103417586	1170.1015444157536	2.152301531805056	3946.233345055023	2.6143439222252147e-08
886.2800162760308	1	1	1	1	4	0	886.2800162760308	59.0	0	0.024839027506781252	0.9118916428766172	1.1373320153742528	14284.926653591543	1532.0534900017474	1241.951375339063	1363.3739103596945	1216.3926305702964	2.1418456674447874	4137.378775700505	2.7816129333786237e-08
904.9157633338257	1	1	1	1	4	0	904.9157633338257	60.0	0	0.025680286024965557	0.8981231549866846	1.1336547943763142	15238.206363991689	1636.7113548597192	1284.0143012482781	1424.336668700407	1262.9796039737887	2.1444138618131583	4345.062324808405	2.8517050555253042e-08
923.6550949264639	1	1	1	1	4	0	923.6550949264639	61.0	0	0.026485095211618383	0.9009129734419044	1.140438180464663	16241.305287396775	1741.3239649711154	1324.254760580919	1492.8539497298148	1309.8192005047938	2.1507615014538213	4558.432675281849	3.3131564788664835e-08
942.4966511359496	1	1	1	1	4	0	942.4966511359496	62.0	0	0.027329304462266155	0.9181010874783816	1.1709354417742996	17280.443226095424	1845.4043709864493	1366.4652231133075	1561.0727140306158	1356.8667397643492	2.1575721854987453	4772.942308130373	3.559521141815166e-08
961.4390417529248	1	1	1	1	4	0	961.4390417529248	63.0	0	0.02817325164914665	0.8938014651065537	1.1565525649635933	18346.28125324992	1948.450445802989	1408.6625824573325	1620.8811638310374	1404.0761378798636	2.1576776818263865	4977.994192091359	3.5743726590725374e-08
980.4808466886225	1	1	1	1	4	0	980.4808466886225	64.0	0	0.028792602749408425	0.8902357213007782	1.1411731260386542	19434.40068711104	2049.9450492757933	1439.6301374704215	1667.9043002172698	1451.3999222048626	2.141060082852249	5157.479486963484	3.4176726194068127e-08
999.6206163956656	1	1	1	1	4	0	999.6206163956656	65.0	0	0.029447424771679276	0.9009534644306489	1.1577152767726735	20585.944835107286	2149.356214402313	1472.3712385839635	1730.189074725012	1498.7892479248776	2.136764937260541	5351.916527711289	3.6080881940838943e-08
1018.856872297602	1	1	1	1	4	0	1018.856872297602	66.0	0	0.02994995001415035	0.913168408929773	1.1530599411251294	21768.421491828907	2246.137355064124	1497.4975007075175	1799.479492613658	1546.1939165770425	2.1323179181948984	5543.1143483853	3.821896643605936e-08
1038.1881072270378	1	1	1	1	4	0	1038.1881072270378	67.0	0	0.03040064135531388	0.8826446301298454	1.1570162669578956	22958.72938545112	2339.7274953779183	1520.0320677656946	1867.2633860767405	1593.5623964882202	2.125612063454256	5727.0229492203525	3.811056271327284e-08
1057.612785872243	1	1	1	1	4	0	1057.612785872243	68.0	0	0.030765709643180282	0.8886467924445097	1.1539856308494527	24165.2376490825	2429.5515206760087	1538.2854821590142	1924.775965904468	1640.841845133656	2.1105394516443448	5892.61296873949	3.8315316317793015e-08
1077.1293452320983	1	1	1	1	4	0	1077.1293452320983	69.0	0	0.030236359348366236	0.8585058629312324	1.1426078829031197	25324.13244178216	2515.020450104203	1511.8179674183118	1972.8452744361555	1687.978133415318	2.064400700975837	5999.683691958669	3.673850393661029e-08
1096.7361950792456	1	1	1	1	4	0	1096.7361950792456	70.0	0	0.0303251229666643	0.8871043542081499	1.138135360773185	26549.236650892904	2595.5317307921805	1516.2561483332154	2017.5897615573083	1734.915871856194	2.0368975621334573	6129.377640682704	3.6854285698479914e-08
1116.4317184313063	1	1	1	1	4	0	1116.4317184313063	71.0	0	0.0303251229666643	0.8846402901863393	1.1581247448025418	27768.896986827618	2670.4695535183937	1516.2561483332154	2054.4051406138838	1781.598438703921	2.0041897272567706	6241.1308424654935	3.675497250412534e-08
1136.2142720300294	1	1	1	1	4	0	1136.2142720300294	72.0	0	0.0303251229666643	0.8930386588365478	1.1404333311367525	29022.27677027727	2739.205189758182	1516.2561483332154	2078.5667561620735	1827.9680099341585	1.96656773256375	6334.02809425347	3.816699342160372e-08
1156.0821868282233	1	1	1	1	4	0	1156.0821868282233	73.0	0	0.0303251229666643	0.8804684690920453	1.1346218428721055	30268.661083706436	2801.0973499701704	1516.2561483332154	2085.2321755533185	1873.965591141194	1.9218540302510707	6402.585673856705	3.8140548146764153e-08
1176.03376848433	1	1	1	1	4	0	1176.03376848433	74.0	0	0.02771818994825382	0.8431115183266574	1.1520949840752923	31282.754886333365	2855.4925629422887	1385.909497412691	2085.2321755533185	1919.5310513002653	1.8083279614647039	6326.634235908298	3.487712074092189e-08
1196.0672978644968	1	1	1	1	4	0	1196.0672978644968	75.0	0	0.02771818994825382	0.908275921962336	1.1485353749944034	32410.3299413083	2901.725575984889	1385.909497412691	2085.2321755533185	1964.6031583831314	1.7668411343809298	6372.867248950898	3.2635457151584206e-08
1216.1810315519913	1	1	1	1	4	0	1216.1810315519913	76.0	0	0.02771818994825382	0.9107373517391024	1.1486851476539852	33544.39079547746	2939.119775724533	1385.909497412691	2085.2321755533185	2009.1196168054166	1.7276928879352982	6410.261448690542	3.3026467089081007e-08
1236.373202363814	1	1	1	1	4	0	1236.373202363814	77.0	0	0.02771818994825382	0.9211506690330684	1.1493119504770215	34675.829219941385	2966.9876292181425	1385.909497412691	2085.2321755533185	2053.0171066812877	1.6907514611883232	6438.129302184153	3.308820617945152e-08
1256.6420198743526	1	1	1	1	4	0	1256.6420198743526	78.0	0	0.02771818994825382	0.8949101144564306	1.1574875452005815	35794.34075514611	2984.631145073409	1385.909497412691	2085.2321755533185	2096.2313248580285	1.6558962895953764	6455.772818039418	3.2963080888370644e-08
1276.985670945924	1	1	1	1	4	0	1276.985670945924	79.0	0	0.02385466798263824	0.7741995884250631	1.1539497524469953	36555.87888516712	2991.342354227649	1192.7333991319122	2085.2321755533185	2138.6970277001274	1.5326928182110156	6269.30792891288	2.987761293668692e-08
1297.4023202660453	1	1	1	1	4	0	1297.4023202660453	80.0	0	0.02385466798263824	0.8991292264109308	1.1469929573704831	37513.62637631728	2991.342354227649	1192.7333991319122	2085.2321755533185	2180.3480755895253	1.5034138867019802	6269.30792891288	2.745731701285894e-08
1317.890110891278	1	1	1	1	4	0	1317.890110891278	81.0	0	0.02385466798263824	0.8924710964129765	1.154469832688911	38455.38470086709	2991.342354227649	1192.7333991319122	2085.2321755533185	2221.1174791057674	1.4758181886016022	6269.30792891288	2.726229666724841e-08
1338.447164797479	1	1	1	1	4	0	1338.447164797479	82.0	0	0.02385466798263824	0.8926579747579025	1.1613471738261305	39389.538867498464	2991.342354227649	1192.7333991319122	2085.2321755533185	2260.9374468468923	1.4498258584096115	6269.30792891288	2.727857080423524e-08
1359.0715834363004	1	1	1	1	4	0	1359.0715834363004	83.0	0	0.01987400582311552	0.7499459244435271	1.1657480649744942	39945.08923910946	2991.342354227649	993.7002911557761	2085.2321755533185	2299.7394348490147	1.3388179634843005	6070.274820936745	2.4167272258205058e-08
1379.7614482977701	1	1	1	1	4	0	1379.7614482977701	84.0	0	0.01987400582311552	0.8830180702161265	1.163979146484352	40684.93379798	2991.342354227649	993.7002911557761	2085.2321755533185	2337.454197559769	1.3172161704487748	6070.274820936745	2.158715140265937e-08
1400.5148214787878	1	1	1	1	4	0	1400.5148214787878	85.0	0	0.01987400582311552	0.9076656128984412	1.1635589382728593	41421.76780848038	2991.342354227649	993.7002911557761	2085.2321755533185	2374.0118403179567	1.2969322285674554	6070.274820936745	2.1625515172045344e-08
1421.3297462573673	1	1	1	1	4	0	1421.3297462573673	86.0	0	0.01987400582311552	0.8946239073730473	1.1447547467585133	42152.074339523366	2991.342354227649	993.7002911557761	2085.2321755533185	2409.34187328904	1.2779143137980593	6070.274820936745	2.1627054777771357e-08
1442.2042476724564	1	1	1	1	4	0	1442.2042476724564	87.0	0	0.01987400582311552	0.9056363997402662	1.154432526868566	42880.78689469984	2991.342354227649	993.7002911557761	2085.2321755533185	2443.373266803433	1.2601154758221358	6070.274820936745	2.171937162500183e-08
1463.1363331091584	1	1	1	1	4	0	1463.1363331091584	88.0	0	0.01591123531035129	0.7446504460644481	1.1728862558029445	43235.07547286721	2991.342354227649	795.5617655175643	2085.2321755533185	2476.0345080419324	1.1634708368216715	5872.136295298532	1.8951048400369188e-08
1484.1239928891891	1	1	1	1	4	0	1484.1239928891891	89.0	0	0.01591123531035129	0.8736772230280201	1.1593043554754658	43767.91317009781	2991.342354227649	795.5617655175643	2085.2321755533185	2507.253659010069	1.1489838416302471	5872.136295298532	1.6625073345209636e-08
1505.1652008663875	1	1	1	1	4	0	1505.1652008663875	90.0	0	0.01591123531035129	0.891407846035904	1.165036064271573	44297.11743519107	2991.342354227649	795.5617655175643	2085.2321755533185	2536.9584157406885	1.1355306114585282	5872.136295298532	1.6632847015685153e-08
1526.2579150271054	1	1	1	1	4	0	1526.2579150271054	91.0	0	0.01591123531035129	0.9301457455784052	1.1793495235650029	44829.215967324766	2991.342354227649	795.5617655175643	2085.2321755533185	2565.076168661655	1.1230831958389584	5872.136295298532	1.6707385398842224e-08
1547.4000780953006	1	1	1	1	4	0	1547.4000780953006	92.0	0	0.01192914582044003	0.6878731188772775	1.177633191668845	44998.11150514249	2991.342354227649	596.4572910220015	2085.2321755533185	2591.5340640632635	1.0347884304367203	5673.0318208029685	1.4604165160907387e-08
1568.5896181421526	1	1	1	1	4	0	1568.5896181421526	93.0	0	0.01192914582044003	0.947636147891212	1.173564585703684	45374.28026342922	2991.342354227649	596.4572910220015	2085.2321755533185	2616.259066597676	1.0250091440916564	5673.0318208029685	1.2960905056423729e-08
