11.247441493196291	1	1	1	1	4	0	11.247441493196291	1.0	0	0.0			15.0	0.0	0.0	0.0	0.0		0.0	0.0
11.367595075476835	1	1	1	1	4	0	11.367595075476835	1.0	0	0.0			15.0	0.0	0.0	0.0	0.0		0.0	0.0
22.856168219862568	1	1	1	1	4	0	22.856168219862568	2.0	0	0.0			14.552750241652504	0.0	0.0	0.0	0.7285827694774977	0.0	0.0	0.0
34.4665080713728	1	1	1	1	4	0	34.4665080713728	3.0	0	0.0			13.791431040067982	0.0	0.0	0.0	2.1993864847666735	0.0	0.0	0.0
46.1993671861199	1	1	1	1	4	0	46.1993671861199	4.0	0	0.0			12.713098668736418	0.0	0.0	0.0	4.42587529936556	0.0	0.0	0.0
58.05546181511435	1	1	1	1	4	0	58.05546181511435	5.0	0	0.0			11.314922877436091	0.0	0.0	0.0	7.421310407022852	0.0	0.0	0.0
70.03547169202406	1	1	1	1	4	0	70.03547169202406	6.0	0	2.500826149469408e-05			10.075555122184273	0.0	1.2504130747347042	0.0	8.825142047449571	0.14168758621806754	1.2504130747347042	0.0
82.14003983175478	1	1	1	1	4	0	82.14003983175478	7.0	0	3.192590417689019e-05	1.0948882247214085	1.3383974557267746	10.667122230404962	0.0	1.5962952088445097	0.0	9.070827021560453	0.1759812203507216	1.5962952088445097	2.3140284567576095e-12
94.36977233991071	1	1	1	1	4	0	94.36977233991071	8.0	0	4.0672724363117515e-05	0.9430968079101101	0.9324506178941456	11.360361947345645	0.0	2.033636218155876	0.0	9.32672572918977	0.2180439606786359	2.033636218155876	2.702331782240939e-12
106.72523823319248	1	1	1	1	4	0	106.72523823319248	9.0	0	4.894825900554203e-05	0.6320628499434889	1.2308381740764267	11.995042538591175	0.0	2.447412950277102	0.0	9.547629588314077	0.25633723298949923	2.447412950277102	2.605662231547687e-12
119.20696927078512	1	1	1	1	4	0	119.20696927078512	10.0	0	5.489021795550636e-05	0.3661390196354994	0.7641909349091952	12.444992131058994	0.0	2.7445108977753185	0.0	9.700481233283677	0.2829252314162031	2.7445108977753185	2.1130153263695457e-12
131.81545979678634	1	1	1	1	4	0	131.81545979678634	11.0	0	7.445957031092506e-05	1.3682108557349018	1.5047303277586097	13.92602650527893	0.0	3.7229785155462527	0.0	10.203047989732676	0.36488885667230864	3.7229785155462527	5.6721755601294765e-12
144.55116659372186	1	1	1	1	4	0	144.55116659372186	12.0	0	9.950843611378782e-05	1.095459348691195	1.3524981111497718	15.837869131795518	0.0	4.975421805689392	0.0	10.862447326106127	0.4580387509665316	4.975421805689392	7.30499795960139e-12
157.41450874719058	1	1	1	1	4	0	157.41450874719058	13.0	0	0.00012437205505768664	0.7344515283962137	1.0794964103055855	17.767153406802112	0.0	6.218602752884332	0.0	11.548550653917784	0.5384747349897714	6.218602752884332	7.747868387196236e-12
170.4058675216809	1	1	1	1	4	0	170.4058675216809	14.0	0	0.00016136345738090508	0.8433963241963491	1.22066208968601	20.510906988117423	0.0	8.068172869045254	0.0	12.442734119072169	0.6484244372527734	8.068172869045254	1.062280909799835e-11
183.52558624759342	1	1	1	1	4	0	183.52558624759342	15.0	0	0.00020326292198403917	0.6952857793121932	1.3252645945069752	23.555990537427398	0.0	10.163146099201956	0.0	13.392844438225445	0.7588489619273573	10.163146099201956	1.3432585698554226e-11
196.77397021950497	1	1	1	1	4	0	196.77397021950497	16.0	0	0.00025911657839502273	0.7355321272720711	1.113507875457319	27.594001621541477	0.0	12.955828919751136	0.0	14.638172701790333	0.885071462380449	12.955828919751136	1.9611885960021185e-11
210.1512866057031	1	1	1	1	4	0	210.1512866057031	17.0	0	0.0003494446020826425	1.0129981323763528	1.1726544383366622	34.166397641226396	0.0	17.472230104132127	0.0	16.694167537094277	1.046606850285227	17.472230104132127	4.0947726126626886e-11
223.65776436901845	1	1	1	1	4	0	223.65776436901845	18.0	0	0.00047343089011510906	1.0104460082971636	1.2317496188818922	43.3471587841354	0.0	23.671544505755463	0.0	19.675614278379946	1.2030904941944476	23.671544505755463	6.445944093080184e-11
237.29359419897813	1	1	1	1	4	0	237.29359419897813	19.0	0	0.0006283750093359099	0.9599899140619076	1.2604670238404936	55.173183594715226	0.0	31.418750466795498	0.0	23.754433127919732	1.3226478736664746	31.418750466795498	8.063978905554499e-11
251.0589284553002	1	1	1	1	4	0	251.0589284553002	20.0	0	0.0008288951208297242	0.9624876003186416	1.137615906505281	71.22462668207467	0.0	41.44475604148622	0.0	29.779870640588463	1.3917036961537066	41.44475604148622	1.1427040898365387e-10
264.95388112274634	1	1	1	1	4	0	264.95388112274634	21.0	0	0.001085099351118476	0.8978121975995973	1.2069317777420556	91.82149094358722	0.0	54.25496755592381	0.0	37.56652338766345	1.4442371202691786	54.25496755592381	1.5008164301402039e-10
278.9785277773454	1	1	1	1	4	0	278.9785277773454	22.0	0	0.001424325387290091	0.9908292082078688	1.2369484021608146	119.77533961780877	0.0	71.21626936450457	0.0	48.559070253304206	1.4665904638002958	71.21626936450457	2.783803093956444e-10
293.1329055639992	1	1	1	1	4	0	293.1329055639992	23.0	0	0.0018375029261124378	0.8191297765392831	1.194397391412629	153.22354596177738	0.0	91.87514630562193	0.0	61.34839965615545	1.4975964625085951	91.87514630562193	3.3950281131406747e-10
307.41701318547484	1	1	1	1	4	0	307.41701318547484	24.0	0	0.0023950188587942233	0.8590128997950197	1.2005840150015343	198.33422440774243	0.0	119.7509429397112	0.0	78.58328146803126	1.5238730262037663	119.7509429397112	4.618568710106317e-10
321.83081090278995	1	1	1	1	4	0	321.83081090278995	25.0	0	0.0030350311403914906	0.8298771023247724	1.0777432898133736	258.08897773508136	0.0	151.75155701957453	0.0	99.15614744942516	1.5304301440006611	151.75155701957453	6.076173276986388e-10
336.3742205469876	1	1	1	1	4	0	336.3742205469876	26.0	0	0.003652450454060868	0.8610341217766592	1.2072288088244194	343.5780551381162	0.0	182.62252270304336	0.0	120.67422710386049	1.5133515008624496	182.62252270304336	7.661387288694995e-10
351.0471255422998	1	1	1	1	4	0	351.0471255422998	27.0	0	0.0043177942957280885	0.8510115063536522	1.1723844117787756	449.10238408025725	0.0	215.88971478640443	0.0	143.1383074972529	1.5082595187912762	215.88971478640443	9.33307151897206e-10
365.84937094069124	1	1	1	1	4	0	365.84937094069124	28.0	0	0.004988512109894178	0.8808953387684693	1.1696773521462849	582.2971121171237	0.0	249.42560549470886	0.0	166.54823526860002	1.4976178228033976	249.42560549470886	1.3546481028470081e-09
380.78076346777357	1	1	1	1	4	0	380.78076346777357	29.0	0	0.005645063083666024	0.9068041415386949	1.1474077433823888	741.7196016225415	0.0	282.25315418330126	0.0	190.90288557189902	1.4785169607978363	282.25315418330126	1.6055942467504707e-09
395.84107158007737	1	1	1	1	4	0	395.84107158007737	30.0	0	0.006338785571115665	0.8458325917465055	1.1390817235968782	916.6650132565325	0.0	316.9392785557833	0.0	216.2001315055573	1.4659532181997614	316.9392785557833	1.757486600243545e-09
411.03002553366304	1	1	1	1	4	0	411.03002553366304	31.0	0	0.007039018395832285	0.9233720321110984	1.1992340058610151	1129.3972743808035	0.0	351.95091979161424	0.0	242.43681408256757	1.4517222605959057	351.95091979161424	2.1661805721439867e-09
426.3473174640513	1	1	1	1	4	0	426.3473174640513	32.0	0	0.007713497660794107	0.9012776773783259	1.1488190562658307	1364.5427201256425	0.0	385.6748830397054	0.0	269.60871279503584	1.4304985882741348	385.6748830397054	2.4132990940575304e-09
441.79260147745117	1	1	1	1	4	0	441.79260147745117	33.0	0	0.008438317400958116	0.9470042345211992	1.1587394301744862	1629.0245586190638	0.0	421.91587004790574	11.86334260539778	297.71051682687613	1.4570503497044878	433.7792126533036	2.6711665818359067e-09
457.365493753255	1	1	1	1	4	0	457.365493753255	34.0	0	0.009163706780206504	0.9010039992253794	1.1886896797387576	1905.8739302095678	0.0	458.18533901032515	33.638863238761594	326.7357969686208	1.5052657431849161	491.82420224908685	3.231937475912213e-09
473.0655726577729	1	1	1	1	4	0	473.0655726577729	35.0	0	0.00985315348079727	0.9016590354467594	1.1557566278623457	2209.932495149882	0.0	492.65767403986354	63.26574790347243	356.67697828833536	1.5586187384763899	555.9234219433358	4.015678805753234e-09
488.8923788691719	1	1	1	1	4	0	488.8923788691719	36.0	0	0.010571610873692443	0.9215079172820068	1.1449208542327431	2539.967013090364	0.0	528.5805436846224	98.57176754760937	387.5253136125692	1.6183518578072322	627.1523112322318	4.168228035213981e-09
504.8454155135833	1	1	1	1	4	0	504.8454155135833	37.0	0	0.01128316003922651	0.8841696576412912	1.1364542032281575	2888.8637672564423	7.015059303619688	564.1580019613256	137.2716074713363	419.27085787112406	1.6729748711709125	708.4446687362814	4.724242308945639e-09
520.9241483123367	1	1	1	1	4	0	520.9241483123367	38.0	0	0.011950147218604408	0.8878684139213724	1.1558132641692271	3260.628187089037	20.920301141753512	597.5073609302202	176.96529644246598	451.90244335916464	1.7138049788262557	795.3929585144397	5.037988310000424e-09
537.1280057402779	1	1	1	1	4	0	537.1280057402779	39.0	0	0.012653770496098594	0.9003769456300417	1.19404567129976	3654.836382628386	41.57746167947757	632.6885248049298	228.13453234226182	485.4076559698504	1.7734023074425074	902.400518826669	5.535040606588435e-09
553.4563791951257	1	1	1	1	4	0	553.4563791951257	40.0	0	0.013336081921036979	0.9098742945014432	1.1461480200912637	4078.0350911491682	68.8346330571118	666.804096051849	285.8563949510358	519.7728124502117	1.8328401720590932	1021.4951240599967	7.066224398765998e-09
569.9086231778117	1	1	1	1	4	0	569.9086231778117	41.0	0	0.014053654803742056	0.91391691686293	1.1725786091107893	4525.278229148819	102.52601851334668	702.6827401871028	344.97084620866616	554.9829387324424	1.8877221501413453	1150.1796049091154	7.568809328652246e-09
586.4840554837581	1	1	1	1	4	0	586.4840554837581	42.0	0	0.014790074199309612	0.8862571965364135	1.1631425611338095	4998.655244880112	142.47170017444452	739.5037099654808	400.0782610971759	591.021749392124	1.9281557273226173	1282.053671237101	8.426848255545174e-09
603.1819574050269	1	1	1	1	4	0	603.1819574050269	43.0	0	0.015503787254754266	0.9049123764225036	1.15726668833349	5520.366717687409	188.47742008486333	775.1893627377133	445.5372001664082	627.8716282841427	1.9442295334161568	1409.2039829889848	9.457560435409188e-09
620.0015739432909	1	1	1	1	4	0	620.0015739432909	44.0	0	0.01615139920841447	0.9591550017520202	1.158976762084515	6080.791364356153	240.3343750448304	807.5699604207233	486.7965064426599	665.5136104062012	1.9449135924858945	1534.7008419082135	9.941053780982185e-09
636.9421140335545	1	1	1	1	4	0	636.9421140335545	45.0	0	0.016819006976720594	0.929367912506384	1.12832177501174	6649.88158337309	297.8190258094122	840.9503488360298	539.6599945120054	703.9273650388617	1.961296593820892	1678.4293691574476	1.0254926905565519e-08
654.0027507785644	1	1	1	1	4	0	654.0027507785644	46.0	0	0.017507004019253456	0.8933889195792971	1.1574778511225607	7232.145654665306	360.69292119149117	875.3502009626727	598.4568926302895	743.0911802100003	1.9833462337373708	1834.500014784453	1.183536235566581e-08
671.1826216938364	1	1	1	1	4	0	671.1826216938364	47.0	0	0.018247361695764814	0.9051352458194692	1.1416622303700892	7857.432149455932	428.702537597776	912.3680847882408	657.2664508030814	782.9819485303876	2.004688024465234	1998.337073189098	1.3786576727396512e-08
688.4808289632283	1	1	1	1	4	0	688.4808289632283	48.0	0	0.018994521677464387	0.8910471392324166	1.1472077990993808	8504.086651335965	501.57913451254234	949.7260838732193	709.916576233926	823.5751544458374	2.015168441092515	2161.221794619688	1.3734223717049772e-08
705.8964397049822	1	1	1	1	4	0	705.8964397049822	49.0	0	0.019701015748068627	0.9003932678460689	1.1441792113740965	9193.227032080309	579.0386264282525	985.0507874034315	752.8416297505372	864.8448629500184	2.0094845811142963	2316.9310435822213	1.5246250938395532e-08
723.4284862481575	1	1	1	1	4	0	723.4284862481575	50.0	0	0.020457729155469145	0.8872826724038924	1.1590564994080417	9897.650672454976	660.7814717055172	1022.8864577734572	810.4757308638319	906.7637098005442	2.021874242232923	2494.1436603428065	1.567154739948729e-08
741.0759664193733	1	1	1	1	4	0	741.0759664193733	51.0	0	0.021192768102014984	0.8976214012563877	1.1499262269565271	10631.624724887051	746.4925788270981	1059.6384051007492	876.5594057224796	949.3028932794076	2.0395996099143345	2682.6903896503272	1.7859522996787825e-08
758.8378438397727	1	1	1	1	4	0	758.8378438397727	52.0	0	0.02199796909971671	0.8663615433078272	1.1450710161257025	11383.737367464048	835.8412304917856	1099.8984549858358	944.5756310611807	992.4321675371676	2.060064307589515	2880.3153165388017	1.902274643789728e-08
776.7130482321257	1	1	1	1	4	0	776.7130482321257	53.0	0	0.022823211283903824	0.8932072987197731	1.1359817399576435	12185.535577212166	928.4810259740648	1141.1605641951912	1007.7495086544756	1036.1198375585493	2.073997615867707	3077.391098823732	2.102083276526891e-08
794.7004757379742	1	1	1	1	4	0	794.7004757379742	54.0	0	0.023616419668132292	0.9039486468651508	1.148851696828476	13051.47077465023	1024.0498421545199	1180.8209834066145	1059.048258242922	1080.3327557852742	2.0733141984771315	3263.919083804057	2.252537023157543e-08
812.7989892447298	1	1	1	1	4	0	812.7989892447298	55.0	0	0.02447262936391535	0.906931087799596	1.1423980809003087	13937.417270659793	1122.1698136039506	1223.6314681957672	1118.4605119973603	1125.0363204300133	2.081792327644969	3464.261793797078	2.317569629671723e-08
831.0074187226242	1	1	1	1	4	0	831.0074187226242	56.0	0	0.02531145426631477	0.9098902176424728	1.1506882350601892	14848.212124355783	1222.4473320812006	1265.5727133157382	1185.9135452722826	1170.1944755133334	2.0949391830897324	3673.9335906692213	2.800673916941613e-08
849.3245615714155	1	1	1	1	4	0	849.3245615714155	57.0	0	0.02613783411182274	0.8995877162016631	1.1391577030131954	15802.10981141081	1324.473065780785	1306.8917055911368	1254.223101530684	1215.7697126534094	2.106578886170971	3885.5878729026063	2.8889063123357016e-08
867.7491829767432	1	1	1	1	4	0	867.7491829767432	58.0	0	0.026974454294804863	0.9059749726885716	1.1558634307584332	16802.167706753276	1427.8219986415347	1348.722714740243	1315.9445103417586	1261.7230746360879	2.1119271563219657	4092.489223723536	2.99012087897773e-08
886.2800162760308	1	1	1	1	4	0	886.2800162760308	59.0	0	0.027764145080151525	0.9022205399606064	1.1331963687727096	17851.252454863097	1532.0534900017474	1388.2072540075762	1363.3739103596945	1308.014160790631	2.1036325498984456	4283.634654369018	3.1164664321169906e-08
904.9157633338257	1	1	1	1	4	0	904.9157633338257	60.0	0	0.028605403598335823	0.8906630950037437	1.1531463538216289	18898.982958255714	1636.7113548597192	1430.2701799167914	1424.336668700407	1354.6011341941232	2.1073412509103324	4491.318203476918	3.090571779199319e-08
923.6550949264639	1	1	1	1	4	0	923.6550949264639	61.0	0	0.029410212784988662	0.8973161523895401	1.142042528301243	19990.94385940207	1741.3239649711154	1470.5106392494326	1492.8539497298148	1401.4407307251286	2.1145129608484794	4704.688553950364	3.516523184420381e-08
942.4966511359496	1	1	1	1	4	0	942.4966511359496	62.0	0	0.030254422035636424	0.8872528182592504	1.1414150245251564	21111.770016064624	1845.4043709864493	1512.721101781821	1561.0727140306158	1448.4882699846835	2.12207021589822	4919.198186798887	3.64951781398375e-08
961.4390417529248	1	1	1	1	4	0	961.4390417529248	63.0	0	0.03109836922251692	0.8830740626887992	1.1375704497828079	22272.60192167646	1948.450445802989	1554.9184611258459	1620.8811638310374	1495.6976681001981	2.1232898149735795	5124.250070759872	3.891189627794324e-08
980.4808466886225	1	1	1	1	4	0	980.4808466886225	64.0	0	0.031392860374311785	0.8869508965062796	1.1545427489578262	23436.33332359996	2049.9450492757933	1569.6430187155895	1667.9043002172698	1543.0214524251974	2.0981868488246502	5287.492368208653	3.681188738497288e-08
999.6206163956656	1	1	1	1	4	0	999.6206163956656	65.0	0	0.032047682396582636	0.9067748543803756	1.1525150978818115	24664.3793632853	2149.356214402313	1602.384119829132	1730.189074725012	1590.4107781452124	2.095416630941534	5481.929408956457	3.821577833384303e-08
1018.856872297602	1	1	1	1	4	0	1018.856872297602	66.0	0	0.03255020763905371	0.8898740456036807	1.1506777215988808	25910.08073943442	2246.137355064124	1627.5103819526855	1799.479492613658	1637.815446797377	2.0924151626897647	5673.127229630468	4.0471259993221184e-08
1038.1881072270378	1	1	1	1	4	0	1038.1881072270378	67.0	0	0.03300089898021725	0.9096348565336576	1.1633573181373265	27193.446645425996	2339.7274953779183	1650.0449490108624	1867.2633860767405	1685.1839267085547	2.0871955157782054	5857.035830465521	4.1339311073625983e-08
1057.612785872243	1	1	1	1	4	0	1057.612785872243	68.0	0	0.03336596726808365	0.8778664911073787	1.1325631048998417	28478.552774664346	2429.5515206760087	1668.2983634041825	1924.775965904468	1732.4633753539904	2.073968420010313	6022.625849984659	4.1842378373969e-08
1077.1293452320983	1	1	1	1	4	0	1077.1293452320983	69.0	0	0.031486366371334326	0.8436832103171917	1.1550255545964234	29604.37321333732	2515.020450104203	1574.3183185667162	1972.8452744361555	1779.5996636356524	1.9932368304431767	6062.184043107074	3.9453865166774246e-08
1096.7361950792456	1	1	1	1	4	0	1096.7361950792456	70.0	0	0.03157512998963239	0.8992473580725641	1.1370355151845888	30845.78946050451	2595.5317307921805	1578.7564994816196	2017.5897615573083	1826.5374020765287	1.9689420303960723	6191.877991831108	3.801348131355969e-08
1116.4317184313063	1	1	1	1	4	0	1116.4317184313063	71.0	0	0.03157512998963239	0.9024777450152102	1.136111194785508	32099.580094959165	2670.4695535183937	1578.7564994816196	2054.4051406138838	1873.2199689242555	1.9395274983011952	6303.631193613896	3.861776396092708e-08
1136.2142720300294	1	1	1	1	4	0	1136.2142720300294	72.0	0	0.03157512998963239	0.8982692889933054	1.1311416904588003	33359.123242828406	2739.205189758182	1578.7564994816196	2078.5667561620735	1919.589540154493	1.905263171703542	6396.528445401875	3.886748579842025e-08
1156.0821868282233	1	1	1	1	4	0	1156.0821868282233	73.0	0	0.03157512998963239	0.9129053343999388	1.135382782575197	34646.004138804485	2801.0973499701704	1578.7564994816196	2085.2321755533185	1965.5871213615287	1.864068315881596	6465.086025005107	3.986644384507375e-08
1176.03376848433	1	1	1	1	4	0	1176.03376848433	74.0	0	0.027828290798491803	0.7957998807597476	1.1462705626003198	35556.30756907072	2855.4925629422887	1391.4145399245901	2085.2321755533185	2011.1525815206	1.7286837147131182	6332.139278420198	3.553148191903458e-08
1196.0672978644968	1	1	1	1	4	0	1196.0672978644968	75.0	0	0.027828290798491803	0.908346507859678	1.1508680300751857	36649.88774601145	2901.725575984889	1391.4145399245901	2085.2321755533185	2056.224688603466	1.6907912519225494	6378.372291462798	3.271113700449846e-08
1216.1810315519913	1	1	1	1	4	0	1216.1810315519913	76.0	0	0.027828290798491803	0.9144137921590396	1.1483319383458237	37750.14291575283	2939.119775724533	1391.4145399245901	2085.2321755533185	2100.7411470257507	1.654961973968177	6415.766491202441	3.3034183593131134e-08
1236.373202363814	1	1	1	1	4	0	1236.373202363814	77.0	0	0.027828290798491803	0.9088713201117348	1.15514892776764	38837.38867957755	2966.9876292181425	1391.4145399245901	2085.2321755533185	2144.638636901622	1.6210874203500547	6443.634344696052	3.284703724364065e-08
1256.6420198743526	1	1	1	1	4	0	1256.6420198743526	78.0	0	0.027828290798491803	0.9134992744381398	1.1595928763270895	39931.59705252351	2984.631145073409	1391.4145399245901	2085.2321755533185	2187.852855078363	1.5890678879103066	6461.277860551319	3.323929027661741e-08
1276.985670945924	1	1	1	1	4	0	1276.985670945924	79.0	0	0.02385466798263824	0.7733476124066553	1.1370901193121523	40639.27092097659	2991.342354227649	1192.7333991319122	2085.2321755533185	2230.318557920462	1.4697297670973015	6269.30792891288	2.951968087480805e-08
1297.4023202660453	1	1	1	1	4	0	1297.4023202660453	80.0	0	0.02385466798263824	0.8777951650134411	1.1613436788539018	41539.902973602184	2991.342354227649	1192.7333991319122	2085.2321755533185	2271.96960580986	1.4427858393452304	6269.30792891288	2.6931714036565827e-08
1317.890110891278	1	1	1	1	4	0	1317.890110891278	81.0	0	0.02385466798263824	0.8992287115528084	1.153502636769252	42443.442538435294	2991.342354227649	1192.7333991319122	2085.2321755533185	2312.739009326102	1.4173521359162706	6269.30792891288	2.7136745333776306e-08
1338.447164797479	1	1	1	1	4	0	1338.447164797479	82.0	0	0.02385466798263824	0.9181350778822344	1.1413915762988536	43362.84084968787	2991.342354227649	1192.7333991319122	2085.2321755533185	2352.5589770672264	1.3933616995955804	6269.30792891288	2.775764924013092e-08
1359.0715834363004	1	1	1	1	4	0	1359.0715834363004	83.0	0	0.01987400582311552	0.7542117920621213	1.1490274178313125	43887.425737274934	2991.342354227649	993.7002911557761	2085.2321755533185	2391.3609650693493	1.2875230932022028	6070.274820936745	2.4316687827442205e-08
1379.7614482977701	1	1	1	1	4	0	1379.7614482977701	84.0	0	0.01987400582311552	0.9352407310752142	1.137512179282126	44610.13291911416	2991.342354227649	993.7002911557761	2085.2321755533185	2429.075727780104	1.267532515144303	6070.274820936745	2.189579245045485e-08
1400.5148214787878	1	1	1	1	4	0	1400.5148214787878	85.0	0	0.01987400582311552	0.8909278889248068	1.1622587986471886	45315.09341703865	2991.342354227649	993.7002911557761	2085.2321755533185	2465.6333705382917	1.248738966425048	6070.274820936745	2.1737619967679956e-08
1421.3297462573673	1	1	1	1	4	0	1421.3297462573673	86.0	0	0.01987400582311552	0.8941910499702762	1.1635348054137913	46020.7093014391	2991.342354227649	993.7002911557761	2085.2321755533185	2500.9634035093745	1.2310985688110063	6070.274820936745	2.189920536221064e-08
1442.2042476724564	1	1	1	1	4	0	1442.2042476724564	87.0	0	0.01987400582311552	0.9252959655829336	1.1562577173393522	46727.170114794964	2991.342354227649	993.7002911557761	2085.2321755533185	2534.994797023767	1.2145715132527852	6070.274820936745	2.2002454526810183e-08
1463.1363331091584	1	1	1	1	4	0	1463.1363331091584	88.0	0	0.01591123531035129	0.7373619283708615	1.153908645213322	47030.30492434398	2991.342354227649	795.5617655175643	2085.2321755533185	2567.656038262267	1.1219547704763997	5872.136295298532	1.852311176793144e-08
1484.1239928891891	1	1	1	1	4	0	1484.1239928891891	89.0	0	0.01591123531035129	0.9447764314816663	1.1464307756883514	47542.28371988241	2991.342354227649	795.5617655175643	2085.2321755533185	2598.875189230404	1.1084772185323617	5872.136295298532	1.6775936101786295e-08
1505.1652008663875	1	1	1	1	4	0	1505.1652008663875	90.0	0	0.01591123531035129	0.8759639459675232	1.1596112059108123	48026.53525139758	2991.342354227649	795.5617655175643	2085.2321755533185	2628.579945961023	1.0959506654904685	5872.136295298532	1.6420860693309716e-08
1526.2579150271054	1	1	1	1	4	0	1526.2579150271054	91.0	0	0.01591123531035129	0.8942992863864185	1.1636569284863243	48528.36289606258	2991.342354227649	795.5617655175643	2085.2321755533185	2656.6976988819893	1.084351427067972	5872.136295298532	1.6865464541233776e-08
1547.4000780953006	1	1	1	1	4	0	1547.4000780953006	92.0	0	0.01192914582044003	0.700577075351875	1.1596249636453702	48671.12641555802	2991.342354227649	596.4572910220015	2085.2321755533185	2683.155594283598	0.9994535808093271	5673.0318208029685	1.4749593077348894e-08
1568.5896181421526	1	1	1	1	4	0	1568.5896181421526	93.0	0	0.01192914582044003	0.9111450982422448	1.1639648695166642	48995.38592585368	2991.342354227649	596.4572910220015	2085.2321755533185	2707.8805968180104	0.990327811989396	5673.0318208029685	1.2609796263662005e-08
