11.247441493196291	1	1	1	1	4	0	11.247441493196291	1.0	0	0.0			15.0	0.0	0.0	0.0	0.0		0.0	0.0
11.367595075476835	1	1	1	1	4	0	11.367595075476835	1.0	0	0.0			15.0	0.0	0.0	0.0	0.0		0.0	0.0
22.856168219862568	1	1	1	1	4	0	22.856168219862568	2.0	0	0.0			14.552750241652504	0.0	0.0	0.0	0.7285827694774977	0.0	0.0	0.0
34.4665080713728	1	1	1	1	4	0	34.4665080713728	3.0	0	0.0			13.791431040067982	0.0	0.0	0.0	2.1993864847666735	0.0	0.0	0.0
46.1993671861199	1	1	1	1	4	0	46.1993671861199	4.0	0	0.0			12.713098668736418	0.0	0.0	0.0	4.42587529936556	0.0	0.0	0.0
58.05546181511435	1	1	1	1	4	0	58.05546181511435	5.0	0	0.0			11.314922877436091	0.0	0.0	0.0	7.421310407022852	0.0	0.0	0.0
70.03547169202406	1	1	1	1	4	0	70.03547169202406	6.0	0	2.500826149469408e-05			10.075555122184273	0.0	1.2504130747347042	0.0	8.825142047449571	0.14168758621806754	1.2504130747347042	0.0
82.14003983175478	1	1	1	1	4	0	82.14003983175478	7.0	0	3.177946623009224e-05	1.0542716581408542	0.9879227785794191	10.654599485779253	0.0	1.5889733115046123	0.0	9.065626174274641	0.17527452389484274	1.5889733115046123	2.274419667358193e-12
94.36977233991071	1	1	1	1	4	0	94.36977233991071	8.0	0	3.429560663357568e-05	0.28847526295851866	0.9999971936218914	10.854019209056569	0.0	1.7147803316787842	0.0	9.139238877377784	0.1876283522825247	1.7147803316787842	1.1482490604620048e-12
106.72523823319248	1	1	1	1	4	0	106.72523823319248	9.0	0	4.5196636455757535e-05	1.0821733151372794	1.2374458168964289	11.690058492519775	0.0	2.2598318227878766	0.0	9.430226669731901	0.2396370630242893	2.2598318227878766	3.164194167993885e-12
119.20696927078512	1	1	1	1	4	0	119.20696927078512	10.0	0	5.180590841134491e-05	0.43917299554150185	1.0724859419232795	12.190539772846252	0.0	2.5902954205672457	0.0	9.600244352279006	0.2698155719288889	2.5902954205672457	2.227520759817227e-12
131.81545979678634	1	1	1	1	4	0	131.81545979678634	11.0	0	6.706400740743028e-05	0.9102836034641132	1.5608823508799992	13.345292811579077	0.0	3.353200370371514	0.0	9.992092441207564	0.3355854031676946	3.353200370371514	4.608521291145019e-12
144.55116659372186	1	1	1	1	4	0	144.55116659372186	12.0	0	7.769046710124749e-05	0.4541249713961859	1.2269013178629036	14.156352233250711	0.0	3.8845233550623743	0.0	10.271828878188336	0.3781725144692535	3.8845233550623743	3.785759735254378e-12
157.41450874719058	1	1	1	1	4	0	157.41450874719058	13.0	0	0.00010371790084248914	1.1188007334749528	1.1838316618231082	16.175942331902682	0.0	5.185895042124457	0.0	10.990047289778225	0.4718719497183443	5.185895042124457	7.659662622329652e-12
170.4058675216809	1	1	1	1	4	0	170.4058675216809	14.0	0	0.00014068967414212994	1.1409115102208742	1.008109905491995	18.918239974801047	0.0	7.034483707106498	0.0	11.883756267694553	0.5919410957820989	7.034483707106498	1.027267278315392e-11
183.52558624759342	1	1	1	1	4	0	183.52558624759342	15.0	0	0.0001904290247028984	1.1326701992089936	1.0343237011600686	22.53309471293603	0.0	9.521451235144921	0.0	13.01164347779111	0.7317639198612064	9.521451235144921	1.4854104321796306e-11
196.77397021950497	1	1	1	1	4	0	196.77397021950497	16.0	0	0.00026012335856935234	1.0714945044781126	1.2537556874889657	27.571735166157012	0.0	13.006167928467615	0.0	14.565567237689395	0.8929393353671302	13.006167928467615	3.5389675069149346e-11
210.1512866057031	1	1	1	1	4	0	210.1512866057031	17.0	0	0.00035608376174159714	1.0962667134271336	1.3412701050606108	34.55395116191187	0.0	17.80418808707985	0.0	16.749763074832018	1.0629516374373198	17.80418808707985	4.8014900227015094e-11
223.65776436901845	1	1	1	1	4	0	223.65776436901845	18.0	0	0.0004777728576675635	0.9597047729139658	1.2656807330563145	43.56461307559296	0.0	23.88864288337817	0.0	19.67597019221477	1.2141024127405031	23.88864288337817	6.524018817766814e-11
237.29359419897813	1	1	1	1	4	0	237.29359419897813	19.0	0	0.0006115708827334593	0.75862252378353	1.2948219720242358	53.776673862366216	0.0	30.57854413667296	0.0	23.198129725693267	1.3181469583216208	30.57854413667296	7.55042847448303e-11
251.0589284553002	1	1	1	1	4	0	251.0589284553002	20.0	0	0.0008105033992659281	0.9647568484607778	1.2496136305943484	69.7010314919231	0.0	40.525169963296406	0.0	29.17586152862669	1.3889965142429137	40.525169963296406	1.1133001069880217e-10
264.95388112274634	1	1	1	1	4	0	264.95388112274634	21.0	0	0.0010504585462284737	0.8519272771848325	1.1542841244305333	88.9915934989152	0.0	52.52292731142367	0.0	36.46866618749151	1.4402206826373776	52.52292731142367	1.4212965534934166e-10
278.9785277773454	1	1	1	1	4	0	278.9785277773454	22.0	0	0.0013506140968122787	0.8306691159421188	1.1243986271911002	113.72584719724443	0.0	67.53070484061395	0.0	46.19514235663048	1.4618572732013917	67.53070484061395	2.329346873803801e-10
293.1329055639992	1	1	1	1	4	0	293.1329055639992	23.0	0	0.0017710805765745153	0.9355745338522448	1.0897413259920652	147.76411949998055	0.0	88.55402882872578	0.0	59.21009067125479	1.4955901574343784	88.55402882872578	3.4313842270502604e-10
307.41701318547484	1	1	1	1	4	0	307.41701318547484	24.0	0	0.002290470271039257	0.8261308098166639	1.073293266608046	189.78986284052155	0.0	114.52351355196288	0.0	75.26634928855867	1.5215765695357268	114.52351355196288	4.0868810512991207e-10
321.83081090278995	1	1	1	1	4	0	321.83081090278995	25.0	0	0.0029304825526365245	0.7844047667456543	1.1380444154453346	242.57843625127202	0.0	146.52412763182625	0.0	95.83921526995256	1.5288535827334178	146.52412763182625	5.530236677527431e-10
336.3742205469876	1	1	1	1	4	0	336.3742205469876	26.0	0	0.0035479018663059016	0.8855750474846121	1.1820508484662728	326.78825182940835	0.0	177.3950933152951	0.0	117.35729492438787	1.511581307575204	177.3950933152951	7.594050789926899e-10
351.0471255422998	1	1	1	1	4	0	351.0471255422998	27.0	0	0.004213245707973123	0.8769273113407328	1.1478488775760076	431.17634938790366	0.0	210.66228539865608	0.0	139.82137531778028	1.5066529342875616	210.66228539865608	9.128846418825492e-10
365.84937094069124	1	1	1	1	4	0	365.84937094069124	28.0	0	0.004883963522139211	0.9263107008766244	1.150046170651623	565.2942698105443	0.0	244.1981761069605	0.0	163.23130308912744	1.4960254037402594	244.1981761069605	1.3741643531197895e-09
380.78076346777357	1	1	1	1	4	0	380.78076346777357	29.0	0	0.00554051449591106	0.8639201946918993	1.164403281937117	716.9107012265672	0.0	277.025724795553	0.0	187.5859533924264	1.4767935433631334	277.025724795553	1.5301810289883827e-09
395.84107158007737	1	1	1	1	4	0	395.84107158007737	30.0	0	0.0062342369833607	0.9352809851313056	1.1569798478129396	901.7678367207599	0.0	311.71184916803503	0.0	212.88319932608462	1.4642388415563463	311.71184916803503	1.872440382902232e-09
411.03002553366304	1	1	1	1	4	0	411.03002553366304	31.0	0	0.006934469808077318	0.9294419396967168	1.1592161762099549	1113.0280232109528	0.0	346.72349040386587	0.0	239.11988190309486	1.4499985849958648	346.72349040386587	2.1674778151361675e-09
426.3473174640513	1	1	1	1	4	0	426.3473174640513	32.0	0	0.007608949073039142	0.90122003977163	1.142081663201033	1345.9886244633035	0.0	380.4474536519571	0.0	266.29178061556314	1.4286864309987728	380.4474536519571	2.415877916163117e-09
441.79260147745117	1	1	1	1	4	0	441.79260147745117	33.0	0	0.008333768813203147	0.857874093789632	1.1716364466048341	1588.8453729410069	0.0	416.68844066015737	11.86334260539778	294.39358464740343	1.4557103334260282	428.5517832655552	2.4619055717449377e-09
457.365493753255	1	1	1	1	4	0	457.365493753255	34.0	0	0.009059158192451537	0.9231757279603084	1.1902263761026994	1868.4726026239707	0.0	452.9579096225769	33.638863238761594	323.4188647891482	1.5045404762600152	486.5967728613385	3.3351162760728748e-09
473.0655726577729	1	1	1	1	4	0	473.0655726577729	35.0	0	0.009748604893042304	0.9291545355744476	1.1720839236729168	2173.591135145157	0.0	487.43024465211516	63.26574790347243	353.3600461088626	1.5584557411618911	550.6959925555876	3.820117914997056e-09
488.8923788691719	1	1	1	1	4	0	488.8923788691719	36.0	0	0.01046706228593748	0.9397983918905708	1.138278461359909	2501.136283453601	0.0	523.353114296874	98.57176754760937	384.20838143309663	1.6187176331882835	621.9248818444834	4.082838203534424e-09
504.8454155135833	1	1	1	1	4	0	504.8454155135833	37.0	0	0.011178611451471542	0.90933040140395	1.1402856807651878	2849.300805524231	7.015059303619688	558.9305725735771	137.2716074713363	415.95392569165136	1.6737483097130603	703.2172393485332	4.701590187927097e-09
520.9241483123367	1	1	1	1	4	0	520.9241483123367	38.0	0	0.011845598630849441	0.942397321310966	1.16261538568196	3233.669733441864	20.920301141753512	592.279931542472	176.96529644246598	448.585511179692	1.7148240609955812	790.1655291266915	5.209540261420653e-09
537.1280057402779	1	1	1	1	4	0	537.1280057402779	39.0	0	0.012549221908343629	0.8534905848345241	1.133291793605896	3610.371496698728	41.57746167947757	627.4610954171814	228.13453234226182	482.09072379037764	1.7747606115140115	897.1730894389208	5.4621242013703275e-09
553.4563791951257	1	1	1	1	4	0	553.4563791951257	40.0	0	0.013231533333282013	0.9110310324765828	1.1437172466425032	4032.129818591557	68.8346330571118	661.5766666641007	285.8563949510358	516.4558802707392	1.8344898331266328	1016.2676946722482	6.8848087126200096e-09
569.9086231778117	1	1	1	1	4	0	569.9086231778117	41.0	0	0.013949106215987087	0.8786326032773738	1.1585701499252696	4467.41087768376	102.52601851334668	697.4553107993544	344.97084620866616	551.6660065529699	1.8895965033653543	1144.9521755213673	7.970525104120522e-09
586.4840554837581	1	1	1	1	4	0	586.4840554837581	42.0	0	0.014685525611554647	0.8965436777543292	1.1640080943057314	4938.4914796295925	142.47170017444452	734.2762805777322	400.0782610971759	587.7048172126514	1.930143344842553	1276.8262418493528	8.3204739686381e-09
603.1819574050269	1	1	1	1	4	0	603.1819574050269	43.0	0	0.0153992386669993	0.9150321624179734	1.1270146629080877	5459.155143884889	188.47742008486333	769.9619333499651	445.5372001664082	624.5546961046701	1.9461852438183664	1403.9765536012367	9.35599177912039e-09
620.0015739432909	1	1	1	1	4	0	620.0015739432909	44.0	0	0.0160468506206595	0.9222998175772468	1.1415630657483342	6004.333297846797	240.3343750448304	802.3425310329749	486.7965064426599	662.1966782267287	1.9467615587075595	1529.473412520465	9.861767834798224e-09
636.9421140335545	1	1	1	1	4	0	636.9421140335545	45.0	0	0.016714458388965632	0.9154335152645796	1.1452594863824497	6565.785735637132	297.8190258094122	835.7229194482812	539.6599945120054	700.610432859389	1.963120800737952	1673.2019397696988	1.0289746062828983e-08
654.0027507785644	1	1	1	1	4	0	654.0027507785644	46.0	0	0.01740245543149849	0.9351150170294346	1.1418225014227061	7160.4908553917385	360.69292119149117	870.1227715749243	598.4568926302895	739.7742480305278	1.98517273089048	1829.2725853967047	1.2904175352164308e-08
671.1826216938364	1	1	1	1	4	0	671.1826216938364	47.0	0	0.01814281310800985	0.9348695995224322	1.1257338666712542	7785.4570357176535	428.702537597776	907.1406554004924	657.2664508030814	779.665016350915	2.006511865218098	1993.1096438013494	1.3249928081993272e-08
688.4808289632283	1	1	1	1	4	0	688.4808289632283	48.0	0	0.018889973089709418	0.9466383523692672	1.1296987862487158	8454.632158324126	501.57913451254234	944.4986544854711	709.916576233926	820.2582222663648	2.016944403371252	2155.994365231939	1.4864272365589795e-08
705.8964397049822	1	1	1	1	4	0	705.8964397049822	49.0	0	0.01959646716031366	0.946719107446814	1.1349745071767805	9149.1607080597	579.0386264282525	979.8233580156833	752.8416297505372	861.5279307705458	2.011153586415398	2311.703614194473	1.5013552134795557e-08
723.4284862481575	1	1	1	1	4	0	723.4284862481575	50.0	0	0.020353180567714176	0.9108047838558709	1.1656868090796442	9861.962008981642	660.7814717055172	1017.6590283857088	810.4757308638319	903.4467776210716	2.023511295334219	2488.9162309550584	1.6000680801754936e-08
741.0759664193733	1	1	1	1	4	0	741.0759664193733	51.0	0	0.02108821951426002	0.9427729581534812	1.1307853347866317	10603.452843118546	746.4925788270981	1054.4109757130009	876.5594057224796	945.985961099935	2.041225198723103	2677.462960262579	1.827117112032637e-08
758.8378438397727	1	1	1	1	4	0	758.8378438397727	52.0	0	0.021893420511961744	0.9219718855868628	1.1600390117289034	11381.670148092784	835.8412304917856	1094.6710255980877	944.5756310611807	989.115235357695	2.0616876414018765	2875.087887151054	1.9312649746635475e-08
776.7130482321257	1	1	1	1	4	0	776.7130482321257	53.0	0	0.022718662696148858	0.9245484400948262	1.1503950464510604	12196.057198368591	928.4810259740648	1135.933134807443	1007.7495086544756	1032.8029053790767	2.075597030466436	3072.163669435983	2.087723519017532e-08
794.7004757379742	1	1	1	1	4	0	794.7004757379742	54.0	0	0.023511871080377326	0.8939426681544379	1.1367735289570833	13045.504228863889	1024.0498421545199	1175.593554018866	1059.048258242922	1077.0158236058016	2.0748458502497256	3258.6916544163078	2.2167485004935064e-08
812.7989892447298	1	1	1	1	4	0	812.7989892447298	55.0	0	0.024368080776160383	0.9167072282934752	1.1505217453600862	13913.933657682734	1122.1698136039506	1218.4040388080189	1118.4605119973603	1121.7193882505403	2.0832880088218917	3459.03436440933	2.2760267640147343e-08
831.0074187226242	1	1	1	1	4	0	831.0074187226242	56.0	0	0.025206905678559804	0.9072592853021728	1.1538562673481323	14829.651537869282	1222.4473320812006	1260.3452839279898	1185.9135452722826	1166.8775433338608	2.0964143522816614	3668.7061612814723	2.6231848102022052e-08
849.3245615714155	1	1	1	1	4	0	849.3245615714155	57.0	0	0.02603328552406777	0.903940957714018	1.1361418815761684	15764.135469467592	1324.473065780785	1301.6642762033885	1254.223101530684	1212.4527804739369	2.1080304477795817	3880.3604435148573	2.756987569745648e-08
867.7491829767432	1	1	1	1	4	0	867.7491829767432	58.0	0	0.0268699057070499	0.8947509110897479	1.1529009525313691	16742.328483511683	1427.8219986415347	1343.4952853524944	1315.9445103417586	1258.4061424566155	2.113339808166058	4087.261794335788	2.8568689563315618e-08
886.2800162760308	1	1	1	1	4	0	886.2800162760308	59.0	0	0.02765959649239656	0.8911509359437556	1.1437234036290147	17766.511196073938	1532.0534900017474	1382.979824619828	1363.3739103596945	1304.6972286111584	2.104973993010622	4278.40722498127	3.0551634705012134e-08
904.9157633338257	1	1	1	1	4	0	904.9157633338257	60.0	0	0.028500855010580858	0.9115312143748948	1.1511076725151628	18821.44909523352	1636.7113548597192	1425.042750529043	1424.336668700407	1351.2842020146506	2.1086455499008023	4486.090774089169	3.136082738605687e-08
923.6550949264639	1	1	1	1	4	0	923.6550949264639	61.0	0	0.029305664197233693	0.9150051528256584	1.1495850011267787	19925.131457116822	1741.3239649711154	1465.2832098616846	1492.8539497298148	1398.1237985456555	2.115790577821926	4699.461124562615	3.639238045362612e-08
942.4966511359496	1	1	1	1	4	0	942.4966511359496	62.0	0	0.030149873447881455	0.9245259498073108	1.135526508336094	21054.748652983766	1845.4043709864493	1507.493672394073	1561.0727140306158	1445.1713378052111	2.1233235853438215	4913.970757411138	3.6785034490957415e-08
961.4390417529248	1	1	1	1	4	0	961.4390417529248	63.0	0	0.030993820634761957	0.8924981098468017	1.1405326168379224	22205.34040589459	1948.450445802989	1549.6910317380975	1620.8811638310374	1492.380735920725	2.1245062464660185	5119.022641372124	3.849327556988391e-08
980.4808466886225	1	1	1	1	4	0	980.4808466886225	64.0	0	0.03130436948677142	0.8668786497595691	1.133192727519015	23351.694839800253	2049.9450492757933	1565.2184743385708	1667.9043002172698	1539.7045202457248	2.099833268035	5283.067823831634	3.688629538617956e-08
999.6206163956656	1	1	1	1	4	0	999.6206163956656	65.0	0	0.031959191509042265	0.8960430389717761	1.1399014749971283	24571.521682104805	2149.356214402313	1597.959575452113	1730.189074725012	1587.0938459657398	2.097008099827872	5477.5048645794395	3.8252446257551386e-08
1018.856872297602	1	1	1	1	4	0	1018.856872297602	66.0	0	0.03246171675151334	0.8918682645600491	1.15375094874076	25803.70456905268	2246.137355064124	1623.0858375756668	1799.479492613658	1634.4985146179044	2.0939543839165955	5668.702685253448	3.977482470861063e-08
1038.1881072270378	1	1	1	1	4	0	1038.1881072270378	67.0	0	0.032912408092676884	0.9189793413455838	1.1559431643615343	27063.87486872296	2339.7274953779183	1645.6204046338435	1867.2633860767405	1681.866994529082	2.0886810919874086	5852.611286088502	4.016643441816812e-08
1057.612785872243	1	1	1	1	4	0	1057.612785872243	68.0	0	0.033277476380543285	0.9049680759748108	1.1563512933521212	28353.329478175194	2429.5515206760087	1663.8738190271633	1924.775965904468	1729.146443174518	2.0753880037732806	6018.201305607639	4.11690884636522e-08
1077.1293452320983	1	1	1	1	4	0	1077.1293452320983	69.0	0	0.03145669626832468	0.8524437148955337	1.1309119889255757	29483.15882711514	2515.020450104203	1572.8348134162338	1972.8452744361555	1776.2827314561798	1.996123716715792	6060.700537956593	3.890630818259249e-08
1096.7361950792456	1	1	1	1	4	0	1096.7361950792456	70.0	0	0.031545459886622745	0.923705229957486	1.158971638234765	30737.519578182484	2595.5317307921805	1577.2729943311374	2017.5897615573083	1823.2204698970559	1.971710396654016	6190.394486680626	3.802497616654241e-08
1116.4317184313063	1	1	1	1	4	0	1116.4317184313063	71.0	0	0.031545459886622745	0.8968651098201034	1.1481459160822616	31983.73072748792	2670.4695535183937	1577.2729943311374	2054.4051406138838	1869.9030367447826	1.942174574606404	6302.147688463416	3.808303677308829e-08
1136.2142720300294	1	1	1	1	4	0	1136.2142720300294	72.0	0	0.031545459886622745	0.9024811799641894	1.1386500828071475	33248.89959233524	2739.205189758182	1577.2729943311374	2078.5667561620735	1916.2726079750205	1.9077868854768216	6395.044940251393	3.913648005837506e-08
1156.0821868282233	1	1	1	1	4	0	1156.0821868282233	73.0	0	0.031545459886622745	0.9177648460857124	1.136738659988005	34508.77949756424	2801.0973499701704	1577.2729943311374	2085.2321755533185	1962.270189182056	1.8664632373644316	6463.602519854627	3.881307859585382e-08
1176.03376848433	1	1	1	1	4	0	1176.03376848433	74.0	0	0.027828290798491803	0.81357697857729	1.158985546946074	35434.72657098339	2855.4925629422887	1391.4145399245901	2085.2321755533185	2007.8356493411277	1.7315394896085106	6332.139278420198	3.581438723309098e-08
1196.0672978644968	1	1	1	1	4	0	1196.0672978644968	75.0	0	0.027828290798491803	0.9422184738673413	1.1356294457942844	36535.83918420983	2901.725575984889	1391.4145399245901	2085.2321755533185	2052.9077564239933	1.6935231038017793	6378.372291462798	3.26931594354926e-08
1216.1810315519913	1	1	1	1	4	0	1216.1810315519913	76.0	0	0.027828290798491803	0.9274927709971328	1.1315349939058046	37641.397168701296	2939.119775724533	1391.4145399245901	2085.2321755533185	2097.424214846278	1.6575791825368598	6415.766491202441	3.314636257921359e-08
1236.373202363814	1	1	1	1	4	0	1236.373202363814	77.0	0	0.027828290798491803	0.9226085040653096	1.162540570058196	38736.70389189916	2966.9876292181425	1391.4145399245901	2085.2321755533185	2141.321704722149	1.6235985035835736	6443.634344696052	3.298541802368589e-08
1256.6420198743526	1	1	1	1	4	0	1256.6420198743526	78.0	0	0.027828290798491803	0.9116070531936472	1.1427732158966335	39835.23657384831	2984.631145073409	1391.4145399245901	2085.2321755533185	2184.5359228988905	1.5914806797337442	6461.277860551319	3.3336845432639504e-08
1276.985670945924	1	1	1	1	4	0	1276.985670945924	79.0	0	0.02385466798263824	0.787079332666182	1.1406677994548762	40553.22496538928	2991.342354227649	1192.7333991319122	2085.2321755533185	2227.0016257409893	1.4719188063432842	6269.30792891288	2.977989209397919e-08
1297.4023202660453	1	1	1	1	4	0	1297.4023202660453	80.0	0	0.02385466798263824	0.9055966550656236	1.1390649673798503	41468.66786173643	2991.342354227649	1192.7333991319122	2085.2321755533185	2268.6526736303867	1.4448952952501546	6269.30792891288	2.720200709824971e-08
1317.890110891278	1	1	1	1	4	0	1317.890110891278	81.0	0	0.02385466798263824	0.9216835093932848	1.1511235090595675	42372.802415135324	2991.342354227649	1192.7333991319122	2085.2321755533185	2309.422077146629	1.419387823093503	6269.30792891288	2.7050971044804383e-08
1338.447164797479	1	1	1	1	4	0	1338.447164797479	82.0	0	0.02385466798263824	0.9258198412757151	1.1531964154727	43271.01074675207	2991.342354227649	1192.7333991319122	2085.2321755533185	2349.2420448877538	1.3953290091238133	6269.30792891288	2.7069253521952145e-08
1359.0715834363004	1	1	1	1	4	0	1359.0715834363004	83.0	0	0.01987400582311552	0.7548178413350135	1.1523276051869522	43771.09049854448	2991.342354227649	993.7002911557761	2085.2321755533185	2388.044032889877	1.289311429899868	6070.274820936745	2.3600800048810952e-08
1379.7614482977701	1	1	1	1	4	0	1379.7614482977701	84.0	0	0.01987400582311552	0.9300731127212558	1.1525680877081772	44479.81899164578	2991.342354227649	993.7002911557761	2085.2321755533185	2425.7587956006314	1.269265712771221	6070.274820936745	2.150992747293512e-08
1400.5148214787878	1	1	1	1	4	0	1400.5148214787878	85.0	0	0.01987400582311552	0.9203459068526724	1.144011390417658	45175.285457336955	2991.342354227649	993.7002911557761	2085.2321755533185	2462.316438358819	1.2504211151517397	6070.274820936745	2.134051299056745e-08
1421.3297462573673	1	1	1	1	4	0	1421.3297462573673	86.0	0	0.01987400582311552	0.9023054776515458	1.149156653464632	45853.87714754368	2991.342354227649	993.7002911557761	2085.2321755533185	2497.646471329902	1.2327334961339342	6070.274820936745	2.1144699001019472e-08
1442.2042476724564	1	1	1	1	4	0	1442.2042476724564	87.0	0	0.01987400582311552	0.9345021196347034	1.1462717573422014	46562.7217582209	2991.342354227649	993.7002911557761	2085.2321755533185	2531.6778648442946	1.2161628102311737	6070.274820936745	2.1999626625619185e-08
1463.1363331091584	1	1	1	1	4	0	1463.1363331091584	88.0	0	0.01591123531035129	0.7287903442938956	1.1381963809468718	46867.260015853135	2991.342354227649	795.5617655175643	2085.2321755533185	2564.3391060827944	1.1234060012723883	5872.136295298532	1.8555141104408456e-08
1484.1239928891891	1	1	1	1	4	0	1484.1239928891891	89.0	0	0.01591123531035129	0.939195671940712	1.168165921075787	47381.24724217339	2991.342354227649	795.5617655175643	2085.2321755533185	2595.5582570509314	1.1098937707312475	5872.136295298532	1.6834161452163024e-08
1505.1652008663875	1	1	1	1	4	0	1505.1652008663875	90.0	0	0.01591123531035129	0.9029464757228546	1.1597447601187452	47878.640104619735	2991.342354227649	795.5617655175643	2085.2321755533185	2625.2630137815504	1.097335362570493	5872.136295298532	1.663036682410651e-08
1526.2579150271054	1	1	1	1	4	0	1526.2579150271054	91.0	0	0.01591123531035129	0.8944499508696886	1.1491416326834785	48386.81169747922	2991.342354227649	795.5617655175643	2085.2321755533185	2653.380766702517	1.0857069506277393	5872.136295298532	1.7024420297519114e-08
1547.4000780953006	1	1	1	1	4	0	1547.4000780953006	92.0	0	0.01192914582044003	0.6816554521897175	1.158531796866891	48490.28890061204	2991.342354227649	596.4572910220015	2085.2321755533185	2679.838662104125	1.0006906402603135	5673.0318208029685	1.3791747988664497e-08
1568.5896181421526	1	1	1	1	4	0	1568.5896181421526	93.0	0	0.01192914582044003	0.9238869647170294	1.1511869475402061	48825.80899990642	2991.342354227649	596.4572910220015	2085.2321755533185	2704.563664638538	0.9915423702675992	5673.0318208029685	1.2796042343934996e-08
