11.247441493196291	1	1	1	1	4	0	11.247441493196291	1.0	0	0.0			15.0	0.0	0.0	0.0	0.0		0.0	0.0
11.367595075476835	1	1	1	1	4	0	11.367595075476835	1.0	0	0.0			15.0	0.0	0.0	0.0	0.0		0.0	0.0
22.856168219862568	1	1	1	1	4	0	22.856168219862568	2.0	0	0.0			14.552750241652504	0.0	0.0	0.0	0.7285827694774977	0.0	0.0	0.0
34.4665080713728	1	1	1	1	4	0	34.4665080713728	3.0	0	0.0			13.791431040067982	0.0	0.0	0.0	2.1993864847666735	0.0	0.0	0.0
46.1993671861199	1	1	1	1	4	0	46.1993671861199	4.0	0	0.0			12.713098668736418	0.0	0.0	0.0	4.42587529936556	0.0	0.0	0.0
58.05546181511435	1	1	1	1	4	0	58.05546181511435	5.0	0	0.0			11.314922877436091	0.0	0.0	0.0	7.421310407022852	0.0	0.0	0.0
70.03547169202406	1	1	1	1	4	0	70.03547169202406	6.0	0	2.500826149469408e-05			10.075555122184273	0.0	1.2504130747347042	0.0	8.825142047449571	0.14168758621806754	1.2504130747347042	0.0
82.14003983175478	1	1	1	1	4	0	82.14003983175478	7.0	0	2.8465680429212865e-05	0.5197885155662938	1.270034637492122	10.371218748503782	0.0	1.4232840214606437	0.0	8.94793472704314	0.15906285247690558	1.4232840214606437	1.3784392698191678e-12
94.36977233991071	1	1	1	1	4	0	94.36977233991071	8.0	0	3.4675713128261794e-05	0.7376497806776116	1.5219294559355692	10.86340233280334	0.0	1.7337856564130898	0.0	9.129616676390249	0.18990782612995855	1.7337856564130898	2.030297178523749e-12
106.72523823319248	1	1	1	1	4	0	106.72523823319248	9.0	0	4.283959343628171e-05	0.7497989195142303	0.9446541049087118	11.48951975054565	0.0	2.1419796718140858	0.0	9.34754007873156	0.22914902249927	2.1419796718140858	2.5108050347457966e-12
119.20696927078512	1	1	1	1	4	0	119.20696927078512	10.0	0	5.17828502427363e-05	0.6309328879286034	0.9275236854624632	12.166739971904367	0.0	2.589142512136816	0.0	9.577597459767553	0.27033319399911954	2.589142512136816	2.750795027321229e-12
131.81545979678634	1	1	1	1	4	0	131.81545979678634	11.0	0	6.54083209075531e-05	0.7959852306596322	1.1967790877849551	13.197933547093447	0.0	3.2704160453776563	0.0	9.927517501715789	0.3294293910650295	3.2704160453776563	4.224663508615382e-12
144.55116659372186	1	1	1	1	4	0	144.55116659372186	12.0	0	7.614826376271191e-05	0.4713537330286634	1.0986054117411368	14.017654516435629	0.0	3.8074131881355964	0.0	10.210241328300032	0.3729013904482821	3.8074131881355964	3.784224290523541e-12
157.41450874719058	1	1	1	1	4	0	157.41450874719058	13.0	0	9.173976496119936e-05	0.5930207988124465	1.2187469561129871	15.227471886701016	0.0	4.586988248059969	0.0	10.640483638641046	0.4310883230347034	4.586988248059969	5.147637707459125e-12
170.4058675216809	1	1	1	1	4	0	170.4058675216809	14.0	0	0.00011768148224442056	0.7997828695796867	1.7804144348922402	17.15164007798451	0.0	5.884074112221029	0.0	11.267565965763485	0.5222134159320476	5.884074112221029	7.571913295945098e-12
183.52558624759342	1	1	1	1	4	0	183.52558624759342	15.0	0	0.0001609940914521829	1.2898107534590553	1.3337007361195634	20.299425259143693	0.0	8.049704572609146	0.0	12.249720686534545	0.6571337239923968	8.049704572609146	1.2764499968406154e-11
196.77397021950497	1	1	1	1	4	0	196.77397021950497	16.0	0	0.0002141902223648653	0.9289720611272874	1.0389726559482837	24.145307159458326	0.0	10.709511118243263	0.0	13.435796041215069	0.7970879496377611	10.709511118243263	2.8869737268035712e-11
210.1512866057031	1	1	1	1	4	0	210.1512866057031	17.0	0	0.0002810465907320938	0.8395909165539498	1.01318296186282	29.009872013295453	0.0	14.052329536604693	0.0	14.957542476690767	0.9394811720243	14.052329536604693	3.4983562565888946e-11
223.65776436901845	1	1	1	1	4	0	223.65776436901845	18.0	0	0.00035457223533506225	0.685878942006921	1.235766721355684	34.45419486294404	0.0	17.728611766753108	0.0	16.72558309619093	1.0599697280981857	17.728611766753108	4.287679057150395e-11
237.29359419897813	1	1	1	1	4	0	237.29359419897813	19.0	0	0.0004641703563905053	0.8591624137622226	1.191102924026051	42.81921126571309	0.0	23.208517819525266	0.0	19.61069344618782	1.1834623738936083	23.208517819525266	5.951099591029754e-11
251.0589284553002	1	1	1	1	4	0	251.0589284553002	20.0	0	0.0005939969843669331	0.8007383824086409	1.2361097945289037	53.21170863000715	0.0	29.699849218346657	0.0	23.5118594116605	1.2631858968847558	29.699849218346657	7.282007145708479e-11
264.95388112274634	1	1	1	1	4	0	264.95388112274634	21.0	0	0.0007646226075307807	0.8195106722394275	1.0933368433446806	66.92870618262742	0.0	38.23113037653905	0.0	28.697575806088377	1.3322076622384271	38.23113037653905	1.0178084918019945e-10
278.9785277773454	1	1	1	1	4	0	278.9785277773454	22.0	0	0.0009432297847640707	0.6544617649809357	1.2127891961392059	81.64679227311666	0.0	47.161489238203536	0.0	34.48530303491312	1.3675822767297994	47.161489238203536	1.337253126902535e-10
293.1329055639992	1	1	1	1	4	0	293.1329055639992	23.0	0	0.0012439609388148827	0.958222165252144	1.1492835309245013	105.99205974196708	0.0	62.19804694074414	0.0	43.794012801222934	1.4202408722638742	62.19804694074414	2.5610860334518744e-10
307.41701318547484	1	1	1	1	4	0	307.41701318547484	24.0	0	0.0016283584184703392	0.9023369536226468	1.2250313929923529	137.0950831421506	0.0	81.41792092351695	0.0	55.67716221863363	1.4623216715644425	81.41792092351695	3.052490305269781e-10
321.83081090278995	1	1	1	1	4	0	321.83081090278995	25.0	0	0.0021494609166160658	0.9782336605178108	1.2058809559222758	179.90078013247012	0.0	107.47304583080329	0.0	72.42773430166686	1.4838659094756452	107.47304583080329	4.260525506835225e-10
336.3742205469876	1	1	1	1	4	0	336.3742205469876	26.0	0	0.0027668802302854433	0.8536282725927747	1.1821609694088149	233.27140226262	0.0	138.34401151427213	0.0	93.9458139561022	1.4725936759557563	138.34401151427213	5.23551730620063e-10
351.0471255422998	1	1	1	1	4	0	351.0471255422998	27.0	0	0.003432224071952664	0.8966682074637295	1.1955851640103765	311.5942858422011	0.0	171.61120359763314	0.0	116.40989434949458	1.474197743727943	171.61120359763314	7.326231472256721e-10
365.84937094069124	1	1	1	1	4	0	365.84937094069124	28.0	0	0.004102941886118753	0.8295903746400791	1.1277066637106998	406.8596381005983	0.0	205.14709430593757	0.0	139.81982212084174	1.467224683840862	205.14709430593757	1.0188108332164179e-09
380.78076346777357	1	1	1	1	4	0	380.78076346777357	29.0	0	0.004759492859890599	0.8633543991894842	1.1694534083466377	530.9382813819893	0.0	237.97464299453	0.0	164.17447242414067	1.4495228124122022	237.97464299453	1.3096953796384932e-09
395.84107158007737	1	1	1	1	4	0	395.84107158007737	30.0	0	0.00545321534734024	0.9103902261913808	1.1459898152526775	684.8085493198796	0.0	272.660767367012	0.0	189.47171835779892	1.439057869587263	272.660767367012	1.5968766585933688e-09
411.03002553366304	1	1	1	1	4	0	411.03002553366304	31.0	0	0.006153448172056859	0.8981641597555344	1.1956400529405358	863.5335032504534	0.0	307.67240860284295	0.0	215.7084009348092	1.4263348449550042	307.67240860284295	1.8707408434420467e-09
426.3473174640513	1	1	1	1	4	0	426.3473174640513	32.0	0	0.006827927437018683	0.8922812939126789	1.1803513181669196	1067.916112679453	0.0	341.39637185093414	0.0	242.88029964727744	1.4056157388916533	341.39637185093414	2.149046205887488e-09
441.79260147745117	1	1	1	1	4	0	441.79260147745117	33.0	0	0.007552747177182689	0.8525458146747041	1.148326564368553	1282.989676032636	0.0	377.6373588591345	11.86334260539778	270.98210367911776	1.43736688207926	389.50070146453226	2.311027762399488e-09
457.365493753255	1	1	1	1	4	0	457.365493753255	34.0	0	0.008278136556431078	0.8868129202078633	1.185346653962131	1526.993792462101	0.0	413.90682782155386	33.638863238761594	300.0073838208625	1.4917822533579694	447.54569106031545	2.9415066181213582e-09
473.0655726577729	1	1	1	1	4	0	473.0655726577729	35.0	0	0.008967583257021844	0.9113919047351208	1.216135459000934	1800.7605451515772	0.0	448.37916285109225	63.26574790347243	329.948565140577	1.5506808175891738	511.64491075456476	3.6967873131983263e-09
488.8923788691719	1	1	1	1	4	0	488.8923788691719	36.0	0	0.009686040649917021	0.9035845334461228	1.1645999138300271	2095.5929673955525	0.0	484.302032495851	98.57176754760937	360.79690046481085	1.6155177588625351	582.8738000434604	3.87147850458491e-09
504.8454155135833	1	1	1	1	4	0	504.8454155135833	37.0	0	0.010397589815451084	0.9340558814207484	1.1599500941867544	2416.890311091175	7.015059303619688	519.8794907725542	137.2716074713363	392.5424447233658	1.6740892789491868	664.1661575475101	4.267491615400239e-09
520.9241483123367	1	1	1	1	4	0	520.9241483123367	38.0	0	0.011064576994828984	0.8738327452049313	1.1685582719357384	2754.0259704999708	20.920301141753512	553.2288497414489	176.96529644246598	425.1740302114063	1.7174006272698397	751.1144473256685	4.657898140575472e-09
537.1280057402779	1	1	1	1	4	0	537.1280057402779	39.0	0	0.01176820027232317	0.902644646368078	1.1484899330870917	3124.3504010175957	41.57746167947757	588.4100136161584	228.13453234226182	458.67924282209196	1.7802081928419276	858.1220076378978	5.238972087425062e-09
553.4563791951257	1	1	1	1	4	0	553.4563791951257	40.0	0	0.012450511697261557	0.9280017450306984	1.182241303845282	3523.534176526309	68.8346330571118	622.5255848630778	285.8563949510358	493.04439930245337	1.842393871828316	977.2166128712253	6.977001076612738e-09
569.9086231778117	1	1	1	1	4	0	569.9086231778117	41.0	0	0.01316808457996663	0.9254651208839983	1.1773659531754022	3945.8689474127214	102.52601851334668	658.4042289983314	344.97084620866616	528.2545255846842	1.8994159569128897	1105.9010937203443	7.326663336190988e-09
586.4840554837581	1	1	1	1	4	0	586.4840554837581	42.0	0	0.013904503975534187	0.9196832930847084	1.1508551895321426	4394.8896986216605	142.47170017444452	695.2251987767095	400.0782610971759	564.2933362443657	1.9410178882558469	1237.7751600483298	8.054067239745073e-09
603.1819574050269	1	1	1	1	4	0	603.1819574050269	43.0	0	0.01461821703097884	0.9208777229001529	1.1490689398970588	4884.214872704616	188.47742008486333	730.910851548942	445.5372001664082	601.1432151363845	1.9570179319888743	1364.9254718002135	8.792341808193765e-09
620.0015739432909	1	1	1	1	4	0	620.0015739432909	44.0	0	0.01526582898463904	0.8712317398496495	1.151658734801854	5393.477523765985	240.3343750448304	763.291449231952	486.7965064426599	638.7851972584432	1.956977026142396	1490.4223307194422	9.157701824840334e-09
636.9421140335545	1	1	1	1	4	0	636.9421140335545	45.0	0	0.01593343675294517	0.925676370460871	1.1313242039213096	5940.0597282855115	297.8190258094122	796.6718376472583	539.6599945120054	677.1989518911033	1.9733223573774108	1634.1508579686758	1.0140489414504722e-08
654.0027507785644	1	1	1	1	4	0	654.0027507785644	46.0	0	0.016621433795478032	0.8937565605124717	1.1521241812876342	6494.2593377367575	360.69292119149117	831.0716897739013	598.4568926302895	716.3627670622421	1.9955372447211293	1790.2215035956824	1.2108086958430706e-08
671.1826216938364	1	1	1	1	4	0	671.1826216938364	47.0	0	0.017361791471989386	0.8713114687835549	1.1387587383123987	7078.158133181205	428.702537597776	868.0895735994693	657.2664508030814	756.2535353826294	2.0169902724894917	1954.058562000327	1.2917633660566382e-08
688.4808289632283	1	1	1	1	4	0	688.4808289632283	48.0	0	0.01810895145368896	0.8635625791131469	1.1682512426237721	7683.346591385951	501.57913451254234	905.4475726844479	709.916576233926	796.8467412980791	2.0271955260642893	2116.9432834309164	1.3481524292486027e-08
705.8964397049822	1	1	1	1	4	0	705.8964397049822	49.0	0	0.01881544552429321	0.8878393692577833	1.1657260477742482	8340.494827001441	579.0386264282525	940.7722762146602	752.8416297505372	838.1164498022603	2.0207381758999934	2272.65253239345	1.461538689970952e-08
723.4284862481575	1	1	1	1	4	0	723.4284862481575	50.0	0	0.019572158931693718	0.9117628186971876	1.1619197498332972	9022.431716588286	660.7814717055172	978.6079465846859	810.4757308638319	880.035296652786	2.032968091454169	2449.865149154035	1.5208482848201202e-08
741.0759664193733	1	1	1	1	4	0	741.0759664193733	51.0	0	0.020307197878239563	0.9077923814176276	1.1375695639321477	9730.624235934636	746.4925788270981	1015.359893911978	876.5594057224796	922.5744801316494	2.050695461860689	2638.411878461556	1.8344372517855223e-08
758.8378438397727	1	1	1	1	4	0	758.8378438397727	52.0	0	0.02111239887594129	0.9137542985954408	1.147422182720042	10483.968870147242	835.8412304917856	1055.6199437970643	944.5756310611807	965.7037543894094	2.0712310227300703	2836.0368053500306	1.905576272050563e-08
776.7130482321257	1	1	1	1	4	0	776.7130482321257	53.0	0	0.0219376410601284	0.8760901727088234	1.1407589242001477	11252.639148245577	928.4810259740648	1096.88205300642	1007.7495086544756	1009.391424410791	2.085049972451892	3033.112587634961	2.0481020939411158e-08
794.7004757379742	1	1	1	1	4	0	794.7004757379742	54.0	0	0.022730849444356868	0.8826747568333977	1.1596079177105834	12071.720342654266	1024.0498421545199	1136.5424722178434	1059.048258242922	1053.604342637516	2.0838854222681777	3219.6405726152852	2.1163132024132963e-08
812.7989892447298	1	1	1	1	4	0	812.7989892447298	55.0	0	0.023587059140139918	0.8753552921985507	1.1395653866186832	12912.694583623423	1122.1698136039506	1179.3529570069963	1118.4605119973603	1098.3079072822547	2.0921396029008474	3419.9832826083075	2.2397594896858776e-08
831.0074187226242	1	1	1	1	4	0	831.0074187226242	56.0	0	0.024425884042539345	0.8843620730768128	1.1600806410497215	13786.569160955889	1222.4473320812006	1221.2942021269673	1185.9135452722826	1143.466062365575	2.1051851267183883	3629.65507948045	2.4455817691011022e-08
849.3245615714155	1	1	1	1	4	0	849.3245615714155	57.0	0	0.025252263888047317	0.8892269285102188	1.16474728790238	14698.53318447706	1324.473065780785	1262.613194402366	1254.223101530684	1189.0412995056508	2.116693757382048	3841.3093617138343	2.6510815508363303e-08
867.7491829767432	1	1	1	1	4	0	867.7491829767432	58.0	0	0.02608888407102944	0.8924657498651213	1.15081205663924	15648.73040080764	1427.8219986415347	1304.4442035514721	1315.9445103417586	1234.9946614883295	2.121781409755505	4048.210712534765	2.80512027163584e-08
886.2800162760308	1	1	1	1	4	0	886.2800162760308	59.0	0	0.026878574856376104	0.8850442801560292	1.1609204683888497	16640.03457726121	1532.0534900017474	1343.9287428188056	1363.3739103596945	1281.2857476428724	2.1129577521321927	4239.356143180247	2.917008575129314e-08
904.9157633338257	1	1	1	1	4	0	904.9157633338257	60.0	0	0.027719833374560403	0.8882633435148403	1.15378403255565	17663.670617789234	1636.7113548597192	1385.9916687280204	1424.336668700407	1327.8727210463649	2.1164139400453132	4447.0396922881455	3.0751560946221824e-08
923.6550949264639	1	1	1	1	4	0	923.6550949264639	61.0	0	0.02852464256121323	0.8846359620377848	1.1495613788388084	18711.46720775304	1741.3239649711154	1426.2321280606616	1492.8539497298148	1374.71231757737	2.12341596162805	4660.410042761592	3.414160813191977e-08
942.4966511359496	1	1	1	1	4	0	942.4966511359496	62.0	0	0.029368851811861007	0.8894362622913979	1.1578375477937537	19811.632782210192	1845.4043709864493	1468.4425905930502	1561.0727140306158	1421.7598568369253	2.130820679776127	4874.9196756101155	3.648379114480366e-08
961.4390417529248	1	1	1	1	4	0	961.4390417529248	63.0	0	0.0302127989987415	0.8619160964380762	1.1517142176481	20929.894716840663	1948.450445802989	1510.6399499370748	1620.8811638310374	1468.9692549524395	2.131781249478568	5079.971559571101	3.7845383665927634e-08
980.4808466886225	1	1	1	1	4	0	980.4808466886225	64.0	0	0.030638595605059025	0.8782375355325981	1.137006779149688	22086.48901466541	2049.9450492757933	1531.9297802529513	1667.9043002172698	1516.293039277439	2.110300580153716	5249.7791297460135	3.6576352092992295e-08
999.6206163956656	1	1	1	1	4	0	999.6206163956656	65.0	0	0.031293417627329866	0.8929353724296083	1.1393746695065017	23288.874206315762	2149.356214402313	1564.6708813664932	1730.189074725012	1563.682364997454	2.1071158886522783	5444.216170493819	3.7786673509307264e-08
1018.856872297602	1	1	1	1	4	0	1018.856872297602	66.0	0	0.03179594286980094	0.9081813748710598	1.1483851967950474	24524.220677086993	2246.137355064124	1589.797143490047	1799.479492613658	1611.087033649619	2.103720385872592	5635.413991167829	3.98385402781965e-08
1038.1881072270378	1	1	1	1	4	0	1038.1881072270378	67.0	0	0.03224663421096447	0.9117830919128308	1.149022961153292	25792.52117725425	2339.7274953779183	1612.3317105482238	1867.2633860767405	1658.4555135607966	2.0980937192304183	5819.3225920028835	4.1036344981614116e-08
1057.612785872243	1	1	1	1	4	0	1057.612785872243	68.0	0	0.03261170249883087	0.8944410410003533	1.1517131765703197	27059.64339208522	2429.5515206760087	1630.5851249415437	1924.775965904468	1705.7349622062322	2.0843572827090533	5984.912611522021	4.038784322700764e-08
1077.1293452320983	1	1	1	1	4	0	1077.1293452320983	69.0	0	0.031233607179104464	0.8606557604824536	1.1423273483367855	28224.964088643934	2515.020450104203	1561.6803589552235	1972.8452744361555	1752.871250487894	2.016420562780968	6049.546083495581	3.90807445992759e-08
1096.7361950792456	1	1	1	1	4	0	1096.7361950792456	70.0	0	0.03132237079740253	0.8960662974943921	1.1564620370648435	29465.212708713043	2595.5317307921805	1566.1185398701266	2017.5897615573083	1799.8089889287705	1.9911603528330108	6179.240032219615	3.758371969735741e-08
1116.4317184313063	1	1	1	1	4	0	1116.4317184313063	71.0	0	0.03132237079740253	0.9001173697890477	1.1560891520029852	30716.81656716004	2670.4695535183937	1566.1185398701266	2054.4051406138838	1846.4915557764969	1.9607583198296767	6290.993234002403	3.808962311222861e-08
1136.2142720300294	1	1	1	1	4	0	1136.2142720300294	72.0	0	0.03132237079740253	0.8798968286708897	1.1392742028681673	31963.16945756757	2739.205189758182	1566.1185398701266	2078.5667561620735	1892.8611270067347	1.9254900658220515	6383.890485790382	3.835901416056665e-08
1156.0821868282233	1	1	1	1	4	0	1156.0821868282233	73.0	0	0.03132237079740253	0.9003169257017569	1.148470827833652	33240.64112439261	2801.0973499701704	1566.1185398701266	2085.2321755533185	1938.8587082137701	1.8832474485917323	6452.448065393614	3.9270534509997735e-08
1176.03376848433	1	1	1	1	4	0	1176.03376848433	74.0	0	0.027828290798491803	0.8035787727791486	1.1381484422302979	34191.45636861681	2855.4925629422887	1391.4145399245901	2085.2321755533185	1984.4241683728415	1.7519675333971754	6332.139278420198	3.588004335231211e-08
1196.0672978644968	1	1	1	1	4	0	1196.0672978644968	75.0	0	0.027828290798491803	0.9081535730326804	1.1454309872547674	35298.1994232454	2901.725575984889	1391.4145399245901	2085.2321755533185	2029.4962754557073	1.713058928722229	6378.372291462798	3.2705184354669444e-08
1216.1810315519913	1	1	1	1	4	0	1216.1810315519913	76.0	0	0.027828290798491803	0.8948900810280734	1.147220894326379	36405.776435310334	2939.119775724533	1391.4145399245901	2085.2321755533185	2074.012733877993	1.6762899565121128	6415.766491202441	3.3048725650631936e-08
1236.373202363814	1	1	1	1	4	0	1236.373202363814	77.0	0	0.027828290798491803	0.8967329338882158	1.1480193577408675	37501.27594667366	2966.9876292181425	1391.4145399245901	2085.2321755533185	2117.910223753864	1.6415458391412687	6443.634344696052	3.2811686225688027e-08
1256.6420198743526	1	1	1	1	4	0	1256.6420198743526	78.0	0	0.027828290798491803	0.9131301974872033	1.16236693506	38609.3026872383	2984.631145073409	1391.4145399245901	2085.2321755533185	2161.124441930605	1.6087212045837136	6461.277860551319	3.326913117830277e-08
1276.985670945924	1	1	1	1	4	0	1276.985670945924	79.0	0	0.02385466798263824	0.7456377888460315	1.1587089855268855	39315.909442082906	2991.342354227649	1192.7333991319122	2085.2321755533185	2203.5901447727038	1.4875568319549488	6269.30792891288	2.9428100667444343e-08
1297.4023202660453	1	1	1	1	4	0	1297.4023202660453	80.0	0	0.02385466798263824	0.9009498303285518	1.1655345442575111	40244.10781679855	2991.342354227649	1192.7333991319122	2085.2321755533185	2245.241192662101	1.4599614444088589	6269.30792891288	2.7301296642310827e-08
1317.890110891278	1	1	1	1	4	0	1317.890110891278	81.0	0	0.02385466798263824	0.903061442315835	1.1520534421726811	41164.69760728598	2991.342354227649	1192.7333991319122	2085.2321755533185	2286.0105961783443	1.4339240509931122	6269.30792891288	2.7270406654493285e-08
1338.447164797479	1	1	1	1	4	0	1338.447164797479	82.0	0	0.02385466798263824	0.8922717560617158	1.1583805897351465	42062.87578352269	2991.342354227649	1192.7333991319122	2085.2321755533185	2325.830563919468	1.4093741932607649	6269.30792891288	2.6947662225988723e-08
1359.0715834363004	1	1	1	1	4	0	1359.0715834363004	83.0	0	0.01987400582311552	0.7589637344243241	1.159115557561598	42598.10886748736	2991.342354227649	993.7002911557761	2085.2321755533185	2364.6325519215907	1.302076495651316	6070.274820936745	2.4238489372473688e-08
1379.7614482977701	1	1	1	1	4	0	1379.7614482977701	84.0	0	0.01987400582311552	0.8886278668413226	1.1611065598331474	43321.1345299798	2991.342354227649	993.7002911557761	2085.2321755533185	2402.347314632346	1.2816350275231925	6070.274820936745	2.1778506926686467e-08
1400.5148214787878	1	1	1	1	4	0	1400.5148214787878	85.0	0	0.01987400582311552	0.8961007273412759	1.1496968294515073	44034.08344603731	2991.342354227649	993.7002911557761	2085.2321755533185	2438.9049573905336	1.262424129066246	6070.274820936745	2.164057249138165e-08
1421.3297462573673	1	1	1	1	4	0	1421.3297462573673	86.0	0	0.01987400582311552	0.881095565249037	1.1524514615210673	44749.67940099703	2991.342354227649	993.7002911557761	2085.2321755533185	2474.2349903616164	1.2443977547415976	6070.274820936745	2.1962893258535306e-08
1442.2042476724564	1	1	1	1	4	0	1442.2042476724564	87.0	0	0.01987400582311552	0.9152465751690382	1.16288875296445	45456.249963701935	2991.342354227649	993.7002911557761	2085.2321755533185	2508.266383876009	1.2275141454279024	6070.274820936745	2.1728640301319242e-08
1463.1363331091584	1	1	1	1	4	0	1463.1363331091584	88.0	0	0.01591123531035129	0.6933123603624687	1.162254810671002	45765.63033719365	2991.342354227649	795.5617655175643	2085.2321755533185	2540.927625114509	1.1337567873233136	5872.136295298532	1.8578533757756952e-08
1484.1239928891891	1	1	1	1	4	0	1484.1239928891891	89.0	0	0.01591123531035129	0.9124702895426046	1.1660938044751334	46285.44748001026	2991.342354227649	795.5617655175643	2085.2321755533185	2572.146776082646	1.1199959379683238	5872.136295298532	1.681658983112481e-08
1505.1652008663875	1	1	1	1	4	0	1505.1652008663875	90.0	0	0.01591123531035129	0.918674346927679	1.1487795518532002	46782.54378813583	2991.342354227649	795.5617655175643	2085.2321755533185	2601.8515328132653	1.1072091949674046	5872.136295298532	1.6312206007022472e-08
1526.2579150271054	1	1	1	1	4	0	1526.2579150271054	91.0	0	0.01591123531035129	0.9323447093546909	1.1572560325931889	47294.46650394416	2991.342354227649	795.5617655175643	2085.2321755533185	2629.969285734232	1.0953717051743541	5872.136295298532	1.6757348350720203e-08
1547.4000780953006	1	1	1	1	4	0	1547.4000780953006	92.0	0	0.01192914582044003	0.6796018005769741	1.1564304700978865	47445.65048495117	2991.342354227649	596.4572910220015	2085.2321755533185	2656.42718113584	1.0095098731178764	5673.0318208029685	1.4718048823839424e-08
1568.5896181421526	1	1	1	1	4	0	1568.5896181421526	93.0	0	0.01192914582044003	0.926303044124924	1.1767497613235192	47791.906892426385	2991.342354227649	596.4572910220015	2085.2321755533185	2681.1521836702523	1.0002003925433027	5673.0318208029685	1.2866264453756765e-08
