11.247441493196291	1	1	1	1	4	0	11.247441493196291	1.0	0	0.0			15.0	0.0	0.0	0.0	0.0		0.0	0.0
11.367595075476835	1	1	1	1	4	0	11.367595075476835	1.0	0	0.0			15.0	0.0	0.0	0.0	0.0		0.0	0.0
22.856168219862568	1	1	1	1	4	0	22.856168219862568	2.0	0	0.0			14.552750241652504	0.0	0.0	0.0	0.7285827694774977	0.0	0.0	0.0
34.4665080713728	1	1	1	1	4	0	34.4665080713728	3.0	0	0.0			13.791431040067982	0.0	0.0	0.0	2.1993864847666735	0.0	0.0	0.0
46.1993671861199	1	1	1	1	4	0	46.1993671861199	4.0	0	0.0			12.713098668736418	0.0	0.0	0.0	4.42587529936556	0.0	0.0	0.0
58.05546181511435	1	1	1	1	4	0	58.05546181511435	5.0	0	0.0			11.314922877436091	0.0	0.0	0.0	7.421310407022852	0.0	0.0	0.0
70.03547169202406	1	1	1	1	4	0	70.03547169202406	6.0	0	2.500826149469408e-05			10.075555122184273	0.0	1.2504130747347042	0.0	8.825142047449571	0.14168758621806754	1.2504130747347042	0.0
82.14003983175478	1	1	1	1	4	0	82.14003983175478	7.0	0	3.2088924444379196e-05	1.1815179140585874	1.1670036673787456	10.681063023916607	0.0	1.6044462222189604	0.0	9.076616801697648	0.17676698898634485	1.6044462222189604	2.3581232656091626e-12
94.36977233991071	1	1	1	1	4	0	94.36977233991071	8.0	0	3.6206551433718395e-05	0.4319508938182019	0.8171987014313024	11.00741048594075	0.0	1.8103275716859204	0.0	9.197082914254828	0.1968371481005179	1.8103275716859204	1.5502527627731964e-12
106.72523823319248	1	1	1	1	4	0	106.72523823319248	9.0	0	4.693914449966595e-05	0.975522699493916	1.4128849362244855	11.830531747227333	0.0	2.346957224983297	0.0	9.483574522244032	0.24747601439503986	2.346957224983297	3.1452779040899878e-12
119.20696927078512	1	1	1	1	4	0	119.20696927078512	10.0	0	5.459266536867215e-05	0.4864522540791322	1.1493631503142017	12.41008785405199	0.0	2.7296332684336075	0.0	9.680454585618383	0.2819736660392834	2.7296332684336075	2.493338573780175e-12
131.81545979678634	1	1	1	1	4	0	131.81545979678634	11.0	0	7.16179666956803e-05	0.9742105562428316	0.9669956996327349	13.698585093960359	0.0	3.5808983347840155	0.0	10.117686759176346	0.35392460945050314	3.5808983347840155	5.069973330895842e-12
144.55116659372186	1	1	1	1	4	0	144.55116659372186	12.0	0	9.079522627537204e-05	0.7990497829397781	1.4307507601059994	15.16228020146651	0.0	4.5397613137686035	0.0	10.622518887697908	0.4273714513255576	4.5397613137686035	5.874620788072348e-12
157.41450874719058	1	1	1	1	4	0	157.41450874719058	13.0	0	0.00011578131955833042	0.8260136868437747	1.391168744762253	17.10106783223852	0.0	5.789065977916522	0.0	11.312001854321995	0.5117631744114931	5.789065977916522	7.630948442986179e-12
170.4058675216809	1	1	1	1	4	0	170.4058675216809	14.0	0	0.00013873256225916465	0.5312910786801313	1.4848651705030833	18.803424336753203	0.0	6.936628112958231	0.0	11.866796223794973	0.5845409310264464	6.936628112958231	7.297945240003768e-12
183.52558624759342	1	1	1	1	4	0	183.52558624759342	15.0	0	0.00017448875072494755	0.6896582537894719	1.4680920277352487	21.402039433974245	0.0	8.724437536247377	0.0	12.677601897726865	0.6881772756890004	8.724437536247377	1.1407355271303102e-11
196.77397021950497	1	1	1	1	4	0	196.77397021950497	16.0	0	0.0002272083094172232	0.8304486074744764	1.0602796860196022	25.213466939858147	0.0	11.360415470861161	0.0	13.85305146899698	0.8200659252790391	11.360415470861161	1.7090229792818453e-11
210.1512866057031	1	1	1	1	4	0	210.1512866057031	17.0	0	0.0002991900128973229	0.8551349686866405	1.2853016363886978	30.450958497061208	0.0	14.959500644866145	0.0	15.491457852195072	0.9656612558737621	14.959500644866145	3.804556271996328e-11
223.65776436901845	1	1	1	1	4	0	223.65776436901845	18.0	0	0.000408441135675898	1.102100305432653	1.2542507930835864	38.5406309821515	0.0	20.4220567837949	0.0	18.118574198356594	1.1271337667202996	20.4220567837949	5.706377819379948e-11
237.29359419897813	1	1	1	1	4	0	237.29359419897813	19.0	0	0.0005488477151447387	1.0341374521085864	1.225664629572728	49.25708605458283	0.0	27.442385757236927	0.0	21.8147002973459	1.2579767488520448	27.442385757236927	7.685842367898564e-11
251.0589284553002	1	1	1	1	4	0	251.0589284553002	20.0	0	0.0007250980394633454	0.9788836684213986	1.236155507102349	63.36575589748802	0.0	36.25490197316728	0.0	27.110853924320736	1.3372836604251537	36.25490197316728	1.004076078405317e-10
264.95388112274634	1	1	1	1	4	0	264.95388112274634	21.0	0	0.0009420754852608158	0.8637057662276546	1.1080945179449266	80.80908614173653	0.0	47.10377426304079	0.0	33.70531187869574	1.3975178284231773	47.10377426304079	1.283228658342176e-10
278.9785277773454	1	1	1	1	4	0	278.9785277773454	22.0	0	0.001222131045540808	0.8764439549963109	1.1299331303858138	103.88700445482469	0.0	61.10655227704041	0.0	42.7804521777843	1.4283755586102191	61.10655227704041	2.1447501870036674e-10
293.1329055639992	1	1	1	1	4	0	293.1329055639992	23.0	0	0.0015724236844112376	0.8084950262043259	1.2476333803441124	132.24445219776504	0.0	78.6211842205619	0.0	53.623267977203156	1.4661766652115664	78.6211842205619	2.793524253927372e-10
307.41701318547484	1	1	1	1	4	0	307.41701318547484	24.0	0	0.0020591703909503007	0.9216264529734288	1.177847423545844	171.6289305169684	0.0	102.95851954751505	0.0	68.67041096945334	1.499314160116416	102.95851954751505	3.721330544374007e-10
321.83081090278995	1	1	1	1	4	0	321.83081090278995	25.0	0	0.002678477994324532	0.8636013404813913	1.176309254920802	222.50163542276002	0.0	133.9238997162266	0.0	88.57773570653336	1.5119363646856983	133.9238997162266	5.13424801525751e-10
336.3742205469876	1	1	1	1	4	0	336.3742205469876	26.0	0	0.003295897307993909	0.8610216613944315	1.2231283753357376	295.18813733981045	0.0	164.79486539969548	0.0	110.09581536096869	1.496831326961758	164.79486539969548	6.613978837921461e-10
351.0471255422998	1	1	1	1	4	0	351.0471255422998	27.0	0	0.00396124114966113	0.8365664628236036	1.1900898025836988	386.55531526157273	0.0	198.0620574830565	0.0	132.5598957543611	1.4941325681944833	198.0620574830565	8.10149861242171e-10
365.84937094069124	1	1	1	1	4	0	365.84937094069124	28.0	0	0.004631958963827218	0.9155894362427021	1.189929393267135	510.4107126487226	0.0	231.5979481913609	0.0	155.96982352570825	1.4848894674371866	231.5979481913609	1.255359616831808e-09
380.78076346777357	1	1	1	1	4	0	380.78076346777357	29.0	0	0.0052885099375990655	0.9138217617209232	1.1655500792539	659.5087669871244	0.0	264.42549687995336	0.0	180.3244738290072	1.4663871812025635	264.42549687995336	1.5545101489509653e-09
395.84107158007737	1	1	1	1	4	0	395.84107158007737	30.0	0	0.005982232425048707	0.8396919325745273	1.1749582334395654	821.388113478961	0.0	299.1116212524353	0.0	205.62171976266544	1.4546693880280672	299.1116212524353	1.794206078159424e-09
411.03002553366304	1	1	1	1	4	0	411.03002553366304	31.0	0	0.006682465249765325	0.9042543290562464	1.1561522407561693	1019.6492984525604	0.0	334.1232624882663	0.0	231.8584023396757	1.4410660088943903	334.1232624882663	2.029919697756067e-09
426.3473174640513	1	1	1	1	4	0	426.3473174640513	32.0	0	0.007356944514727149	0.8839649085544842	1.1569075650122729	1239.8952145737894	0.0	367.8472257363575	0.0	259.03030105214395	1.4200934185777292	367.8472257363575	2.2761199412094145e-09
441.79260147745117	1	1	1	1	4	0	441.79260147745117	33.0	0	0.008081764254891155	0.9093423747534828	1.1857172148981598	1486.262597148591	0.0	404.0882127445578	11.86334260539778	287.13210508398424	1.448641750556917	415.9515553499556	2.630528851110977e-09
457.365493753255	1	1	1	1	4	0	457.365493753255	34.0	0	0.008807153634139545	0.8868089348396759	1.178028506378608	1750.4577240893775	0.0	440.35768170697725	33.638863238761594	316.157385225729	1.499242361861376	473.99654494573883	3.1501522934722742e-09
473.0655726577729	1	1	1	1	4	0	473.0655726577729	35.0	0	0.009496600334730309	0.9072303405893108	1.1654175240639773	2043.8401711879874	0.0	474.8300167365155	63.26574790347243	346.0985665454435	1.5547471635347985	538.0957646399879	3.69531790016429e-09
488.8923788691719	1	1	1	1	4	0	488.8923788691719	36.0	0	0.010215057727625487	0.8945337118521971	1.1809165836479651	2357.1885220783684	0.0	510.7528863812743	98.57176754760937	376.94690186967733	1.6164734367270297	609.3246539288838	3.989533558633082e-09
504.8454155135833	1	1	1	1	4	0	504.8454155135833	37.0	0	0.010926606893159552	0.907886689872316	1.1621321755829421	2700.04449566483	7.015059303619688	546.3303446579773	137.2716074713363	408.6924461282322	1.6726561956440598	690.6170114329334	4.6524974998855156e-09
520.9241483123367	1	1	1	1	4	0	520.9241483123367	38.0	0	0.01159359407253745	0.9107712407230008	1.1659808737041322	3066.7757023410168	20.920301141753512	579.6797036268722	176.96529644246598	441.3240316162728	1.7144885523189324	777.5653012110918	4.987819072421415e-09
537.1280057402779	1	1	1	1	4	0	537.1280057402779	39.0	0	0.012297217350031637	0.9163981895169352	1.1547157550493474	3456.354453548733	41.57746167947757	614.8608675015818	228.13453234226182	474.82924422695845	1.775365376276001	884.5728615233211	5.465339060711663e-09
553.4563791951257	1	1	1	1	4	0	553.4563791951257	40.0	0	0.012979528774970023	0.9347992164458	1.175913298795995	3872.435598525714	68.8346330571118	648.976438748501	285.8563949510358	509.19440070731986	1.8359055645564133	1003.6674667566484	7.0171712586903364e-09
569.9086231778117	1	1	1	1	4	0	569.9086231778117	41.0	0	0.013697101657675098	0.908709226771356	1.141628927983154	4311.2686767759915	102.52601851334668	684.8550828837547	344.97084620866616	544.4045269895506	1.891655704604725	1132.3519476057675	7.706930615858141e-09
586.4840554837581	1	1	1	1	4	0	586.4840554837581	42.0	0	0.014433521053242656	0.9063438015458628	1.1688170748426028	4786.894087954512	142.47170017444452	721.6760526621325	400.0782610971759	580.4433376492321	1.9325819438334149	1264.2260139337532	8.542790259647873e-09
603.1819574050269	1	1	1	1	4	0	603.1819574050269	43.0	0	0.01514723410868731	0.9261739711664144	1.1543169323736109	5303.138202563957	188.47742008486333	757.3617054343653	445.5372001664082	617.2932165412508	1.9486669760291933	1391.3763256856369	9.38051720959347e-09
620.0015739432909	1	1	1	1	4	0	620.0015739432909	44.0	0	0.01579484606234751	0.9324877664865696	1.1392061813492178	5852.7591057880445	240.3343750448304	789.7423031173752	486.7965064426599	654.9351986633095	1.949107044735705	1516.8731846048654	9.85281035295885e-09
636.9421140335545	1	1	1	1	4	0	636.9421140335545	45.0	0	0.016462453830653638	0.9091090850215648	1.1417665494295142	6411.3661410934665	297.8190258094122	823.1226915326815	539.6599945120054	693.3489532959697	1.9655076705119887	1660.6017118540992	1.0073023831988564e-08
654.0027507785644	1	1	1	1	4	0	654.0027507785644	46.0	0	0.017150450873186496	0.9239766393925176	1.161575201092366	6997.912542328382	360.69292119149117	857.5225436593248	598.4568926302895	732.5127684671086	1.9876505898135628	1816.6723574811053	1.1871165987845012e-08
671.1826216938364	1	1	1	1	4	0	671.1826216938364	47.0	0	0.017890808549697854	0.9170350170953327	1.1317884773590203	7605.364906368932	428.702537597776	894.5404274848927	657.2664508030814	772.4035367874957	2.0090623675055856	1980.5094158857496	1.3142635887818734e-08
688.4808289632283	1	1	1	1	4	0	688.4808289632283	48.0	0	0.018637968531397427	0.9324329618009092	1.1624578631564704	8267.96220270004	501.57913451254234	931.8984265698712	709.916576233926	812.9967427029455	2.019460738975786	2143.39413731634	1.4771759007388828e-08
705.8964397049822	1	1	1	1	4	0	705.8964397049822	49.0	0	0.019344462602001667	0.909694222148524	1.154651410863648	8958.257146152893	579.0386264282525	967.2231301000836	752.8416297505372	854.2664512071268	2.01349913416367	2299.1033862788736	1.5139520449204572e-08
723.4284862481575	1	1	1	1	4	0	723.4284862481575	50.0	0	0.020101176009402186	0.9018063842121284	1.1693851847196828	9653.975366935698	660.7814717055172	1005.0588004701093	810.4757308638319	896.1852980576524	2.0258472609055747	2476.316003039459	1.5731998398326816e-08
741.0759664193733	1	1	1	1	4	0	741.0759664193733	51.0	0	0.020836214955948028	0.9045556950086638	1.1555935578205536	10387.10466541783	746.4925788270981	1041.8107477974015	876.5594057224796	938.7244815365158	2.0435923332689367	2664.862732346979	1.9289619531071447e-08
758.8378438397727	1	1	1	1	4	0	758.8378438397727	52.0	0	0.021641415953649757	0.8922206315582485	1.1434810795587564	11141.325393558518	835.8412304917856	1082.0707976824879	944.5756310611807	981.8537557942758	2.064102130061317	2862.487659235454	1.9067780418913384e-08
776.7130482321257	1	1	1	1	4	0	776.7130482321257	53.0	0	0.022466658137836864	0.9002390802014151	1.1463807249608928	11939.469093382419	928.4810259740648	1123.3329068918433	1007.7495086544756	1025.5414258156577	2.0780071500781907	3059.563441520384	2.0857839419395412e-08
794.7004757379742	1	1	1	1	4	0	794.7004757379742	54.0	0	0.023259866522065333	0.905363343780948	1.1499372268594512	12779.541977164974	1024.0498421545199	1162.9933261032666	1059.048258242922	1069.7543440423824	2.077151260680605	3246.091426500709	2.1679428468223428e-08
812.7989892447298	1	1	1	1	4	0	812.7989892447298	55.0	0	0.024116076217848392	0.8930687948159443	1.144601931242213	13649.790454700691	1122.1698136039506	1205.8038108924193	1118.4605119973603	1114.4579086871213	2.0855559503614285	3446.43413649373	2.3114140370859505e-08
831.0074187226242	1	1	1	1	4	0	831.0074187226242	56.0	0	0.02495490112024781	0.8901411731569758	1.159675047286626	14544.214854028998	1222.4473320812006	1247.7450560123905	1185.9135452722826	1159.6160637704415	2.0986761716388584	3656.1059333658727	2.6511773489969074e-08
849.3245615714155	1	1	1	1	4	0	849.3245615714155	57.0	0	0.02578128096575578	0.9062299552962834	1.1472358936585814	15471.422620104804	1324.473065780785	1289.0640482877886	1254.223101530684	1205.1913009105174	2.110276723618092	3867.7602155992577	2.727998264787746e-08
867.7491829767432	1	1	1	1	4	0	867.7491829767432	58.0	0	0.02661790114873791	0.8926158547142778	1.1429903206586045	16452.86432465534	1427.8219986415347	1330.895057436895	1315.9445103417586	1251.1446628931965	2.1155343952457084	4074.661566420188	2.9384872202218085e-08
886.2800162760308	1	1	1	1	4	0	886.2800162760308	59.0	0	0.02740759193408457	0.8836477452911052	1.1457972857255527	17461.625945287444	1532.0534900017474	1370.3795967042286	1363.3739103596945	1297.4357490477394	2.1070434578902097	4265.806997065671	3.00130668258699e-08
904.9157633338257	1	1	1	1	4	0	904.9157633338257	60.0	0	0.028248850452268867	0.8909229956671396	1.1396973972464337	18510.722696073644	1636.7113548597192	1412.4425226134433	1424.336668700407	1344.0227224512316	2.110663118953917	4473.490546173571	3.1925695189575486e-08
923.6550949264639	1	1	1	1	4	0	923.6550949264639	61.0	0	0.0290536596389217	0.8824917787267975	1.1531809670553579	19571.612945466408	1741.3239649711154	1452.682981946085	1492.8539497298148	1390.8623189822367	2.1177775049879104	4686.860896647015	3.3495934470076687e-08
942.4966511359496	1	1	1	1	4	0	942.4966511359496	62.0	0	0.029897868889569468	0.9008499685797128	1.1532722326748226	20680.079754504168	1845.4043709864493	1494.8934444784732	1561.0727140306158	1437.9098582417919	2.1252835433271042	4901.370529495538	3.667198589668726e-08
961.4390417529248	1	1	1	1	4	0	961.4390417529248	63.0	0	0.030741816076449963	0.8954181872095331	1.1395612816580554	21822.523131113	1948.450445802989	1537.090803822498	1620.8811638310374	1485.1192563573059	2.1264096833539106	5106.422413456526	3.73632146193623e-08
980.4808466886225	1	1	1	1	4	0	980.4808466886225	64.0	0	0.031098602152709695	0.8966455780212722	1.1343925260852927	22989.818295041652	2049.9450492757933	1554.9301076354845	1667.9043002172698	1532.4430406823055	2.10306962301047	5272.779457128548	3.749795022518569e-08
999.6206163956656	1	1	1	1	4	0	999.6206163956656	65.0	0	0.03175342417498054	0.8899162250748048	1.1377302043744697	24204.836349997306	2149.356214402313	1587.6712087490268	1730.189074725012	1579.8323664023205	2.1001343902262546	5467.216497876352	3.820998081413784e-08
1018.856872297602	1	1	1	1	4	0	1018.856872297602	66.0	0	0.032255949417451614	0.8781014513759735	1.1357128182481666	25429.32980213766	2246.137355064124	1612.7974708725806	1799.479492613658	1627.2370350544852	2.0969759721403984	5658.414318550363	4.0687238390274026e-08
1038.1881072270378	1	1	1	1	4	0	1038.1881072270378	67.0	0	0.03270664075861515	0.8895255380468481	1.140420762613615	26668.35026408508	2339.7274953779183	1635.3320379307575	1867.2633860767405	1674.6055149656631	2.0915943442831173	5842.322919385416	3.9392266793786165e-08
1057.612785872243	1	1	1	1	4	0	1057.612785872243	68.0	0	0.03307170904648155	0.8879405446164187	1.1448868633143376	27953.61986919826	2429.5515206760087	1653.585452324077	1924.775965904468	1721.8849636110986	2.0781652049066537	6007.912938904555	4.17595462228663e-08
1077.1293452320983	1	1	1	1	4	0	1077.1293452320983	69.0	0	0.031392628511787216	0.8519004881593787	1.148918295439153	29096.878256929194	2515.020450104203	1569.6314255893603	1972.8452744361555	1769.0212518927606	2.0025065816678294	6057.49715012972	3.940392541792485e-08
1096.7361950792456	1	1	1	1	4	0	1096.7361950792456	70.0	0	0.03148139213008528	0.9148224105697292	1.1429131362942289	30345.3165256005	2595.5317307921805	1574.069606504264	2017.5897615573083	1815.9589903336368	1.9778306598221669	6187.191098853752	3.787318199905834e-08
1116.4317184313063	1	1	1	1	4	0	1116.4317184313063	71.0	0	0.03148139213008528	0.9058900262224824	1.1528552199806512	31583.407748442598	2670.4695535183937	1574.069606504264	2054.4051406138838	1862.641557181364	1.948026303358616	6298.944300636542	3.7680840759589885e-08
1136.2142720300294	1	1	1	1	4	0	1136.2142720300294	72.0	0	0.03148139213008528	0.9044309193315028	1.151570804602837	32861.4928332915	2739.205189758182	1574.069606504264	2078.5667561620735	1909.0111284116006	1.9133656730987865	6391.841552424519	3.930592984231983e-08
1156.0821868282233	1	1	1	1	4	0	1156.0821868282233	73.0	0	0.03148139213008528	0.8823666577296773	1.1595493778837127	34118.539150399636	2801.0973499701704	1574.069606504264	2085.2321755533185	1955.0087096186369	1.871757278652432	6460.399132027753	3.8914207339331474e-08
1176.03376848433	1	1	1	1	4	0	1176.03376848433	74.0	0	0.027828290798491803	0.7819033877494597	1.1590171512432663	35045.872060216854	2855.4925629422887	1391.4145399245901	2085.2321755533185	2000.5741697777082	1.7378244545985575	6332.139278420198	3.586684837139299e-08
1196.0672978644968	1	1	1	1	4	0	1196.0672978644968	75.0	0	0.027828290798491803	0.8935353232814235	1.1504841151151664	36141.46324893323	2901.725575984889	1391.4145399245901	2085.2321755533185	2045.646276860574	1.6995346433076746	6378.372291462798	3.2658224806440533e-08
1216.1810315519913	1	1	1	1	4	0	1216.1810315519913	76.0	0	0.027828290798491803	0.9058785558099484	1.1427354986777032	37242.087838643696	2939.119775724533	1391.4145399245901	2085.2321755533185	2090.162735282859	1.6633378142240292	6415.766491202441	3.294450407753698e-08
1236.373202363814	1	1	1	1	4	0	1236.373202363814	77.0	0	0.027828290798491803	0.9086779940419	1.1459416731901593	38349.56741260886	2966.9876292181425	1391.4145399245901	2085.2321755533185	2134.06022515873	1.629123055896568	6443.634344696052	3.3337234473355215e-08
1256.6420198743526	1	1	1	1	4	0	1256.6420198743526	78.0	0	0.027828290798491803	0.8760540508389585	1.1527785999804203	39422.014382414636	2984.631145073409	1391.4145399245901	2085.2321755533185	2177.2744433354715	1.596788464641998	6461.277860551319	3.2629881715564256e-08
1276.985670945924	1	1	1	1	4	0	1276.985670945924	79.0	0	0.02385466798263824	0.7727203729501689	1.154586129298222	40141.2993316822	2991.342354227649	1192.7333991319122	2085.2321755533185	2219.7401461775703	1.4767339232612169	6269.30792891288	2.9762516103302286e-08
1297.4023202660453	1	1	1	1	4	0	1297.4023202660453	80.0	0	0.02385466798263824	0.8920820073714205	1.15779418309607	41044.726613516206	2991.342354227649	1192.7333991319122	2085.2321755533185	2261.391194066968	1.4495349514428852	6269.30792891288	2.6828022194063203e-08
1317.890110891278	1	1	1	1	4	0	1317.890110891278	81.0	0	0.02385466798263824	0.9180506727959268	1.1627299695519662	41964.98560189814	2991.342354227649	1192.7333991319122	2085.2321755533185	2302.1605975832103	1.4238648590052372	6269.30792891288	2.741305751335441e-08
1338.447164797479	1	1	1	1	4	0	1338.447164797479	82.0	0	0.02385466798263824	0.9013687326360642	1.1550331249142036	42855.84919621542	2991.342354227649	1192.7333991319122	2085.2321755533185	2341.980565324335	1.3996553272982748	6269.30792891288	2.6853721416653032e-08
1359.0715834363004	1	1	1	1	4	0	1359.0715834363004	83.0	0	0.01987400582311552	0.7493864953922718	1.1576733759128746	43386.29670086081	2991.342354227649	993.7002911557761	2085.2321755533185	2380.7825533264577	1.2932438800037296	6070.274820936745	2.4349905825271955e-08
1379.7614482977701	1	1	1	1	4	0	1379.7614482977701	84.0	0	0.01987400582311552	0.9052291491528004	1.1503836373679113	44111.77065596583	2991.342354227649	993.7002911557761	2085.2321755533185	2418.4973160372124	1.2730766523049224	6070.274820936745	2.1950550075012958e-08
1400.5148214787878	1	1	1	1	4	0	1400.5148214787878	85.0	0	0.01987400582311552	0.8834436283312621	1.1602217457910822	44811.843382218445	2991.342354227649	993.7002911557761	2085.2321755533185	2455.0549587954	1.254119568964683	6070.274820936745	2.1557863033201722e-08
1421.3297462573673	1	1	1	1	4	0	1421.3297462573673	86.0	0	0.01987400582311552	0.8839602916780617	1.1607447820515906	45505.68836405002	2991.342354227649	993.7002911557761	2085.2321755533185	2490.384991766483	1.2363279078891098	6070.274820936745	2.1533669770733285e-08
1442.2042476724564	1	1	1	1	4	0	1442.2042476724564	87.0	0	0.01987400582311552	0.9098280620323294	1.1637296930641512	46205.20479903652	2991.342354227649	993.7002911557761	2085.2321755533185	2524.416385280876	1.2196611005464224	6070.274820936745	2.1736188425142162e-08
1463.1363331091584	1	1	1	1	4	0	1463.1363331091584	88.0	0	0.01591123531035129	0.7011244693356385	1.157330583877457	46514.32022860918	2991.342354227649	795.5617655175643	2085.2321755533185	2557.077626519376	1.1265962015365725	5872.136295298532	1.8686107101022063e-08
1484.1239928891891	1	1	1	1	4	0	1484.1239928891891	89.0	0	0.01591123531035129	0.9196982728787148	1.1538939201968104	47041.37860478424	2991.342354227649	795.5617655175643	2085.2321755533185	2588.2967774875124	1.1130075832599462	5872.136295298532	1.7083655875098168e-08
1505.1652008663875	1	1	1	1	4	0	1505.1652008663875	90.0	0	0.01591123531035129	0.9056442757206544	1.1533915756912378	47554.11178632282	2991.342354227649	795.5617655175643	2085.2321755533185	2618.0015342181314	1.100379011783595	5872.136295298532	1.68866019081473e-08
1526.2579150271054	1	1	1	1	4	0	1526.2579150271054	91.0	0	0.01591123531035129	0.9002839347709088	1.1651212634964512	48065.44666613517	2991.342354227649	795.5617655175643	2085.2321755533185	2646.119287139098	1.0886863472377724	5872.136295298532	1.6987114515714374e-08
1547.4000780953006	1	1	1	1	4	0	1547.4000780953006	92.0	0	0.01192914582044003	0.6935013903516243	1.161390579460806	48205.973124892145	2991.342354227649	596.4572910220015	2085.2321755533185	2672.5771825407064	1.0034095494394482	5673.0318208029685	1.4599358359530783e-08
1568.5896181421526	1	1	1	1	4	0	1568.5896181421526	93.0	0	0.01192914582044003	0.9132220269173688	1.1856347167158026	48548.212738655246	2991.342354227649	596.4572910220015	2085.2321755533185	2697.302185075119	0.9942117280791941	5673.0318208029685	1.2900481989983178e-08
