0.0
0.0
0.0
0.0
0.0
0.0
0.0
9.51343828047881e-13
2.5141416426489042e-12
3.280405915979306e-12
2.9035589221288755e-12
4.803135491048408e-12
6.1490724775497434e-12
6.381625804426455e-12
8.099593849601307e-12
1.4125645297284625e-11
2.3070484562343733e-11
3.8132774141201566e-11
5.7552143706054016e-11
6.940993198989293e-11
9.412187674140959e-11
1.1546989055795809e-10
2.084589938507543e-10
2.6225594629961263e-10
3.5403852752867774e-10
5.153800532333905e-10
6.63570711632756e-10
7.768311384289568e-10
1.1906971030647781e-09
1.4350163378961355e-09
1.721996326546293e-09
1.950654173501563e-09
2.1736705497316893e-09
2.477309773773027e-09
3.1445630534402002e-09
3.5696036309958965e-09
4.15048117905896e-09
4.5500047836277854e-09
5.101268358737867e-09
5.5565572216406066e-09
6.600139948232679e-09
7.637123456474754e-09
8.220593086173817e-09
8.962147948694081e-09
1.0014169137855033e-08
1.031726777550617e-08
1.1562059971020052e-08
1.3656766510411447e-08
1.2628615604779216e-08
1.28543625544493e-08
1.4135501514840176e-08
1.4920454716198878e-08
1.457450792370205e-08
1.5454844088131642e-08
1.5145542975318335e-08
1.5540070039839524e-08
1.5917819000323754e-08
1.6173706684444965e-08
1.5949131638847897e-08
1.6066396365945024e-08
1.5564360879609783e-08
1.5043416981794607e-08
1.5376237175445247e-08
1.5296653508641766e-08
1.6315197873062618e-08
1.5360121063883912e-08
1.4921469619465842e-08
1.4318483115973398e-08
1.4535113980429711e-08
1.4662199215041983e-08
1.4203188575320092e-08
1.4396080832715443e-08
1.420732398906494e-08
1.4501698754732438e-08
1.4071485598179483e-08
1.2854014320039431e-08
1.3174010378439269e-08
1.3448174349748123e-08
1.4036509486289274e-08
1.3389655779379933e-08
1.2425916648451532e-08
1.2352872890883891e-08
1.2439694797418392e-08
1.2234868485491468e-08
1.1999943424864105e-08
1.1315537679851538e-08
1.1687568010768204e-08
1.1411725750740827e-08
1.1344006075473978e-08
9.637079381235e-09
2e-08
2e-08
2e-08
2e-08
