0.0
0.0
0.0
0.0
0.0
0.0
0.0
2.003523239808059e-12
2.843305006393942e-12
2.151862507152636e-12
4.23909355819557e-12
5.580611661262085e-12
6.301607461068665e-12
9.9139819762341e-12
1.2950137711710355e-11
1.8977169951478125e-11
3.092187079065763e-11
4.390440860709085e-11
6.546184038845105e-11
9.168678897775257e-11
1.2428211139477385e-10
1.587620916129782e-10
2.8150183776340773e-10
3.796158576961555e-10
5.259036017955855e-10
6.548305071001481e-10
8.394432619907363e-10
9.685503557188478e-10
1.4228969358432602e-09
1.796539616985264e-09
2.0240272713195327e-09
2.213137119012525e-09
2.5389504789147327e-09
2.761138175278032e-09
3.664558681921407e-09
4.0908168443786646e-09
4.343206422419262e-09
4.7801464127984015e-09
5.3580045848064744e-09
5.7693063660181245e-09
7.2119137255139634e-09
7.864094809579708e-09
8.469824178791297e-09
9.351265363056717e-09
1.0176401360363709e-08
1.0684072362017716e-08
1.2061486902842685e-08
1.329904329333076e-08
1.3374418320487603e-08
1.307093338334305e-08
1.4279291095963954e-08
1.5502708012613068e-08
1.4749181383992558e-08
1.590257475545732e-08
1.5735298879930143e-08
1.60329919237348e-08
1.668181560236168e-08
1.6342411863612612e-08
1.5715205922474457e-08
1.6274059734774387e-08
1.571036960894931e-08
1.5171284635915006e-08
1.5802205243084007e-08
1.5478396557581267e-08
1.6302005886267332e-08
1.5678308741142955e-08
1.5239633219517437e-08
1.4537019189621645e-08
1.4607232169942299e-08
1.2970291042246999e-08
2e-08
2e-08
2e-08
2e-08
2e-08
2e-08
2e-08
2e-08
2e-08
2e-08
2e-08
2e-08
2e-08
2e-08
2e-08
2e-08
2e-08
2e-08
2e-08
2e-08
2e-08
2e-08
2e-08
2e-08
