0.0
0.0
0.0
0.0
0.0
0.0
0.0
2.3068965262448707e-12
2.825759741313779e-12
3.1999999999999997e-09
2e-08
2e-08
2e-08
2e-08
2e-08
2e-08
2e-08
2e-08
2e-08
2e-08
2e-08
2e-08
2e-08
2e-08
2e-08
2e-08
2e-08
2e-08
2e-08
2e-08
2e-08
2e-08
2e-08
2e-08
2e-08
2e-08
2e-08
2e-08
2e-08
2e-08
2e-08
2e-08
2e-08
2e-08
2e-08
2e-08
2e-08
2e-08
2e-08
2e-08
2e-08
2e-08
2e-08
2e-08
2e-08
2e-08
2e-08
2e-08
2e-08
2e-08
2e-08
2e-08
2e-08
2e-08
2e-08
2e-08
2e-08
2e-08
2e-08
2e-08
2e-08
2e-08
2e-08
2e-08
2e-08
2e-08
2e-08
2e-08
2e-08
2e-08
2e-08
2e-08
2e-08
2e-08
2e-08
2e-08
2e-08
2e-08
2e-08
2e-08
2e-08
2e-08
2e-08
2e-08
