0.0
0.0
0.0
0.0
0.0
0.0
0.0
1.378454099704525e-12
1.5896869351078586e-12
3.137492326599453e-12
2.453419730728336e-12
4.0981566942677584e-12
5.211061752918327e-12
8.491201717350702e-12
1.0113958931722217e-11
1.2567340455130474e-11
3.4367906875590084e-11
4.1649944342895677e-11
4.96510810283297e-11
7.495903515731356e-11
9.987850456561142e-11
1.4192946222801343e-10
2.0733289527471756e-10
3.279046083255466e-10
4.386770056297876e-10
5.957333576639272e-10
7.357821241241968e-10
9.290293413887147e-10
1.3031492433678625e-09
1.5815125775314544e-09
1.7366297209388715e-09
2.0632799757065106e-09
2.424756757735889e-09
2.6262435062369932e-09
3.287124881327245e-09
3.668734169436828e-09
4.27987567340945e-09
4.682490847176702e-09
5.135907683433082e-09
5.485785958351813e-09
6.6583829284310956e-09
7.713625864960239e-09
8.65103154110852e-09
9.27379199913654e-09
9.449112790719009e-09
1.021981244219797e-08
1.2461756830867338e-08
1.3408820942543112e-08
1.3499517273778184e-08
1.2761692103526329e-08
1.4121322474363578e-08
1.5204985027143238e-08
1.4314118093895125e-08
1.5725851876025383e-08
1.5456412014991158e-08
1.5292848494724017e-08
1.5332853799011895e-08
1.6156194332752405e-08
1.5849604571689667e-08
1.577506555530114e-08
1.5163307985008907e-08
1.5152987991292898e-08
1.6188969337010812e-08
1.553562006650633e-08
1.6175062325090038e-08
1.5677787895777064e-08
1.5584141644202598e-08
1.4939699208611807e-08
1.4618046595507583e-08
1.4854949840991619e-08
1.4159923679244217e-08
1.4274001357308469e-08
1.4282704015244958e-08
1.4449434656969163e-08
1.4153850372159209e-08
1.3094201099337204e-08
1.3259097826401887e-08
1.3576834819071994e-08
1.3953875235766605e-08
1.3258955383294577e-08
1.2291709750932002e-08
1.2263778503146799e-08
1.0912565401064001e-08
2e-08
2e-08
2e-08
2e-08
2e-08
2e-08
2e-08
2e-08
2e-08
2e-08
2e-08
