0.0
0.0
0.0
0.0
0.0
0.0
0.0
1.946726199296801e-12
7.668795669073563e-13
3.224136866513166e-12
4.3638688855375215e-12
2.373710875400607e-12
6.422248219780035e-12
8.831396812527593e-12
1.0075123633387076e-11
1.4236048608392574e-11
3.687240703735922e-11
4.0941081477577e-11
6.661318983649393e-11
8.066822823430535e-11
1.0431142147647406e-10
1.3939783091525705e-10
2.094204155425006e-10
3.3776443899520754e-10
4.2278613025157294e-10
5.881565640838708e-10
7.402915067097193e-10
9.429614333159648e-10
1.3096226715794575e-09
1.517093957239699e-09
1.857932710343584e-09
2.1542288610848534e-09
2.339556969428519e-09
2.632828380532275e-09
3.4761517685405052e-09
3.739012893453209e-09
4.020442857994025e-09
4.615524865011837e-09
5.183225707797265e-09
5.586943088989491e-09
6.439695733400778e-09
7.682274557543438e-09
8.890459964596129e-09
8.999547362610562e-09
9.610910774909344e-09
1.032946304481926e-08
1.2468760577851048e-08
1.3235687820384387e-08
1.3392520899577229e-08
1.312541670093112e-08
1.434027099566647e-08
1.371853685284e-08
2e-08
2e-08
2e-08
2e-08
2e-08
2e-08
2e-08
2e-08
2e-08
2e-08
2e-08
2e-08
2e-08
2e-08
2e-08
2e-08
2e-08
2e-08
2e-08
2e-08
2e-08
2e-08
2e-08
2e-08
2e-08
2e-08
2e-08
2e-08
2e-08
2e-08
2e-08
2e-08
2e-08
2e-08
2e-08
2e-08
2e-08
2e-08
2e-08
2e-08
2e-08
2e-08
