0.0
0.0
0.0
0.0
0.0
0.0
0.0
1.9856901900590556e-12
9.29105055839061e-13
2.375345725400536e-12
2.6909917782990304e-12
3.6143686057675666e-12
4.755273138399123e-12
7.567362463136519e-12
9.869262591832533e-12
1.4260433458527836e-11
3.0088052718857114e-11
3.804541881768649e-11
4.727686965720004e-11
6.601428549245738e-11
9.093251317654271e-11
5.884018866e-09
2e-08
2e-08
2e-08
2e-08
2e-08
2e-08
2e-08
2e-08
2e-08
2e-08
2e-08
2e-08
2e-08
2e-08
2e-08
2e-08
2e-08
2e-08
2e-08
2e-08
2e-08
2e-08
2e-08
2e-08
2e-08
2e-08
2e-08
2e-08
2e-08
2e-08
2e-08
2e-08
2e-08
2e-08
2e-08
2e-08
2e-08
2e-08
2e-08
2e-08
2e-08
2e-08
2e-08
2e-08
2e-08
2e-08
2e-08
2e-08
2e-08
2e-08
2e-08
2e-08
2e-08
2e-08
2e-08
2e-08
2e-08
2e-08
2e-08
2e-08
2e-08
2e-08
2e-08
2e-08
2e-08
2e-08
2e-08
2e-08
2e-08
2e-08
2e-08
2e-08
